1622495260189 1.327 0
1622495262407 0.257 1
1622495264791 0.257 2
1622495267311 0.257 3
1622495269946 0.254 4
1622495272788 0.258 5
1622495275783 0.255 6
1622495279076 0.255 7
1622495282297 0.246 8
1622495285611 0.244 9
1622495289067 0.245 10
1622495292790 0.244 11
1622495296702 0.252 12
1622495300686 0.246 13
1622495304823 0.246 14
1622495309111 0.245 15
1622495313647 0.247 16
1622495318281 0.244 17
1622495323128 0.249 18
1622495328064 0.246 19
1622495333126 0.244 20
1622495338477 0.245 21
1622495343807 0.244 22
1622495349417 0.243 23
1622495355074 0.244 24
1622495360982 0.243 25
1622495366931 0.244 26
1622495373100 0.246 27
1622495379522 0.244 28
1622495386125 0.245 29
1622495392811 0.24 30
1622495399725 0.241 31
1622495406717 0.24 32
1622495413818 0.241 33
1622495421088 0.24 34
1622495428390 0.241 35
1622495435981 0.243 36
1622495443799 0.245 37
1622495451627 0.244 38
1622495459637 0.243 39
1622495467779 0.243 40
1622495476141 0.245 41
1622495484569 0.247 42
1622495493092 0.245 43
1622495502068 0.244 44
1622495510948 0.245 45
1622495520105 0.246 46
1622495529401 0.244 47
1622495538752 0.245 48
1622495548340 0.247 49
1622495558012 0.243 50
1622495567942 0.249 51
1622495578030 0.269 52
1622495588639 0.242 53
1622495599073 0.242 54
1622495609617 0.24 55
1622495620403 0.242 56
1622495631310 0.243 57
1622495642338 0.241 58
1622495653501 0.247 59
1622495664830 0.246 60
1622495676325 0.242 61
1622495688009 0.243 62
1622495699882 0.244 63
1622495711818 0.246 64
1622495723840 0.244 65
1622495736158 0.244 66
1622495748646 0.244 67
1622495761253 0.246 68
1622495774062 0.247 69
1622495787051 0.244 70
1622495800416 0.248 71
1622495813731 0.246 72
1622495827288 0.246 73
1622495840872 0.244 74
1622495854676 0.247 75
1622495868522 0.242 76
1622495882846 0.242 77
1622495896990 0.243 78
1622495911457 0.242 79
1622495925812 0.242 80
1622495940546 0.242 81
1622495955224 0.244 82
1622495970176 0.242 83
1622495985267 0.242 84
1622496000607 0.249 85
1622496016141 0.252 86
1622496031565 0.244 87
1622496047274 0.243 88
1622496063247 0.244 89
1622496079115 0.243 90
1622496095303 0.243 91
1622496111581 0.244 92
1622496128268 0.245 93
1622496144710 0.242 94
1622496161521 0.243 95
1622496178390 0.243 96
1622496195243 0.244 97
1622496212419 0.244 98
1622496229729 0.242 99
1622496247074 0.241 100
1622496264809 0.241 101
1622496282830 0.239 102
1622496300786 0.24 103
1622496319022 0.241 104
1622496337329 0.243 105
1622496355651 0.243 106
1622496374329 0.243 107
1622496393174 0.243 108
1622496412253 0.241 109
1622496431191 0.243 110
1622496450210 0.242 111
1622496469641 0.243 112
1622496489445 0.242 113
1622496509163 0.245 114
1622496529020 0.243 115
1622496548934 0.242 116
1622496569269 0.243 117
1622496589847 0.249 118
1622496610686 0.247 119
1622496633784 0.248 120
1622496654565 0.252 121
1622496675480 0.24 122
1622496696574 0.24 123
1622496717971 0.237 124
1622496739571 0.242 125
1622496761106 0.241 126
1622496782859 0.239 127
1622496804339 0.243 128
1622496826208 0.247 129
1622496848305 0.243 130
1622496870380 0.243 131
1622496892744 0.243 132
1622496915452 0.244 133
1622496938443 0.243 134
1622496961619 0.242 135
1622496984762 0.242 136
1622497008242 0.244 137
1622497031479 0.243 138
1622497055011 0.245 139
1622497078733 0.244 140
1622497102607 0.243 141
1622497126817 0.242 142
1622497150928 0.246 143
1622497175234 0.242 144
1622497200195 0.242 145
1622497225134 0.241 146
1622497250182 0.24 147
1622497275028 0.241 148
1622497300278 0.242 149
1622497325481 0.239 150
1622497350834 0.261 151
1622497376251 0.244 152
1622497401756 0.245 153
1622497427031 0.241 154
1622497452887 0.242 155
1622497478994 0.241 156
1622497505334 0.245 157
1622497531592 0.242 158
1622497558084 0.242 159
1622497584484 0.243 160
1622497611228 0.243 161
1622497638366 0.241 162
1622497665982 0.241 163
1622497693663 0.244 164
1622497721330 0.241 165
1622497749499 0.242 166
1622497777717 0.244 167
1622497806160 0.242 168
1622497834492 0.241 169
1622497862878 0.237 170
1622497891454 0.241 171
1622497920026 0.241 172
1622497948711 0.24 173
1622497977736 0.242 174
1622498007114 0.242 175
1622498036233 0.242 176
1622498065642 0.242 177
1622498095190 0.242 178
1622498124968 0.242 179
1622498154725 0.244 180
1622498184631 0.241 181
1622498214732 0.243 182
1622498245024 0.241 183
1622498275198 0.243 184
1622498305665 0.244 185
1622498337400 0.242 186
1622498369490 0.244 187
1622498400730 0.246 188
1622498432259 0.241 189
1622498463746 0.242 190
1622498495948 0.243 191
1622498528353 0.239 192
1622498560494 0.241 193
1622498593013 0.24 194
1622498625481 0.241 195
1622498658221 0.24 196
1622498690882 0.246 197
1622498723943 0.246 198
1622498757043 0.245 199
1622498790340 0.247 200
1622498823876 0.244 201
1622498857375 0.244 202
1622498891324 0.246 203
1622498925243 0.244 204
1622498959426 0.245 205
1622498993244 0.245 206
1622499027571 0.244 207
1622499061914 0.246 208
1622499096723 0.243 209
1622499131540 0.245 210
1622499166326 0.244 211
1622499201342 0.243 212
1622499236583 0.242 213
1622499271778 0.243 214
1622499307155 0.241 215
1622499342657 0.239 216
1622499378304 0.241 217
1622499414444 0.247 218
1622499450424 0.24 219
1622499486556 0.244 220
1622499522761 0.241 221
1622499559020 0.242 222
1622499595790 0.242 223
1622499632686 0.242 224
1622499669632 0.243 225
1622499706726 0.247 226
1622499744112 0.243 227
1622499781328 0.244 228
1622499818745 0.246 229
1622499856646 0.243 230
1622499894096 0.243 231
1622499932071 0.242 232
1622499970234 0.24 233
1622500008473 0.242 234
1622500046884 0.242 235
1622500085423 0.243 236
1622500124525 0.24 237
1622500163539 0.239 238
1622500202773 0.241 239
1622500242159 0.238 240
1622500281538 0.241 241
1622500321054 0.24 242
1622500360980 0.245 243
1622500400896 0.243 244
1622500440842 0.243 245
1622500481097 0.242 246
1622500521270 0.242 247
1622500561762 0.242 248
1622500602448 0.242 249
1622500643349 0.243 250
1622500684477 0.249 251
1622500725390 0.246 252
1622500766482 0.244 253
1622500807934 0.242 254
1622500849613 0.242 255
1622500891473 0.242 256
1622500933626 0.243 257
1622500975717 0.242 258
1622501018027 0.242 259
1622501060605 0.241 260
1622501103445 0.241 261
1622501146577 0.241 262
1622501189888 0.24 263
1622501233191 0.24 264
1622501277046 0.241 265
1622501320677 0.246 266
1622501364403 0.245 267
1622501408370 0.245 268
1622501452754 0.244 269
1622501497387 0.245 270
1622501542069 0.245 271
1622501586572 0.246 272
1622501631487 0.245 273
1622501676752 0.247 274
1622501721847 0.247 275
1622501767180 0.243 276
1622501812299 0.244 277
1622501857567 0.244 278
1622501903053 0.243 279
1622501948798 0.246 280
1622501994677 0.246 281
1622502040389 0.245 282
1622502087703 0.24 283
1622502134086 0.241 284
1622502180428 0.258 285
1622502226927 0.245 286
1622502273899 0.244 287
1622502320612 0.244 288
1622502367571 0.246 289
1622502415037 0.243 290
1622502462477 0.245 291
1622502509676 0.242 292
1622502556956 0.242 293
1622502604804 0.243 294
1622502652528 0.245 295
1622502700643 0.246 296
1622502749134 0.244 297
1622502797313 0.243 298
1622502845900 0.246 299
1622502894291 0.242 300
1622502942841 0.242 301
1622502991550 0.246 302
1622503040283 0.244 303
1622503089083 0.242 304
1622503138485 0.242 305
1622503188222 0.242 306
1622503238051 0.243 307
1622503288050 0.24 308
1622503337630 0.242 309
1622503387964 0.243 310
1622503437997 0.241 311
1622503488731 0.244 312
1622503539728 0.243 313
1622503590674 0.243 314
1622503641693 0.243 315
1622503692864 0.244 316
1622503744590 0.244 317
1622503796395 0.251 318
1622503848001 0.261 319
1622503899693 0.245 320
1622503952197 0.245 321
1622504004754 0.245 322
1622504056888 0.245 323
1622504109279 0.244 324
1622504162222 0.242 325
1622504215251 0.246 326
1622504267888 0.246 327
1622504320735 0.245 328
1622504373932 0.241 329
1622504427056 0.242 330
1622504481029 0.244 331
1622504534751 0.24 332
1622504588412 0.242 333
1622504642354 0.24 334
1622504696996 0.242 335
1622504751723 0.244 336
1622504806154 0.244 337
1622504861016 0.242 338
1622504916215 0.246 339
1622504971269 0.243 340
1622505026410 0.243 341
1622505081947 0.245 342
1622505137460 0.244 343
1622505192987 0.245 344
1622505248746 0.244 345
1622505304829 0.245 346
1622505360687 0.242 347
1622505417024 0.245 348
1622505473217 0.245 349
1622505530049 0.244 350
1622505587012 0.252 351
1622505644587 0.256 352
1622505702001 0.242 353
1622505759958 0.24 354
1622505817606 0.242 355
1622505875394 0.242 356
1622505933565 0.239 357
1622505991923 0.243 358
1622506050372 0.245 359
1622506108637 0.249 360
1622506167415 0.243 361
1622506226316 0.249 362
1622506285296 0.244 363
1622506344560 0.243 364
1622506403878 0.244 365
1622506463151 0.243 366
1622506522781 0.243 367
1622506582585 0.244 368
1622506642088 0.244 369
1622506701750 0.245 370
1622506761600 0.243 371
1622506821622 0.242 372
1622506881887 0.242 373
1622506942494 0.246 374
1622507003641 0.245 375
1622507064645 0.242 376
1622507125522 0.24 377
1622507186836 0.24 378
1622507248138 0.241 379
1622507309768 0.241 380
1622507371124 0.244 381
1622507433147 0.246 382
1622507494977 0.248 383
1622507557417 0.244 384
1622507619910 0.245 385
1622507682551 0.263 386
1622507745626 0.248 387
1622507809160 0.246 388
1622507872540 0.247 389
1622507935600 0.245 390
1622507998978 0.247 391
1622508062120 0.245 392
1622508125744 0.243 393
1622508189627 0.246 394
1622508253580 0.244 395
1622508317836 0.244 396
1622508382165 0.244 397
1622508446286 0.244 398
1622508510982 0.241 399
1622508575787 0.244 400
1622508641242 0.243 401
1622508707047 0.243 402
1622508772868 0.241 403
1622508838959 0.241 404
1622508905031 0.246 405
1622508971136 0.247 406
1622509037674 0.245 407
1622509104016 0.246 408
1622509170662 0.246 409
1622509237728 0.245 410
1622509304754 0.247 411
1622509372123 0.247 412
1622509439359 0.247 413
1622509507260 0.246 414
1622509575008 0.244 415
1622509642512 0.248 416
1622509710897 0.244 417
1622509779174 0.248 418
1622509847559 0.248 419
1622509916355 0.26 420
1622509985847 0.249 421
1622510054734 0.244 422
1622510123795 0.245 423
1622510191983 0.243 424
1622510261450 0.243 425
1622510330547 0.242 426
1622510401013 0.244 427
1622510470180 0.247 428
1622510539450 0.245 429
1622510608989 0.246 430
1622510679110 0.244 431
1622510749466 0.247 432
1622510819282 0.244 433
1622510889448 0.245 434
1622510959966 0.245 435
1622511030530 0.245 436
1622511100932 0.248 437
1622511171804 0.243 438
1622511241861 0.246 439
1622511312546 0.243 440
1622511383359 0.245 441
1622511454076 0.245 442
1622511525217 0.246 443
1622511596369 0.244 444
1622511667366 0.244 445
1622511738167 0.246 446
1622511809265 0.245 447
1622511881017 0.24 448
1622511952930 0.241 449
1622512025186 0.241 450
1622512097346 0.24 451
1622512169955 0.248 452
1622512242498 0.256 453
1622512315239 0.249 454
1622512388360 0.247 455
1622512461312 0.243 456
1622512534749 0.242 457
1622512608072 0.243 458
1622512681280 0.242 459
1622512754787 0.242 460
1622512827937 0.245 461
1622512901362 0.243 462
1622512974696 0.243 463
1622513048517 0.245 464
1622513122113 0.243 465
1622513195863 0.243 466
1622513270557 0.24 467
1622513345823 0.24 468
1622513420006 0.238 469
1622513495174 0.242 470
1622513570515 0.239 471
1622513646132 0.244 472
1622513721685 0.244 473
1622513796741 0.244 474
1622513871743 0.243 475
1622513947009 0.24 476
1622514022240 0.241 477
1622514098144 0.242 478
1622514173790 0.242 479
1622514249678 0.244 480
1622514325502 0.243 481
1622514401483 0.241 482
1622514477689 0.24 483
1622514553981 0.244 484
1622514631114 0.24 485
1622514708253 0.248 486
1622514786474 0.245 487
1622514865242 0.247 488
1622514943478 0.243 489
1622515021866 0.24 490
1622515099553 0.241 491
1622515177784 0.237 492
1622515256285 0.24 493
1622515335327 0.238 494
1622515414080 0.24 495
1622515493340 0.24 496
1622515572282 0.243 497
1622515651547 0.243 498
1622515731365 0.25 499
1622515811754 0.253 500
