1622719904631 -132.82495017159442 0
1622719905440 -61.385362111443904 1
1622719906023 -61.31982946605718 2
1622719906582 -48.53031922514735 3
1622719907167 -48.53031922514735 4
1622719907788 -48.53031922514735 5
1622719908443 -48.53031922514735 6
1622719909125 -48.53031922514735 7
1622719909843 -48.53031922514735 8
1622719910593 -48.53031922514735 9
1622719911365 -48.53031922514735 10
1622719912219 -48.53031922514735 11
1622719913096 -48.53031922514735 12
1622719914005 -48.53031922514735 13
1622719914955 -48.53031922514735 14
1622719915934 -48.53031922514735 15
1622719916955 -48.53031922514735 16
1622719918026 -48.53031922514735 17
1622719919122 -48.53031922514735 18
1622719920262 -48.53031922514735 19
1622719921420 -48.53031922514735 20
1622719922603 -48.53031922514735 21
1622719923825 -48.53031922514735 22
1622719925089 -48.53031922514735 23
1622719926384 -48.53031922514735 24
1622719927726 -48.53031922514735 25
1622719929098 -48.53031922514735 26
1622719930516 -48.53031922514735 27
1622719931972 -48.53031922514735 28
1622719933459 -48.53031922514735 29
1622719934973 -48.53031922514735 30
1622719936525 -48.53031922514735 31
1622719938110 -48.53031922514735 32
1622719939733 -48.53031922514735 33
1622719941390 -48.53031922514735 34
1622719943129 -48.53031922514735 35
1622719944859 -48.53031922514735 36
1622719946670 -48.53031922514735 37
1622719948511 -48.53031922514735 38
1622719950393 -48.53031922514735 39
1622719952256 -48.53031922514735 40
1622719954150 -48.53031922514735 41
1622719956168 -48.53031922514735 42
1622719958145 -48.53031922514735 43
1622719960182 -48.53031922514735 44
1622719962209 -48.53031922514735 45
1622719964276 -48.53031922514735 46
1622719966375 -48.53031922514735 47
1622719968517 -48.53031922514735 48
1622719970712 -48.53031922514735 49
1622719972899 -48.53031922514735 50
1622719975131 -48.53031922514735 51
1622719977427 -48.53031922514735 52
1622719979718 -48.53031922514735 53
1622719982058 -48.53031922514735 54
1622719984439 -48.53031922514735 55
1622719986866 -48.53031922514735 56
1622719989382 -48.53031922514735 57
1622719991931 -48.53031922514735 58
1622719994542 -48.53031922514735 59
1622719997198 -48.53031922514735 60
1622719999905 -48.53031922514735 61
1622720002537 -48.53031922514735 62
1622720005248 -48.53031922514735 63
1622720007957 -48.53031922514735 64
1622720010809 -48.53031922514735 65
1622720013601 -48.53031922514735 66
1622720016471 -48.53031922514735 67
1622720019411 -48.53031922514735 68
1622720022396 -48.53031922514735 69
1622720025409 -48.53031922514735 70
1622720028438 -48.53031922514735 71
1622720031498 -48.53031922514735 72
1622720034556 -48.53031922514735 73
1622720037678 -48.53031922514735 74
1622720040850 -48.53031922514735 75
1622720044035 -48.53031922514735 76
1622720047266 -48.53031922514735 77
1622720050529 -48.53031922514735 78
1622720053849 -48.53031922514735 79
1622720057155 -48.53031922514735 80
1622720060505 -48.53031922514735 81
1622720063907 -48.53031922514735 82
1622720067358 -48.53031922514735 83
1622720070815 -48.53031922514735 84
1622720074329 -48.53031922514735 85
1622720077843 -48.53031922514735 86
1622720081410 -48.53031922514735 87
1622720085082 -48.53031922514735 88
1622720088755 -48.53031922514735 89
1622720092491 -48.53031922514735 90
1622720096162 -48.53031922514735 91
1622720099950 -48.53031922514735 92
1622720103765 -48.53031922514735 93
1622720107621 -48.53031922514735 94
1622720111487 -48.53031922514735 95
1622720115428 -48.53031922514735 96
1622720119356 -48.53031922514735 97
1622720123345 -48.53031922514735 98
1622720127380 -48.53031922514735 99
1622720131449 -48.53031922514735 100
1622720135586 -48.53031922514735 101
1622720139688 -48.53031922514735 102
1622720143856 -48.53031922514735 103
1622720148031 -48.53031922514735 104
1622720152214 -48.53031922514735 105
1622720156512 -48.53031922514735 106
1622720160798 -48.53031922514735 107
1622720165123 -48.53031922514735 108
1622720169535 -48.53031922514735 109
1622720173906 -48.53031922514735 110
1622720178384 -48.53031922514735 111
1622720182846 -48.53031922514735 112
1622720187429 -48.53031922514735 113
1622720192012 -48.53031922514735 114
1622720196641 -48.53031922514735 115
1622720201236 -48.53031922514735 116
1622720205930 -48.53031922514735 117
1622720210659 -48.53031922514735 118
1622720215430 -48.53031922514735 119
1622720220183 -48.53031922514735 120
1622720224960 -48.53031922514735 121
1622720229769 -48.53031922514735 122
1622720234586 -48.53031922514735 123
1622720239440 -48.53031922514735 124
1622720244361 -48.53031922514735 125
1622720249300 -48.53031922514735 126
1622720254333 -48.53031922514735 127
1622720259386 -48.53031922514735 128
1622720264482 -48.53031922514735 129
1622720269570 -48.53031922514735 130
1622720274668 -48.53031922514735 131
1622720279828 -48.53031922514735 132
1622720285066 -48.53031922514735 133
1622720290301 -48.53031922514735 134
1622720295591 -48.53031922514735 135
1622720300860 -48.53031922514735 136
1622720306237 -48.53031922514735 137
1622720311630 -48.53031922514735 138
1622720317063 -48.53031922514735 139
1622720322569 -48.53031922514735 140
1622720328119 -48.53031922514735 141
1622720333651 -48.53031922514735 142
1622720339239 -48.53031922514735 143
1622720344844 -48.53031922514735 144
1622720350448 -48.53031922514735 145
1622720356157 -48.53031922514735 146
1622720361879 -48.53031922514735 147
1622720367691 -48.53031922514735 148
1622720373480 -48.53031922514735 149
1622720379403 -48.53031922514735 150
1622720385300 -48.53031922514735 151
1622720391208 -48.53031922514735 152
1622720397173 -48.53031922514735 153
1622720403186 -48.53031922514735 154
1622720409214 -48.53031922514735 155
1622720415279 -48.53031922514735 156
1622720421391 -48.53031922514735 157
1622720427560 -48.53031922514735 158
1622720433702 -48.53031922514735 159
1622720440012 -48.53031922514735 160
1622720446241 -48.53031922514735 161
1622720452493 -48.53031922514735 162
1622720458768 -48.53031922514735 163
1622720465105 -48.53031922514735 164
1622720471476 -48.53031922514735 165
1622720477834 -48.53031922514735 166
1622720484240 -48.53031922514735 167
1622720490707 -48.53031922514735 168
1622720497258 -48.53031922514735 169
1622720503819 -48.53031922514735 170
1622720510412 -48.53031922514735 171
1622720517092 -48.53031922514735 172
1622720523766 -48.53031922514735 173
1622720530519 -48.53031922514735 174
1622720537308 -48.53031922514735 175
1622720544139 -48.53031922514735 176
1622720550975 -48.53031922514735 177
1622720557803 -48.53031922514735 178
1622720564684 -48.53031922514735 179
1622720571620 -48.53031922514735 180
1622720578573 -48.53031922514735 181
1622720585581 -48.53031922514735 182
1622720592645 -48.53031922514735 183
1622720599693 -48.53031922514735 184
1622720606747 -48.53031922514735 185
1622720613868 -48.53031922514735 186
1622720621064 -48.53031922514735 187
1622720628304 -48.53031922514735 188
1622720635546 -48.53031922514735 189
1622720642798 -48.53031922514735 190
1622720650092 -48.53031922514735 191
1622720657431 -48.53031922514735 192
1622720664793 -48.53031922514735 193
1622720672248 -48.53031922514735 194
1622720679732 -48.53031922514735 195
1622720687236 -48.53031922514735 196
1622720694785 -48.53031922514735 197
1622720702330 -48.53031922514735 198
1622720709876 -48.53031922514735 199
1622720717494 -48.53031922514735 200
1622720725172 -48.53031922514735 201
1622720732927 -48.53031922514735 202
1622720740765 -48.53031922514735 203
1622720748555 -48.53031922514735 204
1622720756399 -48.53031922514735 205
1622720764237 -48.53031922514735 206
1622720772133 -48.53031922514735 207
1622720780034 -48.53031922514735 208
1622720787930 -48.53031922514735 209
1622720795909 -48.53031922514735 210
1622720804000 -48.53031922514735 211
1622720812064 -48.53031922514735 212
1622720820161 -48.53031922514735 213
1622720828279 -48.53031922514735 214
1622720836425 -48.53031922514735 215
1622720844584 -48.53031922514735 216
1622720852843 -48.53031922514735 217
1622720861120 -48.53031922514735 218
1622720869390 -48.53031922514735 219
1622720877814 -48.53031922514735 220
1622720886227 -48.53031922514735 221
1622720894709 -48.53031922514735 222
1622720903134 -48.53031922514735 223
1622720911551 -48.53031922514735 224
1622720920160 -48.53031922514735 225
1622720928694 -48.53031922514735 226
1622720937294 -48.53031922514735 227
1622720945951 -48.53031922514735 228
1622720954573 -48.53031922514735 229
1622720963194 -48.53031922514735 230
1622720971911 -48.53031922514735 231
1622720980594 -48.53031922514735 232
1622720989380 -48.53031922514735 233
1622720998161 -48.53031922514735 234
1622721007020 -48.53031922514735 235
1622721015905 -48.53031922514735 236
1622721024801 -48.53031922514735 237
1622721033740 -48.53031922514735 238
1622721042690 -48.53031922514735 239
1622721051724 -48.53031922514735 240
1622721060708 -48.53031922514735 241
1622721069879 -48.53031922514735 242
1622721078993 -48.53031922514735 243
1622721088127 -48.53031922514735 244
1622721097347 -48.53031922514735 245
1622721106631 -48.53031922514735 246
1622721116018 -48.53031922514735 247
1622721125306 -48.53031922514735 248
1622721134710 -48.53031922514735 249
1622721144073 -48.53031922514735 250
1622721153558 -48.53031922514735 251
1622721163028 -48.53031922514735 252
1622721172651 -48.53031922514735 253
1622721182213 -48.53031922514735 254
1622721191972 -48.53031922514735 255
1622721201659 -48.53031922514735 256
1622721211379 -48.53031922514735 257
1622721221098 -48.53031922514735 258
1622721230896 -48.53031922514735 259
1622721240782 -48.53031922514735 260
1622721250684 -48.53031922514735 261
1622721260561 -48.53031922514735 262
1622721270515 -48.53031922514735 263
1622721280458 -48.53031922514735 264
1622721290423 -48.53031922514735 265
1622721300387 -48.53031922514735 266
1622721310423 -48.53031922514735 267
1622721320454 -48.53031922514735 268
1622721330641 -48.53031922514735 269
1622721340806 -48.53031922514735 270
1622721350987 -48.53031922514735 271
1622721361315 -48.53031922514735 272
1622721371689 -48.53031922514735 273
1622721381951 -48.53031922514735 274
1622721392335 -48.53031922514735 275
1622721402773 -48.53031922514735 276
1622721413271 -48.53031922514735 277
1622721423690 -48.53031922514735 278
1622721434201 -48.53031922514735 279
1622721444664 -48.53031922514735 280
1622721455255 -48.53031922514735 281
1622721465807 -48.53031922514735 282
1622721476419 -48.53031922514735 283
1622721487155 -48.53031922514735 284
1622721497838 -48.53031922514735 285
1622721508567 -48.53031922514735 286
1622721519257 -48.53031922514735 287
1622721530059 -48.53031922514735 288
1622721540940 -48.53031922514735 289
1622721551798 -48.53031922514735 290
1622721562734 -48.53031922514735 291
1622721573703 -48.53031922514735 292
1622721584672 -48.53031922514735 293
1622721595717 -48.53031922514735 294
1622721606832 -48.53031922514735 295
1622721617951 -48.53031922514735 296
1622721629064 -48.53031922514735 297
1622721640206 -48.53031922514735 298
1622721651393 -48.53031922514735 299
1622721662637 -48.53031922514735 300
1622721673916 -48.53031922514735 301
1622721685301 -48.53031922514735 302
1622721696655 -48.53031922514735 303
1622721708137 -48.53031922514735 304
1622721719660 -48.53031922514735 305
1622721731202 -48.53031922514735 306
1622721742769 -48.53031922514735 307
1622721754346 -48.53031922514735 308
1622721766052 -48.53031922514735 309
1622721777756 -48.53031922514735 310
1622721789445 -48.53031922514735 311
1622721801171 -48.53031922514735 312
1622721812972 -48.53031922514735 313
1622721824724 -48.53031922514735 314
1622721836589 -48.53031922514735 315
1622721848469 -48.53031922514735 316
1622721860286 -48.53031922514735 317
1622721872110 -48.53031922514735 318
1622721884000 -48.53031922514735 319
1622721895901 -48.53031922514735 320
1622721907893 -48.53031922514735 321
1622721919844 -48.53031922514735 322
1622721931893 -48.53031922514735 323
1622721943971 -48.53031922514735 324
1622721956105 -48.53031922514735 325
1622721968212 -48.53031922514735 326
1622721980605 -48.53031922514735 327
1622721992870 -48.53031922514735 328
1622722005082 -48.53031922514735 329
1622722017471 -48.53031922514735 330
1622722029763 -48.53031922514735 331
1622722042223 -48.53031922514735 332
1622722054598 -48.53031922514735 333
1622722067047 -48.53031922514735 334
1622722079590 -48.53031922514735 335
1622722092020 -48.53031922514735 336
1622722104576 -48.53031922514735 337
1622722117118 -48.53031922514735 338
1622722129665 -48.53031922514735 339
1622722142372 -48.53031922514735 340
1622722155086 -48.53031922514735 341
1622722167822 -48.53031922514735 342
1622722180599 -48.53031922514735 343
1622722193426 -48.53031922514735 344
1622722206266 -48.53031922514735 345
1622722219131 -48.53031922514735 346
1622722232098 -48.53031922514735 347
1622722245170 -48.53031922514735 348
1622722258210 -48.53031922514735 349
1622722271339 -48.53031922514735 350
1622722284488 -48.53031922514735 351
1622722297647 -48.53031922514735 352
1622722310782 -48.53031922514735 353
1622722324079 -48.53031922514735 354
1622722337301 -48.53031922514735 355
1622722350546 -48.53031922514735 356
1622722363871 -48.53031922514735 357
1622722377265 -48.53031922514735 358
1622722390687 -48.53031922514735 359
1622722404238 -48.53031922514735 360
1622722417646 -48.53031922514735 361
1622722431083 -48.53031922514735 362
1622722444596 -48.53031922514735 363
1622722458184 -48.53031922514735 364
1622722471768 -48.53031922514735 365
1622722485350 -48.53031922514735 366
1622722499036 -48.53031922514735 367
1622722512722 -48.53031922514735 368
1622722526424 -48.53031922514735 369
1622722540154 -48.53031922514735 370
1622722553932 -48.53031922514735 371
1622722567823 -48.53031922514735 372
1622722581747 -48.53031922514735 373
1622722595652 -48.53031922514735 374
1622722609678 -48.53031922514735 375
1622722623724 -48.53031922514735 376
1622722637823 -48.53031922514735 377
1622722651939 -48.53031922514735 378
1622722666111 -48.53031922514735 379
1622722680306 -48.53031922514735 380
1622722694537 -48.53031922514735 381
1622722709448 -48.53031922514735 382
1622722723714 -48.53031922514735 383
1622722737920 -48.53031922514735 384
1622722752212 -48.53031922514735 385
1622722767303 -48.53031922514735 386
1622722781518 -48.53031922514735 387
1622722795883 -48.53031922514735 388
1622722810261 -48.53031922514735 389
1622722824783 -48.53031922514735 390
1622722839225 -48.53031922514735 391
1622722853744 -48.53031922514735 392
1622722868237 -48.53031922514735 393
1622722882755 -48.53031922514735 394
1622722897341 -48.53031922514735 395
1622722911974 -48.53031922514735 396
1622722926554 -48.53031922514735 397
1622722941272 -48.53031922514735 398
1622722956118 -48.53031922514735 399
1622722970888 -48.53031922514735 400
1622722985634 -48.53031922514735 401
1622723000425 -48.53031922514735 402
1622723015344 -48.53031922514735 403
1622723030354 -48.53031922514735 404
1622723045410 -48.53031922514735 405
1622723060358 -48.53031922514735 406
1622723075307 -48.53031922514735 407
1622723090390 -48.53031922514735 408
1622723105478 -48.53031922514735 409
1622723120537 -48.53031922514735 410
1622723135776 -48.53031922514735 411
1622723150904 -48.53031922514735 412
1622723166135 -48.53031922514735 413
1622723181416 -48.53031922514735 414
1622723196639 -48.53031922514735 415
1622723211927 -48.53031922514735 416
1622723227303 -48.53031922514735 417
1622723242653 -48.53031922514735 418
1622723258103 -48.53031922514735 419
1622723273509 -48.53031922514735 420
1622723288981 -48.53031922514735 421
1622723304419 -48.53031922514735 422
1622723319900 -48.53031922514735 423
1622723335479 -48.53031922514735 424
1622723351056 -48.53031922514735 425
1622723366758 -48.53031922514735 426
1622723382538 -48.53031922514735 427
1622723398308 -48.53031922514735 428
1622723414178 -48.53031922514735 429
1622723430138 -48.53031922514735 430
1622723446035 -48.53031922514735 431
1622723462013 -48.53031922514735 432
1622723477920 -48.53031922514735 433
1622723493925 -48.53031922514735 434
1622723509947 -48.53031922514735 435
1622723526001 -48.53031922514735 436
1622723542058 -48.53031922514735 437
1622723558216 -48.53031922514735 438
1622723574428 -48.53031922514735 439
1622723590529 -48.53031922514735 440
1622723606687 -48.53031922514735 441
1622723622876 -48.53031922514735 442
1622723639129 -48.53031922514735 443
1622723655343 -48.53031922514735 444
1622723671623 -48.53031922514735 445
1622723687978 -48.53031922514735 446
1622723704334 -48.53031922514735 447
1622723720925 -48.53031922514735 448
1622723737356 -48.53031922514735 449
1622723753869 -48.53031922514735 450
1622723770500 -48.53031922514735 451
1622723787247 -48.53031922514735 452
1622723803970 -48.53031922514735 453
1622723820643 -48.53031922514735 454
1622723837414 -48.53031922514735 455
1622723853988 -48.53031922514735 456
1622723870743 -48.53031922514735 457
1622723887563 -48.53031922514735 458
1622723904459 -48.53031922514735 459
1622723921301 -48.53031922514735 460
1622723938276 -48.53031922514735 461
1622723955269 -48.53031922514735 462
1622723972199 -48.53031922514735 463
1622723989271 -48.53031922514735 464
1622724006277 -48.53031922514735 465
1622724023428 -48.53031922514735 466
1622724040520 -48.53031922514735 467
1622724057615 -48.53031922514735 468
1622724074739 -48.53031922514735 469
1622724091933 -48.53031922514735 470
1622724109133 -48.53031922514735 471
1622724126327 -48.53031922514735 472
1622724143792 -48.53031922514735 473
1622724161506 -48.53031922514735 474
1622724179160 -48.53031922514735 475
1622724196747 -48.53031922514735 476
1622724214383 -48.53031922514735 477
1622724232062 -48.53031922514735 478
1622724249515 -48.53031922514735 479
1622724267228 -48.53031922514735 480
1622724284941 -48.53031922514735 481
1622724302781 -48.53031922514735 482
1622724321827 -48.53031922514735 483
1622724341743 -48.53031922514735 484
1622724359498 -48.53031922514735 485
1622724377243 -48.53031922514735 486
1622724395225 -48.53031922514735 487
1622724413067 -48.53031922514735 488
1622724430989 -48.53031922514735 489
1622724448958 -48.53031922514735 490
1622724467000 -48.53031922514735 491
1622724485032 -48.53031922514735 492
1622724503118 -48.53031922514735 493
1622724521483 -48.53031922514735 494
1622724539645 -48.53031922514735 495
1622724558035 -48.53031922514735 496
1622724576296 -48.53031922514735 497
1622724594671 -48.53031922514735 498
1622724613020 -48.53031922514735 499
1622724631484 -48.53031922514735 500
