1622748203411 0.007 0
1622748203935 0.406 1
1622748204470 0.417 2
1622748205035 0.449 3
1622748205633 0.484 4
1622748206267 0.52 5
1622748206937 0.556 6
1622748207699 0.643 7
1622748208527 0.708 8
1622748209358 0.715 9
1622748210219 0.75 10
1622748211120 0.788 11
1622748212077 0.841 12
1622748213036 0.845 13
1622748213986 0.839 14
1622748214967 0.87 15
1622748215982 0.905 16
1622748217056 0.964 17
1622748218153 0.988 18
1622748219261 0.999 19
1622748220450 1.077 20
1622748221650 1.09 21
1622748222884 1.124 22
1622748224146 1.153 23
1622748225483 1.225 24
1622748226920 1.322 25
1622748228463 1.425 26
1622748230061 1.476 27
1622748231650 1.471 28
1622748233298 1.532 29
1622748234945 1.53 30
1622748236624 1.563 31
1622748238292 1.556 32
1622748240002 1.598 33
1622748241729 1.608 34
1622748243470 1.631 35
1622748245298 1.717 36
1622748247064 1.651 37
1622748248856 1.678 38
1622748250695 1.728 39
1622748252582 1.773 40
1622748254502 1.808 41
1622748256477 1.862 42
1622748258490 1.9 43
1622748260552 1.95 44
1622748262643 1.98 45
1622748264753 2.001 46
1622748266900 2.036 47
1622748269073 2.061 48
1622748271266 2.081 49
1622748273485 2.108 50
1622748275775 2.178 51
1622748278086 2.199 52
1622748280423 2.226 53
1622748282982 2.446 54
1622748285409 2.314 55
1622748287872 2.348 56
1622748290356 2.37 57
1622748292859 2.39 58
1622748295442 2.469 59
1622748298031 2.478 60
1622748300692 2.549 61
1622748303349 2.547 62
1622748306056 2.597 63
1622748308791 2.625 64
1622748311557 2.656 65
1622748314332 2.665 66
1622748317179 2.736 67
1622748320034 2.744 68
1622748322982 2.836 69
1622748325955 2.864 70
1622748328962 2.897 71
1622748332008 2.936 72
1622748335105 2.982 73
1622748338183 2.964 74
1622748341362 3.066 75
1622748344544 3.067 76
1622748347782 3.124 77
1622748351049 3.154 78
1622748354350 3.188 79
1622748357662 3.199 80
1622748361039 3.261 81
1622748364414 3.258 82
1622748367860 3.331 83
1622748371325 3.352 84
1622748374836 3.398 85
1622748378362 3.413 86
1622748381922 3.445 87
1622748385520 3.485 88
1622748389127 3.495 89
1622748392841 3.557 90
1622748396630 3.656 91
1622748400418 3.673 92
1622748404392 3.86 93
1622748408409 3.897 94
1622748412294 3.771 95
1622748416183 3.772 96
1622748420126 3.829 97
1622748424268 4.024 98
1622748428475 4.093 99
1622748432509 3.92 100
1622748436601 3.979 101
1622748440784 4.07 102
1622748444900 4.002 103
1622748449053 4.039 104
1622748453330 4.162 105
1622748457574 4.131 106
1622748461873 4.186 107
1622748466195 4.21 108
1622748470558 4.251 109
1622748474962 4.29 110
1622748479361 4.285 111
1622748483818 4.341 112
1622748488304 4.375 113
1622748492866 4.447 114
1622748497420 4.44 115
1622748502115 4.582 116
1622748507007 4.777 117
1622748512049 4.926 118
1622748517162 4.994 119
1622748522018 4.739 120
1622748526821 4.689 121
1622748531669 4.734 122
1622748536514 4.733 123
1622748541415 4.787 124
1622748546346 4.819 125
1622748551325 4.864 126
1622748556318 4.878 127
1622748561363 4.93 128
1622748566571 5.091 129
1622748571709 5.025 130
1622748576816 4.994 131
1622748581936 5.011 132
1622748587229 5.18 133
1622748592494 5.152 134
1622748597820 5.213 135
1622748603588 5.654 136
1622748609124 5.42 137
1622748614589 5.353 138
1622748620046 5.343 139
1622748625677 5.515 140
1622748631381 5.581 141
1622748637756 6.188 142
1622748643322 5.452 143
1622748648959 5.522 144
1622748654635 5.56 145
1622748660327 5.576 146
1622748666102 5.657 147
1622748671899 5.678 148
1622748677702 5.688 149
1622748683560 5.741 150
1622748689498 5.821 151
1622748695470 5.858 152
1622748701480 5.894 153
1622748707500 5.902 154
1622748713577 5.963 155
1622748719670 5.98 156
1622748725793 6.013 157
1622748731923 6.02 158
1622748738118 6.082 159
1622748744376 6.147 160
1622748750616 6.126 161
1622748756921 6.193 162
1622748763271 6.235 163
1622748769633 6.25 164
1622748775992 6.246 165
1622748782509 6.406 166
1622748788953 6.33 167
1622748795444 6.379 168
1622748802015 6.458 169
1622748808642 6.514 170
1622748815319 6.562 171
1622748822001 6.566 172
1622748828824 6.706 173
1622748835533 6.595 174
1622748842417 6.771 175
1622748849321 6.79 176
1622748856158 6.721 177
1622748863048 6.775 178
1622748869977 6.815 179
1622748876940 6.851 180
1622748883878 6.825 181
1622748890905 6.914 182
1622748897913 6.893 183
1622748904964 6.939 184
1622748912088 7.013 185
1622748919281 7.083 186
1622748926405 7.009 187
1622748933588 7.069 188
1622748940904 7.202 189
1622748948131 7.114 190
1622748955517 7.273 191
1622748962909 7.277 192
1622748970324 7.299 193
1622748977748 7.306 194
1622748985164 7.302 195
1622748992667 7.389 196
1622749000209 7.43 197
1622749007850 7.522 198
1622749015465 7.499 199
1622749023158 7.578 200
1622749030930 7.659 201
1622749038669 7.626 202
1622749046423 7.639 203
1622749054219 7.681 204
1622749062065 7.729 205
1622749069951 7.772 206
1622749077829 7.766 207
1622749085824 7.883 208
1622749093879 7.945 209
1622749101963 7.97 210
1622749110091 8.013 211
1622749118309 8.101 212
1622749126462 8.036 213
1622749134631 8.055 214
1622749142867 8.12 215
1622749151107 8.125 216
1622749159502 8.281 217
1622749167804 8.188 218
1622749176153 8.235 219
1622749184496 8.228 220
1622749193040 8.427 221
1622749201466 8.312 222
1622749210031 8.45 223
1622749218565 8.418 224
1622749227206 8.524 225
1622749235864 8.541 226
1622749244491 8.513 227
1622749253218 8.61 228
1622749262015 8.68 229
1622749270734 8.606 230
1622749279587 8.74 231
1622749288449 8.747 232
1622749297358 8.794 233
1622749306208 8.74 234
1622749315132 8.809 235
1622749324228 8.928 236
1622749333203 8.865 237
1622749342248 8.933 238
1622749351304 8.943 239
1622749360390 8.976 240
1622749369572 9.068 241
1622749378801 9.116 242
1622749388074 9.16 243
1622749397389 9.2 244
1622749406696 9.192 245
1622749416052 9.242 246
1622749425456 9.291 247
1622749434938 9.367 248
1622749444410 9.358 249
1622749453921 9.398 250
1622749463477 9.442 251
1622749473062 9.472 252
1622749482679 9.504 253
1622749492296 9.507 254
1622749501927 9.518 255
1622749511688 9.645 256
1622749521354 9.553 257
1622749531051 9.584 258
1622749540849 9.685 259
1622749550732 9.77 260
1622749560608 9.763 261
1622749570545 9.821 262
1622749580565 9.905 263
1622749590600 9.922 264
1622749600677 9.96 265
1622749610717 9.927 266
1622749620757 9.927 267
1622749630853 9.985 268
1622749640979 10.014 269
1622749651186 10.094 270
1622749661408 10.106 271
1622749671672 10.151 272
1622749682039 10.252 273
1622749692447 10.297 274
1622749702863 10.302 275
1622749713305 10.327 276
1622749723780 10.361 277
1622749734305 10.412 278
1622749744788 10.371 279
1622749755342 10.442 280
1622749765951 10.493 281
1622749776575 10.51 282
1622749787277 10.589 283
1622749797989 10.597 284
1622749808780 10.676 285
1622749819578 10.682 286
1622749830465 10.774 287
1622749841303 10.723 288
1622749852180 10.762 289
1622749863143 10.847 290
1622749874480 11.224 291
1622749886762 12.163 292
1622749897833 10.954 293
1622749908830 10.884 294
1622749919875 10.933 295
1622749930918 10.933 296
1622749942055 11.028 297
1622749953176 11.01 298
1622749964315 11.027 299
1622749975533 11.105 300
1622749986748 11.101 301
1622749997984 11.124 302
1622750009271 11.178 303
1622750020763 11.381 304
1622750032097 11.223 305
1622750043621 11.414 306
1622750055050 11.319 307
1622750066551 11.39 308
1622750078107 11.446 309
1622750089709 11.491 310
1622750101320 11.5 311
1622750112986 11.553 312
1622750124699 11.598 313
1622750136435 11.623 314
1622750148194 11.647 315
1622750160084 11.776 316
1622750171964 11.766 317
1622750183858 11.78 318
1622750195752 11.779 319
1622750207685 11.818 320
1622750219729 11.93 321
1622750231722 11.876 322
1622750243746 11.909 323
1622750255781 11.916 324
1622750267857 11.96 325
1622750280058 12.088 326
1622750292309 12.136 327
1622750304570 12.146 328
1622750316881 12.199 329
1622750329216 12.22 330
1622750341525 12.195 331
1622750353948 12.308 332
1622750366376 12.315 333
1622750378815 12.324 334
1622750391217 12.29 335
1622750403763 12.434 336
1622750416281 12.406 337
1622750428850 12.454 338
1622750441459 12.494 339
1622750454014 12.44 340
1622750466729 12.601 341
1622750479450 12.606 342
1622750492215 12.648 343
1622750504966 12.639 344
1622750517855 12.775 345
1622750530640 12.671 346
1622750543578 12.822 347
1622750556620 12.926 348
1622750569660 12.925 349
1622750582670 12.898 350
1622750595789 13.005 351
1622750608845 12.943 352
1622750621959 13.001 353
1622750635226 13.154 354
1622750648368 13.029 355
1622750661658 13.178 356
1622750674908 13.134 357
1622750688290 13.268 358
1622750701719 13.315 359
1622750715165 13.331 360
1622750728719 13.44 361
1622750742139 13.304 362
1622750755625 13.369 363
1622750769183 13.447 364
1622750782795 13.497 365
1622750796471 13.561 366
1622750810167 13.582 367
1622750823899 13.62 368
1622750837534 13.524 369
1622750851315 13.669 370
1622750865181 13.753 371
1622750879562 14.267 372
1622750893500 13.825 373
1622750907259 13.647 374
1622750921178 13.803 375
1622750935121 13.829 376
1622750949163 13.929 377
1622750963307 14.029 378
1622750977589 14.169 379
1622750991858 14.152 380
1622751005988 14.019 381
1622751020418 14.319 382
1622751034908 14.379 383
1622751049410 14.39 384
1622751063826 14.307 385
1622751078210 14.27 386
1622751092644 14.317 387
1622751107236 14.479 388
1622751121632 14.282 389
1622751136107 14.362 390
1622751150643 14.423 391
1622751165189 14.43 392
1622751179865 14.565 393
1622751194499 14.522 394
1622751209173 14.561 395
1622751223812 14.526 396
1622751238593 14.664 397
1622751253438 14.732 398
1622751268134 14.582 399
1622751283021 14.772 400
1622751297973 14.837 401
1622751312815 14.726 402
1622751327777 14.847 403
1622751342756 14.864 404
1622751357727 14.857 405
1622751372815 14.974 406
1622751387866 14.935 407
1622751402922 14.943 408
1622751418069 15.038 409
1622751433277 15.096 410
1622751448562 15.171 411
1622751463802 15.128 412
1622751479050 15.13 413
1622751494340 15.173 414
1622751509773 15.321 415
1622751525075 15.188 416
1622751540478 15.29 417
1622751555878 15.289 418
1622751571362 15.371 419
1622751586796 15.323 420
1622751602265 15.357 421
1622751617862 15.483 422
1622751633488 15.512 423
1622751649020 15.419 424
1622751664765 15.628 425
1622751680496 15.618 426
1622751696311 15.702 427
1622751712118 15.697 428
1622751727889 15.657 429
1622751743745 15.742 430
1622751759749 15.888 431
1622751775574 15.712 432
1622751791422 15.731 433
1622751807341 15.802 434
1622751823295 15.84 435
1622751839326 15.918 436
1622751855356 15.913 437
1622751871540 16.071 438
1622751887751 16.099 439
1622751903955 16.092 440
1622751920132 16.064 441
1622751936415 16.17 442
1622751952761 16.235 443
1622751969156 16.282 444
1622751985519 16.249 445
1622752001974 16.34 446
1622752018510 16.422 447
1622752035094 16.472 448
1622752051651 16.443 449
1622752068275 16.508 450
1622752084896 16.507 451
1622752101441 16.428 452
1622752118121 16.566 453
1622752134972 16.736 454
1622752151703 16.616 455
1622752168451 16.636 456
1622752185313 16.748 457
1622752202040 16.613 458
1622752218817 16.668 459
1622752235826 16.838 460
1622752252850 16.884 461
1622752269990 17.025 462
1622752287073 16.969 463
1622752304172 16.986 464
1622752321333 17.045 465
1622752338482 17.036 466
1622752355765 17.171 467
1622752373068 17.19 468
1622752390352 17.171 469
1622752407704 17.24 470
1622752425092 17.276 471
1622752442477 17.274 472
1622752459838 17.25 473
1622752477225 17.273 474
1622752494733 17.394 475
1622752512341 17.494 476
1622752529979 17.524 477
1622752547569 17.476 478
1622752565093 17.413 479
1622752582603 17.397 480
1622752600224 17.507 481
1622752617873 17.535 482
1622752635581 17.595 483
1622752653342 17.648 484
1622752671212 17.759 485
1622752689049 17.725 486
1622752707012 17.747 487
1622752725713 18.546 488
1622752744216 18.387 489
1622752762341 18.013 490
1622752780509 18.055 491
1622752798671 18.048 492
1622752816859 18.074 493
1622752835191 18.219 494
1622752853364 18.06 495
1622752871638 18.162 496
1622752889811 18.061 497
1622752908059 18.135 498
1622752926440 18.266 499
1622752945051 18.493 500
