1622762440904 100 0
1622762442379 200 1
1622762444245 300 2
1622762446428 400 3
1622762448950 500 4
1622762451841 600 5
1622762455086 700 6
1622762458656 800 7
1622762462603 900 8
1622762466904 1000 9
1622762471576 1100 10
1622762476602 1200 11
1622762481967 1300 12
1622762487747 1400 13
1622762493831 1500 14
1622762500260 1600 15
1622762506995 1700 16
1622762514174 1800 17
1622762521708 1900 18
1622762529611 2000 19
1622762537878 2100 20
1622762546514 2200 21
1622762555481 2300 22
1622762564786 2400 23
1622762574462 2500 24
1622762584496 2600 25
1622762595006 2700 26
1622762605764 2800 27
1622762616887 2900 28
1622762628334 3000 29
1622762640105 3100 30
1622762652368 3200 31
1622762664963 3300 32
1622762677861 3400 33
1622762691177 3500 34
1622762704722 3600 35
1622762718728 3700 36
1622762733074 3800 37
1622762747864 3900 38
1622762762982 4000 39
1622762778440 4100 40
1622762794136 4200 41
1622762810241 4300 42
1622762826641 4400 43
1622762843359 4500 44
1622762860500 4600 45
1622762877941 4700 46
1622762895719 4800 47
1622762913809 4900 48
1622762932328 5000 49
1622762951413 5100 50
1622762970865 5200 51
1622762990563 5300 52
1622763010811 5400 53
1622763031319 5500 54
1622763052251 5600 55
1622763073550 5700 56
1622763095268 5800 57
1622763117302 5900 58
1622763139679 6000 59
1622763162398 6100 60
1622763185466 6200 61
1622763208881 6300 62
1622763232630 6400 63
1622763256730 6500 64
1622763281355 6600 65
1622763306008 6700 66
1622763331278 6800 67
1622763356932 6900 68
1622763382823 7000 69
1622763409128 7100 70
1622763435861 7200 71
1622763462838 7300 72
1622763490212 7400 73
1622763517852 7500 74
1622763546361 7600 75
1622763575745 7700 76
1622763604754 7800 77
1622763634113 7900 78
1622763663608 8000 79
1622763693609 8100 80
1622763724025 8200 81
1622763754785 8300 82
1622763785964 8400 83
1622763817356 8500 84
1622763849235 8600 85
1622763881320 8700 86
1622763913842 8800 87
1622763946704 8900 88
1622763979899 9000 89
1622764013485 9100 90
1622764047671 9200 91
1622764082085 9300 92
1622764116873 9400 93
1622764152199 9500 94
1622764187681 9600 95
1622764223446 9700 96
1622764259736 9800 97
1622764296298 9900 98
1622764333616 10000 99
1622764370887 10100 100
1622764408676 10200 101
1622764446663 10300 102
1622764485093 10400 103
1622764523629 10500 104
1622764562738 10600 105
1622764602361 10700 106
1622764642169 10800 107
1622764682217 10900 108
1622764722570 11000 109
1622764763150 11100 110
1622764804249 11200 111
1622764845790 11300 112
1622764887766 11400 113
1622764930376 11500 114
1622764972935 11600 115
1622765015745 11700 116
1622765059021 11800 117
1622765102597 11900 118
1622765146624 12000 119
1622765190945 12100 120
1622765235938 12200 121
1622765281157 12300 122
1622765326874 12400 123
1622765372710 12500 124
1622765418902 12600 125
1622765465453 12700 126
1622765512477 12800 127
1622765559773 12900 128
1622765607232 13000 129
1622765655107 13100 130
1622765703434 13200 131
1622765752276 13300 132
1622765801576 13400 133
1622765851076 13500 134
1622765900742 13600 135
1622765951222 13700 136
1622766001992 13800 137
1622766053091 13900 138
1622766104282 14000 139
1622766156110 14100 140
1622766208409 14200 141
1622766260941 14300 142
1622766313794 14400 143
1622766366999 14500 144
1622766420616 14600 145
1622766474398 14700 146
1622766528780 14800 147
1622766583330 14900 148
1622766638373 15000 149
1622766693710 15100 150
1622766749560 15200 151
1622766805504 15300 152
1622766861876 15400 153
1622766918758 15500 154
1622766976888 15600 155
1622767034329 15700 156
1622767091949 15800 157
1622767149434 15900 158
1622767207886 16000 159
1622767266128 16100 160
1622767324778 16200 161
1622767383877 16300 162
1622767443251 16400 163
1622767503197 16500 164
1622767563232 16600 165
1622767623721 16700 166
1622767684459 16800 167
1622767745796 16900 168
1622767807278 17000 169
1622767868995 17100 170
1622767931807 17200 171
1622767994332 17300 172
1622768058037 17400 173
1622768122271 17500 174
1622768186506 17600 175
1622768250732 17700 176
1622768315142 17800 177
1622768380259 17900 178
1622768445258 18000 179
1622768511619 18100 180
1622768577553 18200 181
1622768643850 18300 182
1622768710882 18400 183
1622768778113 18500 184
1622768845570 18600 185
1622768913605 18700 186
1622768981854 18800 187
1622769050793 18900 188
1622769119808 19000 189
1622769189799 19100 190
1622769259204 19200 191
1622769328833 19300 192
1622769398846 19400 193
1622769469706 19500 194
1622769540829 19600 195
1622769611813 19700 196
1622769683845 19800 197
1622769756289 19900 198
1622769828768 20000 199
1622769901771 20100 200
1622769977445 20200 201
1622770051377 20300 202
1622770126213 20400 203
1622770201303 20500 204
1622770278965 20600 205
1622770354461 20700 206
1622770430882 20800 207
1622770508022 20900 208
1622770585092 21000 209
1622770662191 21100 210
1622770739572 21200 211
1622770817563 21300 212
1622770895545 21400 213
1622770973844 21500 214
1622771052251 21600 215
1622771131484 21700 216
1622771210939 21800 217
1622771291468 21900 218
1622771371351 22000 219
1622771451735 22100 220
1622771532461 22200 221
1622771614243 22300 222
1622771695247 22400 223
1622771777319 22500 224
1622771859967 22600 225
1622771942234 22700 226
1622772025140 22800 227
1622772108074 22900 228
1622772191416 23000 229
1622772275069 23100 230
1622772359136 23200 231
1622772444222 23300 232
1622772529224 23400 233
1622772614593 23500 234
1622772700637 23600 235
1622772786794 23700 236
1622772873272 23800 237
1622772960378 23900 238
1622773047802 24000 239
1622773136578 24100 240
1622773225082 24200 241
1622773313713 24300 242
1622773402810 24400 243
1622773491860 24500 244
1622773582164 24600 245
1622773672887 24700 246
1622773763522 24800 247
1622773855196 24900 248
1622773946884 25000 249
1622774039245 25100 250
1622774132538 25200 251
1622774224867 25300 252
1622774317771 25400 253
1622774411088 25500 254
1622774504751 25600 255
1622774598712 25700 256
1622774692723 25800 257
1622774786541 25900 258
1622774880811 26000 259
1622774975555 26100 260
1622775071583 26200 261
1622775167442 26300 262
1622775263809 26400 263
1622775360897 26500 264
1622775458264 26600 265
1622775555323 26700 266
1622775653080 26800 267
1622775750576 26900 268
1622775848057 27000 269
1622775947252 27100 270
1622776047443 27200 271
1622776146716 27300 272
1622776246929 27400 273
1622776347723 27500 274
1622776448128 27600 275
1622776548997 27700 276
1622776650323 27800 277
1622776751237 27900 278
1622776852959 28000 279
1622776954676 28100 280
1622777057384 28200 281
1622777160081 28300 282
1622777262688 28400 283
1622777366678 28500 284
1622777470130 28600 285
1622777574024 28700 286
1622777679149 28800 287
1622777784171 28900 288
1622777889382 29000 289
1622777994906 29100 290
1622778100854 29200 291
1622778206890 29300 292
1622778313661 29400 293
1622778420678 29500 294
1622778528216 29600 295
1622778636380 29700 296
1622778744749 29800 297
1622778853650 29900 298
1622778962865 30000 299
1622779073067 30100 300
1622779183274 30200 301
1622779294711 30300 302
1622779405559 30400 303
1622779518448 30500 304
1622779629189 30600 305
1622779740077 30700 306
1622779851767 30800 307
1622779963710 30900 308
1622780075574 31000 309
1622780188321 31100 310
1622780302237 31200 311
1622780415794 31300 312
1622780530273 31400 313
1622780645219 31500 314
1622780760323 31600 315
1622780876063 31700 316
1622780991673 31800 317
1622781107846 31900 318
1622781224509 32000 319
1622781341710 32100 320
1622781459800 32200 321
1622781578670 32300 322
1622781697739 32400 323
1622781815960 32500 324
1622781935804 32600 325
1622782055134 32700 326
1622782174936 32800 327
1622782296909 32900 328
1622782418036 33000 329
1622782539423 33100 330
1622782661523 33200 331
1622782783757 33300 332
1622782905644 33400 333
1622783026885 33500 334
1622783148591 33600 335
1622783270807 33700 336
1622783394165 33800 337
1622783517314 33900 338
1622783641398 34000 339
1622783765614 34100 340
1622783891954 34200 341
1622784016171 34300 342
1622784140451 34400 343
1622784265010 34500 344
1622784390172 34600 345
1622784516689 34700 346
1622784643244 34800 347
1622784769808 34900 348
1622784896177 35000 349
1622785023434 35100 350
1622785150671 35200 351
1622785278099 35300 352
1622785405699 35400 353
1622785534197 35500 354
1622785662644 35600 355
1622785791884 35700 356
1622785921741 35800 357
1622786051571 35900 358
1622786181268 36000 359
1622786311594 36100 360
1622786441778 36200 361
1622786573115 36300 362
1622786704343 36400 363
1622786836762 36500 364
1622786969012 36600 365
1622787101718 36700 366
1622787235520 36800 367
1622787368722 36900 368
1622787502887 37000 369
1622787636851 37100 370
1622787771551 37200 371
1622787906683 37300 372
1622788042605 37400 373
1622788177867 37500 374
1622788313842 37600 375
1622788449893 37700 376
1622788586091 37800 377
1622788724996 37900 378
1622788863410 38000 379
1622789002434 38100 380
1622789141799 38200 381
1622789281776 38300 382
1622789421878 38400 383
1622789562440 38500 384
1622789703134 38600 385
1622789844473 38700 386
1622789986697 38800 387
1622790128270 38900 388
1622790269747 39000 389
1622790412971 39100 390
1622790558292 39200 391
1622790701400 39300 392
1622790843868 39400 393
1622790987311 39500 394
1622791130771 39600 395
1622791274912 39700 396
1622791418927 39800 397
1622791563492 39900 398
1622791708951 40000 399
1622791854883 40100 400
1622792000603 40200 401
1622792147254 40300 402
1622792294113 40400 403
1622792440797 40500 404
1622792589298 40600 405
1622792737307 40700 406
1622792884464 40800 407
1622793032354 40900 408
1622793181154 41000 409
1622793329735 41100 410
1622793478281 41200 411
1622793627935 41300 412
1622793777527 41400 413
1622793927494 41500 414
1622794077502 41600 415
1622794227757 41700 416
1622794378576 41800 417
1622794529482 41900 418
1622794680914 42000 419
1622794833463 42100 420
1622794987111 42200 421
1622795139774 42300 422
1622795292427 42400 423
1622795445472 42500 424
1622795599182 42600 425
1622795753350 42700 426
1622795908228 42800 427
1622796064305 42900 428
1622796223237 43000 429
1622796378912 43100 430
1622796534813 43200 431
1622796691262 43300 432
1622796848137 43400 433
1622797005814 43500 434
1622797163535 43600 435
1622797321774 43700 436
1622797479749 43800 437
1622797638418 43900 438
1622797797958 44000 439
1622797957403 44100 440
1622798118774 44200 441
1622798278561 44300 442
1622798439197 44400 443
1622798598892 44500 444
1622798759265 44600 445
1622798920038 44700 446
1622799082089 44800 447
1622799244418 44900 448
1622799407401 45000 449
1622799570599 45100 450
1622799734755 45200 451
1622799898551 45300 452
1622800062544 45400 453
1622800226676 45500 454
1622800391128 45600 455
1622800556452 45700 456
1622800724208 45800 457
1622800890454 45900 458
1622801056755 46000 459
1622801223256 46100 460
1622801390735 46200 461
1622801558059 46300 462
1622801726359 46400 463
1622801894572 46500 464
1622802063940 46600 465
1622802235424 46700 466
1622802405440 46800 467
1622802574969 46900 468
1622802745070 47000 469
1622802915272 47100 470
1622803086149 47200 471
1622803260292 47300 472
1622803433318 47400 473
1622803604399 47500 474
1622803776248 47600 475
1622803948792 47700 476
1622804121415 47800 477
1622804294030 47900 478
1622804466908 48000 479
1622804640511 48100 480
1622804814837 48200 481
1622804990986 48300 482
1622805165860 48400 483
1622805340260 48500 484
1622805517162 48600 485
1622805694985 48700 486
1622805871436 48800 487
1622806047517 48900 488
1622806224620 49000 489
1622806401721 49100 490
1622806579246 49200 491
1622806757106 49300 492
1622806936187 49400 493
1622807114713 49500 494
1622807293319 49600 495
1622807472379 49700 496
1622807653538 49800 497
1622807833189 49900 498
1622808013660 50000 499
1622808195175 50100 500
