1622616583946 0.942939087375305 0
1622616584574 0.9361128255769393 1
1622616585232 0.9361128255769393 2
1622616585882 0.9467803015779248 3
1622616586568 0.9467803015779248 4
1622616587303 0.9467803015779248 5
1622616588002 0.9467803015779248 6
1622616588741 0.9467803015779248 7
1622616589514 0.9467803015779248 8
1622616590327 0.9467803015779248 9
1622616591175 0.9467803015779248 10
1622616592052 0.9467803015779248 11
1622616593070 0.9467803015779248 12
1622616594041 0.9467803015779248 13
1622616595022 0.9467803015779248 14
1622616596046 0.9467803015779248 15
1622616597153 0.9467803015779248 16
1622616598261 0.9467803015779248 17
1622616599382 0.9467803015779248 18
1622616600558 0.9467803015779248 19
1622616601750 0.9467803015779248 20
1622616602969 0.9467803015779248 21
1622616604225 0.9467803015779248 22
1622616605563 0.9467803015779248 23
1622616606889 0.9467803015779248 24
1622616608254 0.9467803015779248 25
1622616610566 0.9467803015779248 26
1622616612021 0.9467803015779248 27
1622616613523 0.9467803015779248 28
1622616615039 0.9467803015779248 29
1622616616594 0.9467803015779248 30
1622616618175 0.9467803015779248 31
1622616619767 0.9467803015779248 32
1622616621417 0.9467803015779248 33
1622616623131 0.9467803015779248 34
1622616624889 0.9467803015779248 35
1622616626658 0.9467803015779248 36
1622616628481 0.9467803015779248 37
1622616630322 0.9467803015779248 38
1622616632196 0.9467803015779248 39
1622616634084 0.9467803015779248 40
1622616636113 0.9467803015779248 41
1622616638107 0.9467803015779248 42
1622616640171 0.9467803015779248 43
1622616642251 0.9467803015779248 44
1622616644378 0.9467803015779248 45
1622616646516 0.9467803015779248 46
1622616648671 0.9467803015779248 47
1622616650885 0.9467803015779248 48
1622616653116 0.9467803015779248 49
1622616655381 0.9467803015779248 50
1622616657708 0.9467803015779248 51
1622616660102 0.9467803015779248 52
1622616662684 0.9467803015779248 53
1622616665132 0.9467803015779248 54
1622616667644 0.9467803015779248 55
1622616670156 0.9467803015779248 56
1622616672713 0.9467803015779248 57
1622616675257 0.9467803015779248 58
1622616677879 0.9467803015779248 59
1622616680904 0.9467803015779248 60
1622616683974 0.9467803015779248 61
1622616686747 0.9467803015779248 62
1622616689488 0.9467803015779248 63
1622616692406 0.9467803015779248 64
1622616695977 0.9467803015779248 65
1622616699425 0.9467803015779248 66
1622616702322 0.9467803015779248 67
1622616705306 0.9467803015779248 68
1622616708338 0.9467803015779248 69
1622616711374 0.9467803015779248 70
1622616714765 0.9467803015779248 71
1622616718421 0.9467803015779248 72
1622616721555 0.9467803015779248 73
1622616724721 0.9467803015779248 74
1622616727926 0.9467803015779248 75
1622616731173 0.9467803015779248 76
1622616734404 0.9467803015779248 77
1622616737673 0.9467803015779248 78
1622616741001 0.9467803015779248 79
1622616744353 0.9467803015779248 80
1622616747918 0.9467803015779248 81
1622616751629 0.9467803015779248 82
1622616755143 0.9467803015779248 83
1622616758674 0.9467803015779248 84
1622616762255 0.9467803015779248 85
1622616765823 0.9467803015779248 86
1622616770171 0.9467803015779248 87
1622616773859 0.9467803015779248 88
1622616777950 0.9467803015779248 89
1622616781774 0.9467803015779248 90
1622616785678 0.9467803015779248 91
1622616789416 0.9467803015779248 92
1622616793727 0.9467803015779248 93
1622616797611 0.9467803015779248 94
1622616801496 0.9467803015779248 95
1622616805474 0.9467803015779248 96
1622616810205 0.9467803015779248 97
1622616814253 0.9467803015779248 98
1622616818462 0.9467803015779248 99
1622616824106 0.9467803015779248 100
1622616828313 0.9467803015779248 101
1622616832773 0.9467803015779248 102
1622616837006 0.9467803015779248 103
1622616841235 0.9467803015779248 104
1622616845497 0.9467803015779248 105
1622616849931 0.9467803015779248 106
1622616854524 0.9467803015779248 107
1622616859026 0.9467803015779248 108
1622616863415 0.9467803015779248 109
1622616867866 0.9467803015779248 110
1622616872325 0.9467803015779248 111
1622616877147 0.9467803015779248 112
1622616881682 0.9467803015779248 113
1622616886356 0.9467803015779248 114
1622616891013 0.9467803015779248 115
1622616895656 0.9467803015779248 116
1622616900378 0.9467803015779248 117
1622616905269 0.9467803015779248 118
1622616910521 0.9467803015779248 119
1622616916122 0.9467803015779248 120
1622616921611 0.9467803015779248 121
1622616926478 0.9467803015779248 122
1622616931377 0.9467803015779248 123
1622616936908 0.9467803015779248 124
1622616942018 0.9467803015779248 125
1622616947332 0.9467803015779248 126
1622616952547 0.9467803015779248 127
1622616957679 0.9467803015779248 128
1622616962826 0.9467803015779248 129
1622616967991 0.9467803015779248 130
1622616973227 0.9467803015779248 131
1622616978481 0.9467803015779248 132
1622616984406 0.9467803015779248 133
1622616989721 0.9467803015779248 134
1622616995108 0.9467803015779248 135
1622617001045 0.9467803015779248 136
1622617006443 0.9467803015779248 137
1622617011885 0.9467803015779248 138
1622617017445 0.9467803015779248 139
1622617022951 0.9467803015779248 140
1622617028494 0.9467803015779248 141
1622617034111 0.9467803015779248 142
1622617039945 0.9467803015779248 143
1622617045636 0.9467803015779248 144
1622617051346 0.9467803015779248 145
1622617057120 0.9467803015779248 146
1622617062967 0.9467803015779248 147
1622617069008 0.9467803015779248 148
1622617075661 0.9467803015779248 149
1622617081782 0.9467803015779248 150
1622617089678 0.9467803015779248 151
1622617095662 0.9467803015779248 152
1622617101682 0.9467803015779248 153
1622617107763 0.9467803015779248 154
1622617113851 0.9467803015779248 155
1622617119983 0.9467803015779248 156
1622617126879 0.9467803015779248 157
1622617133942 0.9467803015779248 158
1622617141301 0.9467803015779248 159
1622617147738 0.9467803015779248 160
1622617154110 0.9467803015779248 161
1622617160588 0.9467803015779248 162
1622617167686 0.9467803015779248 163
1622617175372 0.9467803015779248 164
1622617183059 0.9467803015779248 165
1622617189833 0.9467803015779248 166
1622617197591 0.9467803015779248 167
1622617204943 0.9467803015779248 168
1622617211530 0.9467803015779248 169
1622617218161 0.9467803015779248 170
1622617224855 0.9467803015779248 171
1622617231561 0.9467803015779248 172
1622617238267 0.9467803015779248 173
1622617245115 0.9467803015779248 174
1622617251897 0.9467803015779248 175
1622617258737 0.9467803015779248 176
1622617265631 0.9467803015779248 177
1622617272736 0.9467803015779248 178
1622617280611 0.9467803015779248 179
1622617287690 0.9467803015779248 180
1622617294854 0.9467803015779248 181
1622617302059 0.9467803015779248 182
1622617309889 0.9467803015779248 183
1622617317361 0.9467803015779248 184
1622617324576 0.9467803015779248 185
1622617332317 0.9467803015779248 186
1622617340439 0.9467803015779248 187
1622617347847 0.9467803015779248 188
1622617355186 0.9467803015779248 189
1622617363100 0.9467803015779248 190
1622617370898 0.9467803015779248 191
1622617379073 0.9467803015779248 192
1622617386459 0.9467803015779248 193
1622617393990 0.9467803015779248 194
1622617401710 0.9467803015779248 195
1622617409425 0.9467803015779248 196
1622617417735 0.9467803015779248 197
1622617425365 0.9467803015779248 198
1622617433023 0.9467803015779248 199
1622617440712 0.9467803015779248 200
1622617448472 0.9467803015779248 201
1622617456559 0.9467803015779248 202
1622617464680 0.9467803015779248 203
1622617472623 0.9467803015779248 204
1622617481073 0.9467803015779248 205
1622617489238 0.9467803015779248 206
1622617497206 0.9467803015779248 207
1622617505287 0.9467803015779248 208
1622617513411 0.9467803015779248 209
1622617522880 0.9467803015779248 210
1622617531120 0.9467803015779248 211
1622617539873 0.9467803015779248 212
1622617548879 0.9467803015779248 213
1622617557895 0.9467803015779248 214
1622617566086 0.9467803015779248 215
1622617574370 0.9467803015779248 216
1622617582754 0.9467803015779248 217
1622617591077 0.9467803015779248 218
1622617600154 0.9467803015779248 219
1622617608609 0.9467803015779248 220
1622617617750 0.9467803015779248 221
1622617626323 0.9467803015779248 222
1622617635138 0.9467803015779248 223
1622617643743 0.9467803015779248 224
1622617652411 0.9467803015779248 225
1622617661205 0.9467803015779248 226
1622617670356 0.9467803015779248 227
1622617679221 0.9467803015779248 228
1622617688663 0.9467803015779248 229
1622617698257 0.9467803015779248 230
1622617707417 0.9467803015779248 231
1622617716340 0.9467803015779248 232
1622617726510 0.9467803015779248 233
1622617735425 0.9467803015779248 234
1622617744420 0.9467803015779248 235
1622617753387 0.9467803015779248 236
1622617762431 0.9467803015779248 237
1622617771726 0.9467803015779248 238
1622617780871 0.9467803015779248 239
1622617790070 0.9467803015779248 240
1622617799276 0.9467803015779248 241
1622617808527 0.9467803015779248 242
1622617818830 0.9467803015779248 243
1622617828346 0.9467803015779248 244
1622617837924 0.9467803015779248 245
1622617847443 0.9467803015779248 246
1622617857831 0.9467803015779248 247
1622617867328 0.9467803015779248 248
1622617876854 0.9467803015779248 249
1622617886420 0.9467803015779248 250
1622617896011 0.9467803015779248 251
1622617905680 0.9467803015779248 252
1622617915313 0.9467803015779248 253
1622617925627 0.9467803015779248 254
1622617935504 0.9467803015779248 255
1622617945342 0.9467803015779248 256
1622617956322 0.9467803015779248 257
1622617967732 0.9467803015779248 258
1622617977768 0.9467803015779248 259
1622617987682 0.9467803015779248 260
1622617997519 0.9467803015779248 261
1622618008102 0.9467803015779248 262
1622618018068 0.9467803015779248 263
1622618028072 0.9467803015779248 264
1622618038171 0.9467803015779248 265
1622618048291 0.9467803015779248 266
1622618058636 0.9467803015779248 267
1622618069318 0.9467803015779248 268
1622618080062 0.9467803015779248 269
1622618090571 0.9467803015779248 270
1622618102540 0.9467803015779248 271
1622618113197 0.9467803015779248 272
1622618123534 0.9467803015779248 273
1622618134005 0.9467803015779248 274
1622618145376 0.9467803015779248 275
1622618156078 0.9467803015779248 276
1622618166704 0.9467803015779248 277
1622618177820 0.9467803015779248 278
1622618189198 0.9467803015779248 279
1622618200880 0.9467803015779248 280
1622618211710 0.9467803015779248 281
1622618222328 0.9467803015779248 282
1622618233198 0.9467803015779248 283
1622618244494 0.9467803015779248 284
1622618255317 0.9467803015779248 285
1622618266154 0.9467803015779248 286
1622618277041 0.9467803015779248 287
1622618288471 0.9467803015779248 288
1622618299587 0.9467803015779248 289
1622618310593 0.9467803015779248 290
1622618321686 0.9467803015779248 291
1622618333054 0.9467803015779248 292
1622618344131 0.9467803015779248 293
1622618355556 0.9467803015779248 294
1622618366892 0.9467803015779248 295
1622618378164 0.9467803015779248 296
1622618389421 0.9467803015779248 297
1622618400671 0.9467803015779248 298
1622618411983 0.9467803015779248 299
1622618423266 0.9467803015779248 300
1622618434688 0.9467803015779248 301
1622618447228 0.9467803015779248 302
1622618459144 0.9467803015779248 303
1622618470957 0.9467803015779248 304
1622618482489 0.9467803015779248 305
1622618494580 0.9467803015779248 306
1622618506277 0.9467803015779248 307
1622618517832 0.9467803015779248 308
1622618529464 0.9467803015779248 309
1622618541680 0.9467803015779248 310
1622618553716 0.9467803015779248 311
1622618566375 0.9467803015779248 312
1622618579189 0.9467803015779248 313
1622618591086 0.9467803015779248 314
1622618603027 0.9467803015779248 315
1622618614906 0.9467803015779248 316
1622618626885 0.9467803015779248 317
1622618639807 0.9467803015779248 318
1622618652250 0.9467803015779248 319
1622618664457 0.9467803015779248 320
1622618676750 0.9467803015779248 321
1622618689673 0.9467803015779248 322
1622618702128 0.9467803015779248 323
1622618715767 0.9467803015779248 324
1622618728823 0.9467803015779248 325
1622618741106 0.9467803015779248 326
1622618754040 0.9467803015779248 327
1622618766382 0.9467803015779248 328
1622618779855 0.9467803015779248 329
1622618792261 0.9467803015779248 330
1622618804759 0.9467803015779248 331
1622618818249 0.9467803015779248 332
1622618832766 0.9467803015779248 333
1622618846185 0.9467803015779248 334
1622618859573 0.9467803015779248 335
1622618872257 0.9467803015779248 336
1622618886771 0.9467803015779248 337
1622618899809 0.9467803015779248 338
1622618913239 0.9467803015779248 339
1622618926756 0.9467803015779248 340
1622618940788 0.9467803015779248 341
1622618954618 0.9467803015779248 342
1622618967589 0.9467803015779248 343
1622618980490 0.9467803015779248 344
1622618993413 0.9467803015779248 345
1622619006409 0.9467803015779248 346
1622619019865 0.9467803015779248 347
1622619034375 0.9467803015779248 348
1622619049155 0.9467803015779248 349
1622619062870 0.9467803015779248 350
1622619076078 0.9467803015779248 351
1622619091122 0.9467803015779248 352
1622619104895 0.9467803015779248 353
1622619119264 0.9467803015779248 354
1622619132739 0.9467803015779248 355
1622619146114 0.9467803015779248 356
1622619159573 0.9467803015779248 357
1622619173090 0.9467803015779248 358
1622619186572 0.9467803015779248 359
1622619200034 0.9467803015779248 360
1622619213862 0.9467803015779248 361
1622619227459 0.9467803015779248 362
1622619241759 0.9467803015779248 363
1622619256653 0.9467803015779248 364
1622619271249 0.9467803015779248 365
1622619286444 0.9467803015779248 366
1622619302389 0.9467803015779248 367
1622619316241 0.9467803015779248 368
1622619331012 0.9467803015779248 369
1622619347029 0.9467803015779248 370
1622619361272 0.9467803015779248 371
1622619375821 0.9467803015779248 372
1622619390605 0.9467803015779248 373
1622619405682 0.9467803015779248 374
1622619420376 0.9467803015779248 375
1622619434549 0.9467803015779248 376
1622619448658 0.9467803015779248 377
1622619464233 0.9467803015779248 378
1622619480209 0.9467803015779248 379
1622619494500 0.9467803015779248 380
1622619509306 0.9467803015779248 381
1622619523668 0.9467803015779248 382
1622619538028 0.9467803015779248 383
1622619552438 0.9467803015779248 384
1622619566976 0.9467803015779248 385
1622619582378 0.9467803015779248 386
1622619597130 0.9467803015779248 387
1622619611747 0.9467803015779248 388
1622619627486 0.9467803015779248 389
1622619643026 0.9467803015779248 390
1622619658415 0.9467803015779248 391
1622619673093 0.9467803015779248 392
1622619688600 0.9467803015779248 393
1622619703296 0.9467803015779248 394
1622619718121 0.9467803015779248 395
1622619733111 0.9467803015779248 396
1622619748959 0.9467803015779248 397
1622619764062 0.9467803015779248 398
1622619778942 0.9467803015779248 399
1622619793872 0.9467803015779248 400
1622619809330 0.9467803015779248 401
1622619826088 0.9467803015779248 402
1622619841383 0.9467803015779248 403
1622619856560 0.9467803015779248 404
1622619871869 0.9467803015779248 405
1622619888044 0.9467803015779248 406
1622619903316 0.9467803015779248 407
1622619918684 0.9467803015779248 408
1622619934854 0.9467803015779248 409
1622619951382 0.9467803015779248 410
1622619966841 0.9467803015779248 411
1622619982444 0.9467803015779248 412
1622619997992 0.9467803015779248 413
1622620015069 0.9467803015779248 414
1622620031026 0.9467803015779248 415
1622620047350 0.9467803015779248 416
1622620063502 0.9467803015779248 417
1622620079739 0.9467803015779248 418
1622620097465 0.9467803015779248 419
1622620113403 0.9467803015779248 420
1622620129457 0.9467803015779248 421
1622620145246 0.9467803015779248 422
1622620161241 0.9467803015779248 423
1622620177951 0.9467803015779248 424
1622620194635 0.9467803015779248 425
1622620211969 0.9467803015779248 426
1622620229458 0.9467803015779248 427
1622620246818 0.9467803015779248 428
1622620262900 0.9467803015779248 429
1622620279003 0.9467803015779248 430
1622620295700 0.9467803015779248 431
1622620312969 0.9467803015779248 432
1622620329006 0.9467803015779248 433
1622620345145 0.9467803015779248 434
1622620363225 0.9467803015779248 435
1622620379707 0.9467803015779248 436
1622620396394 0.9467803015779248 437
1622620412692 0.9467803015779248 438
1622620429237 0.9467803015779248 439
1622620447819 0.9467803015779248 440
1622620465080 0.9467803015779248 441
1622620481466 0.9467803015779248 442
1622620497899 0.9467803015779248 443
1622620514391 0.9467803015779248 444
1622620531720 0.9467803015779248 445
1622620549720 0.9467803015779248 446
1622620568470 0.9467803015779248 447
1622620587255 0.9467803015779248 448
1622620604148 0.9467803015779248 449
1622620620907 0.9467803015779248 450
1622620640669 0.9467803015779248 451
1622620657389 0.9467803015779248 452
1622620675706 0.9467803015779248 453
1622620692879 0.9467803015779248 454
1622620710622 0.9467803015779248 455
1622620729152 0.9467803015779248 456
1622620746710 0.9467803015779248 457
1622620765905 0.9467803015779248 458
1622620783763 0.9467803015779248 459
1622620800853 0.9467803015779248 460
1622620817981 0.9467803015779248 461
1622620837035 0.9467803015779248 462
1622620854850 0.9467803015779248 463
1622620872299 0.9467803015779248 464
1622620892707 0.9467803015779248 465
1622620911101 0.9467803015779248 466
1622620929859 0.9467803015779248 467
1622620947908 0.9467803015779248 468
1622620967304 0.9467803015779248 469
1622620985273 0.9467803015779248 470
1622621003729 0.9467803015779248 471
1622621022154 0.9467803015779248 472
1622621039771 0.9467803015779248 473
1622621058087 0.9467803015779248 474
1622621075702 0.9467803015779248 475
1622621093380 0.9467803015779248 476
1622621111217 0.9467803015779248 477
1622621129794 0.9467803015779248 478
1622621147713 0.9467803015779248 479
1622621166406 0.9467803015779248 480
1622621185006 0.9467803015779248 481
1622621203338 0.9467803015779248 482
1622621221816 0.9467803015779248 483
1622621240611 0.9467803015779248 484
1622621258934 0.9467803015779248 485
1622621277095 0.9467803015779248 486
1622621295198 0.9467803015779248 487
1622621314438 0.9467803015779248 488
1622621333776 0.9467803015779248 489
1622621352113 0.9467803015779248 490
1622621370589 0.9467803015779248 491
1622621390339 0.9467803015779248 492
1622621409102 0.9467803015779248 493
1622621428830 0.9467803015779248 494
1622621448301 0.9467803015779248 495
1622621468562 0.9467803015779248 496
1622621487660 0.9467803015779248 497
1622621507175 0.9467803015779248 498
1622621525682 0.9467803015779248 499
1622621544244 0.9467803015779248 500
