1622942804216 1.228 0
1622942806358 1.472 1
1622942808547 1.7149999999999999 2
1622942810863 1.964 3
1622942813394 2.209 4
1622942816078 2.452 5
1622942818819 2.695 6
1622942821769 2.944 7
1622942824917 3.191 8
1622942828143 3.4339999999999997 9
1622942831526 3.6769999999999996 10
1622942835144 3.9219999999999997 11
1622942838824 4.165 12
1622942842684 4.408 13
1622942846669 4.65 14
1622942850843 4.893000000000001 15
1622942855135 5.139000000000001 16
1622942859621 5.3820000000000014 17
1622942864252 5.625000000000002 18
1622942869018 5.871000000000002 19
1622942873871 6.113000000000002 20
1622942879049 6.354000000000002 21
1622942884364 6.598000000000002 22
1622942889843 6.842000000000001 23
1622942895319 7.088000000000001 24
1622942901040 7.332000000000001 25
1622942906958 7.579000000000001 26
1622942912973 7.824000000000001 27
1622942919213 8.068000000000001 28
1622942925583 8.313 29
1622942932140 8.555 30
1622942938800 8.801 31
1622942945601 9.044 32
1622942952625 9.287 33
1622942959851 9.529 34
1622942967178 9.772 35
1622942974640 10.017 36
1622942982248 10.259 37
1622942990035 10.501000000000001 38
1622942997948 10.745000000000001 39
1622943005866 10.988000000000001 40
1622943014093 11.23 41
1622943022413 11.473 42
1622943030887 11.717 43
1622943039489 11.962 44
1622943048216 12.206 45
1622943057126 12.45 46
1622943066319 12.693999999999999 47
1622943075578 12.937999999999999 48
1622943085021 13.18 49
1622943094585 13.426 50
1622943104469 13.669 51
1622943114225 13.912 52
1622943124316 14.154 53
1622943134612 14.398 54
1622943145135 14.642 55
1622943155678 14.885 56
1622943166317 15.126999999999999 57
1622943177119 15.370999999999999 58
1622943188130 15.613999999999999 59
1622943199423 15.858999999999998 60
1622943210652 16.104 61
1622943222151 16.348 62
1622943233969 16.590999999999998 63
1622943245663 16.831999999999997 64
1622943257584 17.075999999999997 65
1622943269779 17.319999999999997 66
1622943281987 17.560999999999996 67
1622943294381 17.803999999999995 68
1622943306800 18.044999999999995 69
1622943319549 18.289999999999996 70
1622943332303 18.534999999999997 71
1622943345345 18.775999999999996 72
1622943358606 19.016999999999996 73
1622943371912 19.258999999999997 74
1622943385274 19.503999999999998 75
1622943398652 19.744999999999997 76
1622943412546 19.985999999999997 77
1622943426425 20.229999999999997 78
1622943440642 20.470999999999997 79
1622943454867 20.712999999999997 80
1622943469191 20.956999999999997 81
1622943483559 21.200999999999997 82
1622943498345 21.443999999999996 83
1622943513168 21.688999999999997 84
1622943528296 21.929999999999996 85
1622943543502 22.173999999999996 86
1622943558753 22.415999999999997 87
1622943574282 22.660999999999998 88
1622943589848 22.903 89
1622943605711 23.145999999999997 90
1622943621610 23.387999999999998 91
1622943637808 23.63 92
1622943653972 23.871 93
1622943670465 24.113999999999997 94
1622943687015 24.358999999999998 95
1622943703781 24.601 96
1622943720544 24.843 97
1622943737444 25.086 98
1622943754704 25.33 99
1622943771997 25.572999999999997 100
1622943789521 25.814999999999998 101
1622943807149 26.058999999999997 102
1622943825055 26.301999999999996 103
1622943843041 26.547999999999995 104
1622943861139 26.789999999999996 105
1622943879467 27.033999999999995 106
1622943897921 27.275999999999996 107
1622943916607 27.518999999999995 108
1622943935287 27.762999999999995 109
1622943954147 28.008999999999993 110
1622943973179 28.251999999999992 111
1622943992467 28.49499999999999 112
1622944011713 28.73899999999999 113
1622944031253 28.98699999999999 114
1622944051007 29.228999999999992 115
1622944071000 29.475999999999992 116
1622944091040 29.71899999999999 117
1622944111194 29.96199999999999 118
1622944131409 30.20599999999999 119
1622944151826 30.448999999999987 120
1622944172517 30.689999999999987 121
1622944193487 30.931999999999988 122
1622944214377 31.17399999999999 123
1622944235343 31.41899999999999 124
1622944256646 31.66299999999999 125
1622944278038 31.90699999999999 126
1622944299504 32.15099999999999 127
1622944321236 32.39199999999999 128
1622944343029 32.633999999999986 129
1622944365016 32.878999999999984 130
1622944387316 33.12099999999998 131
1622944409434 33.36199999999998 132
1622944432103 33.60499999999998 133
1622944454544 33.84699999999998 134
1622944477366 34.08699999999998 135
1622944500298 34.329999999999984 136
1622944523385 34.572999999999986 137
1622944546685 34.813999999999986 138
1622944570284 35.05699999999999 139
1622944593675 35.29999999999999 140
1622944617328 35.54299999999999 141
1622944641218 35.78499999999999 142
1622944665082 36.02499999999999 143
1622944689203 36.26699999999999 144
1622944713569 36.50799999999999 145
1622944738073 36.75499999999999 146
1622944762575 36.996999999999986 147
1622944787205 37.23899999999998 148
1622944812155 37.48299999999998 149
1622944837138 37.72699999999998 150
1622944862462 37.969999999999985 151
1622944888009 38.213999999999984 152
1622944913679 38.454999999999984 153
1622944939435 38.69699999999998 154
1622944965315 38.93999999999998 155
1622944991380 39.18199999999998 156
1622945017574 39.42399999999998 157
1622945044042 39.66699999999998 158
1622945070435 39.90899999999998 159
1622945097335 40.15299999999998 160
1622945124137 40.39599999999998 161
1622945151266 40.63999999999998 162
1622945178228 40.88299999999998 163
1622945205427 41.12499999999998 164
1622945232856 41.37099999999998 165
1622945260620 41.61299999999998 166
1622945288359 41.85399999999998 167
1622945316136 42.09499999999998 168
1622945344403 42.336999999999975 169
1622945372607 42.58199999999997 170
1622945400924 42.82699999999997 171
1622945429230 43.07199999999997 172
1622945457991 43.313999999999965 173
1622945486841 43.55599999999996 174
1622945515738 43.798999999999964 175
1622945544797 44.041999999999966 176
1622945573997 44.285999999999966 177
1622945603564 44.52899999999997 178
1622945633244 44.77299999999997 179
1622945662901 45.014999999999965 180
1622945692981 45.26099999999997 181
1622945723181 45.50399999999997 182
1622945753467 45.74699999999997 183
1622945784004 45.989999999999974 184
1622945814693 46.229999999999976 185
1622945845503 46.47299999999998 186
1622945876246 46.71399999999998 187
1622945907257 46.95799999999998 188
1622945938537 47.20099999999998 189
1622945969699 47.44499999999998 190
1622946001180 47.68899999999998 191
1622946032888 47.930999999999976 192
1622946064567 48.17399999999998 193
1622946096365 48.41699999999998 194
1622946128487 48.66099999999998 195
1622946160815 48.90399999999998 196
1622946193124 49.146999999999984 197
1622946225688 49.38899999999998 198
1622946258280 49.62999999999998 199
1622946290980 49.87199999999998 200
1622946323888 50.11599999999998 201
1622946357092 50.35699999999998 202
1622946390166 50.598999999999975 203
1622946423785 50.84099999999997 204
1622946457123 51.08599999999997 205
1622946490798 51.32899999999997 206
1622946525031 51.57299999999997 207
1622946559059 51.81699999999997 208
1622946593313 52.06099999999997 209
1622946627710 52.303999999999974 210
1622946662219 52.54599999999997 211
1622946696918 52.78999999999997 212
1622946731904 53.02999999999997 213
1622946767059 53.272999999999975 214
1622946802427 53.51499999999997 215
1622946837843 53.757999999999974 216
1622946873169 54.00299999999997 217
1622946908952 54.24499999999997 218
1622946944793 54.48799999999997 219
1622946980996 54.73399999999997 220
1622947017423 54.976999999999975 221
1622947053710 55.21899999999997 222
1622947090681 55.46099999999997 223
1622947127199 55.70499999999997 224
1622947164088 55.94999999999997 225
1622947201001 56.19299999999997 226
1622947237805 56.43499999999997 227
1622947274984 56.676999999999964 228
1622947312438 56.919999999999966 229
1622947349846 57.16299999999997 230
1622947387369 57.404999999999966 231
1622947425012 57.64799999999997 232
1622947462837 57.89199999999997 233
1622947500946 58.133999999999965 234
1622947538793 58.37399999999997 235
1622947577461 58.615999999999964 236
1622947616084 58.856999999999964 237
1622947654781 59.096999999999966 238
1622947693752 59.33899999999996 239
1622947732640 59.581999999999965 240
1622947771752 59.825999999999965 241
1622947810973 60.06799999999996 242
1622947850671 60.30899999999996 243
1622947890092 60.54999999999996 244
1622947929835 60.789999999999964 245
1622947969831 61.03199999999996 246
1622948009741 61.27499999999996 247
1622948049989 61.517999999999965 248
1622948090317 61.76399999999997 249
1622948130876 62.00699999999997 250
1622948171617 62.24899999999997 251
1622948211929 62.49299999999997 252
1622948253326 62.734999999999964 253
1622948294264 62.97699999999996 254
1622948335572 63.21799999999996 255
1622948376997 63.46099999999996 256
1622948418997 63.70599999999996 257
1622948460715 63.95099999999996 258
1622948502608 64.19599999999996 259
1622948544801 64.43699999999995 260
1622948586932 64.68099999999995 261
1622948629240 64.92499999999995 262
1622948672040 65.16799999999995 263
1622948714825 65.40999999999995 264
1622948757636 65.65199999999996 265
1622948800689 65.89499999999995 266
1622948843753 66.13799999999995 267
1622948887115 66.38199999999995 268
1622948930630 66.62399999999995 269
1622948974026 66.86499999999995 270
1622949017793 67.10799999999995 271
1622949061728 67.35099999999994 272
1622949105698 67.59299999999995 273
1622949149746 67.83399999999995 274
1622949194263 68.07499999999995 275
1622949238874 68.31599999999995 276
1622949283549 68.55799999999995 277
1622949328411 68.79999999999995 278
1622949373459 69.04399999999995 279
1622949418598 69.28599999999996 280
1622949463798 69.53199999999995 281
1622949509216 69.77599999999995 282
1622949555117 70.02299999999995 283
1622949600897 70.26499999999996 284
1622949646985 70.50899999999996 285
1622949693140 70.74999999999996 286
1622949739717 70.99299999999995 287
1622949786276 71.23599999999995 288
1622949832992 71.47999999999995 289
1622949879687 71.72299999999994 290
1622949926185 71.96299999999994 291
1622949973446 72.20599999999993 292
1622950020557 72.45099999999994 293
1622950067825 72.69299999999994 294
1622950115446 72.93599999999994 295
1622950163323 73.17799999999994 296
1622950211393 73.42299999999994 297
1622950259538 73.66699999999994 298
1622950307617 73.90899999999995 299
1622950355947 74.15199999999994 300
1622950404511 74.39499999999994 301
1622950453117 74.63699999999994 302
1622950501904 74.87799999999994 303
1622950550741 75.11999999999995 304
1622950599733 75.36099999999995 305
1622950648879 75.60199999999995 306
1622950698139 75.84399999999995 307
1622950747628 76.08499999999995 308
1622950797390 76.32699999999996 309
1622950847247 76.57099999999996 310
1622950897174 76.81399999999995 311
1622950947338 77.05599999999995 312
1622950997705 77.29799999999996 313
1622951047932 77.53999999999996 314
1622951098326 77.78299999999996 315
1622951149077 78.02499999999996 316
1622951199742 78.26799999999996 317
1622951251083 78.51299999999996 318
1622951302163 78.75499999999997 319
1622951353488 78.99699999999997 320
1622951404988 79.23999999999997 321
1622951456635 79.48199999999997 322
1622951508482 79.72399999999998 323
1622951560485 79.97199999999998 324
1622951612367 80.21399999999998 325
1622951664391 80.45599999999999 326
1622951716556 80.69899999999998 327
1622951769135 80.94099999999999 328
1622951821692 81.18199999999999 329
1622951874631 81.42399999999999 330
1622951927478 81.666 331
1622951980450 81.91 332
1622952033721 82.152 333
1622952087062 82.394 334
1622952140989 82.63600000000001 335
1622952194850 82.882 336
1622952248816 83.12400000000001 337
1622952303325 83.367 338
1622952358061 83.61200000000001 339
1622952412545 83.85300000000001 340
1622952467302 84.09700000000001 341
1622952522137 84.33900000000001 342
1622952576967 84.58300000000001 343
1622952631844 84.82400000000001 344
1622952687290 85.06600000000002 345
1622952742983 85.30700000000002 346
1622952799074 85.54800000000002 347
1622952855018 85.79200000000002 348
1622952910766 86.03300000000002 349
1622952966327 86.27400000000002 350
1622953022665 86.51600000000002 351
1622953078808 86.75800000000002 352
1622953135212 87.00100000000002 353
1622953192098 87.24300000000002 354
1622953248872 87.48500000000003 355
1622953306078 87.72700000000003 356
1622953362750 87.97000000000003 357
1622953419886 88.21000000000002 358
1622953477189 88.45200000000003 359
1622953534889 88.69500000000002 360
1622953592517 88.93700000000003 361
1622953650389 89.17900000000003 362
1622953708438 89.42000000000003 363
1622953766710 89.66500000000003 364
1622953824900 89.90800000000003 365
1622953883152 90.14900000000003 366
1622953941848 90.39200000000002 367
1622954000201 90.63300000000002 368
1622954058819 90.87500000000003 369
1622954118221 91.11700000000003 370
1622954177447 91.36100000000003 371
1622954236684 91.60400000000003 372
1622954296079 91.84600000000003 373
1622954356177 92.08700000000003 374
1622954415899 92.32900000000004 375
1622954476340 92.57300000000004 376
1622954536761 92.81600000000003 377
1622954597097 93.05900000000003 378
1622954657564 93.30000000000003 379
1622954718177 93.54300000000002 380
1622954778917 93.78500000000003 381
1622954839819 94.02700000000003 382
1622954900729 94.26900000000003 383
1622954962196 94.51000000000003 384
1622955023863 94.75200000000004 385
1622955085557 94.99600000000004 386
1622955147381 95.23900000000003 387
1622955209426 95.48100000000004 388
1622955271420 95.72500000000004 389
1622955333606 95.96800000000003 390
1622955396142 96.21100000000003 391
1622955458611 96.45300000000003 392
1622955521387 96.69900000000003 393
1622955584506 96.94100000000003 394
1622955647985 97.18400000000003 395
1622955711120 97.42500000000003 396
1622955774593 97.66700000000003 397
1622955838015 97.91000000000003 398
1622955901538 98.15300000000002 399
1622955965425 98.39600000000002 400
1622956029125 98.64000000000001 401
1622956093011 98.88400000000001 402
1622956157166 99.12600000000002 403
1622956221380 99.36800000000002 404
1622956285658 99.61100000000002 405
1622956350097 99.85400000000001 406
1622956414697 100.09800000000001 407
1622956479654 100.34100000000001 408
1622956544978 100.58300000000001 409
1622956610177 100.82400000000001 410
1622956675474 101.06700000000001 411
1622956740673 101.30900000000001 412
1622956806337 101.55300000000001 413
1622956872311 101.79400000000001 414
1622956938272 102.03600000000002 415
1622957004559 102.27700000000002 416
1622957070921 102.52200000000002 417
1622957137559 102.76500000000001 418
1622957204003 103.00700000000002 419
1622957270633 103.25100000000002 420
1622957337743 103.49500000000002 421
1622957404779 103.73900000000002 422
1622957471994 103.98100000000002 423
1622957539212 104.22400000000002 424
1622957607046 104.46600000000002 425
1622957674973 104.70900000000002 426
1622957743025 104.95100000000002 427
1622957810852 105.19400000000002 428
1622957878976 105.43700000000001 429
1622957947485 105.68100000000001 430
1622958016165 105.92200000000001 431
1622958084873 106.16300000000001 432
1622958154210 106.403 433
1622958223195 106.64800000000001 434
1622958292456 106.888 435
1622958361933 107.13000000000001 436
1622958431235 107.37200000000001 437
1622958500296 107.61500000000001 438
1622958570210 107.85600000000001 439
1622958640048 108.10100000000001 440
1622958709794 108.34500000000001 441
1622958779819 108.58800000000001 442
1622958849763 108.83000000000001 443
1622958920298 109.07300000000001 444
1622958990905 109.31500000000001 445
1622959061534 109.55600000000001 446
1622959132376 109.79700000000001 447
1622959203877 110.03800000000001 448
1622959275026 110.278 449
1622959346329 110.52000000000001 450
1622959418106 110.76 451
1622959490016 111.004 452
1622959562230 111.24600000000001 453
1622959634350 111.48800000000001 454
1622959707022 111.73100000000001 455
1622959779357 111.97300000000001 456
1622959852051 112.21500000000002 457
1622959924600 112.45800000000001 458
1622959997508 112.69900000000001 459
1622960070418 112.93900000000001 460
1622960143821 113.18100000000001 461
1622960217347 113.42300000000002 462
1622960290922 113.66500000000002 463
1622960364802 113.90800000000002 464
1622960438714 114.15000000000002 465
1622960512721 114.39200000000002 466
1622960586856 114.63500000000002 467
1622960660911 114.87800000000001 468
1622960735529 115.12200000000001 469
1622960810219 115.36700000000002 470
1622960885277 115.61100000000002 471
1622960960316 115.85300000000002 472
1622961035332 116.09400000000002 473
1622961110559 116.33500000000002 474
1622961185683 116.57600000000002 475
1622961261438 116.82000000000002 476
1622961337287 117.06400000000002 477
1622961413374 117.30500000000002 478
1622961489682 117.54700000000003 479
1622961565905 117.78900000000003 480
1622961640225 118.02900000000002 481
1622961714820 118.26900000000002 482
1622961789708 118.51000000000002 483
1622961864516 118.75000000000001 484
1622961939273 118.99100000000001 485
1622962014517 119.23200000000001 486
1622962089971 119.47200000000001 487
1622962168199 119.715 488
1622962246141 119.956 489
1622962323611 120.19800000000001 490
1622962401859 120.436 491
1622962479710 120.676 492
1622962557683 120.917 493
1622962635855 121.156 494
1622962714663 121.396 495
1622962793404 121.635 496
1622962872327 121.878 497
1622962951177 122.117 498
1622963030426 122.35900000000001 499
1622963109893 122.60300000000001 500
