1622537376401 0.023 0
1622537378689 2.019 1
1622537380898 1.937 2
1622537383112 1.939 3
1622537385540 2.153 4
1622537388105 2.29 5
1622537390857 2.476 6
1622537393778 2.649 7
1622537396898 2.845 8
1622537400119 2.948 9
1622537403430 3.042 10
1622537407015 3.311 11
1622537410641 3.35 12
1622537414668 3.747 13
1622537418782 3.838 14
1622537423078 4.02 15
1622537427604 4.247 16
1622537432236 4.355 17
1622537436985 4.461 18
1622537441918 4.655 19
1622537446958 4.762 20
1622537452265 5.031 21
1622537457741 5.197 22
1622537463293 5.273 23
1622537469071 5.5 24
1622537474877 5.531 25
1622537480789 5.633 26
1622537486776 5.712 27
1622537492869 5.818 28
1622537499135 5.985 29
1622537505848 6.44 30
1622537512524 6.403 31
1622537519538 6.742 32
1622537526380 6.571 33
1622537533682 7.028 34
1622537540902 6.944 35
1622537548595 7.416 36
1622537556314 7.443 37
1622537564236 7.645 38
1622537572381 7.869 39
1622537580616 7.96 40
1622537589112 8.218 41
1622537597749 8.361 42
1622537606657 8.631 43
1622537615459 8.522 44
1622537624477 8.742 45
1622537633794 9.038 46
1622537643180 9.108 47
1622537652814 9.358 48
1622537662310 9.219 49
1622537671727 9.137 50
1622537681462 9.454 51
1622537691442 9.687 52
1622537701867 10.151 53
1622537712041 9.9 54
1622537722742 10.428 55
1622537733353 10.336 56
1622537744474 10.848 57
1622537755321 10.573 58
1622537766485 10.888 59
1622537777939 11.179 60
1622537789544 11.33 61
1622537801347 11.528 62
1622537813199 11.576 63
1622537825485 12.007 64
1622537837952 12.189 65
1622537850378 12.15 66
1622537862896 12.242 67
1622537875633 12.459 68
1622537888560 12.65 69
1622537901532 12.693 70
1622537914931 13.121 71
1622537928010 12.802 72
1622537941116 12.828 73
1622537954378 12.986 74
1622537967965 13.312 75
1622537982057 13.816 76
1622537995841 13.509 77
1622538010360 14.242 78
1622538024469 13.836 79
1622538039436 14.693 80
1622538054035 14.327 81
1622538068933 14.619 82
1622538084198 14.989 83
1622538099673 15.198 84
1622538115264 15.314 85
1622538130981 15.422 86
1622538147086 15.82 87
1622538163336 15.967 88
1622538179583 15.97 89
1622538196088 16.225 90
1622538212662 16.295 91
1622538229386 16.445 92
1622538246311 16.648 93
1622538263559 16.968 94
1622538280218 16.373 95
1622538297125 16.625 96
1622538314294 16.888 97
1622538331562 16.99 98
1622538349258 17.422 99
1622538366747 17.216 100
1622538384768 17.747 101
1622538402626 17.585 102
1622538421142 18.238 103
1622538439407 17.99 104
1622538458264 18.583 105
1622538477341 18.799 106
1622538496401 18.781 107
1622538515799 19.121 108
1622538535138 19.059 109
1622538554694 19.277 110
1622538574392 19.418 111
1622538594444 19.774 112
1622538614633 19.913 113
1622538634897 19.988 114
1622538655417 20.243 115
1622538675972 20.275 116
1622538696702 20.451 117
1622538716925 19.945 118
1622538737023 19.805 119
1622538757537 20.219 120
1622538778111 20.294 121
1622538798997 20.607 122
1622538820636 21.365 123
1622538841763 20.851 124
1622538863699 21.661 125
1622538885500 21.526 126
1622538908126 22.347 127
1622538929823 21.422 128
1622538952811 22.71 129
1622538975836 22.748 130
1622538998771 22.657 131
1622539022091 23.042 132
1622539045578 23.207 133
1622539069123 23.266 134
1622539092971 23.566 135
1622539117130 23.879 136
1622539141257 23.846 137
1622539165303 23.769 138
1622539189549 23.968 139
1622539214397 24.57 140
1622539238282 23.607 141
1622539262762 24.198 142
1622539287079 24.038 143
1622539311635 24.273 144
1622539336182 24.27 145
1622539361537 25.081 146
1622539386442 24.633 147
1622539412204 25.487 148
1622539437567 25.089 149
1622539463409 25.567 150
1622539488899 25.208 151
1622539515307 26.098 152
1622539541100 25.511 153
1622539566961 25.587 154
1622539592936 25.701 155
1622539619495 26.286 156
1622539645989 26.22 157
1622539672716 26.454 158
1622539699408 26.418 159
1622539726549 26.868 160
1622539753669 26.848 161
1622539780750 26.806 162
1622539808196 27.173 163
1622539835768 27.297 164
1622539863211 27.17 165
1622539890830 27.347 166
1622539918276 27.172 167
1622539946202 27.65 168
1622539974631 28.157 169
1622540003118 28.216 170
1622540032009 28.62 171
1622540060530 28.251 172
1622540089317 28.515 173
1622540118201 28.616 174
1622540147711 29.24 175
1622540176967 28.983 176
1622540206354 29.117 177
1622540235979 29.355 178
1622540265365 29.113 179
1622540294808 29.174 180
1622540324611 29.535 181
1622540354637 29.756 182
1622540384878 29.967 183
1622540415136 29.989 184
1622540445392 29.98 185
1622540475861 30.2 186
1622540506640 30.507 187
1622540538003 31.092 188
1622540569244 30.97 189
1622540600842 31.326 190
1622540632524 31.412 191
1622540664247 31.456 192
1622540695962 31.446 193
1622540727811 31.58 194
1622540759532 31.45 195
1622540791843 32.04 196
1622540824140 32.03 197
1622540856823 32.416 198
1622540889502 32.408 199
1622540922338 32.568 200
1622540955263 32.653 201
1622540988141 32.607 202
1622541021611 33.2 203
1622541055217 33.335 204
1622541088994 33.504 205
1622541122761 33.496 206
1622541156694 33.662 207
1622541190727 33.762 208
1622541224870 33.871 209
1622541259076 33.938 210
1622541293906 34.563 211
1622541328817 34.642 212
1622541363520 34.43 213
1622541398609 34.821 214
1622541433788 34.91 215
1622541469210 35.154 216
1622541505230 35.754 217
1622541540944 35.447 218
1622541576565 35.346 219
1622541612559 35.722 220
1622541649467 36.637 221
1622541685745 36.008 222
1622541722451 36.437 223
1622541758920 36.198 224
1622541795990 36.802 225
1622541832977 36.713 226
1622541870034 36.784 227
1622541907394 37.087 228
1622541945111 37.444 229
1622541982515 37.133 230
1622542020130 37.34 231
1622542058311 37.91 232
1622542096604 38.021 233
1622542135352 38.478 234
1622542174291 38.669 235
1622542213246 38.682 236
1622542252699 39.182 237
1622542292237 39.27 238
1622542331213 38.709 239
1622542370581 39.1 240
1622542409864 39.017 241
1622542449414 39.283 242
1622542489505 39.82 243
1622542529737 39.965 244
1622542569950 39.943 245
1622542610318 40.094 246
1622542650491 39.903 247
1622542691129 40.367 248
1622542731896 40.497 249
1622542772592 40.424 250
1622542813397 40.536 251
1622542854445 40.763 252
1622542896057 41.338 253
1622542937315 40.988 254
1622542979025 41.437 255
1622543020817 41.522 256
1622543062711 41.625 257
1622543104805 41.824 258
1622543146986 41.91 259
1622543189327 42.069 260
1622543231965 42.368 261
1622543274488 42.254 262
1622543317583 42.827 263
1622543360447 42.594 264
1622543403674 42.957 265
1622543447310 43.366 266
1622543491129 43.55 267
1622543534752 43.352 268
1622543578684 43.658 269
1622543622626 43.67 270
1622543667117 44.216 271
1622543711533 44.14 272
1622543755807 44.0 273
1622543800315 44.234 274
1622543844689 44.1 275
1622543889379 44.418 276
1622543934592 44.942 277
1622543979822 44.96 278
1622544024985 44.891 279
1622544070805 45.549 280
1622544116644 45.567 281
1622544162343 45.427 282
1622544208513 45.898 283
1622544254506 45.72 284
1622544300815 46.027 285
1622544347468 46.378 286
1622544393796 46.059 287
1622544440437 46.369 288
1622544487386 46.68 289
1622544534796 47.139 290
1622544582188 47.123 291
1622544629277 46.817 292
1622544677141 47.593 293
1622544724742 47.33 294
1622544772235 47.224 295
1622544820450 47.945 296
1622544868903 48.182 297
1622544917051 47.875 298
1622544965626 48.303 299
1622545013976 48.079 300
1622545062988 48.742 301
1622545112013 48.756 302
1622545161032 48.746 303
1622545210441 49.138 304
1622545259924 49.211 305
1622545309915 49.72 306
1622545360308 50.119 307
1622545410471 49.894 308
1622545460958 50.212 309
1622545511713 50.485 310
1622545562305 50.321 311
1622545613032 50.459 312
1622545664057 50.752 313
1622545714846 50.519 314
1622545766019 50.9 315
1622545817915 51.622 316
1622545869515 51.322 317
1622545921188 51.392 318
1622545973165 51.685 319
1622546025613 52.173 320
1622546077616 51.732 321
1622546129645 51.757 322
1622546182094 52.176 323
1622546234734 52.369 324
1622546287312 52.305 325
1622546340154 52.572 326
1622546393062 52.636 327
1622546446788 53.452 328
1622546500696 53.635 329
1622546554137 53.168 330
1622546607806 53.397 331
1622546661784 53.71 332
1622546715145 53.095 333
1622546769325 53.909 334
1622546822884 53.29 335
1622546876748 53.595 336
1622546930718 53.701 337
1622546984699 53.709 338
1622547039135 54.168 339
1622547093873 54.468 340
1622547148988 54.845 341
1622547204042 54.783 342
1622547259032 54.717 343
1622547314553 55.249 344
1622547370285 55.461 345
1622547425844 55.287 346
1622547481776 55.66 347
1622547537806 55.759 348
1622547593723 55.644 349
1622547650400 56.407 350
1622547707113 56.434 351
1622547764021 56.629 352
1622547820929 56.632 353
1622547879898 58.695 354
1622547937467 57.299 355
1622547995078 57.344 356
1622548052884 57.533 357
1622548110588 57.436 358
1622548167950 57.091 359
1622548226294 58.078 360
1622548284399 57.834 361
1622548342668 57.999 362
1622548400478 57.542 363
1622548458618 57.87 364
1622548517064 58.176 365
1622548575935 58.6 366
1622548634894 58.687 367
1622548693724 58.559 368
1622548752924 58.927 369
1622548812155 58.959 370
1622548871622 59.197 371
1622548931211 59.319 372
1622548992677 61.192 373
1622549054401 61.452 374
1622549115849 61.177 375
1622549177718 61.6 376
1622549239677 61.688 377
1622549300819 60.872 378
1622549361863 60.776 379
1622549423338 61.207 380
1622549484828 61.218 381
1622549546618 61.522 382
1622549609005 62.118 383
1622549671105 61.83 384
1622549733353 61.977 385
1622549795388 61.755 386
1622549857730 62.063 387
1622549920457 62.453 388
1622549983195 62.466 389
1622550046218 62.751 390
1622550109616 63.123 391
1622550173076 63.189 392
1622550236175 62.828 393
1622550299632 63.182 394
1622550362861 62.956 395
1622550426434 63.299 396
1622550490433 63.726 397
1622550554391 63.686 398
1622550618301 63.638 399
1622550682698 64.126 400
1622550746754 63.786 401
1622550811365 64.341 402
1622550876114 64.48 403
1622550941473 65.089 404
1622551006797 65.053 405
1622551072723 65.657 406
1622551138593 65.6 407
1622551204904 66.037 408
1622551271176 65.998 409
1622551337593 66.143 410
1622551404293 66.426 411
1622551471295 66.73 412
1622551537891 66.324 413
1622551605556 67.391 414
1622551672667 66.837 415
1622551740246 67.305 416
1622551807834 67.313 417
1622551875648 67.539 418
1622551943642 67.706 419
1622552011725 67.805 420
1622552080165 68.166 421
1622552148880 68.443 422
1622552217480 68.327 423
1622552286526 68.774 424
1622552355287 68.487 425
1622552424722 69.168 426
1622552493050 68.058 427
1622552562947 69.628 428
1622552631398 68.178 429
1622552701586 69.92 430
1622552770293 68.438 431
1622552839347 68.784 432
1622552908308 68.69 433
1622552977698 69.12 434
1622553047330 69.363 435
1622553118538 70.936 436
1622553188836 70.027 437
1622553259101 69.992 438
1622553329331 69.957 439
1622553399740 70.137 440
1622553470407 70.396 441
1622553541254 70.573 442
1622553612572 71.046 443
1622553683975 71.131 444
1622553755360 71.113 445
1622553826733 71.099 446
1622553898743 71.739 447
1622553970835 71.824 448
1622554042725 71.621 449
1622554115357 72.363 450
1622554188110 72.486 451
1622554260893 72.497 452
1622554333620 72.448 453
1622554407710 73.814 454
1622554484127 76.14 455
1622554558255 73.854 456
1622554632514 73.982 457
1622554706808 74.018 458
1622554781463 74.38 459
1622554855803 74.067 460
1622554930419 74.341 461
1622555005218 74.525 462
1622555079982 74.489 463
1622555154879 74.622 464
1622555229536 74.384 465
1622555304550 74.739 466
1622555379734 74.91 467
1622555454916 74.907 468
1622555529832 74.64 469
1622555605048 74.942 470
1622555680205 74.885 471
1622555755938 75.462 472
1622555831402 75.193 473
1622555907730 76.056 474
1622555983939 75.936 475
1622556060970 76.756 476
1622556137426 76.184 477
1622556214338 76.639 478
1622556291361 76.747 479
1622556368265 76.63 480
1622556445599 77.062 481
1622556523516 77.646 482
1622556600859 77.069 483
1622556678775 77.644 484
1622556756609 77.557 485
1622556834849 77.961 486
1622556913560 78.437 487
1622556991830 77.998 488
1622557070303 78.199 489
1622557149096 78.525 490
1622557228156 78.794 491
1622557307328 78.905 492
1622557386703 79.104 493
1622557466274 79.303 494
1622557545861 79.325 495
1622557625154 79.028 496
1622557704761 79.344 497
1622557784924 79.899 498
1622557864639 79.45 499
1622557944789 79.885 500
