1622757501484 -77.96773112186327 0
1622757502028 -49.93188682380879 1
1622757502546 -42.223717191544985 2
1622757503109 -28.40820663358071 3
1622757503696 -28.40820663358071 4
1622757504323 -28.40820663358071 5
1622757504982 -28.40820663358071 6
1622757505660 -28.40820663358071 7
1622757506378 -28.40820663358071 8
1622757507151 -28.40820663358071 9
1622757507956 -28.40820663358071 10
1622757508792 -28.40820663358071 11
1622757509674 -28.40820663358071 12
1622757510586 -28.40820663358071 13
1622757511512 -28.40820663358071 14
1622757512496 -28.40820663358071 15
1622757513512 -28.40820663358071 16
1622757514560 -28.40820663358071 17
1622757515659 -28.40820663358071 18
1622757516781 -28.40820663358071 19
1622757517933 -28.40820663358071 20
1622757519120 -28.40820663358071 21
1622757520339 -28.40820663358071 22
1622757521611 -28.40820663358071 23
1622757522904 -28.40820663358071 24
1622757524237 -28.40820663358071 25
1622757525562 -28.40820663358071 26
1622757526961 -28.40820663358071 27
1622757528397 -28.40820663358071 28
1622757529879 -28.40820663358071 29
1622757531391 -28.40820663358071 30
1622757532933 -28.40820663358071 31
1622757534522 -28.40820663358071 32
1622757536130 -28.40820663358071 33
1622757537772 -28.40820663358071 34
1622757539460 -28.40820663358071 35
1622757541192 -28.40820663358071 36
1622757542939 -28.40820663358071 37
1622757544738 -28.40820663358071 38
1622757546578 -28.40820663358071 39
1622757548435 -28.40820663358071 40
1622757550338 -28.40820663358071 41
1622757552294 -28.40820663358071 42
1622757554261 -28.40820663358071 43
1622757556300 -28.40820663358071 44
1622757558319 -28.40820663358071 45
1622757560420 -28.40820663358071 46
1622757562542 -28.40820663358071 47
1622757564697 -28.40820663358071 48
1622757566909 -28.40820663358071 49
1622757569131 -28.40820663358071 50
1622757571369 -28.40820663358071 51
1622757573653 -28.40820663358071 52
1622757576015 -28.40820663358071 53
1622757578400 -28.40820663358071 54
1622757580818 -28.40820663358071 55
1622757583233 -28.40820663358071 56
1622757585677 -28.40820663358071 57
1622757588189 -28.40820663358071 58
1622757590730 -28.40820663358071 59
1622757593293 -28.40820663358071 60
1622757595874 -28.40820663358071 61
1622757598496 -28.40820663358071 62
1622757601131 -28.40820663358071 63
1622757603872 -28.40820663358071 64
1622757606636 -28.40820663358071 65
1622757609386 -28.40820663358071 66
1622757612205 -28.40820663358071 67
1622757615072 -28.40820663358071 68
1622757617975 -28.40820663358071 69
1622757620903 -28.40820663358071 70
1622757623857 -28.40820663358071 71
1622757626869 -28.40820663358071 72
1622757629906 -28.40820663358071 73
1622757632984 -28.40820663358071 74
1622757636107 -28.40820663358071 75
1622757639244 -28.40820663358071 76
1622757642407 -28.40820663358071 77
1622757645582 -28.40820663358071 78
1622757648803 -28.40820663358071 79
1622757652058 -28.40820663358071 80
1622757655338 -28.40820663358071 81
1622757658720 -28.40820663358071 82
1622757662107 -28.40820663358071 83
1622757665529 -28.40820663358071 84
1622757668971 -28.40820663358071 85
1622757672462 -28.40820663358071 86
1622757675991 -28.40820663358071 87
1622757679541 -28.40820663358071 88
1622757683131 -28.40820663358071 89
1622757686757 -28.40820663358071 90
1622757690408 -28.40820663358071 91
1622757694132 -28.40820663358071 92
1622757697907 -28.40820663358071 93
1622757701640 -28.40820663358071 94
1622757705454 -28.40820663358071 95
1622757709280 -28.40820663358071 96
1622757713160 -28.40820663358071 97
1622757717033 -28.40820663358071 98
1622757720991 -28.40820663358071 99
1622757725035 -28.40820663358071 100
1622757729084 -28.40820663358071 101
1622757733145 -28.40820663358071 102
1622757737234 -28.40820663358071 103
1622757741362 -28.40820663358071 104
1622757745544 -28.40820663358071 105
1622757749766 -28.40820663358071 106
1622757753985 -28.40820663358071 107
1622757758271 -28.40820663358071 108
1622757762587 -28.40820663358071 109
1622757766917 -28.40820663358071 110
1622757771332 -28.40820663358071 111
1622757775740 -28.40820663358071 112
1622757780218 -28.40820663358071 113
1622757784715 -28.40820663358071 114
1622757789259 -28.40820663358071 115
1622757793814 -28.40820663358071 116
1622757798430 -28.40820663358071 117
1622757803092 -28.40820663358071 118
1622757807779 -28.40820663358071 119
1622757812473 -28.40820663358071 120
1622757817237 -28.40820663358071 121
1622757822037 -28.40820663358071 122
1622757826872 -28.40820663358071 123
1622757831667 -28.40820663358071 124
1622757836588 -28.40820663358071 125
1622757841504 -28.40820663358071 126
1622757846464 -28.40820663358071 127
1622757851479 -28.40820663358071 128
1622757856475 -28.40820663358071 129
1622757861518 -28.40820663358071 130
1622757866659 -28.40820663358071 131
1622757871796 -28.40820663358071 132
1622757876966 -28.40820663358071 133
1622757882195 -28.40820663358071 134
1622757887420 -28.40820663358071 135
1622757892731 -28.40820663358071 136
1622757898104 -28.40820663358071 137
1622757903541 -28.40820663358071 138
1622757909030 -28.40820663358071 139
1622757914465 -28.40820663358071 140
1622757919900 -28.40820663358071 141
1622757925405 -28.40820663358071 142
1622757931006 -28.40820663358071 143
1622757936592 -28.40820663358071 144
1622757942208 -28.40820663358071 145
1622757947869 -28.40820663358071 146
1622757953512 -28.40820663358071 147
1622757959221 -28.40820663358071 148
1622757964977 -28.40820663358071 149
1622757970813 -28.40820663358071 150
1622757976661 -28.40820663358071 151
1622757982578 -28.40820663358071 152
1622757988503 -28.40820663358071 153
1622757994412 -28.40820663358071 154
1622758000354 -28.40820663358071 155
1622758006336 -28.40820663358071 156
1622758012374 -28.40820663358071 157
1622758018411 -28.40820663358071 158
1622758024503 -28.40820663358071 159
1622758030669 -28.40820663358071 160
1622758036848 -28.40820663358071 161
1622758043050 -28.40820663358071 162
1622758049314 -28.40820663358071 163
1622758055536 -28.40820663358071 164
1622758061870 -28.40820663358071 165
1622758068248 -28.40820663358071 166
1622758074570 -28.40820663358071 167
1622758080968 -28.40820663358071 168
1622758087389 -28.40820663358071 169
1622758093862 -28.40820663358071 170
1622758100444 -28.40820663358071 171
1622758106971 -28.40820663358071 172
1622758113605 -28.40820663358071 173
1622758120265 -28.40820663358071 174
1622758126945 -28.40820663358071 175
1622758133665 -28.40820663358071 176
1622758140467 -28.40820663358071 177
1622758147254 -28.40820663358071 178
1622758154114 -28.40820663358071 179
1622758160966 -28.40820663358071 180
1622758167923 -28.40820663358071 181
1622758174941 -28.40820663358071 182
1622758181905 -28.40820663358071 183
1622758188954 -28.40820663358071 184
1622758196048 -28.40820663358071 185
1622758203178 -28.40820663358071 186
1622758210243 -28.40820663358071 187
1622758217396 -28.40820663358071 188
1622758224579 -28.40820663358071 189
1622758231811 -28.40820663358071 190
1622758239061 -28.40820663358071 191
1622758246352 -28.40820663358071 192
1622758253714 -28.40820663358071 193
1622758261135 -28.40820663358071 194
1622758268602 -28.40820663358071 195
1622758276005 -28.40820663358071 196
1622758283425 -28.40820663358071 197
1622758290893 -28.40820663358071 198
1622758298383 -28.40820663358071 199
1622758305879 -28.40820663358071 200
1622758313495 -28.40820663358071 201
1622758321068 -28.40820663358071 202
1622758328737 -28.40820663358071 203
1622758336481 -28.40820663358071 204
1622758344244 -28.40820663358071 205
1622758352034 -28.40820663358071 206
1622758359836 -28.40820663358071 207
1622758367667 -28.40820663358071 208
1622758375527 -28.40820663358071 209
1622758383467 -28.40820663358071 210
1622758391551 -28.40820663358071 211
1622758399515 -28.40820663358071 212
1622758407573 -28.40820663358071 213
1622758415615 -28.40820663358071 214
1622758423741 -28.40820663358071 215
1622758431849 -28.40820663358071 216
1622758439998 -28.40820663358071 217
1622758448248 -28.40820663358071 218
1622758456444 -28.40820663358071 219
1622758464707 -28.40820663358071 220
1622758473031 -28.40820663358071 221
1622758481396 -28.40820663358071 222
1622758489767 -28.40820663358071 223
1622758498153 -28.40820663358071 224
1622758506557 -28.40820663358071 225
1622758515088 -28.40820663358071 226
1622758523637 -28.40820663358071 227
1622758532166 -28.40820663358071 228
1622758540701 -28.40820663358071 229
1622758549338 -28.40820663358071 230
1622758558069 -28.40820663358071 231
1622758566799 -28.40820663358071 232
1622758575495 -28.40820663358071 233
1622758584268 -28.40820663358071 234
1622758593095 -28.40820663358071 235
1622758601993 -28.40820663358071 236
1622758610851 -28.40820663358071 237
1622758619831 -28.40820663358071 238
1622758628755 -28.40820663358071 239
1622758637811 -28.40820663358071 240
1622758646919 -28.40820663358071 241
1622758656020 -28.40820663358071 242
1622758665126 -28.40820663358071 243
1622758674343 -28.40820663358071 244
1622758683531 -28.40820663358071 245
1622758692747 -28.40820663358071 246
1622758702093 -28.40820663358071 247
1622758711447 -28.40820663358071 248
1622758720785 -28.40820663358071 249
1622758730137 -28.40820663358071 250
1622758739491 -28.40820663358071 251
1622758749102 -28.40820663358071 252
1622758758688 -28.40820663358071 253
1622758768241 -28.40820663358071 254
1622758777881 -28.40820663358071 255
1622758787397 -28.40820663358071 256
1622758797077 -28.40820663358071 257
1622758807664 -28.40820663358071 258
1622758817440 -28.40820663358071 259
1622758827257 -28.40820663358071 260
1622758837984 -28.40820663358071 261
1622758847827 -28.40820663358071 262
1622758857703 -28.40820663358071 263
1622758867482 -28.40820663358071 264
1622758877284 -28.40820663358071 265
1622758887188 -28.40820663358071 266
1622758897163 -28.40820663358071 267
1622758907207 -28.40820663358071 268
1622758917253 -28.40820663358071 269
1622758927354 -28.40820663358071 270
1622758937437 -28.40820663358071 271
1622758947555 -28.40820663358071 272
1622758957731 -28.40820663358071 273
1622758967928 -28.40820663358071 274
1622758978152 -28.40820663358071 275
1622758988314 -28.40820663358071 276
1622758998545 -28.40820663358071 277
1622759008865 -28.40820663358071 278
1622759019267 -28.40820663358071 279
1622759029722 -28.40820663358071 280
1622759040139 -28.40820663358071 281
1622759050786 -28.40820663358071 282
1622759061304 -28.40820663358071 283
1622759071936 -28.40820663358071 284
1622759082592 -28.40820663358071 285
1622759093264 -28.40820663358071 286
1622759103999 -28.40820663358071 287
1622759114696 -28.40820663358071 288
1622759125497 -28.40820663358071 289
1622759136231 -28.40820663358071 290
1622759147113 -28.40820663358071 291
1622759157960 -28.40820663358071 292
1622759168864 -28.40820663358071 293
1622759179771 -28.40820663358071 294
1622759190821 -28.40820663358071 295
1622759201811 -28.40820663358071 296
1622759212912 -28.40820663358071 297
1622759223958 -28.40820663358071 298
1622759235133 -28.40820663358071 299
1622759246220 -28.40820663358071 300
1622759257347 -28.40820663358071 301
1622759268543 -28.40820663358071 302
1622759279843 -28.40820663358071 303
1622759291150 -28.40820663358071 304
1622759302486 -28.40820663358071 305
1622759313793 -28.40820663358071 306
1622759325185 -28.40820663358071 307
1622759336689 -28.40820663358071 308
1622759348167 -28.40820663358071 309
1622759359662 -28.40820663358071 310
1622759371194 -28.40820663358071 311
1622759382899 -28.40820663358071 312
1622759394544 -28.40820663358071 313
1622759406290 -28.40820663358071 314
1622759418025 -28.40820663358071 315
1622759429696 -28.40820663358071 316
1622759441494 -28.40820663358071 317
1622759453339 -28.40820663358071 318
1622759465172 -28.40820663358071 319
1622759477035 -28.40820663358071 320
1622759488955 -28.40820663358071 321
1622759500881 -28.40820663358071 322
1622759512856 -28.40820663358071 323
1622759524889 -28.40820663358071 324
1622759536971 -28.40820663358071 325
1622759549000 -28.40820663358071 326
1622759561201 -28.40820663358071 327
1622759573346 -28.40820663358071 328
1622759585655 -28.40820663358071 329
1622759597915 -28.40820663358071 330
1622759610248 -28.40820663358071 331
1622759622627 -28.40820663358071 332
1622759635157 -28.40820663358071 333
1622759647610 -28.40820663358071 334
1622759660097 -28.40820663358071 335
1622759672643 -28.40820663358071 336
1622759685239 -28.40820663358071 337
1622759697717 -28.40820663358071 338
1622759711326 -28.40820663358071 339
1622759724063 -28.40820663358071 340
1622759736817 -28.40820663358071 341
1622759749652 -28.40820663358071 342
1622759762448 -28.40820663358071 343
1622759775340 -28.40820663358071 344
1622759788206 -28.40820663358071 345
1622759801042 -28.40820663358071 346
1622759814217 -28.40820663358071 347
1622759827202 -28.40820663358071 348
1622759840156 -28.40820663358071 349
1622759853314 -28.40820663358071 350
1622759866319 -28.40820663358071 351
1622759879401 -28.40820663358071 352
1622759892553 -28.40820663358071 353
1622759905864 -28.40820663358071 354
1622759919498 -28.40820663358071 355
1622759932730 -28.40820663358071 356
1622759946008 -28.40820663358071 357
1622759959369 -28.40820663358071 358
1622759973055 -28.40820663358071 359
1622759986339 -28.40820663358071 360
1622759999688 -28.40820663358071 361
1622760013220 -28.40820663358071 362
1622760027622 -28.40820663358071 363
1622760041078 -28.40820663358071 364
1622760054599 -28.40820663358071 365
1622760068209 -28.40820663358071 366
1622760081788 -28.40820663358071 367
1622760095441 -28.40820663358071 368
1622760109091 -28.40820663358071 369
1622760122692 -28.40820663358071 370
1622760136425 -28.40820663358071 371
1622760150148 -28.40820663358071 372
1622760163917 -28.40820663358071 373
1622760178347 -28.40820663358071 374
1622760192939 -28.40820663358071 375
1622760206816 -28.40820663358071 376
1622760220724 -28.40820663358071 377
1622760234803 -28.40820663358071 378
1622760248910 -28.40820663358071 379
1622760262940 -28.40820663358071 380
1622760276989 -28.40820663358071 381
1622760291075 -28.40820663358071 382
1622760305283 -28.40820663358071 383
1622760319465 -28.40820663358071 384
1622760333688 -28.40820663358071 385
1622760348000 -28.40820663358071 386
1622760362270 -28.40820663358071 387
1622760376664 -28.40820663358071 388
1622760391083 -28.40820663358071 389
1622760405479 -28.40820663358071 390
1622760419978 -28.40820663358071 391
1622760434430 -28.40820663358071 392
1622760449006 -28.40820663358071 393
1622760463621 -28.40820663358071 394
1622760478302 -28.40820663358071 395
1622760492999 -28.40820663358071 396
1622760507724 -28.40820663358071 397
1622760522458 -28.40820663358071 398
1622760537260 -28.40820663358071 399
1622760552984 -28.40820663358071 400
1622760567794 -28.40820663358071 401
1622760582628 -28.40820663358071 402
1622760597568 -28.40820663358071 403
1622760612458 -28.40820663358071 404
1622760627473 -28.40820663358071 405
1622760642609 -28.40820663358071 406
1622760657670 -28.40820663358071 407
1622760672847 -28.40820663358071 408
1622760687957 -28.40820663358071 409
1622760703154 -28.40820663358071 410
1622760718355 -28.40820663358071 411
1622760733597 -28.40820663358071 412
1622760748830 -28.40820663358071 413
1622760764056 -28.40820663358071 414
1622760779336 -28.40820663358071 415
1622760794627 -28.40820663358071 416
1622760809999 -28.40820663358071 417
1622760825470 -28.40820663358071 418
1622760840955 -28.40820663358071 419
1622760856433 -28.40820663358071 420
1622760871885 -28.40820663358071 421
1622760887435 -28.40820663358071 422
1622760902938 -28.40820663358071 423
1622760918630 -28.40820663358071 424
1622760934203 -28.40820663358071 425
1622760949943 -28.40820663358071 426
1622760965659 -28.40820663358071 427
1622760981387 -28.40820663358071 428
1622760997238 -28.40820663358071 429
1622761013098 -28.40820663358071 430
1622761029011 -28.40820663358071 431
1622761045131 -28.40820663358071 432
1622761061136 -28.40820663358071 433
1622761077464 -28.40820663358071 434
1622761093768 -28.40820663358071 435
1622761109615 -28.40820663358071 436
1622761125890 -28.40820663358071 437
1622761141938 -28.40820663358071 438
1622761158091 -28.40820663358071 439
1622761174244 -28.40820663358071 440
1622761190443 -28.40820663358071 441
1622761206714 -28.40820663358071 442
1622761222975 -28.40820663358071 443
1622761239238 -28.40820663358071 444
1622761255569 -28.40820663358071 445
1622761271916 -28.40820663358071 446
1622761288422 -28.40820663358071 447
1622761304817 -28.40820663358071 448
1622761321209 -28.40820663358071 449
1622761337723 -28.40820663358071 450
1622761354644 -28.40820663358071 451
1622761371268 -28.40820663358071 452
1622761387964 -28.40820663358071 453
1622761404648 -28.40820663358071 454
1622761421469 -28.40820663358071 455
1622761438276 -28.40820663358071 456
1622761455055 -28.40820663358071 457
1622761471942 -28.40820663358071 458
1622761488897 -28.40820663358071 459
1622761505830 -28.40820663358071 460
1622761522973 -28.40820663358071 461
1622761539955 -28.40820663358071 462
1622761557111 -28.40820663358071 463
1622761574233 -28.40820663358071 464
1622761591304 -28.40820663358071 465
1622761608492 -28.40820663358071 466
1622761625783 -28.40820663358071 467
1622761643070 -28.40820663358071 468
1622761660358 -28.40820663358071 469
1622761677712 -28.40820663358071 470
1622761695108 -28.40820663358071 471
1622761712546 -28.40820663358071 472
1622761729902 -28.40820663358071 473
1622761747420 -28.40820663358071 474
1622761764961 -28.40820663358071 475
1622761782518 -28.40820663358071 476
1622761800098 -28.40820663358071 477
1622761817723 -28.40820663358071 478
1622761835448 -28.40820663358071 479
1622761853119 -28.40820663358071 480
1622761870723 -28.40820663358071 481
1622761888573 -28.40820663358071 482
1622761906380 -28.40820663358071 483
1622761924152 -28.40820663358071 484
1622761942049 -28.40820663358071 485
1622761959942 -28.40820663358071 486
1622761977900 -28.40820663358071 487
1622761995935 -28.40820663358071 488
1622762013991 -28.40820663358071 489
1622762032112 -28.40820663358071 490
1622762050209 -28.40820663358071 491
1622762068380 -28.40820663358071 492
1622762086624 -28.40820663358071 493
1622762104806 -28.40820663358071 494
1622762123228 -28.40820663358071 495
1622762141453 -28.40820663358071 496
1622762159822 -28.40820663358071 497
1622762178118 -28.40820663358071 498
1622762196506 -28.40820663358071 499
1622762214926 -28.40820663358071 500
