1622719900947 50 0
1622719901462 60 1
1622719901950 70 2
1622719902470 80 3
1622719903028 90 4
1622719903599 100 5
1622719904213 110 6
1622719904844 120 7
1622719905510 130 8
1622719906215 140 9
1622719906986 150 10
1622719907777 160 11
1622719908614 170 12
1622719909480 180 13
1622719910382 190 14
1622719911347 200 15
1622719912317 210 16
1622719913334 220 17
1622719914360 230 18
1622719915431 240 19
1622719916530 250 20
1622719917667 260 21
1622719918801 270 22
1622719919974 280 23
1622719921181 290 24
1622719922443 300 25
1622719923733 310 26
1622719925040 320 27
1622719926379 330 28
1622719927768 340 29
1622719929166 350 30
1622719930614 360 31
1622719932068 370 32
1622719933569 380 33
1622719935104 390 34
1622719936776 400 35
1622719938450 410 36
1622719940168 420 37
1622719941931 430 38
1622719943678 440 39
1622719945355 450 40
1622719947197 460 41
1622719948988 470 42
1622719950889 480 43
1622719952746 490 44
1622719954739 500 45
1622719956781 510 46
1622719958845 520 47
1622719960972 530 48
1622719963107 540 49
1622719965279 550 50
1622719967453 560 51
1622719969748 570 52
1622719972102 580 53
1622719974577 590 54
1622719977014 600 55
1622719979497 610 56
1622719982004 620 57
1622719984361 630 58
1622719986764 640 59
1622719989198 650 60
1622719991657 660 61
1622719994167 670 62
1622719996708 680 63
1622719999202 690 64
1622720001801 700 65
1622720004405 710 66
1622720007066 720 67
1622720009740 730 68
1622720012452 740 69
1622720015177 750 70
1622720017985 760 71
1622720020822 770 72
1622720023672 780 73
1622720026557 790 74
1622720029434 800 75
1622720032430 810 76
1622720035438 820 77
1622720038460 830 78
1622720041490 840 79
1622720044585 850 80
1622720047710 860 81
1622720050858 870 82
1622720053985 880 83
1622720057191 890 84
1622720060419 900 85
1622720063714 910 86
1622720067019 920 87
1622720070365 930 88
1622720073747 940 89
1622720077106 950 90
1622720080574 960 91
1622720084003 970 92
1622720087529 980 93
1622720091052 990 94
1622720094569 1000 95
1622720098169 1010 96
1622720101794 1020 97
1622720105429 1030 98
1622720109145 1040 99
1622720112898 1050 100
1622720116662 1060 101
1622720120520 1070 102
1622720124422 1080 103
1622720128328 1090 104
1622720132335 1100 105
1622720136467 1110 106
1622720140606 1120 107
1622720144770 1130 108
1622720149021 1140 109
1622720153146 1150 110
1622720157480 1160 111
1622720161659 1170 112
1622720166015 1180 113
1622720170257 1190 114
1622720174587 1200 115
1622720178911 1210 116
1622720183317 1220 117
1622720187729 1230 118
1622720192172 1240 119
1622720196652 1250 120
1622720201228 1260 121
1622720205782 1270 122
1622720210427 1280 123
1622720215127 1290 124
1622720219779 1300 125
1622720224448 1310 126
1622720229151 1320 127
1622720233813 1330 128
1622720238518 1340 129
1622720243271 1350 130
1622720247996 1360 131
1622720252751 1370 132
1622720257530 1380 133
1622720262342 1390 134
1622720267189 1400 135
1622720272050 1410 136
1622720276959 1420 137
1622720281900 1430 138
1622720286763 1440 139
1622720291784 1450 140
1622720296896 1460 141
1622720301994 1470 142
1622720307118 1480 143
1622720312245 1490 144
1622720317460 1500 145
1622720322625 1510 146
1622720327871 1520 147
1622720333146 1530 148
1622720338525 1540 149
1622720343993 1550 150
1622720349429 1560 151
1622720354842 1570 152
1622720360235 1580 153
1622720365678 1590 154
1622720371213 1600 155
1622720376804 1610 156
1622720382423 1620 157
1622720388056 1630 158
1622720393912 1640 159
1622720399570 1650 160
1622720405314 1660 161
1622720411036 1670 162
1622720416884 1680 163
1622720422769 1690 164
1622720428695 1700 165
1622720434570 1710 166
1622720440451 1720 167
1622720446378 1730 168
1622720452401 1740 169
1622720458508 1750 170
1622720464658 1760 171
1622720470876 1770 172
1622720477044 1780 173
1622720483235 1790 174
1622720489453 1800 175
1622720495991 1810 176
1622720502580 1820 177
1622720509251 1830 178
1622720515972 1840 179
1622720522729 1850 180
1622720529220 1860 181
1622720535970 1870 182
1622720542587 1880 183
1622720549454 1890 184
1622720556278 1900 185
1622720563229 1910 186
1622720570251 1920 187
1622720577184 1930 188
1622720584167 1940 189
1622720591326 1950 190
1622720598456 1960 191
1622720605660 1970 192
1622720612946 1980 193
1622720620189 1990 194
1622720627455 2000 195
1622720634645 2010 196
1622720641977 2020 197
1622720649363 2030 198
1622720656794 2040 199
1622720664251 2050 200
1622720671734 2060 201
1622720679097 2070 202
1622720686550 2080 203
1622720693816 2090 204
1622720701340 2100 205
1622720708606 2110 206
1622720716272 2120 207
1622720723660 2130 208
1622720731438 2140 209
1622720738864 2150 210
1622720746413 2160 211
1622720754111 2170 212
1622720761863 2180 213
1622720769408 2190 214
1622720776923 2200 215
1622720784462 2210 216
1622720792195 2220 217
1622720800212 2230 218
1622720808188 2240 219
1622720815999 2250 220
1622720823821 2260 221
1622720831610 2270 222
1622720839865 2280 223
1622720847973 2290 224
1622720856098 2300 225
1622720864261 2310 226
1622720872242 2320 227
1622720880295 2330 228
1622720888294 2340 229
1622720896807 2350 230
1622720904986 2360 231
1622720913472 2370 232
1622720921836 2380 233
1622720930386 2390 234
1622720938725 2400 235
1622720947200 2410 236
1622720955553 2420 237
1622720964048 2430 238
1622720972549 2440 239
1622720981182 2450 240
1622720989797 2460 241
1622720998510 2470 242
1622721007144 2480 243
1622721015818 2490 244
1622721024559 2500 245
1622721033096 2510 246
1622721041690 2520 247
1622721050290 2530 248
1622721058935 2540 249
1622721067618 2550 250
1622721076408 2560 251
1622721085165 2570 252
1622721093887 2580 253
1622721102722 2590 254
1622721111680 2600 255
1622721120543 2610 256
1622721129429 2620 257
1622721138365 2630 258
1622721147377 2640 259
1622721156435 2650 260
1622721165524 2660 261
1622721174712 2670 262
1622721183937 2680 263
1622721193212 2690 264
1622721202461 2700 265
1622721211738 2710 266
1622721221042 2720 267
1622721230417 2730 268
1622721239819 2740 269
1622721249180 2750 270
1622721258658 2760 271
1622721268210 2770 272
1622721277764 2780 273
1622721287294 2790 274
1622721296738 2800 275
1622721306237 2810 276
1622721315786 2820 277
1622721325391 2830 278
1622721335039 2840 279
1622721344803 2850 280
1622721354484 2860 281
1622721364233 2870 282
1622721374065 2880 283
1622721383999 2890 284
1622721393930 2900 285
1622721403784 2910 286
1622721413822 2920 287
1622721423787 2930 288
1622721433841 2940 289
1622721443839 2950 290
1622721453964 2960 291
1622721464115 2970 292
1622721474347 2980 293
1622721484533 2990 294
1622721494893 3000 295
1622721505094 3010 296
1622721515479 3020 297
1622721525837 3030 298
1622721536187 3040 299
1622721546532 3050 300
1622721557072 3060 301
1622721567517 3070 302
1622721577954 3080 303
1622721588390 3090 304
1622721598923 3100 305
1622721609605 3110 306
1622721620353 3120 307
1622721630943 3130 308
1622721641616 3140 309
1622721652307 3150 310
1622721662997 3160 311
1622721673766 3170 312
1622721684496 3180 313
1622721695352 3190 314
1622721706244 3200 315
1622721717139 3210 316
1622721728357 3220 317
1622721739557 3230 318
1622721750901 3240 319
1622721762081 3250 320
1622721773217 3260 321
1622721784464 3270 322
1622721795766 3280 323
1622721807027 3290 324
1622721818359 3300 325
1622721829693 3310 326
1622721841012 3320 327
1622721852678 3330 328
1622721864073 3340 329
1622721875520 3350 330
1622721887213 3360 331
1622721898966 3370 332
1622721910623 3380 333
1622721922152 3390 334
1622721933700 3400 335
1622721945338 3410 336
1622721957076 3420 337
1622721968756 3430 338
1622721980467 3440 339
1622721992159 3450 340
1622722003983 3460 341
1622722015841 3470 342
1622722027694 3480 343
1622722039503 3490 344
1622722051457 3500 345
1622722063227 3510 346
1622722075134 3520 347
1622722087172 3530 348
1622722099216 3540 349
1622722111220 3550 350
1622722123293 3560 351
1622722135307 3570 352
1622722147520 3580 353
1622722159741 3590 354
1622722171985 3600 355
1622722184125 3610 356
1622722196230 3620 357
1622722208575 3630 358
1622722220793 3640 359
1622722233163 3650 360
1622722245581 3660 361
1622722257965 3670 362
1622722270581 3680 363
1622722283193 3690 364
1622722295843 3700 365
1622722308454 3710 366
1622722321078 3720 367
1622722333725 3730 368
1622722346305 3740 369
1622722359155 3750 370
1622722371853 3760 371
1622722384655 3770 372
1622722397634 3780 373
1622722410512 3790 374
1622722423725 3800 375
1622722437066 3810 376
1622722450378 3820 377
1622722463471 3830 378
1622722476585 3840 379
1622722489836 3850 380
1622722503233 3860 381
1622722516664 3870 382
1622722529966 3880 383
1622722543380 3890 384
1622722556741 3900 385
1622722570086 3910 386
1622722583507 3920 387
1622722597162 3930 388
1622722610660 3940 389
1622722624042 3950 390
1622722637460 3960 391
1622722651011 3970 392
1622722664523 3980 393
1622722678364 3990 394
1622722692007 4000 395
1622722705839 4010 396
1622722719623 4020 397
1622722733506 4030 398
1622722747191 4040 399
1622722760889 4050 400
1622722774656 4060 401
1622722788532 4070 402
1622722802553 4080 403
1622722816378 4090 404
1622722830162 4100 405
1622722844100 4110 406
1622722858111 4120 407
1622722872051 4130 408
1622722885948 4140 409
1622722899915 4150 410
1622722914653 4160 411
1622722929249 4170 412
1622722943840 4180 413
1622722958425 4190 414
1622722972984 4200 415
1622722987657 4210 416
1622723002062 4220 417
1622723016944 4230 418
1622723031209 4240 419
1622723046321 4250 420
1622723060653 4260 421
1622723075640 4270 422
1622723090023 4280 423
1622723104378 4290 424
1622723118938 4300 425
1622723133517 4310 426
1622723148491 4320 427
1622723163009 4330 428
1622723177609 4340 429
1622723192148 4350 430
1622723206897 4360 431
1622723221533 4370 432
1622723236360 4380 433
1622723251172 4390 434
1622723266178 4400 435
1622723281160 4410 436
1622723296081 4420 437
1622723311177 4430 438
1622723326233 4440 439
1622723341498 4450 440
1622723356466 4460 441
1622723371744 4470 442
1622723386697 4480 443
1622723402173 4490 444
1622723417051 4500 445
1622723432267 4510 446
1622723447320 4520 447
1622723462264 4530 448
1622723477274 4540 449
1622723492349 4550 450
1622723507516 4560 451
1622723522718 4570 452
1622723537917 4580 453
1622723553251 4590 454
1622723568555 4600 455
1622723583837 4610 456
1622723599108 4620 457
1622723614726 4630 458
1622723630535 4640 459
1622723646270 4650 460
1622723662148 4660 461
1622723678102 4670 462
1622723693477 4680 463
1622723709673 4690 464
1622723725471 4700 465
1622723741223 4710 466
1622723757140 4720 467
1622723772854 4730 468
1622723788709 4740 469
1622723804442 4750 470
1622723820030 4760 471
1622723835700 4770 472
1622723851321 4780 473
1622723867068 4790 474
1622723882870 4800 475
1622723898649 4810 476
1622723914518 4820 477
1622723930447 4830 478
1622723946394 4840 479
1622723962324 4850 480
1622723978628 4860 481
1622723995179 4870 482
1622724011799 4880 483
1622724028391 4890 484
1622724044980 4900 485
1622724061610 4910 486
1622724078087 4920 487
1622724094704 4930 488
1622724111240 4940 489
1622724127887 4950 490
1622724144604 4960 491
1622724161392 4970 492
1622724178184 4980 493
1622724196501 4990 494
1622724213517 5000 495
1622724230486 5010 496
1622724247567 5020 497
1622724264646 5030 498
1622724281790 5040 499
1622724298788 5050 500
