1622719900936 0.9413349936830844 0
1622719901453 0.9404952156389759 1
1622719901941 0.9404952156389759 2
1622719902461 0.9414874565380094 3
1622719903019 0.9414874565380094 4
1622719903590 0.9414874565380094 5
1622719904204 0.9414874565380094 6
1622719904836 0.9414874565380094 7
1622719905502 0.9414874565380094 8
1622719906207 0.9414874565380094 9
1622719906978 0.9414874565380094 10
1622719907769 0.9414874565380094 11
1622719908606 0.9414874565380094 12
1622719909472 0.9414874565380094 13
1622719910375 0.9414874565380094 14
1622719911339 0.9414874565380094 15
1622719912309 0.9414874565380094 16
1622719913325 0.9414874565380094 17
1622719914352 0.9414874565380094 18
1622719915423 0.9414874565380094 19
1622719916521 0.9414874565380094 20
1622719917659 0.9414874565380094 21
1622719918793 0.9414874565380094 22
1622719919966 0.9414874565380094 23
1622719921174 0.9414874565380094 24
1622719922436 0.9414874565380094 25
1622719923726 0.9414874565380094 26
1622719925032 0.9414874565380094 27
1622719926371 0.9414874565380094 28
1622719927761 0.9414874565380094 29
1622719929159 0.9414874565380094 30
1622719930606 0.9414874565380094 31
1622719932060 0.9414874565380094 32
1622719933561 0.9414874565380094 33
1622719935096 0.9414874565380094 34
1622719936768 0.9414874565380094 35
1622719938442 0.9414874565380094 36
1622719940160 0.9414874565380094 37
1622719941923 0.9414874565380094 38
1622719943671 0.9414874565380094 39
1622719945347 0.9414874565380094 40
1622719947189 0.9414874565380094 41
1622719948980 0.9414874565380094 42
1622719950882 0.9414874565380094 43
1622719952737 0.9414874565380094 44
1622719954731 0.9414874565380094 45
1622719956773 0.9414874565380094 46
1622719958837 0.9414874565380094 47
1622719960964 0.9414874565380094 48
1622719963099 0.9414874565380094 49
1622719965271 0.9414874565380094 50
1622719967445 0.9414874565380094 51
1622719969740 0.9414874565380094 52
1622719972086 0.9414874565380094 53
1622719974569 0.9414874565380094 54
1622719977006 0.9414874565380094 55
1622719979489 0.9414874565380094 56
1622719981996 0.9414874565380094 57
1622719984354 0.9414874565380094 58
1622719986756 0.9414874565380094 59
1622719989190 0.9414874565380094 60
1622719991649 0.9414874565380094 61
1622719994158 0.9414874565380094 62
1622719996700 0.9414874565380094 63
1622719999194 0.9414874565380094 64
1622720001793 0.9414874565380094 65
1622720004398 0.9414874565380094 66
1622720007058 0.9414874565380094 67
1622720009732 0.9414874565380094 68
1622720012445 0.9414874565380094 69
1622720015169 0.9414874565380094 70
1622720017977 0.9414874565380094 71
1622720020814 0.9414874565380094 72
1622720023665 0.9414874565380094 73
1622720026549 0.9414874565380094 74
1622720029426 0.9414874565380094 75
1622720032422 0.9414874565380094 76
1622720035430 0.9414874565380094 77
1622720038453 0.9414874565380094 78
1622720041482 0.9414874565380094 79
1622720044577 0.9414874565380094 80
1622720047702 0.9414874565380094 81
1622720050850 0.9414874565380094 82
1622720053977 0.9414874565380094 83
1622720057184 0.9414874565380094 84
1622720060412 0.9414874565380094 85
1622720063706 0.9414874565380094 86
1622720067011 0.9414874565380094 87
1622720070357 0.9414874565380094 88
1622720073739 0.9414874565380094 89
1622720077099 0.9414874565380094 90
1622720080567 0.9414874565380094 91
1622720083996 0.9414874565380094 92
1622720087521 0.9414874565380094 93
1622720091043 0.9414874565380094 94
1622720094561 0.9414874565380094 95
1622720098161 0.9414874565380094 96
1622720101786 0.9414874565380094 97
1622720105422 0.9414874565380094 98
1622720109138 0.9414874565380094 99
1622720112891 0.9414874565380094 100
1622720116654 0.9414874565380094 101
1622720120513 0.9414874565380094 102
1622720124414 0.9414874565380094 103
1622720128321 0.9414874565380094 104
1622720132327 0.9414874565380094 105
1622720136459 0.9414874565380094 106
1622720140598 0.9414874565380094 107
1622720144762 0.9414874565380094 108
1622720149013 0.9414874565380094 109
1622720153138 0.9414874565380094 110
1622720157472 0.9414874565380094 111
1622720161651 0.9414874565380094 112
1622720166007 0.9414874565380094 113
1622720170249 0.9414874565380094 114
1622720174580 0.9414874565380094 115
1622720178904 0.9414874565380094 116
1622720183310 0.9414874565380094 117
1622720187722 0.9414874565380094 118
1622720192165 0.9414874565380094 119
1622720196644 0.9414874565380094 120
1622720201220 0.9414874565380094 121
1622720205774 0.9414874565380094 122
1622720210418 0.9414874565380094 123
1622720215119 0.9414874565380094 124
1622720219771 0.9414874565380094 125
1622720224440 0.9414874565380094 126
1622720229144 0.9414874565380094 127
1622720233806 0.9414874565380094 128
1622720238509 0.9414874565380094 129
1622720243262 0.9414874565380094 130
1622720247987 0.9414874565380094 131
1622720252744 0.9414874565380094 132
1622720257523 0.9414874565380094 133
1622720262333 0.9414874565380094 134
1622720267181 0.9414874565380094 135
1622720272043 0.9414874565380094 136
1622720276952 0.9414874565380094 137
1622720281892 0.9414874565380094 138
1622720286755 0.9414874565380094 139
1622720291777 0.9414874565380094 140
1622720296889 0.9414874565380094 141
1622720301986 0.9414874565380094 142
1622720307111 0.9414874565380094 143
1622720312237 0.9414874565380094 144
1622720317452 0.9414874565380094 145
1622720322617 0.9414874565380094 146
1622720327864 0.9414874565380094 147
1622720333138 0.9414874565380094 148
1622720338517 0.9414874565380094 149
1622720343985 0.9414874565380094 150
1622720349421 0.9414874565380094 151
1622720354834 0.9414874565380094 152
1622720360226 0.9414874565380094 153
1622720365670 0.9414874565380094 154
1622720371205 0.9414874565380094 155
1622720376797 0.9414874565380094 156
1622720382415 0.9414874565380094 157
1622720388048 0.9414874565380094 158
1622720393905 0.9414874565380094 159
1622720399562 0.9414874565380094 160
1622720405306 0.9414874565380094 161
1622720411028 0.9414874565380094 162
1622720416877 0.9414874565380094 163
1622720422762 0.9414874565380094 164
1622720428688 0.9414874565380094 165
1622720434563 0.9414874565380094 166
1622720440444 0.9414874565380094 167
1622720446370 0.9414874565380094 168
1622720452393 0.9414874565380094 169
1622720458500 0.9414874565380094 170
1622720464650 0.9414874565380094 171
1622720470868 0.9414874565380094 172
1622720477037 0.9414874565380094 173
1622720483227 0.9414874565380094 174
1622720489446 0.9414874565380094 175
1622720495983 0.9414874565380094 176
1622720502573 0.9414874565380094 177
1622720509243 0.9414874565380094 178
1622720515965 0.9414874565380094 179
1622720522721 0.9414874565380094 180
1622720529212 0.9414874565380094 181
1622720535962 0.9414874565380094 182
1622720542580 0.9414874565380094 183
1622720549446 0.9414874565380094 184
1622720556270 0.9414874565380094 185
1622720563222 0.9414874565380094 186
1622720570243 0.9414874565380094 187
1622720577176 0.9414874565380094 188
1622720584160 0.9414874565380094 189
1622720591318 0.9414874565380094 190
1622720598448 0.9414874565380094 191
1622720605653 0.9414874565380094 192
1622720612938 0.9414874565380094 193
1622720620181 0.9414874565380094 194
1622720627448 0.9414874565380094 195
1622720634636 0.9414874565380094 196
1622720641970 0.9414874565380094 197
1622720649356 0.9414874565380094 198
1622720656786 0.9414874565380094 199
1622720664243 0.9414874565380094 200
1622720671727 0.9414874565380094 201
1622720679090 0.9414874565380094 202
1622720686543 0.9414874565380094 203
1622720693809 0.9414874565380094 204
1622720701332 0.9414874565380094 205
1622720708599 0.9414874565380094 206
1622720716265 0.9414874565380094 207
1622720723653 0.9414874565380094 208
1622720731431 0.9414874565380094 209
1622720738857 0.9414874565380094 210
1622720746406 0.9414874565380094 211
1622720754104 0.9414874565380094 212
1622720761855 0.9414874565380094 213
1622720769400 0.9414874565380094 214
1622720776914 0.9414874565380094 215
1622720784454 0.9414874565380094 216
1622720792187 0.9414874565380094 217
1622720800204 0.9414874565380094 218
1622720808181 0.9414874565380094 219
1622720815991 0.9414874565380094 220
1622720823814 0.9414874565380094 221
1622720831603 0.9414874565380094 222
1622720839857 0.9414874565380094 223
1622720847965 0.9414874565380094 224
1622720856092 0.9414874565380094 225
1622720864253 0.9414874565380094 226
1622720872234 0.9414874565380094 227
1622720880287 0.9414874565380094 228
1622720888286 0.9414874565380094 229
1622720896799 0.9414874565380094 230
1622720904978 0.9414874565380094 231
1622720913465 0.9414874565380094 232
1622720921828 0.9414874565380094 233
1622720930379 0.9414874565380094 234
1622720938718 0.9414874565380094 235
1622720947193 0.9414874565380094 236
1622720955545 0.9414874565380094 237
1622720964041 0.9414874565380094 238
1622720972541 0.9414874565380094 239
1622720981175 0.9414874565380094 240
1622720989789 0.9414874565380094 241
1622720998503 0.9414874565380094 242
1622721007136 0.9414874565380094 243
1622721015810 0.9414874565380094 244
1622721024551 0.9414874565380094 245
1622721033089 0.9414874565380094 246
1622721041683 0.9414874565380094 247
1622721050283 0.9414874565380094 248
1622721058928 0.9414874565380094 249
1622721067611 0.9414874565380094 250
1622721076400 0.9414874565380094 251
1622721085158 0.9414874565380094 252
1622721093879 0.9414874565380094 253
1622721102714 0.9414874565380094 254
1622721111673 0.9414874565380094 255
1622721120536 0.9414874565380094 256
1622721129422 0.9414874565380094 257
1622721138357 0.9414874565380094 258
1622721147370 0.9414874565380094 259
1622721156428 0.9414874565380094 260
1622721165516 0.9414874565380094 261
1622721174705 0.9414874565380094 262
1622721183929 0.9414874565380094 263
1622721193204 0.9414874565380094 264
1622721202454 0.9414874565380094 265
1622721211730 0.9414874565380094 266
1622721221035 0.9414874565380094 267
1622721230409 0.9414874565380094 268
1622721239811 0.9414874565380094 269
1622721249173 0.9414874565380094 270
1622721258651 0.9414874565380094 271
1622721268202 0.9414874565380094 272
1622721277756 0.9414874565380094 273
1622721287286 0.9414874565380094 274
1622721296731 0.9414874565380094 275
1622721306230 0.9414874565380094 276
1622721315779 0.9414874565380094 277
1622721325384 0.9414874565380094 278
1622721335032 0.9414874565380094 279
1622721344795 0.9414874565380094 280
1622721354475 0.9414874565380094 281
1622721364225 0.9414874565380094 282
1622721374057 0.9414874565380094 283
1622721383992 0.9414874565380094 284
1622721393923 0.9414874565380094 285
1622721403776 0.9414874565380094 286
1622721413815 0.9414874565380094 287
1622721423780 0.9414874565380094 288
1622721433834 0.9414874565380094 289
1622721443831 0.9414874565380094 290
1622721453956 0.9414874565380094 291
1622721464107 0.9414874565380094 292
1622721474340 0.9414874565380094 293
1622721484525 0.9414874565380094 294
1622721494885 0.9414874565380094 295
1622721505086 0.9414874565380094 296
1622721515472 0.9414874565380094 297
1622721525830 0.9414874565380094 298
1622721536179 0.9414874565380094 299
1622721546525 0.9414874565380094 300
1622721557064 0.9414874565380094 301
1622721567510 0.9414874565380094 302
1622721577946 0.9414874565380094 303
1622721588382 0.9414874565380094 304
1622721598916 0.9414874565380094 305
1622721609598 0.9414874565380094 306
1622721620346 0.9414874565380094 307
1622721630935 0.9414874565380094 308
1622721641609 0.9414874565380094 309
1622721652299 0.9414874565380094 310
1622721662989 0.9414874565380094 311
1622721673758 0.9414874565380094 312
1622721684489 0.9414874565380094 313
1622721695344 0.9414874565380094 314
1622721706236 0.9414874565380094 315
1622721717130 0.9414874565380094 316
1622721728349 0.9414874565380094 317
1622721739549 0.9414874565380094 318
1622721750893 0.9414874565380094 319
1622721762073 0.9414874565380094 320
1622721773209 0.9414874565380094 321
1622721784455 0.9414874565380094 322
1622721795758 0.9414874565380094 323
1622721807019 0.9414874565380094 324
1622721818352 0.9414874565380094 325
1622721829685 0.9414874565380094 326
1622721841004 0.9414874565380094 327
1622721852671 0.9414874565380094 328
1622721864066 0.9414874565380094 329
1622721875512 0.9414874565380094 330
1622721887206 0.9414874565380094 331
1622721898958 0.9414874565380094 332
1622721910615 0.9414874565380094 333
1622721922144 0.9414874565380094 334
1622721933693 0.9414874565380094 335
1622721945330 0.9414874565380094 336
1622721957068 0.9414874565380094 337
1622721968748 0.9414874565380094 338
1622721980459 0.9414874565380094 339
1622721992152 0.9414874565380094 340
1622722003976 0.9414874565380094 341
1622722015834 0.9414874565380094 342
1622722027686 0.9414874565380094 343
1622722039495 0.9414874565380094 344
1622722051449 0.9414874565380094 345
1622722063220 0.9414874565380094 346
1622722075126 0.9414874565380094 347
1622722087164 0.9414874565380094 348
1622722099207 0.9414874565380094 349
1622722111212 0.9414874565380094 350
1622722123285 0.9414874565380094 351
1622722135299 0.9414874565380094 352
1622722147511 0.9414874565380094 353
1622722159733 0.9414874565380094 354
1622722171977 0.9414874565380094 355
1622722184118 0.9414874565380094 356
1622722196222 0.9414874565380094 357
1622722208567 0.9414874565380094 358
1622722220785 0.9414874565380094 359
1622722233155 0.9414874565380094 360
1622722245573 0.9414874565380094 361
1622722257957 0.9414874565380094 362
1622722270574 0.9414874565380094 363
1622722283185 0.9414874565380094 364
1622722295835 0.9414874565380094 365
1622722308445 0.9414874565380094 366
1622722321069 0.9414874565380094 367
1622722333717 0.9414874565380094 368
1622722346297 0.9414874565380094 369
1622722359147 0.9414874565380094 370
1622722371846 0.9414874565380094 371
1622722384648 0.9414874565380094 372
1622722397627 0.9414874565380094 373
1622722410504 0.9414874565380094 374
1622722423718 0.9414874565380094 375
1622722437059 0.9414874565380094 376
1622722450371 0.9414874565380094 377
1622722463463 0.9414874565380094 378
1622722476578 0.9414874565380094 379
1622722489828 0.9414874565380094 380
1622722503224 0.9414874565380094 381
1622722516657 0.9414874565380094 382
1622722529958 0.9414874565380094 383
1622722543372 0.9414874565380094 384
1622722556733 0.9414874565380094 385
1622722570078 0.9414874565380094 386
1622722583499 0.9414874565380094 387
1622722597154 0.9414874565380094 388
1622722610652 0.9414874565380094 389
1622722624034 0.9414874565380094 390
1622722637451 0.9414874565380094 391
1622722651003 0.9414874565380094 392
1622722664515 0.9414874565380094 393
1622722678357 0.9414874565380094 394
1622722691999 0.9414874565380094 395
1622722705831 0.9414874565380094 396
1622722719616 0.9414874565380094 397
1622722733498 0.9414874565380094 398
1622722747183 0.9414874565380094 399
1622722760882 0.9414874565380094 400
1622722774648 0.9414874565380094 401
1622722788525 0.9414874565380094 402
1622722802545 0.9414874565380094 403
1622722816370 0.9414874565380094 404
1622722830155 0.9414874565380094 405
1622722844092 0.9414874565380094 406
1622722858104 0.9414874565380094 407
1622722872043 0.9414874565380094 408
1622722885940 0.9414874565380094 409
1622722899908 0.9414874565380094 410
1622722914645 0.9414874565380094 411
1622722929241 0.9414874565380094 412
1622722943833 0.9414874565380094 413
1622722958417 0.9414874565380094 414
1622722972977 0.9414874565380094 415
1622722987649 0.9414874565380094 416
1622723002054 0.9414874565380094 417
1622723016936 0.9414874565380094 418
1622723031202 0.9414874565380094 419
1622723046313 0.9414874565380094 420
1622723060646 0.9414874565380094 421
1622723075632 0.9414874565380094 422
1622723090015 0.9414874565380094 423
1622723104370 0.9414874565380094 424
1622723118930 0.9414874565380094 425
1622723133510 0.9414874565380094 426
1622723148484 0.9414874565380094 427
1622723163002 0.9414874565380094 428
1622723177602 0.9414874565380094 429
1622723192140 0.9414874565380094 430
1622723206890 0.9414874565380094 431
1622723221525 0.9414874565380094 432
1622723236353 0.9414874565380094 433
1622723251164 0.9414874565380094 434
1622723266170 0.9414874565380094 435
1622723281151 0.9414874565380094 436
1622723296073 0.9414874565380094 437
1622723311169 0.9414874565380094 438
1622723326225 0.9414874565380094 439
1622723341491 0.9414874565380094 440
1622723356458 0.9414874565380094 441
1622723371736 0.9414874565380094 442
1622723386689 0.9414874565380094 443
1622723402165 0.9414874565380094 444
1622723417043 0.9414874565380094 445
1622723432259 0.9414874565380094 446
1622723447312 0.9414874565380094 447
1622723462256 0.9414874565380094 448
1622723477267 0.9414874565380094 449
1622723492340 0.9414874565380094 450
1622723507509 0.9414874565380094 451
1622723522709 0.9414874565380094 452
1622723537909 0.9414874565380094 453
1622723553243 0.9414874565380094 454
1622723568547 0.9414874565380094 455
1622723583829 0.9414874565380094 456
1622723599099 0.9414874565380094 457
1622723614718 0.9414874565380094 458
1622723630527 0.9414874565380094 459
1622723646262 0.9414874565380094 460
1622723662140 0.9414874565380094 461
1622723678094 0.9414874565380094 462
1622723693470 0.9414874565380094 463
1622723709666 0.9414874565380094 464
1622723725464 0.9414874565380094 465
1622723741216 0.9414874565380094 466
1622723757133 0.9414874565380094 467
1622723772846 0.9414874565380094 468
1622723788701 0.9414874565380094 469
1622723804434 0.9414874565380094 470
1622723820023 0.9414874565380094 471
1622723835693 0.9414874565380094 472
1622723851314 0.9414874565380094 473
1622723867061 0.9414874565380094 474
1622723882862 0.9414874565380094 475
1622723898641 0.9414874565380094 476
1622723914510 0.9414874565380094 477
1622723930439 0.9414874565380094 478
1622723946386 0.9414874565380094 479
1622723962315 0.9414874565380094 480
1622723978620 0.9414874565380094 481
1622723995171 0.9414874565380094 482
1622724011791 0.9414874565380094 483
1622724028383 0.9414874565380094 484
1622724044972 0.9414874565380094 485
1622724061601 0.9414874565380094 486
1622724078077 0.9414874565380094 487
1622724094696 0.9414874565380094 488
1622724111232 0.9414874565380094 489
1622724127879 0.9414874565380094 490
1622724144596 0.9414874565380094 491
1622724161383 0.9414874565380094 492
1622724178176 0.9414874565380094 493
1622724196493 0.9414874565380094 494
1622724213510 0.9414874565380094 495
1622724230478 0.9414874565380094 496
1622724247559 0.9414874565380094 497
1622724264637 0.9414874565380094 498
1622724281782 0.9414874565380094 499
1622724298780 0.9414874565380094 500
