1622625422959 0.006 0
1622625423494 0.404 1
1622625424043 0.422 2
1622625424683 0.504 3
1622625425331 0.513 4
1622625426501 1.041 5
1622625427482 0.78 6
1622625428230 0.619 7
1622625428995 0.644 8
1622625429779 0.66 9
1622625430611 0.709 10
1622625431513 0.776 11
1622625432484 0.839 12
1622625433935 1.309 13
1622625435506 1.359 14
1622625436650 1.01 15
1622625438415 1.569 16
1622625439493 0.951 17
1622625440601 0.987 18
1622625441738 1.005 19
1622625443959 2.002 20
1622625445839 1.685 21
1622625447846 1.867 22
1622625449313 1.3 23
1622625450657 1.221 24
1622625452036 1.255 25
1622625453442 1.283 26
1622625454878 1.306 27
1622625456327 1.324 28
1622625457949 1.499 29
1622625459572 1.498 30
1622625461862 2.158 31
1622625463936 1.878 32
1622625465596 1.538 33
1622625467269 1.552 34
1622625468996 1.605 35
1622625470743 1.625 36
1622625472519 1.656 37
1622625474308 1.667 38
1622625476155 1.726 39
1622625478009 1.731 40
1622625480010 1.835 41
1622625482035 1.879 42
1622625484046 1.888 43
1622625486090 1.923 44
1622625488150 1.938 45
1622625490276 2.002 46
1622625492450 2.052 47
1622625495155 2.572 48
1622625497942 2.588 49
1622625500174 2.109 50
1622625502465 2.172 51
1622625505581 2.995 52
1622625507928 2.226 53
1622625510322 2.275 54
1622625512718 2.275 55
1622625515893 3.048 56
1622625518468 2.431 57
1622625521005 2.416 58
1622625523598 2.472 59
1622625526212 2.494 60
1622625528824 2.493 61
1622625531500 2.556 62
1622625534187 2.567 63
1622625538278 3.965 64
1622625541210 2.77 65
1622625544012 2.683 66
1622625546854 2.719 67
1622625549749 2.774 68
1622625552661 2.79 69
1622625555653 2.869 70
1622625558649 2.874 71
1622625561644 2.875 72
1622625564667 2.903 73
1622625567791 3.003 74
1622625570920 3.007 75
1622625574057 3.016 76
1622625577256 3.079 77
1622625580476 3.097 78
1622625583727 3.129 79
1622625587123 3.273 80
1622625590500 3.256 81
1622625593958 3.332 82
1622625598176 4.096 83
1622625601632 3.335 84
1622625605146 3.39 85
1622625609414 4.14 86
1622625612977 3.443 87
1622625616611 3.51 88
1622625620233 3.498 89
1622625623953 3.597 90
1622625627660 3.584 91
1622625631454 3.673 92
1622625635301 3.702 93
1622625639118 3.695 94
1622625642948 3.707 95
1622625646837 3.764 96
1622625650775 3.817 97
1622625654753 3.857 98
1622625658750 3.872 99
1622625662818 3.946 100
1622625666907 3.966 101
1622625671066 4.035 102
1622625675255 4.069 103
1622625679521 4.142 104
1622625683812 4.162 105
1622625688107 4.164 106
1622625692452 4.22 107
1622625696767 4.193 108
1622625701207 4.315 109
1622625706124 4.78 110
1622625711626 5.299 111
1622625716110 4.364 112
1622625720662 4.431 113
1622625725301 4.512 114
1622625729885 4.463 115
1622625734529 4.524 116
1622625739198 4.549 117
1622625743987 4.664 118
1622625748682 4.572 119
1622625754740 5.933 120
1622625759510 4.645 121
1622625764319 4.684 122
1622625772140 7.693 123
1622625777219 4.907 124
1622625782139 4.797 125
1622625787675 5.407 126
1622625792912 5.06 127
1622625798067 5.033 128
1622625803187 4.996 129
1622625808344 5.033 130
1622625813523 5.054 131
1622625818705 5.061 132
1622625823869 5.04 133
1622625829243 5.248 134
1622625834558 5.19 135
1622625839960 5.281 136
1622625845359 5.272 137
1622625850845 5.304 138
1622625856315 5.343 139
1622625862161 5.713 140
1622625870911 8.528 141
1622625879344 8.209 142
1622625885219 5.69 143
1622625891218 5.86 144
1622625899322 7.976 145
1622625907749 8.296 146
1622625913726 5.85 147
1622625921288 7.364 148
1622625927121 5.698 149
1622625934611 7.363 150
1622625941784 7.027 151
1622625949258 7.252 152
1622625956656 7.27 153
1622625963562 6.784 154
1622625969665 5.98 155
1622625975886 6.095 156
1622625982039 6.013 157
1622625988298 6.138 158
1622625994698 6.275 159
1622626000937 6.104 160
1622626007297 6.227 161
1622626013621 6.199 162
1622626019960 6.212 163
1622626026464 6.381 164
1622626032910 6.322 165
1622626039639 6.603 166
1622626047403 7.637 167
1622626055334 7.795 168
1622626063957 8.425 169
1622626072957 8.856 170
1622626082124 8.943 171
1622626090822 8.516 172
1622626097458 6.504 173
1622626107478 6.547 174
1622626115142 7.473 175
1622626121839 6.572 176
1622626131022 9.05 177
1622626138755 7.519 178
1622626145637 6.754 179
1622626152665 6.898 180
1622626159657 6.87 181
1622626166706 6.922 182
1622626173783 6.949 183
1622626180897 6.988 184
1622626188169 7.139 185
1622626195383 7.085 186
1622626202596 7.086 187
1622626209898 7.174 188
1622626217220 7.187 189
1622626224555 7.207 190
1622626231914 7.227 191
1622626239324 7.283 192
1622626246846 7.388 193
1622626254380 7.404 194
1622626262240 7.462 195
1622626269876 7.49 196
1622626277517 7.515 197
1622626285098 7.452 198
1622626292821 7.599 199
1622626300489 7.541 200
1622626308207 7.584 201
1622626315946 7.604 202
1622626323784 7.711 203
1622626331669 7.756 204
1622626339593 7.789 205
1622626347520 7.795 206
1622626355525 7.87 207
1622626363439 7.782 208
1622626371468 7.899 209
1622626379465 7.865 210
1622626387559 7.962 211
1622626395600 7.904 212
1622626403744 8.013 213
1622626411907 8.032 214
1622626420151 8.112 215
1622626428424 8.142 216
1622626436747 8.196 217
1622626445108 8.228 218
1622626453515 8.277 219
1622626461943 8.301 220
1622626470368 8.295 221
1622626478864 8.365 222
1622626487399 8.402 223
1622626495920 8.387 224
1622626504494 8.449 225
1622626513187 8.566 226
1622626521862 8.547 227
1622626530594 8.607 228
1622626539333 8.608 229
1622626548177 8.712 230
1622626557036 8.724 231
1622626565926 8.756 232
1622626574766 8.712 233
1622626583689 8.792 234
1622626592722 8.902 235
1622626601747 8.897 236
1622626610770 8.891 237
1622626619866 8.967 238
1622626629050 9.057 239
1622626638308 9.124 240
1622626647513 9.075 241
1622626656781 9.137 242
1622626666050 9.134 243
1622626675370 9.187 244
1622626684747 9.249 245
1622626694113 9.239 246
1622626703561 9.316 247
1622626713017 9.323 248
1622626722580 9.42 249
1622626732151 9.438 250
1622626741700 9.415 251
1622626751269 9.438 252
1622626760888 9.489 253
1622626770524 9.505 254
1622626780240 9.586 255
1622626789851 9.481 256
1622626799601 9.617 257
1622626809361 9.625 258
1622626819160 9.665 259
1622626829005 9.714 260
1622626838933 9.792 261
1622626848909 9.844 262
1622626858928 9.885 263
1622626868993 9.93 264
1622626879118 9.991 265
1622626889237 9.984 266
1622626899382 10.013 267
1622626909574 10.055 268
1622626919808 10.1 269
1622626930050 10.104 270
1622626940406 10.224 271
1622626950747 10.207 272
1622626961081 10.199 273
1622626971486 10.271 274
1622626981862 10.244 275
1622626992303 10.305 276
1622627002766 10.327 277
1622627013388 10.491 278
1622627024101 10.581 279
1622627034719 10.485 280
1622627045356 10.5 281
1622627056054 10.562 282
1622627066747 10.559 283
1622627077450 10.566 284
1622627088143 10.558 285
1622627098968 10.687 286
1622627109867 10.762 287
1622627120826 10.823 288
1622627131764 10.806 289
1622627142715 10.824 290
1622627153722 10.877 291
1622627164770 10.917 292
1622627175923 11.018 293
1622627187081 11.023 294
1622627198304 11.086 295
1622627209520 11.084 296
1622627220773 11.121 297
1622627232033 11.131 298
1622627243414 11.252 299
1622627254768 11.222 300
1622627266199 11.301 301
1622627277615 11.287 302
1622627289198 11.452 303
1622627300654 11.326 304
1622627312148 11.364 305
1622627323762 11.478 306
1622627335498 11.603 307
1622627347127 11.494 308
1622627358893 11.633 309
1622627370644 11.627 310
1622627382357 11.586 311
1622627394264 11.774 312
1622627406134 11.739 313
1622627418045 11.777 314
1622627429958 11.783 315
1622627441975 11.882 316
1622627453941 11.829 317
1622627465915 11.831 318
1622627477945 11.897 319
1622627489951 11.874 320
1622627502027 11.946 321
1622627514105 11.952 322
1622627526180 11.949 323
1622627538390 12.082 324
1622627550582 12.067 325
1622627562861 12.144 326
1622627575245 12.249 327
1622627587658 12.278 328
1622627600045 12.253 329
1622627612504 12.335 330
1622627624949 12.32 331
1622627637528 12.45 332
1622627650108 12.453 333
1622627662610 12.374 334
1622627675313 12.58 335
1622627687962 12.513 336
1622627700617 12.518 337
1622627713219 12.468 338
1622627726140 12.788 339
1622627738986 12.706 340
1622627751892 12.769 341
1622627764801 12.77 342
1622627777847 12.912 343
1622627790818 12.841 344
1622627803785 12.828 345
1622627816865 12.943 346
1622627829865 12.861 347
1622627842980 12.982 348
1622627856070 12.96 349
1622627869225 13.03 350
1622627882378 13.028 351
1622627895585 13.084 352
1622627908912 13.198 353
1622627922283 13.238 354
1622627935625 13.208 355
1622627949051 13.296 356
1622627962502 13.319 357
1622627976010 13.381 358
1622627989493 13.355 359
1622628003033 13.41 360
1622628016637 13.476 361
1622628030199 13.428 362
1622628043850 13.516 363
1622628057533 13.547 364
1622628071253 13.58 365
1622628085044 13.662 366
1622628098771 13.591 367
1622628112594 13.691 368
1622628126460 13.736 369
1622628140436 13.766 370
1622628154336 13.747 371
1622628168275 13.809 372
1622628182210 13.804 373
1622628196167 13.83 374
1622628210319 14.031 375
1622628224413 13.972 376
1622628238580 14.043 377
1622628252745 14.037 378
1622628267004 14.129 379
1622628281281 14.141 380
1622628295574 14.163 381
1622628309870 14.162 382
1622628324205 14.2 383
1622628338618 14.279 384
1622628353147 14.399 385
1622628367673 14.389 386
1622628382156 14.349 387
1622628396726 14.441 388
1622628411329 14.469 389
1622628425971 14.508 390
1622628440640 14.539 391
1622628455284 14.51 392
1622628469971 14.548 393
1622628484702 14.596 394
1622628499436 14.596 395
1622628514187 14.615 396
1622628528996 14.672 397
1622628543824 14.696 398
1622628558693 14.738 399
1622628573547 14.722 400
1622628588578 14.896 401
1622628603653 14.944 402
1622628618798 15.014 403
1622628633982 15.05 404
1622628649217 15.108 405
1622628664502 15.147 406
1622628679945 15.303 407
1622628695293 15.208 408
1622628710668 15.238 409
1622628726105 15.302 410
1622628741495 15.254 411
1622628756998 15.369 412
1622628772490 15.354 413
1622628787947 15.313 414
1622628803505 15.414 415
1622628819059 15.419 416
1622628834616 15.417 417
1622628850264 15.508 418
1622628865916 15.516 419
1622628881706 15.611 420
1622628897503 15.656 421
1622628913207 15.566 422
1622628928983 15.641 423
1622628944849 15.735 424
1622628960637 15.656 425
1622628976369 15.597 426
1622628992203 15.702 427
1622629008270 15.934 428
1622629024350 15.947 429
1622629040393 15.909 430
1622629056447 15.924 431
1622629072589 16.01 432
1622629088798 16.072 433
1622629105055 16.122 434
1622629121302 16.112 435
1622629137460 16.026 436
1622629153584 15.992 437
1622629169873 16.16 438
1622629186192 16.19 439
1622629202581 16.26 440
1622629219043 16.336 441
1622629235588 16.418 442
1622629252146 16.431 443
1622629268702 16.426 444
1622629285175 16.345 445
1622629301657 16.349 446
1622629318340 16.547 447
1622629334968 16.494 448
1622629351766 16.657 449
1622629368590 16.683 450
1622629385472 16.744 451
1622629402375 16.763 452
1622629419311 16.795 453
1622629436269 16.82 454
1622629453266 16.861 455
1622629470274 16.883 456
1622629487364 16.963 457
1622629504471 16.977 458
1622629521591 16.988 459
1622629538759 17.033 460
1622629555921 17.031 461
1622629573358 17.08 462
1622629590685 17.186 463
1622629607986 17.17 464
1622629625199 17.084 465
1622629642489 17.161 466
1622629659783 17.168 467
1622629677111 17.194 468
1622629694462 17.22 469
1622629711898 17.303 470
1622629729458 17.432 471
1622629746996 17.408 472
1622629764542 17.413 473
1622629782407 17.731 474
1622629800163 17.618 475
1622629817924 17.63 476
1622629835840 17.78 477
1622629853669 17.696 478
1622629871468 17.671 479
1622629889270 17.678 480
1622629907175 17.774 481
1622629925001 17.697 482
1622629942907 17.777 483
1622629960976 17.949 484
1622629979080 17.981 485
1622629997200 17.993 486
1622630015394 18.072 487
1622630033619 18.103 488
1622630051752 18.008 489
1622630070009 18.133 490
1622630088408 18.275 491
1622630106799 18.268 492
1622630125115 18.19 493
1622630143496 18.247 494
1622630161939 18.309 495
1622630180246 18.169 496
1622630198465 18.084 497
1622630216983 18.371 498
1622630235469 18.353 499
1622630254346 18.744 500
