1622625492517 26 0
1622625493063 15 1
1622625493591 12 2
1622625494166 12 3
1622625494752 12 4
1622625495382 12 5
1622625496042 12 6
1622625496728 12 7
1622625497459 12 8
1622625498227 12 9
1622625499029 12 10
1622625499869 12 11
1622625500770 12 12
1622625501698 12 13
1622625502640 12 14
1622625503649 12 15
1622625504697 12 16
1622625505738 12 17
1622625506826 12 18
1622625507957 12 19
1622625509119 12 20
1622625510302 12 21
1622625511533 12 22
1622625512804 12 23
1622625514103 12 24
1622625515590 12 25
1622625517091 12 26
1622625518541 12 27
1622625519955 12 28
1622625521450 12 29
1622625522971 12 30
1622625524513 12 31
1622625526096 12 32
1622625527702 12 33
1622625529354 12 34
1622625531030 12 35
1622625532774 12 36
1622625534539 12 37
1622625536354 12 38
1622625538184 12 39
1622625540074 12 40
1622625541977 12 41
1622625543927 12 42
1622625545929 12 43
1622625547950 12 44
1622625550029 12 45
1622625552753 12 46
1622625555342 12 47
1622625557489 12 48
1622625559646 12 49
1622625561883 12 50
1622625564115 12 51
1622625566446 12 52
1622625568780 12 53
1622625571180 12 54
1622625573607 12 55
1622625576036 12 56
1622625578517 12 57
1622625580971 12 58
1622625583520 12 59
1622625586133 12 60
1622625588779 12 61
1622625591665 12 62
1622625595022 12 63
1622625597727 12 64
1622625600512 12 65
1622625603308 12 66
1622625606114 12 67
1622625608937 12 68
1622625611829 12 69
1622625614753 12 70
1622625617690 12 71
1622625620707 12 72
1622625623732 12 73
1622625626800 12 74
1622625630070 12 75
1622625634258 12 76
1622625637448 12 77
1622625640700 12 78
1622625643981 12 79
1622625647330 12 80
1622625650779 12 81
1622625654158 12 82
1622625657545 12 83
1622625661023 12 84
1622625664490 12 85
1622625668015 12 86
1622625671597 12 87
1622625675206 12 88
1622625678869 12 89
1622625682580 12 90
1622625686307 12 91
1622625690084 12 92
1622625693864 12 93
1622625697674 12 94
1622625701798 12 95
1622625707332 12 96
1622625711290 12 97
1622625715824 12 98
1622625720148 12 99
1622625724152 12 100
1622625728195 12 101
1622625732263 12 102
1622625736399 12 103
1622625740526 12 104
1622625744697 12 105
1622625749720 12 106
1622625753994 12 107
1622625759045 12 108
1622625763372 12 109
1622625767679 12 110
1622625772976 12 111
1622625778213 12 112
1622625782659 12 113
1622625787239 12 114
1622625791837 12 115
1622625796452 12 116
1622625801066 12 117
1622625805772 12 118
1622625810772 12 119
1622625816806 12 120
1622625822536 12 121
1622625828099 12 122
1622625834129 12 123
1622625838970 12 124
1622625843998 12 125
1622625848941 12 126
1622625853942 12 127
1622625859404 12 128
1622625864836 12 129
1622625870284 12 130
1622625876714 12 131
1622625882885 12 132
1622625888984 12 133
1622625894189 12 134
1622625900404 12 135
1622625906513 12 136
1622625913162 12 137
1622625920833 12 138
1622625928069 12 139
1622625936346 12 140
1622625943431 12 141
1622625950894 12 142
1622625958367 12 143
1622625964402 12 144
1622625970967 12 145
1622625977720 12 146
1622625983695 12 147
1622625990789 12 148
1622625996687 12 149
1622626004158 12 150
1622626011753 12 151
1622626021036 12 152
1622626028654 12 153
1622626034888 12 154
1622626042593 12 155
1622626051984 12 156
1622626060243 12 157
1622626067918 12 158
1622626075850 12 159
1622626083996 12 160
1622626090559 12 161
1622626096729 12 162
1622626107449 12 163
1622626114697 12 164
1622626121014 12 165
1622626127335 12 166
1622626133714 12 167
1622626140183 12 168
1622626146614 12 169
1622626153102 12 170
1622626159633 12 171
1622626166228 12 172
1622626172921 12 173
1622626179635 12 174
1622626186402 12 175
1622626193159 12 176
1622626199947 12 177
1622626206706 12 178
1622626213471 12 179
1622626220388 12 180
1622626227379 12 181
1622626234328 12 182
1622626241402 12 183
1622626248455 12 184
1622626255596 12 185
1622626262756 12 186
1622626269940 12 187
1622626277156 12 188
1622626284323 12 189
1622626291549 12 190
1622626298871 12 191
1622626306214 12 192
1622626313553 12 193
1622626320976 12 194
1622626328437 12 195
1622626335904 12 196
1622626343407 12 197
1622626350983 12 198
1622626358554 12 199
1622626366169 12 200
1622626373844 12 201
1622626381466 12 202
1622626389141 12 203
1622626396917 12 204
1622626404659 12 205
1622626412474 12 206
1622626420296 12 207
1622626428115 12 208
1622626435977 12 209
1622626443948 12 210
1622626451977 12 211
1622626460071 12 212
1622626468105 12 213
1622626476243 12 214
1622626484415 12 215
1622626492617 12 216
1622626500895 12 217
1622626509148 12 218
1622626517491 12 219
1622626525770 12 220
1622626534160 12 221
1622626542554 12 222
1622626550950 12 223
1622626559448 12 224
1622626567944 12 225
1622626576491 12 226
1622626585101 12 227
1622626593633 12 228
1622626602310 12 229
1622626610974 12 230
1622626619715 12 231
1622626628458 12 232
1622626637298 12 233
1622626646096 12 234
1622626655009 12 235
1622626663979 12 236
1622626672969 12 237
1622626681958 12 238
1622626690954 12 239
1622626700059 12 240
1622626709126 12 241
1622626718193 12 242
1622626727347 12 243
1622626736608 12 244
1622626745840 12 245
1622626755019 12 246
1622626764321 12 247
1622626773692 12 248
1622626782988 12 249
1622626792388 12 250
1622626801784 12 251
1622626811147 12 252
1622626820621 12 253
1622626830177 12 254
1622626839876 12 255
1622626849532 12 256
1622626859205 12 257
1622626868986 12 258
1622626878686 12 259
1622626888511 12 260
1622626898413 12 261
1622626908260 12 262
1622626918095 12 263
1622626927995 12 264
1622626938012 12 265
1622626948042 12 266
1622626958059 12 267
1622626968048 12 268
1622626978097 12 269
1622626988216 12 270
1622626998273 12 271
1622627008491 12 272
1622627018823 12 273
1622627029137 12 274
1622627039531 12 275
1622627049902 12 276
1622627060333 12 277
1622627070678 12 278
1622627081132 12 279
1622627091583 12 280
1622627102086 12 281
1622627112596 12 282
1622627123255 12 283
1622627133871 12 284
1622627144480 12 285
1622627155166 12 286
1622627165891 12 287
1622627176696 12 288
1622627187556 12 289
1622627198400 12 290
1622627209354 12 291
1622627220252 12 292
1622627231294 12 293
1622627242325 12 294
1622627253342 12 295
1622627264486 12 296
1622627275608 12 297
1622627286848 12 298
1622627298097 12 299
1622627309268 12 300
1622627320583 12 301
1622627331931 12 302
1622627343322 12 303
1622627354697 12 304
1622627366106 12 305
1622627377535 12 306
1622627389159 12 307
1622627400620 12 308
1622627412229 12 309
1622627423818 12 310
1622627435404 12 311
1622627447125 12 312
1622627458819 12 313
1622627470573 12 314
1622627482335 12 315
1622627494074 12 316
1622627505928 12 317
1622627517728 12 318
1622627529578 12 319
1622627541471 12 320
1622627553425 12 321
1622627565331 12 322
1622627577450 12 323
1622627589542 12 324
1622627601711 12 325
1622627613900 12 326
1622627626141 12 327
1622627638412 12 328
1622627650746 12 329
1622627662939 12 330
1622627675270 12 331
1622627687658 12 332
1622627700036 12 333
1622627712440 12 334
1622627724889 12 335
1622627737444 12 336
1622627750049 12 337
1622627762701 12 338
1622627775441 12 339
1622627788168 12 340
1622627800863 12 341
1622627813556 12 342
1622627826275 12 343
1622627839080 12 344
1622627851902 12 345
1622627864767 12 346
1622627877613 12 347
1622627890423 12 348
1622627903354 12 349
1622627916410 12 350
1622627929531 12 351
1622627942676 12 352
1622627955836 12 353
1622627969048 12 354
1622627982281 12 355
1622627995569 12 356
1622628008941 12 357
1622628022301 12 358
1622628035650 12 359
1622628049034 12 360
1622628062439 12 361
1622628075873 12 362
1622628089443 12 363
1622628102916 12 364
1622628116539 12 365
1622628130161 12 366
1622628143805 12 367
1622628157486 12 368
1622628171145 12 369
1622628184848 12 370
1622628198576 12 371
1622628212541 12 372
1622628226394 12 373
1622628240283 12 374
1622628254145 12 375
1622628268135 12 376
1622628282174 12 377
1622628296167 12 378
1622628310220 12 379
1622628324325 12 380
1622628338537 12 381
1622628352714 12 382
1622628366986 12 383
1622628381341 12 384
1622628395602 12 385
1622628409934 12 386
1622628424402 12 387
1622628438739 12 388
1622628453101 12 389
1622628467521 12 390
1622628481974 12 391
1622628496387 12 392
1622628510855 12 393
1622628525371 12 394
1622628539952 12 395
1622628554572 12 396
1622628569200 12 397
1622628583945 12 398
1622628598613 12 399
1622628613353 12 400
1622628628232 12 401
1622628643220 12 402
1622628658217 12 403
1622628673151 12 404
1622628688233 12 405
1622628703410 12 406
1622628718594 12 407
1622628733750 12 408
1622628748988 12 409
1622628764256 12 410
1622628779429 12 411
1622628794716 12 412
1622628809974 12 413
1622628825424 12 414
1622628840841 12 415
1622628856137 12 416
1622628871636 12 417
1622628887057 12 418
1622628902629 12 419
1622628918178 12 420
1622628933805 12 421
1622628949393 12 422
1622628965082 12 423
1622628980692 12 424
1622628996363 12 425
1622629012160 12 426
1622629027903 12 427
1622629043683 12 428
1622629060599 12 429
1622629076584 12 430
1622629092590 12 431
1622629108575 12 432
1622629124617 12 433
1622629140577 12 434
1622629156543 12 435
1622629172629 12 436
1622629188819 12 437
1622629205036 12 438
1622629221288 12 439
1622629237629 12 440
1622629254021 12 441
1622629270480 12 442
1622629286944 12 443
1622629303359 12 444
1622629319897 12 445
1622629336457 12 446
1622629353067 12 447
1622629369718 12 448
1622629386455 12 449
1622629403234 12 450
1622629420071 12 451
1622629436855 12 452
1622629453612 12 453
1622629470533 12 454
1622629487453 12 455
1622629504397 12 456
1622629521313 12 457
1622629538282 12 458
1622629555202 12 459
1622629572392 12 460
1622629589561 12 461
1622629606617 12 462
1622629623727 12 463
1622629640965 12 464
1622629658142 12 465
1622629675437 12 466
1622629692763 12 467
1622629710070 12 468
1622629727431 12 469
1622629744851 12 470
1622629762352 12 471
1622629779830 12 472
1622629797582 12 473
1622629815199 12 474
1622629832997 12 475
1622629850702 12 476
1622629868408 12 477
1622629886009 12 478
1622629903780 12 479
1622629921480 12 480
1622629939248 12 481
1622629957103 12 482
1622629975116 12 483
1622629992910 12 484
1622630010746 12 485
1622630028714 12 486
1622630046782 12 487
1622630064946 12 488
1622630083111 12 489
1622630101277 12 490
1622630119484 12 491
1622630137701 12 492
1622630155966 12 493
1622630174217 12 494
1622630192411 12 495
1622630210635 12 496
1622630229098 12 497
1622630247478 12 498
1622630265952 12 499
1622630284342 12 500
