1622625492559 0.006 0
1622625493096 0.413 1
1622625493624 0.813 2
1622625494200 1.26 3
1622625494785 1.719 4
1622625495415 2.222 5
1622625496072 2.755 6
1622625496758 3.316 7
1622625497489 3.925 8
1622625498256 4.571 9
1622625499060 5.252 10
1622625499899 5.97 11
1622625500797 6.7509999999999994 12
1622625501724 7.561999999999999 13
1622625502667 8.386999999999999 14
1622625503678 9.278999999999998 15
1622625504725 10.205999999999998 16
1622625505766 11.128999999999998 17
1622625506854 12.097999999999997 18
1622625507984 13.111999999999997 19
1622625509146 14.156999999999996 20
1622625510330 15.222999999999997 21
1622625511561 16.334999999999997 22
1622625512832 17.487 23
1622625514133 18.665999999999997 24
1622625515622 20.019 25
1622625517120 21.387999999999998 26
1622625518569 22.714999999999996 27
1622625520001 24.004999999999995 28
1622625521476 25.361999999999995 29
1622625522999 26.764999999999993 30
1622625524540 28.187999999999995 31
1622625526124 29.652999999999995 32
1622625527729 31.141999999999996 33
1622625529382 32.675999999999995 34
1622625531057 34.233 35
1622625532806 35.857 36
1622625534566 37.498 37
1622625536382 39.192 38
1622625538212 40.901 39
1622625540102 42.666000000000004 40
1622625542005 44.45 41
1622625543954 46.281000000000006 42
1622625545959 48.16400000000001 43
1622625547977 50.06400000000001 44
1622625550064 52.019000000000005 45
1622625552791 54.61000000000001 46
1622625555371 56.99700000000001 47
1622625557515 59.025000000000006 48
1622625559673 61.06400000000001 49
1622625561910 63.18300000000001 50
1622625564141 65.298 51
1622625566474 67.512 52
1622625568810 69.724 53
1622625571210 72.00200000000001 54
1622625573636 74.30700000000002 55
1622625576064 76.61400000000002 56
1622625578545 78.97500000000002 57
1622625580998 81.30800000000002 58
1622625583548 83.73700000000002 59
1622625586162 86.23000000000002 60
1622625588808 88.75500000000002 61
1622625591701 91.51600000000002 62
1622625595050 94.67200000000003 63
1622625597755 97.25700000000002 64
1622625600540 99.92200000000003 65
1622625603335 102.59800000000003 66
1622625606142 105.28600000000003 67
1622625608965 107.98800000000003 68
1622625611858 110.76100000000002 69
1622625614783 113.56400000000002 70
1622625617719 116.38100000000003 71
1622625620736 119.27900000000002 72
1622625623760 122.18300000000002 73
1622625626828 125.13100000000001 74
1622625630102 128.27900000000002 75
1622625634287 132.33400000000003 76
1622625637478 135.40300000000002 77
1622625640731 138.53300000000002 78
1622625644011 141.68900000000002 79
1622625647360 144.913 80
1622625650809 148.24 81
1622625654188 151.497 82
1622625657575 154.76000000000002 83
1622625661052 158.116 84
1622625664518 161.45800000000003 85
1622625668046 164.86200000000002 86
1622625671628 168.31900000000002 87
1622625675236 171.80300000000003 88
1622625678896 175.34300000000002 89
1622625682613 178.93200000000002 90
1622625686341 182.532 91
1622625690117 186.18200000000002 92
1622625693894 189.836 93
1622625697702 193.526 94
1622625701829 197.531 95
1622625707365 202.90200000000002 96
1622625711318 206.728 97
1622625715858 211.14000000000001 98
1622625720176 215.274 99
1622625724180 219.159 100
1622625728225 223.07999999999998 101
1622625732293 227.027 102
1622625736427 231.04199999999997 103
1622625740555 235.051 104
1622625744726 239.10199999999998 105
1622625749750 244.003 106
1622625754027 248.154 107
1622625759077 253.079 108
1622625763404 257.282 109
1622625767712 261.46099999999996 110
1622625773005 266.62699999999995 111
1622625778243 271.72999999999996 112
1622625782689 276.054 113
1622625787273 280.508 114
1622625791873 284.978 115
1622625796481 289.459 116
1622625801098 293.952 117
1622625805800 298.535 118
1622625810813 303.413 119
1622625816838 309.242 120
1622625822571 314.846 121
1622625828131 320.222 122
1622625834159 326.121 123
1622625839001 330.84 124
1622625844028 335.74399999999997 125
1622625848973 340.56399999999996 126
1622625853973 345.44199999999995 127
1622625859434 350.78 128
1622625864866 356.08599999999996 129
1622625870317 361.40799999999996 130
1622625876746 367.705 131
1622625882914 373.74199999999996 132
1622625889015 379.71999999999997 133
1622625894218 384.799 134
1622625900432 390.894 135
1622625906544 396.883 136
1622625913200 403.406 137
1622625920892 410.868 138
1622625928103 417.86899999999997 139
1622625936378 425.94899999999996 140
1622625943468 432.90799999999996 141
1622625950926 440.15899999999993 142
1622625958400 447.5059999999999 143
1622625964432 453.4079999999999 144
1622625971040 459.8339999999999 145
1622625977749 466.4089999999999 146
1622625983723 472.26299999999986 147
1622625990817 479.22999999999985 148
1622625996717 485.00799999999987 149
1622626004198 492.34499999999986 150
1622626011786 499.72199999999987 151
1622626021066 508.87099999999987 152
1622626028684 516.3579999999998 153
1622626034919 522.4699999999998 154
1622626042624 530.0429999999998 155
1622626052023 539.2989999999998 156
1622626060273 547.3419999999998 157
1622626067949 554.8889999999998 158
1622626075891 562.6889999999997 159
1622626084025 570.6729999999998 160
1622626090594 577.1079999999997 161
1622626096766 583.1489999999998 162
1622626107483 589.2449999999998 163
1622626114723 596.3009999999998 164
1622626121044 602.5009999999999 165
1622626127366 608.6979999999999 166
1622626133746 614.9539999999998 167
1622626140217 621.2959999999998 168
1622626146645 627.5979999999998 169
1622626153131 633.9629999999999 170
1622626159663 640.3719999999998 171
1622626166259 646.8439999999998 172
1622626172952 653.4119999999998 173
1622626179669 660.0019999999998 174
1622626186436 666.6329999999998 175
1622626193199 673.2599999999998 176
1622626199979 679.9129999999998 177
1622626206738 686.5469999999998 178
1622626213503 693.1849999999998 179
1622626220423 699.9729999999998 180
1622626227410 706.8349999999998 181
1622626234364 713.6569999999998 182
1622626241436 720.5949999999998 183
1622626248493 727.5189999999998 184
1622626255632 734.5249999999997 185
1622626262792 741.5529999999998 186
1622626269968 748.6039999999998 187
1622626277189 755.6989999999998 188
1622626284355 762.7399999999999 189
1622626291576 769.8389999999999 190
1622626298907 777.0379999999999 191
1622626306249 784.2479999999999 192
1622626313589 791.4549999999999 193
1622626321011 798.742 194
1622626328473 806.069 195
1622626335940 813.4029999999999 196
1622626343440 820.7719999999999 197
1622626351016 828.2189999999999 198
1622626358589 835.659 199
1622626366205 843.14 200
1622626373878 850.684 201
1622626381497 858.1759999999999 202
1622626389177 865.723 203
1622626396954 873.366 204
1622626404695 880.975 205
1622626412511 888.655 206
1622626420335 896.341 207
1622626428148 904.024 208
1622626436009 911.758 209
1622626443988 919.601 210
1622626452063 927.476 211
1622626460105 935.388 212
1622626468138 943.294 213
1622626476279 951.304 214
1622626484449 959.343 215
1622626492652 967.4119999999999 216
1622626500926 975.559 217
1622626509178 983.688 218
1622626517521 991.91 219
1622626525806 1000.062 220
1622626534195 1008.322 221
1622626542591 1016.583 222
1622626550988 1024.845 223
1622626559481 1033.21 224
1622626567975 1041.578 225
1622626576524 1049.999 226
1622626585134 1058.477 227
1622626593667 1066.8790000000001 228
1622626602342 1075.4260000000002 229
1622626611007 1083.9610000000002 230
1622626619748 1092.5730000000003 231
1622626628492 1101.1860000000004 232
1622626637333 1109.8960000000004 233
1622626646131 1118.5630000000003 234
1622626655045 1127.3430000000003 235
1622626664015 1136.1810000000003 236
1622626673004 1145.0390000000002 237
1622626681990 1153.8990000000001 238
1622626690989 1162.766 239
1622626700096 1171.741 240
1622626709162 1180.675 241
1622626718229 1189.608 242
1622626727391 1198.627 243
1622626736647 1207.742 244
1622626745875 1216.836 245
1622626755056 1225.886 246
1622626764357 1235.0539999999999 247
1622626773726 1244.292 248
1622626783020 1253.461 249
1622626792424 1262.737 250
1622626801818 1272.0 251
1622626811183 1281.231 252
1622626820658 1290.573 253
1622626830213 1299.996 254
1622626839913 1309.5610000000001 255
1622626849567 1319.084 256
1622626859241 1328.625 257
1622626869021 1338.276 258
1622626878721 1347.845 259
1622626888548 1357.538 260
1622626898449 1367.305 261
1622626908298 1377.02 262
1622626918132 1386.718 263
1622626928032 1396.4830000000002 264
1622626938048 1406.3660000000002 265
1622626948076 1416.2620000000002 266
1622626958095 1426.1490000000001 267
1622626968084 1436.005 268
1622626978133 1445.9240000000002 269
1622626988251 1455.9110000000003 270
1622626998308 1465.8350000000003 271
1622627008529 1475.9200000000003 272
1622627018860 1486.1170000000002 273
1622627029173 1496.3000000000002 274
1622627039568 1506.5600000000002 275
1622627049941 1516.795 276
1622627060367 1527.0890000000002 277
1622627070715 1537.3020000000001 278
1622627081170 1547.6190000000001 279
1622627091619 1557.9350000000002 280
1622627102121 1568.3060000000003 281
1622627112632 1578.6850000000002 282
1622627123292 1589.2100000000003 283
1622627133907 1599.6920000000002 284
1622627144514 1610.1700000000003 285
1622627155202 1620.7250000000004 286
1622627165930 1631.3170000000005 287
1622627176732 1641.9850000000004 288
1622627187591 1652.7100000000003 289
1622627198439 1663.4200000000003 290
1622627209387 1674.2360000000003 291
1622627220287 1685.0060000000003 292
1622627231327 1695.9160000000004 293
1622627242358 1706.8190000000004 294
1622627253393 1717.7040000000004 295
1622627264519 1728.6960000000004 296
1622627275641 1739.6900000000003 297
1622627286881 1750.7990000000002 298
1622627298130 1761.9180000000001 299
1622627309296 1772.9630000000002 300
1622627320615 1784.1550000000002 301
1622627331966 1795.3740000000003 302
1622627343359 1806.6310000000003 303
1622627354732 1817.8720000000003 304
1622627366139 1829.1510000000003 305
1622627377568 1840.4500000000003 306
1622627389193 1851.9460000000004 307
1622627400654 1863.2760000000003 308
1622627412264 1874.7560000000003 309
1622627423854 1886.2150000000004 310
1622627435442 1897.6650000000004 311
1622627447165 1909.2500000000005 312
1622627458859 1920.8030000000006 313
1622627470618 1932.4160000000006 314
1622627482369 1944.0360000000005 315
1622627494102 1955.6470000000006 316
1622627505962 1967.3790000000006 317
1622627517762 1979.0490000000007 318
1622627529611 1990.7710000000006 319
1622627541505 2002.5370000000007 320
1622627553457 2014.3630000000007 321
1622627565368 2026.1390000000008 322
1622627577487 2038.1230000000007 323
1622627589581 2050.0790000000006 324
1622627601750 2062.111000000001 325
1622627613933 2074.1640000000007 326
1622627626174 2086.2770000000005 327
1622627638445 2098.4210000000003 328
1622627650779 2110.63 329
1622627662973 2122.695 330
1622627675303 2134.893 331
1622627687688 2147.151 332
1622627700073 2159.402 333
1622627712478 2171.672 334
1622627724927 2183.984 335
1622627737483 2196.402 336
1622627750087 2208.868 337
1622627762740 2221.3849999999998 338
1622627775476 2233.9869999999996 339
1622627788202 2246.5819999999994 340
1622627800901 2259.1449999999995 341
1622627813595 2271.6989999999996 342
1622627826312 2284.2799999999997 343
1622627839114 2296.9489999999996 344
1622627851937 2309.6399999999994 345
1622627864798 2322.3739999999993 346
1622627877645 2335.093999999999 347
1622627890456 2347.7779999999993 348
1622627903386 2360.5799999999995 349
1622627916447 2373.5069999999996 350
1622627929567 2386.4959999999996 351
1622627942711 2399.508 352
1622627955869 2412.5339999999997 353
1622627969081 2425.6169999999997 354
1622627982313 2438.7209999999995 355
1622627995603 2451.8799999999997 356
1622628008977 2465.122 357
1622628022337 2478.35 358
1622628035684 2491.564 359
1622628049065 2504.8179999999998 360
1622628062478 2518.0959999999995 361
1622628075908 2531.3949999999995 362
1622628089483 2544.8319999999994 363
1622628102956 2558.1669999999995 364
1622628116576 2571.6519999999996 365
1622628130198 2585.1399999999994 366
1622628143838 2598.6489999999994 367
1622628157521 2612.1989999999996 368
1622628171178 2625.7269999999994 369
1622628184880 2639.301999999999 370
1622628198606 2652.9049999999993 371
1622628212569 2666.7469999999994 372
1622628226423 2680.4779999999996 373
1622628240317 2694.2439999999997 374
1622628254177 2707.975 375
1622628268170 2721.8379999999997 376
1622628282214 2735.743 377
1622628296200 2749.598 378
1622628310254 2763.523 379
1622628324358 2777.5 380
1622628338571 2791.582 381
1622628352748 2805.6299999999997 382
1622628367022 2819.7679999999996 383
1622628381379 2833.9879999999994 384
1622628395647 2848.1149999999993 385
1622628409971 2862.301999999999 386
1622628424438 2876.635999999999 387
1622628438776 2890.838999999999 388
1622628453140 2905.066999999999 389
1622628467558 2919.3489999999993 390
1622628482012 2933.6659999999993 391
1622628496424 2947.943999999999 392
1622628510892 2962.277999999999 393
1622628525408 2976.659999999999 394
1622628539988 2991.106999999999 395
1622628554606 3005.593999999999 396
1622628569235 3020.0899999999992 397
1622628583982 3034.702999999999 398
1622628598648 3049.236999999999 399
1622628613385 3063.8469999999993 400
1622628628265 3078.5979999999995 401
1622628643256 3093.4569999999994 402
1622628658254 3108.3199999999993 403
1622628673189 3123.120999999999 404
1622628688273 3138.0659999999993 405
1622628703447 3153.1039999999994 406
1622628718629 3168.1509999999994 407
1622628733786 3183.1749999999993 408
1622628749024 3198.276999999999 409
1622628764291 3213.410999999999 410
1622628779468 3228.448999999999 411
1622628794752 3243.597999999999 412
1622628810013 3258.720999999999 413
1622628825464 3274.034999999999 414
1622628840876 3289.313999999999 415
1622628856175 3304.477999999999 416
1622628871675 3319.8399999999992 417
1622628887092 3335.124999999999 418
1622628902665 3350.564999999999 419
1622628918216 3365.9829999999993 420
1622628933843 3381.4739999999993 421
1622628949433 3396.9249999999993 422
1622628965117 3412.4789999999994 423
1622628980730 3427.9549999999995 424
1622628996399 3443.4929999999995 425
1622629012199 3459.1549999999993 426
1622629027941 3474.7609999999995 427
1622629043719 3490.4049999999993 428
1622629060633 3507.1189999999992 429
1622629076623 3522.9739999999993 430
1622629092627 3538.8399999999992 431
1622629108611 3554.6889999999994 432
1622629124652 3570.5979999999995 433
1622629140612 3586.4279999999994 434
1622629156577 3602.263999999999 435
1622629172661 3618.220999999999 436
1622629188851 3634.283999999999 437
1622629205067 3650.3739999999993 438
1622629221321 3666.5009999999993 439
1622629237659 3682.7149999999992 440
1622629254056 3698.9829999999993 441
1622629270512 3715.3099999999995 442
1622629286977 3731.6459999999993 443
1622629303396 3747.9319999999993 444
1622629319933 3764.3339999999994 445
1622629336494 3780.7579999999994 446
1622629353105 3797.2319999999995 447
1622629369758 3813.7469999999994 448
1622629386495 3830.3449999999993 449
1622629403275 3846.9839999999995 450
1622629420113 3863.6819999999993 451
1622629436895 3880.3229999999994 452
1622629453651 3896.9429999999993 453
1622629470565 3913.729999999999 454
1622629487486 3930.5229999999992 455
1622629504432 3947.3379999999993 456
1622629521349 3964.1219999999994 457
1622629538317 3980.957999999999 458
1622629555240 3997.744999999999 459
1622629572428 4014.799999999999 460
1622629589597 4031.8369999999986 461
1622629606651 4048.7599999999984 462
1622629623762 4065.738999999998 463
1622629640998 4082.845999999998 464
1622629658232 4099.879999999998 465
1622629675473 4116.982999999998 466
1622629692797 4134.175999999999 467
1622629710107 4151.351999999999 468
1622629727466 4168.580999999999 469
1622629744883 4185.870999999999 470
1622629762384 4203.243999999999 471
1622629779865 4220.594999999998 472
1622629797620 4238.212999999999 473
1622629815228 4255.694999999999 474
1622629833032 4273.364999999999 475
1622629850731 4290.9389999999985 476
1622629868482 4308.511999999999 477
1622629886044 4325.939999999999 478
1622629903811 4343.578999999999 479
1622629921512 4361.154999999999 480
1622629939278 4378.7959999999985 481
1622629957130 4396.529999999999 482
1622629975142 4414.421999999999 483
1622629992935 4432.094999999998 484
1622630010773 4449.8139999999985 485
1622630028741 4467.658999999999 486
1622630046809 4485.607999999998 487
1622630064975 4503.649999999999 488
1622630083141 4521.689999999999 489
1622630101305 4539.731999999999 490
1622630119516 4557.816999999999 491
1622630137736 4575.905999999999 492
1622630155999 4594.038999999999 493
1622630174249 4612.162999999999 494
1622630192448 4630.227999999998 495
1622630210673 4648.310999999998 496
1622630229171 4666.626999999998 497
1622630247511 4684.825999999997 498
1622630265987 4703.172999999997 499
1622630284378 4721.4339999999975 500
