1622676968180 -100.51406115817598 0
1622676969001 -90.67934841935596 1
1622676970013 -90.67934841935596 2
1622676971210 -90.67934841935596 3
1622676972566 -90.67934841935596 4
1622676974092 -90.67934841935596 5
1622676975795 -90.67934841935596 6
1622676977684 -90.67934841935596 7
1622676979764 -90.67934841935596 8
1622676981983 -90.67934841935596 9
1622676984391 -90.67934841935596 10
1622676987009 -90.67934841935596 11
1622676989808 -90.67934841935596 12
1622676992772 -90.67934841935596 13
1622676995947 -90.67934841935596 14
1622677000043 -90.67934841935596 15
1622677003534 -90.67934841935596 16
1622677007176 -90.67934841935596 17
1622677011037 -90.67934841935596 18
1622677015049 -90.67934841935596 19
1622677019280 -90.67934841935596 20
1622677023722 -90.67934841935596 21
1622677028292 -90.67934841935596 22
1622677033013 -90.67934841935596 23
1622677037945 -90.67934841935596 24
1622677043065 -90.67934841935596 25
1622677048339 -90.67934841935596 26
1622677053797 -90.67934841935596 27
1622677059804 -90.67934841935596 28
1622677065607 -90.67934841935596 29
1622677071553 -90.67934841935596 30
1622677077721 -90.67934841935596 31
1622677084785 -90.67934841935596 32
1622677091590 -90.67934841935596 33
1622677098298 -90.67934841935596 34
1622677105155 -90.67934841935596 35
1622677112171 -90.67934841935596 36
1622677119413 -90.67934841935596 37
1622677126892 -90.67934841935596 38
1622677135527 -90.67934841935596 39
1622677143341 -90.67934841935596 40
1622677151325 -90.67934841935596 41
1622677161877 -90.67934841935596 42
1622677170158 -90.67934841935596 43
1622677178718 -90.67934841935596 44
1622677187457 -90.67934841935596 45
1622677196291 -90.67934841935596 46
1622677205317 -90.67934841935596 47
1622677214499 -90.67934841935596 48
1622677223921 -90.67934841935596 49
1622677233501 -90.67934841935596 50
1622677243350 -90.67934841935596 51
1622677253417 -90.67934841935596 52
1622677263544 -90.67934841935596 53
1622677273895 -90.67934841935596 54
1622677284400 -90.67934841935596 55
1622677295093 -90.67934841935596 56
1622677305902 -90.67934841935596 57
1622677316935 -90.67934841935596 58
1622677328193 -90.67934841935596 59
1622677339561 -90.67934841935596 60
1622677351102 -90.67934841935596 61
1622677362898 -90.67934841935596 62
1622677374746 -90.67934841935596 63
1622677388255 -90.67934841935596 64
1622677400623 -90.67934841935596 65
1622677413137 -90.67934841935596 66
1622677425762 -90.67934841935596 67
1622677439690 -90.67934841935596 68
1622677452764 -90.67934841935596 69
1622677466019 -90.67934841935596 70
1622677480825 -90.67934841935596 71
1622677495925 -90.67934841935596 72
1622677509617 -90.67934841935596 73
1622677523513 -90.67934841935596 74
1622677537531 -90.67934841935596 75
1622677551769 -90.67934841935596 76
1622677566885 -90.67934841935596 77
1622677582791 -90.67934841935596 78
1622677598853 -90.67934841935596 79
1622677617145 -90.67934841935596 80
1622677632338 -90.67934841935596 81
1622677648492 -90.67934841935596 82
1622677665934 -90.67934841935596 83
1622677681505 -90.67934841935596 84
1622677697334 -90.67934841935596 85
1622677713297 -90.67934841935596 86
1622677729481 -90.67934841935596 87
1622677745794 -90.67934841935596 88
1622677762325 -90.67934841935596 89
1622677779979 -90.67934841935596 90
1622677796958 -90.67934841935596 91
1622677814041 -90.67934841935596 92
1622677834703 -90.67934841935596 93
1622677851974 -90.67934841935596 94
1622677869454 -90.67934841935596 95
1622677888044 -90.67934841935596 96
1622677905847 -90.67934841935596 97
1622677923980 -90.67934841935596 98
1622677942229 -90.67934841935596 99
1622677960641 -90.67934841935596 100
1622677979285 -90.67934841935596 101
1622677998075 -90.67934841935596 102
1622678018011 -90.67934841935596 103
1622678038059 -90.67934841935596 104
1622678057445 -90.67934841935596 105
1622678076840 -90.67934841935596 106
1622678096457 -90.67934841935596 107
1622678116174 -90.67934841935596 108
1622678137456 -90.67934841935596 109
1622678157573 -90.67934841935596 110
1622678179144 -90.67934841935596 111
1622678200487 -90.67934841935596 112
1622678221207 -90.67934841935596 113
1622678242149 -90.67934841935596 114
1622678266235 -90.67934841935596 115
1622678287546 -90.67934841935596 116
1622678308914 -90.67934841935596 117
1622678330743 -90.67934841935596 118
1622678352578 -90.67934841935596 119
1622678374388 -90.67934841935596 120
1622678396581 -90.67934841935596 121
1622678418808 -90.67934841935596 122
1622678441579 -90.67934841935596 123
1622678465114 -90.67934841935596 124
1622678490089 -90.67934841935596 125
1622678513292 -90.67934841935596 126
1622678536537 -90.67934841935596 127
1622678560937 -90.67934841935596 128
1622678584431 -90.67934841935596 129
1622678608100 -90.67934841935596 130
1622678631932 -90.67934841935596 131
1622678657182 -90.67934841935596 132
1622678681687 -90.67934841935596 133
1622678706390 -90.67934841935596 134
1622678731269 -90.67934841935596 135
1622678756400 -90.67934841935596 136
1622678781765 -90.67934841935596 137
1622678807331 -90.67934841935596 138
1622678833047 -90.67934841935596 139
1622678858989 -90.67934841935596 140
1622678885073 -90.67934841935596 141
1622678911370 -90.67934841935596 142
1622678937823 -90.67934841935596 143
1622678964433 -90.67934841935596 144
1622678991212 -90.67934841935596 145
1622679018203 -90.67934841935596 146
1622679045390 -90.67934841935596 147
1622679072692 -90.67934841935596 148
1622679099897 -90.67934841935596 149
1622679127304 -90.67934841935596 150
1622679155139 -90.67934841935596 151
1622679183229 -90.67934841935596 152
1622679211192 -90.67934841935596 153
1622679239354 -90.67934841935596 154
1622679267632 -90.67934841935596 155
1622679296536 -90.67934841935596 156
1622679325386 -90.67934841935596 157
1622679354541 -90.67934841935596 158
1622679383713 -90.67934841935596 159
1622679413276 -90.67934841935596 160
1622679443642 -90.67934841935596 161
1622679474019 -90.67934841935596 162
1622679503853 -90.67934841935596 163
1622679533983 -90.67934841935596 164
1622679564146 -90.67934841935596 165
1622679595268 -90.67934841935596 166
1622679626504 -90.67934841935596 167
1622679658287 -90.67934841935596 168
1622679689195 -90.67934841935596 169
1622679720509 -90.67934841935596 170
1622679751690 -90.67934841935596 171
1622679783010 -90.67934841935596 172
1622679816468 -90.67934841935596 173
1622679849289 -90.67934841935596 174
1622679881339 -90.67934841935596 175
1622679915492 -90.67934841935596 176
1622679949678 -90.67934841935596 177
1622679983337 -90.67934841935596 178
1622680016105 -90.67934841935596 179
1622680049003 -90.67934841935596 180
1622680081961 -90.67934841935596 181
1622680115256 -90.67934841935596 182
1622680148791 -90.67934841935596 183
1622680182533 -90.67934841935596 184
1622680216466 -90.67934841935596 185
1622680251467 -90.67934841935596 186
1622680287514 -90.67934841935596 187
1622680321709 -90.67934841935596 188
1622680358509 -90.67934841935596 189
1622680394012 -90.67934841935596 190
1622680428710 -90.67934841935596 191
1622680466113 -90.67934841935596 192
1622680503968 -90.67934841935596 193
1622680541940 -90.67934841935596 194
1622680577604 -90.67934841935596 195
1622680614896 -90.67934841935596 196
1622680651388 -90.67934841935596 197
1622680688117 -90.67934841935596 198
1622680726400 -90.67934841935596 199
1622680765112 -90.67934841935596 200
1622680802811 -90.67934841935596 201
1622680839679 -90.67934841935596 202
1622680876740 -90.67934841935596 203
1622680913979 -90.67934841935596 204
1622680952191 -90.67934841935596 205
1622680990764 -90.67934841935596 206
1622681028714 -90.67934841935596 207
1622681066654 -90.67934841935596 208
1622681105006 -90.67934841935596 209
1622681143442 -90.67934841935596 210
1622681181976 -90.67934841935596 211
1622681220695 -90.67934841935596 212
1622681259570 -90.67934841935596 213
1622681298819 -90.67934841935596 214
1622681338172 -90.67934841935596 215
1622681377657 -90.67934841935596 216
1622681417064 -90.67934841935596 217
1622681456752 -90.67934841935596 218
1622681498620 -90.67934841935596 219
1622681538849 -90.67934841935596 220
1622681579180 -90.67934841935596 221
1622681619401 -90.67934841935596 222
1622681659925 -90.67934841935596 223
1622681700663 -90.67934841935596 224
1622681743620 -90.67934841935596 225
1622681784964 -90.67934841935596 226
1622681826322 -90.67934841935596 227
1622681870005 -90.67934841935596 228
1622681913030 -90.67934841935596 229
1622681954847 -90.67934841935596 230
1622681996781 -90.67934841935596 231
1622682038963 -90.67934841935596 232
1622682083719 -90.67934841935596 233
1622682128323 -90.67934841935596 234
1622682171545 -90.67934841935596 235
1622682214257 -90.67934841935596 236
1622682256594 -90.67934841935596 237
1622682299360 -90.67934841935596 238
1622682342451 -90.67934841935596 239
1622682386791 -90.67934841935596 240
1622682433408 -90.67934841935596 241
1622682476377 -90.67934841935596 242
1622682519596 -90.67934841935596 243
1622682565576 -90.67934841935596 244
1622682609229 -90.67934841935596 245
1622682652991 -90.67934841935596 246
1622682696666 -90.67934841935596 247
1622682740716 -90.67934841935596 248
1622682786439 -90.67934841935596 249
1622682833802 -90.67934841935596 250
1622682880964 -90.67934841935596 251
1622682926010 -90.67934841935596 252
1622682970792 -90.67934841935596 253
1622683015672 -90.67934841935596 254
1622683060853 -90.67934841935596 255
1622683107882 -90.67934841935596 256
1622683154969 -90.67934841935596 257
1622683201451 -90.67934841935596 258
1622683248355 -90.67934841935596 259
1622683294128 -90.67934841935596 260
1622683340152 -90.67934841935596 261
1622683386644 -90.67934841935596 262
1622683437314 -90.67934841935596 263
1622683487214 -90.67934841935596 264
1622683536228 -90.67934841935596 265
1622683583460 -90.67934841935596 266
1622683633470 -90.67934841935596 267
1622683680840 -90.67934841935596 268
1622683728451 -90.67934841935596 269
1622683776143 -90.67934841935596 270
1622683824307 -90.67934841935596 271
1622683872474 -90.67934841935596 272
1622683921189 -90.67934841935596 273
1622683972996 -90.67934841935596 274
1622684021621 -90.67934841935596 275
1622684070320 -90.67934841935596 276
1622684119176 -90.67934841935596 277
1622684168430 -90.67934841935596 278
1622684217705 -90.67934841935596 279
1622684269186 -90.67934841935596 280
1622684319965 -90.67934841935596 281
1622684369651 -90.67934841935596 282
1622684422104 -90.67934841935596 283
1622684475008 -90.67934841935596 284
1622684526423 -90.67934841935596 285
1622684578026 -90.67934841935596 286
1622684629307 -90.67934841935596 287
1622684679862 -90.67934841935596 288
1622684732294 -90.67934841935596 289
1622684783788 -90.67934841935596 290
1622684835498 -90.67934841935596 291
1622684886993 -90.67934841935596 292
1622684938699 -90.67934841935596 293
1622684993304 -90.67934841935596 294
1622685045844 -90.67934841935596 295
1622685100170 -90.67934841935596 296
1622685153109 -90.67934841935596 297
1622685206087 -90.67934841935596 298
1622685259643 -90.67934841935596 299
1622685314447 -90.67934841935596 300
1622685368595 -90.67934841935596 301
1622685424739 -90.67934841935596 302
1622685478522 -90.67934841935596 303
1622685534515 -90.67934841935596 304
1622685594806 -90.67934841935596 305
1622685651601 -90.67934841935596 306
1622685705764 -90.67934841935596 307
1622685760287 -90.67934841935596 308
1622685815211 -90.67934841935596 309
1622685870181 -90.67934841935596 310
1622685925542 -90.67934841935596 311
1622685981797 -90.67934841935596 312
1622686041175 -90.67934841935596 313
1622686101143 -90.67934841935596 314
1622686159189 -90.67934841935596 315
1622686215554 -90.67934841935596 316
1622686273093 -90.67934841935596 317
1622686332157 -90.67934841935596 318
1622686388778 -90.67934841935596 319
1622686446304 -90.67934841935596 320
1622686503399 -90.67934841935596 321
1622686560573 -90.67934841935596 322
1622686619446 -90.67934841935596 323
1622686676891 -90.67934841935596 324
1622686734773 -90.67934841935596 325
1622686793045 -90.67934841935596 326
1622686853316 -90.67934841935596 327
1622686913796 -90.67934841935596 328
1622686975169 -90.67934841935596 329
1622687033865 -90.67934841935596 330
1622687092580 -90.67934841935596 331
1622687153432 -90.67934841935596 332
1622687213397 -90.67934841935596 333
1622687274727 -90.67934841935596 334
1622687334276 -90.67934841935596 335
1622687394046 -90.67934841935596 336
1622687455206 -90.67934841935596 337
1622687515369 -90.67934841935596 338
1622687575873 -90.67934841935596 339
1622687636496 -90.67934841935596 340
1622687697145 -90.67934841935596 341
1622687757991 -90.67934841935596 342
1622687823554 -90.67934841935596 343
1622687888618 -90.67934841935596 344
1622687949815 -90.67934841935596 345
1622688012373 -90.67934841935596 346
1622688074750 -90.67934841935596 347
1622688140208 -90.67934841935596 348
1622688202385 -90.67934841935596 349
1622688264765 -90.67934841935596 350
1622688328272 -90.67934841935596 351
1622688390978 -90.67934841935596 352
1622688453752 -90.67934841935596 353
1622688516592 -90.67934841935596 354
1622688579576 -90.67934841935596 355
1622688643615 -90.67934841935596 356
1622688707259 -90.67934841935596 357
1622688770888 -90.67934841935596 358
1622688834631 -90.67934841935596 359
1622688897566 -90.67934841935596 360
1622688960601 -90.67934841935596 361
1622689027602 -90.67934841935596 362
1622689094164 -90.67934841935596 363
1622689158659 -90.67934841935596 364
1622689222401 -90.67934841935596 365
1622689285233 -90.67934841935596 366
1622689348204 -90.67934841935596 367
1622689412760 -90.67934841935596 368
1622689476902 -90.67934841935596 369
1622689540457 -90.67934841935596 370
1622689604810 -90.67934841935596 371
1622689669892 -90.67934841935596 372
1622689734858 -90.67934841935596 373
1622689799711 -90.67934841935596 374
1622689865788 -90.67934841935596 375
1622689932773 -90.67934841935596 376
1622689998889 -90.67934841935596 377
1622690069178 -90.67934841935596 378
1622690134669 -90.67934841935596 379
1622690201505 -90.67934841935596 380
1622690267360 -90.67934841935596 381
1622690334805 -90.67934841935596 382
1622690403238 -90.67934841935596 383
1622690469590 -90.67934841935596 384
1622690537371 -90.67934841935596 385
1622690607338 -90.67934841935596 386
1622690674114 -90.67934841935596 387
1622690741006 -90.67934841935596 388
1622690808293 -90.67934841935596 389
1622690878639 -90.67934841935596 390
1622690946899 -90.67934841935596 391
1622691016685 -90.67934841935596 392
1622691087095 -90.67934841935596 393
1622691155263 -90.67934841935596 394
1622691225234 -90.67934841935596 395
1622691293732 -90.67934841935596 396
1622691362601 -90.67934841935596 397
1622691432130 -90.67934841935596 398
1622691501968 -90.67934841935596 399
1622691572060 -90.67934841935596 400
1622691641499 -90.67934841935596 401
1622691711378 -90.67934841935596 402
1622691781425 -90.67934841935596 403
1622691851148 -90.67934841935596 404
1622691922136 -90.67934841935596 405
1622691992458 -90.67934841935596 406
1622692064088 -90.67934841935596 407
1622692134998 -90.67934841935596 408
1622692207018 -90.67934841935596 409
1622692278492 -90.67934841935596 410
1622692349727 -90.67934841935596 411
1622692421395 -90.67934841935596 412
1622692495361 -90.67934841935596 413
1622692569956 -90.67934841935596 414
1622692642250 -90.67934841935596 415
1622692714479 -90.67934841935596 416
1622692787101 -90.67934841935596 417
1622692860610 -90.67934841935596 418
1622692934451 -90.67934841935596 419
1622693008437 -90.67934841935596 420
1622693082881 -90.67934841935596 421
1622693156613 -90.67934841935596 422
1622693231226 -90.67934841935596 423
1622693306454 -90.67934841935596 424
1622693381050 -90.67934841935596 425
1622693455582 -90.67934841935596 426
1622693530379 -90.67934841935596 427
1622693607253 -90.67934841935596 428
1622693683777 -90.67934841935596 429
1622693758286 -90.67934841935596 430
1622693833543 -90.67934841935596 431
1622693908659 -90.67934841935596 432
1622693983923 -90.67934841935596 433
1622694059412 -90.67934841935596 434
1622694134949 -90.67934841935596 435
1622694212720 -90.67934841935596 436
1622694290168 -90.67934841935596 437
1622694366173 -90.67934841935596 438
1622694442952 -90.67934841935596 439
1622694519295 -90.67934841935596 440
1622694595876 -90.67934841935596 441
1622694674188 -90.67934841935596 442
1622694751083 -90.67934841935596 443
1622694828241 -90.67934841935596 444
1622694905617 -90.67934841935596 445
1622694983075 -90.67934841935596 446
1622695060970 -90.67934841935596 447
1622695138898 -90.67934841935596 448
1622695216846 -90.67934841935596 449
1622695294837 -90.67934841935596 450
1622695372901 -90.67934841935596 451
1622695451426 -90.67934841935596 452
1622695529958 -90.67934841935596 453
1622695608843 -90.67934841935596 454
1622695689139 -90.67934841935596 455
1622695768775 -90.67934841935596 456
1622695847734 -90.67934841935596 457
1622695927756 -90.67934841935596 458
1622696007678 -90.67934841935596 459
1622696088025 -90.67934841935596 460
1622696168465 -90.67934841935596 461
1622696249067 -90.67934841935596 462
1622696329735 -90.67934841935596 463
1622696410173 -90.67934841935596 464
1622696491132 -90.67934841935596 465
1622696572490 -90.67934841935596 466
1622696653880 -90.67934841935596 467
1622696735585 -90.67934841935596 468
1622696817265 -90.67934841935596 469
1622696899175 -90.67934841935596 470
1622696981371 -90.67934841935596 471
1622697063478 -90.67934841935596 472
1622697146021 -90.67934841935596 473
1622697228715 -90.67934841935596 474
1622697311628 -90.67934841935596 475
1622697394293 -90.67934841935596 476
1622697478233 -90.67934841935596 477
1622697562497 -90.67934841935596 478
1622697645806 -90.67934841935596 479
1622697729867 -90.67934841935596 480
1622697813388 -90.67934841935596 481
1622697897047 -90.67934841935596 482
1622697981214 -90.67934841935596 483
1622698065348 -90.67934841935596 484
1622698149777 -90.67934841935596 485
1622698234616 -90.67934841935596 486
1622698319428 -90.67934841935596 487
1622698404530 -90.67934841935596 488
1622698489880 -90.67934841935596 489
1622698575514 -90.67934841935596 490
1622698661319 -90.67934841935596 491
1622698747382 -90.67934841935596 492
1622698835445 -90.67934841935596 493
1622698923513 -90.67934841935596 494
1622699011689 -90.67934841935596 495
1622699100048 -90.67934841935596 496
1622699188547 -90.67934841935596 497
1622699278326 -90.67934841935596 498
1622699368209 -90.67934841935596 499
1622699458856 -90.67934841935596 500
