1622587043766 0.489 0
1622587044416 0.086 1
1622587045430 0.083 2
1622587046280 0.141 3
1622587046978 0.085 4
1622587047691 0.083 5
1622587048375 0.077 6
1622587049100 0.076 7
1622587049865 0.076 8
1622587050670 0.077 9
1622587051516 0.077 10
1622587052385 0.076 11
1622587053297 0.076 12
1622587054242 0.078 13
1622587055230 0.079 14
1622587056243 0.077 15
1622587057298 0.077 16
1622587058385 0.078 17
1622587059500 0.078 18
1622587060656 0.077 19
1622587061828 0.076 20
1622587063042 0.076 21
1622587064296 0.077 22
1622587065633 0.077 23
1622587066985 0.077 24
1622587068353 0.079 25
1622587069801 0.081 26
1622587071241 0.075 27
1622587072809 0.077 28
1622587074311 0.076 29
1622587075932 0.076 30
1622587077645 0.08 31
1622587079773 0.082 32
1622587081475 0.086 33
1622587083175 0.076 34
1622587084999 0.077 35
1622587086831 0.09 36
1622587088654 0.075 37
1622587090473 0.075 38
1622587092338 0.076 39
1622587094193 0.074 40
1622587097140 0.143 41
1622587099108 0.076 42
1622587101130 0.076 43
1622587103166 0.075 44
1622587105228 0.075 45
1622587107313 0.075 46
1622587109439 0.076 47
1622587111620 0.076 48
1622587113808 0.077 49
1622587116029 0.075 50
1622587118340 0.074 51
1622587120650 0.075 52
1622587123026 0.075 53
1622587125454 0.075 54
1622587127944 0.076 55
1622587130434 0.074 56
1622587132892 0.075 57
1622587135449 0.075 58
1622587138017 0.075 59
1622587140652 0.074 60
1622587143261 0.075 61
1622587145972 0.076 62
1622587148640 0.075 63
1622587151362 0.077 64
1622587154101 0.079 65
1622587156892 0.075 66
1622587159691 0.075 67
1622587162544 0.075 68
1622587165393 0.075 69
1622587168338 0.076 70
1622587171342 0.075 71
1622587174322 0.075 72
1622587177368 0.076 73
1622587180424 0.075 74
1622587183528 0.075 75
1622587186742 0.075 76
1622587189973 0.075 77
1622587193537 0.074 78
1622587197135 0.152 79
1622587200421 0.075 80
1622587204372 0.075 81
1622587207707 0.075 82
1622587211214 0.077 83
1622587214889 0.083 84
1622587218438 0.075 85
1622587221897 0.075 86
1622587225522 0.076 87
1622587229151 0.075 88
1622587232863 0.076 89
1622587237383 0.075 90
1622587241173 0.077 91
1622587244930 0.077 92
1622587248727 0.076 93
1622587253109 0.076 94
1622587258122 0.144 95
1622587263021 0.104 96
1622587266994 0.077 97
1622587271015 0.085 98
1622587275068 0.077 99
1622587279847 0.077 100
1622587284604 0.077 101
1622587289404 0.078 102
1622587294627 0.104 103
1622587298837 0.076 104
1622587304070 0.076 105
1622587308515 0.087 106
1622587313952 0.078 107
1622587319311 0.077 108
1622587323665 0.076 109
1622587328808 0.076 110
1622587333304 0.08 111
1622587337879 0.075 112
1622587342380 0.076 113
1622587347010 0.075 114
1622587351633 0.074 115
1622587356227 0.074 116
1622587360890 0.075 117
1622587367114 0.075 118
1622587372620 0.144 119
1622587379011 0.075 120
1622587384016 0.08 121
1622587388819 0.076 122
1622587395483 0.074 123
1622587400415 0.075 124
1622587405306 0.074 125
1622587410251 0.075 126
1622587416951 0.074 127
1622587422074 0.075 128
1622587427399 0.076 129
1622587432517 0.081 130
1622587437749 0.078 131
1622587443023 0.075 132
1622587448397 0.076 133
1622587453777 0.079 134
1622587459257 0.078 135
1622587464945 0.077 136
1622587470316 0.076 137
1622587475729 0.074 138
1622587481197 0.077 139
1622587486740 0.075 140
1622587492302 0.077 141
1622587497948 0.074 142
1622587503661 0.074 143
1622587509348 0.074 144
1622587515011 0.075 145
1622587520821 0.075 146
1622587526645 0.075 147
1622587532494 0.075 148
1622587538390 0.078 149
1622587544397 0.075 150
1622587550323 0.078 151
1622587556303 0.075 152
1622587562371 0.074 153
1622587568495 0.076 154
1622587574609 0.075 155
1622587580818 0.077 156
1622587586935 0.079 157
1622587593191 0.075 158
1622587599367 0.077 159
1622587605572 0.075 160
1622587611856 0.075 161
1622587618155 0.077 162
1622587624496 0.081 163
1622587630860 0.077 164
1622587637630 0.076 165
1622587643962 0.075 166
1622587650527 0.075 167
1622587656932 0.076 168
1622587663550 0.075 169
1622587670540 0.08 170
1622587677549 0.078 171
1622587684184 0.074 172
1622587691477 0.074 173
1622587698524 0.076 174
1622587705403 0.076 175
1622587712333 0.076 176
1622587719374 0.078 177
1622587726321 0.076 178
1622587733481 0.076 179
1622587740505 0.075 180
1622587747485 0.075 181
1622587754534 0.076 182
1622587761717 0.078 183
1622587768885 0.076 184
1622587776056 0.076 185
1622587783288 0.074 186
1622587790506 0.083 187
1622587797810 0.079 188
1622587805039 0.08 189
1622587812339 0.078 190
1622587819774 0.076 191
1622587827285 0.076 192
1622587834664 0.076 193
1622587842178 0.075 194
1622587849749 0.077 195
1622587857330 0.076 196
1622587864890 0.077 197
1622587872640 0.076 198
1622587880264 0.075 199
1622587888009 0.076 200
1622587895606 0.076 201
1622587903406 0.076 202
1622587911278 0.1 203
1622587919081 0.078 204
1622587926816 0.075 205
1622587934702 0.074 206
1622587942583 0.076 207
1622587950498 0.076 208
1622587958508 0.076 209
1622587966682 0.074 210
1622587975047 0.103 211
1622587983546 0.077 212
1622587992249 0.082 213
1622588000830 0.077 214
1622588009240 0.074 215
1622588018023 0.077 216
1622588026614 0.079 217
1622588035433 0.077 218
1622588044500 0.08 219
1622588053123 0.077 220
1622588061880 0.078 221
1622588070424 0.076 222
1622588078771 0.075 223
1622588087288 0.077 224
1622588095710 0.077 225
1622588104379 0.074 226
1622588112798 0.074 227
1622588122379 0.076 228
1622588131050 0.075 229
1622588139608 0.081 230
1622588148296 0.082 231
1622588157042 0.075 232
1622588165663 0.076 233
1622588174392 0.075 234
1622588183231 0.076 235
1622588192088 0.074 236
1622588201127 0.078 237
1622588210098 0.078 238
1622588220392 0.075 239
1622588229515 0.076 240
1622588238932 0.075 241
1622588248604 0.079 242
1622588258110 0.077 243
1622588267315 0.076 244
1622588278130 0.075 245
1622588287336 0.075 246
1622588297465 0.075 247
1622588307682 0.083 248
1622588317464 0.075 249
1622588327190 0.077 250
1622588337092 0.081 251
1622588347097 0.084 252
1622588357071 0.076 253
1622588366915 0.084 254
1622588376993 0.08 255
1622588386893 0.076 256
1622588396896 0.076 257
1622588407146 0.079 258
1622588418240 0.076 259
1622588428252 0.076 260
1622588438825 0.079 261
1622588448778 0.075 262
1622588458844 0.075 263
1622588468918 0.084 264
1622588479035 0.077 265
1622588489714 0.076 266
1622588499699 0.077 267
1622588509831 0.077 268
1622588519945 0.075 269
1622588530072 0.076 270
1622588540167 0.077 271
1622588550337 0.075 272
1622588560579 0.077 273
1622588572077 0.085 274
1622588583206 0.079 275
1622588593885 0.137 276
1622588604293 0.076 277
1622588614926 0.076 278
1622588626154 0.079 279
1622588636841 0.076 280
1622588647332 0.076 281
1622588658041 0.075 282
1622588668613 0.076 283
1622588679288 0.076 284
1622588690032 0.077 285
1622588701132 0.078 286
1622588712207 0.081 287
1622588723144 0.075 288
1622588734351 0.077 289
1622588745471 0.077 290
1622588756718 0.076 291
1622588768369 0.08 292
1622588779343 0.076 293
1622588792183 0.075 294
1622588803196 0.078 295
1622588815896 0.076 296
1622588827121 0.083 297
1622588839055 0.076 298
1622588850950 0.075 299
1622588862370 0.079 300
1622588873872 0.076 301
1622588885545 0.079 302
1622588896928 0.078 303
1622588908423 0.076 304
1622588919944 0.075 305
1622588932085 0.075 306
1622588944550 0.077 307
1622588956189 0.08 308
1622588967757 0.077 309
1622588979405 0.076 310
1622588991098 0.076 311
1622589002799 0.076 312
1622589014594 0.075 313
1622589026452 0.075 314
1622589038732 0.077 315
1622589050690 0.074 316
1622589062568 0.077 317
1622589074432 0.075 318
1622589086392 0.076 319
1622589098511 0.079 320
1622589110592 0.077 321
1622589122629 0.076 322
1622589134738 0.077 323
1622589146923 0.076 324
1622589159826 0.078 325
1622589172948 0.077 326
1622589185589 0.084 327
1622589198183 0.076 328
1622589211126 0.078 329
1622589223728 0.089 330
1622589237095 0.077 331
1622589250039 0.083 332
1622589264182 0.081 333
1622589277167 0.078 334
1622589289800 0.078 335
1622589302520 0.077 336
1622589315337 0.079 337
1622589328443 0.076 338
1622589341940 0.08 339
1622589356326 0.082 340
1622589369134 0.076 341
1622589382048 0.077 342
1622589394848 0.078 343
1622589409329 0.077 344
1622589422228 0.075 345
1622589435195 0.077 346
1622589448015 0.074 347
1622589461039 0.076 348
1622589474032 0.078 349
1622589487627 0.076 350
1622589501156 0.085 351
1622589514512 0.078 352
1622589527709 0.086 353
1622589541083 0.077 354
1622589554493 0.076 355
1622589567730 0.077 356
1622589581358 0.075 357
1622589594858 0.077 358
1622589608773 0.077 359
1622589622595 0.078 360
1622589636616 0.078 361
1622589650189 0.076 362
1622589663838 0.079 363
1622589677398 0.084 364
1622589691205 0.077 365
1622589704902 0.077 366
1622589718636 0.075 367
1622589732380 0.076 368
1622589746244 0.074 369
1622589760037 0.075 370
1622589773898 0.075 371
1622589787916 0.075 372
1622589801990 0.075 373
1622589815975 0.075 374
1622589830566 0.076 375
1622589845613 0.079 376
1622589860535 0.075 377
1622589875440 0.079 378
1622589890479 0.076 379
1622589905492 0.075 380
1622589920021 0.079 381
1622589934624 0.075 382
1622589949324 0.077 383
1622589965068 0.08 384
1622589979318 0.075 385
1622589994095 0.074 386
1622590008560 0.074 387
1622590023765 0.075 388
1622590038969 0.076 389
1622590053735 0.076 390
1622590068386 0.078 391
1622590083030 0.082 392
1622590097772 0.077 393
1622590112636 0.077 394
1622590127650 0.078 395
1622590142936 0.082 396
1622590158071 0.079 397
1622590173476 0.079 398
1622590188451 0.077 399
1622590204866 0.077 400
1622590219948 0.076 401
1622590235031 0.078 402
1622590250218 0.077 403
1622590265335 0.078 404
1622590280587 0.076 405
1622590296208 0.078 406
1622590312516 0.077 407
1622590329274 0.081 408
1622590344617 0.081 409
1622590361513 0.076 410
1622590378141 0.081 411
1622590394033 0.081 412
1622590409358 0.076 413
1622590424657 0.076 414
1622590441989 0.074 415
1622590457394 0.074 416
1622590472763 0.075 417
1622590488094 0.076 418
1622590504661 0.074 419
1622590521034 0.074 420
1622590536497 0.075 421
1622590552798 0.075 422
1622590568583 0.074 423
1622590584399 0.075 424
1622590600283 0.076 425
1622590616427 0.076 426
1622590632590 0.076 427
1622590648555 0.077 428
1622590664788 0.077 429
1622590680679 0.078 430
1622590696758 0.076 431
1622590713044 0.077 432
1622590729221 0.075 433
1622590745438 0.074 434
1622590761863 0.075 435
1622590778383 0.077 436
1622590796072 0.081 437
1622590813325 0.077 438
1622590829514 0.076 439
1622590845777 0.076 440
1622590863709 0.075 441
1622590880321 0.076 442
1622590897511 0.076 443
1622590915963 0.076 444
1622590933413 0.083 445
1622590950561 0.077 446
1622590967140 0.077 447
1622590983640 0.075 448
1622591000375 0.076 449
1622591017635 0.076 450
1622591036222 0.078 451
1622591052799 0.074 452
1622591069442 0.074 453
1622591086142 0.074 454
1622591102871 0.074 455
1622591119846 0.074 456
1622591137067 0.074 457
1622591155155 0.078 458
1622591172530 0.078 459
1622591189608 0.075 460
1622591207564 0.075 461
1622591225341 0.083 462
1622591242458 0.079 463
1622591259779 0.078 464
1622591277610 0.081 465
1622591295757 0.075 466
1622591313049 0.075 467
1622591330854 0.076 468
1622591349551 0.08 469
1622591367779 0.078 470
1622591386399 0.081 471
1622591404955 0.08 472
1622591423587 0.075 473
1622591442386 0.08 474
1622591461166 0.078 475
1622591479325 0.079 476
1622591497235 0.075 477
1622591516325 0.074 478
1622591535217 0.078 479
1622591553389 0.077 480
1622591571081 0.075 481
1622591588804 0.076 482
1622591606700 0.076 483
1622591624554 0.074 484
1622591642506 0.076 485
1622591660416 0.075 486
1622591678617 0.077 487
1622591697626 0.078 488
1622591717009 0.082 489
1622591736207 0.076 490
1622591754498 0.076 491
1622591772699 0.076 492
1622591790917 0.076 493
1622591809270 0.075 494
1622591827648 0.074 495
1622591847112 0.081 496
1622591865639 0.084 497
1622591884202 0.076 498
1622591902935 0.075 499
1622591921867 0.076 500
