1622757817756 50 0
1622757818290 60 1
1622757818836 70 2
1622757819423 80 3
1622757820022 90 4
1622757820668 100 5
1622757821955 110 6
1622757823072 120 7
1622757823846 130 8
1622757824635 140 9
1622757825455 150 10
1622757826323 160 11
1622757827200 170 12
1622757828982 180 13
1622757830136 190 14
1622757831137 200 15
1622757832174 210 16
1622757833247 220 17
1622757834347 230 18
1622757835474 240 19
1622757836632 250 20
1622757837838 260 21
1622757839092 270 22
1622757840407 280 23
1622757841714 290 24
1622757843072 300 25
1622757844475 310 26
1622757845898 320 27
1622757847357 330 28
1622757848863 340 29
1622757850410 350 30
1622757851983 360 31
1622757853606 370 32
1622757855256 380 33
1622757856929 390 34
1622757858630 400 35
1622757860408 410 36
1622757862164 420 37
1622757863995 430 38
1622757865873 440 39
1622757867749 450 40
1622757869694 460 41
1622757871623 470 42
1622757873615 480 43
1622757875648 490 44
1622757877718 500 45
1622757879828 510 46
1622757881966 520 47
1622757884144 530 48
1622757886336 540 49
1622757888584 550 50
1622757890849 560 51
1622757893196 570 52
1622757895569 580 53
1622757897937 590 54
1622757900392 600 55
1622757902865 610 56
1622757905382 620 57
1622757907923 630 58
1622757910511 640 59
1622757913275 650 60
1622757915926 660 61
1622757918632 670 62
1622757921363 680 63
1622757924133 690 64
1622757926893 700 65
1622757929719 710 66
1622757932565 720 67
1622757935452 730 68
1622757938383 740 69
1622757941370 750 70
1622757944360 760 71
1622757947422 770 72
1622757950487 780 73
1622757953591 790 74
1622757956778 800 75
1622757959974 810 76
1622757963236 820 77
1622757966524 830 78
1622757969754 840 79
1622757973085 850 80
1622757976389 860 81
1622757979790 870 82
1622757983213 880 83
1622757986726 890 84
1622757990230 900 85
1622757993781 910 86
1622757997381 920 87
1622758000956 930 88
1622758004679 940 89
1622758008329 950 90
1622758012047 960 91
1622758015873 970 92
1622758019624 980 93
1622758023472 990 94
1622758027381 1000 95
1622758031288 1010 96
1622758035211 1020 97
1622758039157 1030 98
1622758043125 1040 99
1622758047154 1050 100
1622758051222 1060 101
1622758055344 1070 102
1622758059455 1080 103
1622758063630 1090 104
1622758067798 1100 105
1622758072011 1110 106
1622758076324 1120 107
1622758080656 1130 108
1622758085020 1140 109
1622758089393 1150 110
1622758093773 1160 111
1622758098215 1170 112
1622758102725 1180 113
1622758107229 1190 114
1622758111799 1200 115
1622758116410 1210 116
1622758121081 1220 117
1622758125800 1230 118
1622758130539 1240 119
1622758135293 1250 120
1622758140138 1260 121
1622758144981 1270 122
1622758149841 1280 123
1622758154742 1290 124
1622758159660 1300 125
1622758164706 1310 126
1622758169738 1320 127
1622758174818 1330 128
1622758179902 1340 129
1622758185065 1350 130
1622758190204 1360 131
1622758195405 1370 132
1622758200624 1380 133
1622758205883 1390 134
1622758211204 1400 135
1622758216518 1410 136
1622758221927 1420 137
1622758227322 1430 138
1622758232763 1440 139
1622758238277 1450 140
1622758243845 1460 141
1622758249368 1470 142
1622758254917 1480 143
1622758260626 1490 144
1622758266363 1500 145
1622758272035 1510 146
1622758277836 1520 147
1622758283598 1530 148
1622758289398 1540 149
1622758295258 1550 150
1622758301076 1560 151
1622758307020 1570 152
1622758312980 1580 153
1622758318920 1590 154
1622758324949 1600 155
1622758331016 1610 156
1622758337120 1620 157
1622758343262 1630 158
1622758349435 1640 159
1622758355651 1650 160
1622758361837 1660 161
1622758368044 1670 162
1622758374364 1680 163
1622758380653 1690 164
1622758386989 1700 165
1622758393466 1710 166
1622758399937 1720 167
1622758406402 1730 168
1622758412887 1740 169
1622758419389 1750 170
1622758425951 1760 171
1622758432549 1770 172
1622758439202 1780 173
1622758445928 1790 174
1622758452668 1800 175
1622758459521 1810 176
1622758466340 1820 177
1622758473138 1830 178
1622758480048 1840 179
1622758487036 1850 180
1622758494431 1860 181
1622758501950 1870 182
1622758509140 1880 183
1622758516208 1890 184
1622758523312 1900 185
1622758530461 1910 186
1622758537604 1920 187
1622758545179 1930 188
1622758552459 1940 189
1622758559791 1950 190
1622758567027 1960 191
1622758574322 1970 192
1622758581712 1980 193
1622758589047 1990 194
1622758596503 2000 195
1622758604006 2010 196
1622758611602 2020 197
1622758619217 2030 198
1622758626768 2040 199
1622758634386 2050 200
1622758642042 2060 201
1622758649700 2070 202
1622758657464 2080 203
1622758665257 2090 204
1622758673053 2100 205
1622758680854 2110 206
1622758688665 2120 207
1622758696539 2130 208
1622758704503 2140 209
1622758712454 2150 210
1622758720528 2160 211
1622758728549 2170 212
1622758736674 2180 213
1622758744718 2190 214
1622758752902 2200 215
1622758761064 2210 216
1622758769252 2220 217
1622758777578 2230 218
1622758785835 2240 219
1622758794191 2250 220
1622758802606 2260 221
1622758811040 2270 222
1622758819471 2280 223
1622758828036 2290 224
1622758836577 2300 225
1622758845148 2310 226
1622758853789 2320 227
1622758862478 2330 228
1622758871157 2340 229
1622758879866 2350 230
1622758888597 2360 231
1622758897344 2370 232
1622758906107 2380 233
1622758914987 2390 234
1622758923912 2400 235
1622758932915 2410 236
1622758941903 2420 237
1622758950913 2430 238
1622758959866 2440 239
1622758968933 2450 240
1622758978085 2460 241
1622758987286 2470 242
1622758996497 2480 243
1622759005633 2490 244
1622759014838 2500 245
1622759024122 2510 246
1622759033391 2520 247
1622759042694 2530 248
1622759052072 2540 249
1622759061476 2550 250
1622759070950 2560 251
1622759080417 2570 252
1622759089977 2580 253
1622759099517 2590 254
1622759109092 2600 255
1622759118764 2610 256
1622759128453 2620 257
1622759138112 2630 258
1622759147773 2640 259
1622759157556 2650 260
1622759167377 2660 261
1622759177184 2670 262
1622759187036 2680 263
1622759196842 2690 264
1622759206757 2700 265
1622759216803 2710 266
1622759226832 2720 267
1622759236938 2730 268
1622759247076 2740 269
1622759257195 2750 270
1622759267348 2760 271
1622759277605 2770 272
1622759287980 2780 273
1622759298245 2790 274
1622759308615 2800 275
1622759319033 2810 276
1622759329529 2820 277
1622759339945 2830 278
1622759350429 2840 279
1622759360968 2850 280
1622759371592 2860 281
1622759382157 2870 282
1622759392910 2880 283
1622759403606 2890 284
1622759414318 2900 285
1622759425099 2910 286
1622759435803 2920 287
1622759446637 2930 288
1622759457510 2940 289
1622759468381 2950 290
1622759479260 2960 291
1622759490180 2970 292
1622759501187 2980 293
1622759512199 2990 294
1622759523273 3000 295
1622759534398 3010 296
1622759545534 3020 297
1622759556663 3030 298
1622759567877 3040 299
1622759579069 3050 300
1622759590309 3060 301
1622759601626 3070 302
1622759612947 3080 303
1622759624284 3090 304
1622759635736 3100 305
1622759647113 3110 306
1622759658668 3120 307
1622759670142 3130 308
1622759681691 3140 309
1622759693269 3150 310
1622759704935 3160 311
1622759716643 3170 312
1622759728365 3180 313
1622759740092 3190 314
1622759751867 3200 315
1622759763702 3210 316
1622759775495 3220 317
1622759787341 3230 318
1622759799234 3240 319
1622759811206 3250 320
1622759823301 3260 321
1622759835292 3270 322
1622759847402 3280 323
1622759859435 3290 324
1622759871557 3300 325
1622759883986 3310 326
1622759896460 3320 327
1622759908716 3330 328
1622759920993 3340 329
1622759933353 3350 330
1622759945724 3360 331
1622759958109 3370 332
1622759970537 3380 333
1622759982953 3390 334
1622759995478 3400 335
1622760007991 3410 336
1622760020615 3420 337
1622760033204 3430 338
1622760047527 3440 339
1622760060179 3450 340
1622760072927 3460 341
1622760085620 3470 342
1622760098391 3480 343
1622760111213 3490 344
1622760124008 3500 345
1622760136880 3510 346
1622760149857 3520 347
1622760162836 3530 348
1622760175697 3540 349
1622760188770 3550 350
1622760201809 3560 351
1622760214950 3570 352
1622760228114 3580 353
1622760241325 3590 354
1622760254489 3600 355
1622760267741 3610 356
1622760281016 3620 357
1622760294338 3630 358
1622760307800 3640 359
1622760321047 3650 360
1622760334504 3660 361
1622760347975 3670 362
1622760361529 3680 363
1622760375093 3690 364
1622760388692 3700 365
1622760402305 3710 366
1622760416065 3720 367
1622760429866 3730 368
1622760443605 3740 369
1622760457407 3750 370
1622760471172 3760 371
1622760484900 3770 372
1622760498697 3780 373
1622760512536 3790 374
1622760526560 3800 375
1622760540509 3810 376
1622760554409 3820 377
1622760568490 3830 378
1622760582541 3840 379
1622760596601 3850 380
1622760610727 3860 381
1622760624791 3870 382
1622760639006 3880 383
1622760653196 3890 384
1622760667458 3900 385
1622760681819 3910 386
1622760696088 3920 387
1622760710545 3930 388
1622760725056 3940 389
1622760739419 3950 390
1622760753896 3960 391
1622760768496 3970 392
1622760783043 3980 393
1622760797648 3990 394
1622760812282 4000 395
1622760826882 4010 396
1622760841508 4020 397
1622760856291 4030 398
1622760871043 4040 399
1622760885865 4050 400
1622760900793 4060 401
1622760915738 4070 402
1622760930598 4080 403
1622760945444 4090 404
1622760960293 4100 405
1622760975227 4110 406
1622760990295 4120 407
1622761005320 4130 408
1622761020389 4140 409
1622761035513 4150 410
1622761050787 4160 411
1622761066098 4170 412
1622761081395 4180 413
1622761096761 4190 414
1622761112095 4200 415
1622761127376 4210 416
1622761142848 4220 417
1622761158272 4230 418
1622761173770 4240 419
1622761189227 4250 420
1622761204774 4260 421
1622761220422 4270 422
1622761235990 4280 423
1622761251580 4290 424
1622761267307 4300 425
1622761283069 4310 426
1622761298771 4320 427
1622761314397 4330 428
1622761330203 4340 429
1622761345948 4350 430
1622761361850 4360 431
1622761377834 4370 432
1622761393834 4380 433
1622761409840 4390 434
1622761425944 4400 435
1622761442062 4410 436
1622761458131 4420 437
1622761474300 4430 438
1622761490447 4440 439
1622761506852 4450 440
1622761524126 4460 441
1622761540496 4470 442
1622761556828 4480 443
1622761573278 4490 444
1622761589799 4500 445
1622761606343 4510 446
1622761622996 4520 447
1622761639581 4530 448
1622761656216 4540 449
1622761672960 4550 450
1622761689619 4560 451
1622761706280 4570 452
1622761723066 4580 453
1622761739913 4590 454
1622761756716 4600 455
1622761773633 4610 456
1622761790638 4620 457
1622761807735 4630 458
1622761824681 4640 459
1622761841700 4650 460
1622761858806 4660 461
1622761875818 4670 462
1622761892962 4680 463
1622761910071 4690 464
1622761927304 4700 465
1622761944618 4710 466
1622761961876 4720 467
1622761979174 4730 468
1622761996518 4740 469
1622762013972 4750 470
1622762031422 4760 471
1622762048961 4770 472
1622762066547 4780 473
1622762084094 4790 474
1622762101772 4800 475
1622762119479 4810 476
1622762137204 4820 477
1622762154869 4830 478
1622762172518 4840 479
1622762190302 4850 480
1622762208215 4860 481
1622762226060 4870 482
1622762243944 4880 483
1622762262041 4890 484
1622762280075 4900 485
1622762298154 4910 486
1622762316271 4920 487
1622762334329 4930 488
1622762352440 4940 489
1622762370601 4950 490
1622762388789 4960 491
1622762407122 4970 492
1622762425436 4980 493
1622762443770 4990 494
1622762462208 5000 495
1622762480652 5010 496
1622762498960 5020 497
1622762517377 5030 498
1622762535759 5040 499
1622762554248 5050 500
