1622757817774 0.374 0
1622757818303 0.45 1
1622757818848 0.524 2
1622757819436 0.599 3
1622757820034 0.6739999999999999 4
1622757820684 0.7479999999999999 5
1622757821971 0.8959999999999999 6
1622757823085 1.0339999999999998 7
1622757823858 1.1179999999999999 8
1622757824647 1.1929999999999998 9
1622757825467 1.2699999999999998 10
1622757826334 1.3459999999999999 11
1622757827211 1.4209999999999998 12
1622757828997 1.5719999999999998 13
1622757830147 1.6989999999999998 14
1622757831147 1.773 15
1622757832185 1.8479999999999999 16
1622757833259 1.922 17
1622757834359 1.998 18
1622757835486 2.074 19
1622757836642 2.149 20
1622757837850 2.224 21
1622757839104 2.2990000000000004 22
1622757840419 2.373 23
1622757841726 2.4480000000000004 24
1622757843084 2.5230000000000006 25
1622757844486 2.5980000000000008 26
1622757845910 2.673000000000001 27
1622757847368 2.748000000000001 28
1622757848875 2.8230000000000013 29
1622757850422 2.8980000000000015 30
1622757851995 2.9720000000000013 31
1622757853618 3.0470000000000015 32
1622757855267 3.1210000000000013 33
1622757856940 3.195000000000001 34
1622757858640 3.269000000000001 35
1622757860421 3.343000000000001 36
1622757862176 3.418000000000001 37
1622757864006 3.493000000000001 38
1622757865884 3.5690000000000013 39
1622757867760 3.6440000000000015 40
1622757869705 3.7190000000000016 41
1622757871634 3.794000000000002 42
1622757873626 3.869000000000002 43
1622757875660 3.943000000000002 44
1622757877730 4.017000000000002 45
1622757879839 4.091000000000002 46
1622757881978 4.165000000000002 47
1622757884156 4.239000000000002 48
1622757886348 4.3130000000000015 49
1622757888596 4.387000000000001 50
1622757890861 4.4620000000000015 51
1622757893208 4.536000000000001 52
1622757895582 4.610000000000001 53
1622757897950 4.685000000000001 54
1622757900405 4.760000000000002 55
1622757902876 4.834000000000001 56
1622757905394 4.909000000000002 57
1622757907934 4.984000000000002 58
1622757910522 5.058000000000002 59
1622757913286 5.136000000000002 60
1622757915938 5.2120000000000015 61
1622757918643 5.286000000000001 62
1622757921375 5.360000000000001 63
1622757924145 5.435000000000001 64
1622757926904 5.509000000000001 65
1622757929732 5.583000000000001 66
1622757932577 5.657000000000001 67
1622757935463 5.731000000000001 68
1622757938395 5.807 69
1622757941382 5.883 70
1622757944373 5.957 71
1622757947434 6.031 72
1622757950499 6.106 73
1622757953603 6.181 74
1622757956789 6.255 75
1622757959985 6.329 76
1622757963249 6.404 77
1622757966536 6.478 78
1622757969766 6.553 79
1622757973097 6.627 80
1622757976401 6.701 81
1622757979803 6.7749999999999995 82
1622757983226 6.848999999999999 83
1622757986739 6.9239999999999995 84
1622757990243 6.997999999999999 85
1622757993792 7.071999999999999 86
1622757997393 7.146999999999999 87
1622758000968 7.220999999999999 88
1622758004691 7.295999999999999 89
1622758008341 7.3709999999999996 90
1622758012059 7.446999999999999 91
1622758015884 7.521999999999999 92
1622758019636 7.595 93
1622758023484 7.67 94
1622758027393 7.745 95
1622758031299 7.819 96
1622758035223 7.895 97
1622758039168 7.968999999999999 98
1622758043136 8.043 99
1622758047165 8.117999999999999 100
1622758051233 8.191999999999998 101
1622758055356 8.264999999999999 102
1622758059466 8.338999999999999 103
1622758063641 8.411999999999999 104
1622758067809 8.485999999999999 105
1622758072022 8.560999999999998 106
1622758076335 8.635999999999997 107
1622758080667 8.710999999999997 108
1622758085032 8.784999999999997 109
1622758089404 8.859999999999996 110
1622758093784 8.935999999999996 111
1622758098226 9.009999999999996 112
1622758102736 9.083999999999996 113
1622758107241 9.157999999999996 114
1622758111810 9.232999999999995 115
1622758116422 9.307999999999995 116
1622758121093 9.381999999999994 117
1622758125812 9.455999999999994 118
1622758130552 9.530999999999993 119
1622758135305 9.605999999999993 120
1622758140150 9.680999999999992 121
1622758144992 9.755999999999991 122
1622758149852 9.829999999999991 123
1622758154753 9.90499999999999 124
1622758159672 9.97999999999999 125
1622758164717 10.054999999999989 126
1622758169750 10.129999999999988 127
1622758174830 10.204999999999988 128
1622758179914 10.279999999999987 129
1622758185079 10.353999999999987 130
1622758190216 10.428999999999986 131
1622758195416 10.503999999999985 132
1622758200636 10.577999999999985 133
1622758205895 10.652999999999984 134
1622758211215 10.727999999999984 135
1622758216529 10.801999999999984 136
1622758221939 10.875999999999983 137
1622758227334 10.951999999999984 138
1622758232774 11.025999999999984 139
1622758238288 11.100999999999983 140
1622758243857 11.173999999999984 141
1622758249379 11.248999999999983 142
1622758254928 11.323999999999982 143
1622758260637 11.398999999999981 144
1622758266375 11.475999999999981 145
1622758272046 11.549999999999981 146
1622758277847 11.623999999999981 147
1622758283610 11.69899999999998 148
1622758289409 11.77499999999998 149
1622758295269 11.84899999999998 150
1622758301088 11.92299999999998 151
1622758307032 11.99699999999998 152
1622758312991 12.07199999999998 153
1622758318930 12.146999999999979 154
1622758324961 12.220999999999979 155
1622758331027 12.29399999999998 156
1622758337132 12.367999999999979 157
1622758343273 12.442999999999978 158
1622758349446 12.516999999999978 159
1622758355664 12.590999999999978 160
1622758361849 12.664999999999978 161
1622758368056 12.738999999999978 162
1622758374376 12.814999999999978 163
1622758380665 12.888999999999978 164
1622758387002 12.963999999999977 165
1622758393478 13.037999999999977 166
1622758399949 13.111999999999977 167
1622758406413 13.185999999999977 168
1622758412898 13.259999999999977 169
1622758419401 13.333999999999977 170
1622758425962 13.408999999999976 171
1622758432561 13.482999999999976 172
1622758439214 13.557999999999975 173
1622758445941 13.632999999999974 174
1622758452679 13.707999999999974 175
1622758459533 13.781999999999973 176
1622758466351 13.856999999999973 177
1622758473149 13.931999999999972 178
1622758480059 14.005999999999972 179
1622758487048 14.080999999999971 180
1622758494442 14.157999999999971 181
1622758501961 14.236999999999972 182
1622758509151 14.316999999999972 183
1622758516219 14.390999999999972 184
1622758523324 14.46599999999997 185
1622758530472 14.54099999999997 186
1622758537616 14.61599999999997 187
1622758545191 14.68999999999997 188
1622758552472 14.76599999999997 189
1622758559803 14.840999999999969 190
1622758567039 14.915999999999968 191
1622758574333 14.989999999999968 192
1622758581723 15.064999999999968 193
1622758589058 15.139999999999967 194
1622758596514 15.213999999999967 195
1622758604018 15.289999999999967 196
1622758611613 15.364999999999966 197
1622758619228 15.439999999999966 198
1622758626780 15.514999999999965 199
1622758634398 15.588999999999965 200
1622758642053 15.662999999999965 201
1622758649711 15.736999999999965 202
1622758657474 15.810999999999964 203
1622758665268 15.886999999999965 204
1622758673065 15.961999999999964 205
1622758680865 16.035999999999966 206
1622758688677 16.109999999999967 207
1622758696550 16.184999999999967 208
1622758704514 16.259999999999966 209
1622758712465 16.335999999999967 210
1622758720539 16.410999999999966 211
1622758728559 16.486999999999966 212
1622758736685 16.561999999999966 213
1622758744730 16.635999999999967 214
1622758752912 16.711999999999968 215
1622758761075 16.786999999999967 216
1622758769263 16.86099999999997 217
1622758777591 16.93499999999997 218
1622758785846 17.00999999999997 219
1622758794202 17.08399999999997 220
1622758802619 17.15899999999997 221
1622758811051 17.23499999999997 222
1622758819482 17.30999999999997 223
1622758828048 17.383999999999972 224
1622758836587 17.45899999999997 225
1622758845159 17.532999999999973 226
1622758853800 17.607999999999972 227
1622758862490 17.68299999999997 228
1622758871168 17.756999999999973 229
1622758879877 17.831999999999972 230
1622758888609 17.90699999999997 231
1622758897356 17.982999999999972 232
1622758906119 18.05799999999997 233
1622758914998 18.131999999999973 234
1622758923923 18.206999999999972 235
1622758932927 18.28199999999997 236
1622758941915 18.357999999999972 237
1622758950925 18.43299999999997 238
1622758959878 18.508999999999972 239
1622758968944 18.582999999999974 240
1622758978096 18.657999999999973 241
1622758987298 18.732999999999972 242
1622758996509 18.80799999999997 243
1622759005645 18.881999999999973 244
1622759014849 18.955999999999975 245
1622759024134 19.029999999999976 246
1622759033403 19.103999999999978 247
1622759042706 19.178999999999977 248
1622759052083 19.25299999999998 249
1622759061488 19.327999999999978 250
1622759070962 19.40399999999998 251
1622759080428 19.478999999999978 252
1622759089989 19.55299999999998 253
1622759099528 19.62799999999998 254
1622759109103 19.702999999999978 255
1622759118776 19.77699999999998 256
1622759128466 19.85299999999998 257
1622759138124 19.926999999999982 258
1622759147785 20.000999999999983 259
1622759157568 20.074999999999985 260
1622759167389 20.148999999999987 261
1622759177196 20.223999999999986 262
1622759187048 20.298999999999985 263
1622759196854 20.373999999999985 264
1622759206769 20.448999999999984 265
1622759216815 20.523999999999983 266
1622759226844 20.599999999999984 267
1622759236950 20.673999999999985 268
1622759247089 20.749999999999986 269
1622759257209 20.824999999999985 270
1622759267361 20.898999999999987 271
1622759277617 20.97299999999999 272
1622759287992 21.04699999999999 273
1622759298257 21.12299999999999 274
1622759308626 21.199999999999992 275
1622759319045 21.275999999999993 276
1622759329542 21.350999999999992 277
1622759339957 21.426999999999992 278
1622759350442 21.502999999999993 279
1622759360979 21.577999999999992 280
1622759371603 21.653999999999993 281
1622759382170 21.728999999999992 282
1622759392923 21.80399999999999 283
1622759403618 21.87899999999999 284
1622759414330 21.952999999999992 285
1622759425112 22.026999999999994 286
1622759435815 22.101999999999993 287
1622759446649 22.175999999999995 288
1622759457522 22.251999999999995 289
1622759468393 22.325999999999997 290
1622759479273 22.400999999999996 291
1622759490192 22.476999999999997 292
1622759501199 22.551 293
1622759512211 22.627 294
1622759523285 22.701999999999998 295
1622759534410 22.776999999999997 296
1622759545547 22.854 297
1622759556676 22.929 298
1622759567889 23.005 299
1622759579080 23.079 300
1622759590321 23.153000000000002 301
1622759601638 23.228 302
1622759612960 23.303 303
1622759624296 23.378 304
1622759635749 23.452 305
1622759647124 23.526000000000003 306
1622759658680 23.601000000000003 307
1622759670155 23.676000000000002 308
1622759681703 23.752000000000002 309
1622759693280 23.827 310
1622759704947 23.903000000000002 311
1622759716655 23.979000000000003 312
1622759728376 24.054000000000002 313
1622759740103 24.128000000000004 314
1622759751878 24.203000000000003 315
1622759763714 24.278000000000002 316
1622759775509 24.353 317
1622759787352 24.428 318
1622759799248 24.502000000000002 319
1622759811218 24.577 320
1622759823312 24.652 321
1622759835304 24.727 322
1622759847414 24.802 323
1622759859446 24.876 324
1622759871569 24.951 325
1622759883998 25.027 326
1622759896471 25.105 327
1622759908728 25.179000000000002 328
1622759921004 25.254 329
1622759933364 25.329 330
1622759945736 25.404 331
1622759958121 25.479 332
1622759970549 25.554 333
1622759982965 25.628 334
1622759995490 25.702 335
1622760008002 25.776000000000003 336
1622760020626 25.850000000000005 337
1622760033216 25.925000000000004 338
1622760047540 26.000000000000004 339
1622760060191 26.075000000000003 340
1622760072939 26.149000000000004 341
1622760085632 26.224000000000004 342
1622760098403 26.298000000000005 343
1622760111224 26.374000000000006 344
1622760124020 26.449000000000005 345
1622760136892 26.524000000000004 346
1622760149869 26.599000000000004 347
1622760162848 26.673000000000005 348
1622760175708 26.747000000000007 349
1622760188782 26.822000000000006 350
1622760201820 26.896000000000008 351
1622760214962 26.971000000000007 352
1622760228125 27.04500000000001 353
1622760241337 27.11900000000001 354
1622760254502 27.19500000000001 355
1622760267753 27.27000000000001 356
1622760281027 27.34500000000001 357
1622760294349 27.42100000000001 358
1622760307811 27.49600000000001 359
1622760321058 27.57000000000001 360
1622760334517 27.644000000000013 361
1622760347987 27.719000000000012 362
1622760361540 27.79400000000001 363
1622760375105 27.868000000000013 364
1622760388704 27.945000000000014 365
1622760402317 28.019000000000016 366
1622760416078 28.094000000000015 367
1622760429878 28.168000000000017 368
1622760443616 28.24200000000002 369
1622760457419 28.317000000000018 370
1622760471183 28.39100000000002 371
1622760484911 28.46500000000002 372
1622760498709 28.54000000000002 373
1622760512547 28.61500000000002 374
1622760526572 28.69000000000002 375
1622760540521 28.76600000000002 376
1622760554421 28.84300000000002 377
1622760568502 28.91800000000002 378
1622760582552 28.99300000000002 379
1622760596612 29.06900000000002 380
1622760610738 29.14400000000002 381
1622760624803 29.21800000000002 382
1622760639018 29.29300000000002 383
1622760653209 29.36800000000002 384
1622760667469 29.44200000000002 385
1622760681831 29.516000000000023 386
1622760696100 29.592000000000024 387
1622760710557 29.666000000000025 388
1622760725068 29.740000000000027 389
1622760739431 29.816000000000027 390
1622760753907 29.892000000000028 391
1622760768507 29.967000000000027 392
1622760783054 30.04100000000003 393
1622760797660 30.11500000000003 394
1622760812293 30.19100000000003 395
1622760826894 30.265000000000033 396
1622760841520 30.340000000000032 397
1622760856303 30.41500000000003 398
1622760871055 30.489000000000033 399
1622760885877 30.565000000000033 400
1622760900805 30.640000000000033 401
1622760915749 30.717000000000034 402
1622760930610 30.791000000000036 403
1622760945455 30.866000000000035 404
1622760960304 30.940000000000037 405
1622760975238 31.01400000000004 406
1622760990306 31.089000000000038 407
1622761005332 31.164000000000037 408
1622761020400 31.239000000000036 409
1622761035524 31.315000000000037 410
1622761050799 31.390000000000036 411
1622761066110 31.464000000000038 412
1622761081407 31.539000000000037 413
1622761096773 31.614000000000036 414
1622761112107 31.689000000000036 415
1622761127387 31.763000000000037 416
1622761142859 31.83700000000004 417
1622761158283 31.91100000000004 418
1622761173781 31.98600000000004 419
1622761189240 32.05900000000004 420
1622761204789 32.13500000000004 421
1622761220434 32.20900000000004 422
1622761236002 32.28500000000004 423
1622761251591 32.36000000000004 424
1622761267319 32.43400000000004 425
1622761283080 32.51100000000004 426
1622761298782 32.58600000000004 427
1622761314410 32.661000000000044 428
1622761330215 32.73600000000005 429
1622761345960 32.810000000000045 430
1622761361862 32.886000000000045 431
1622761377847 32.96000000000004 432
1622761393848 33.035000000000046 433
1622761409853 33.11000000000005 434
1622761425956 33.18700000000005 435
1622761442075 33.26200000000005 436
1622761458143 33.33700000000005 437
1622761474313 33.41000000000005 438
1622761490459 33.48700000000005 439
1622761506869 33.562000000000054 440
1622761524139 33.708000000000055 441
1622761540508 33.784000000000056 442
1622761556841 33.85900000000006 443
1622761573289 33.93700000000006 444
1622761589810 34.01100000000006 445
1622761606354 34.08600000000006 446
1622761623008 34.16200000000006 447
1622761639594 34.23900000000006 448
1622761656228 34.314000000000064 449
1622761672971 34.38900000000007 450
1622761689631 34.46400000000007 451
1622761706291 34.53900000000007 452
1622761723078 34.614000000000075 453
1622761739925 34.690000000000076 454
1622761756728 34.76500000000008 455
1622761773644 34.84100000000008 456
1622761790650 34.91800000000008 457
1622761807746 34.99400000000008 458
1622761824694 35.068000000000076 459
1622761841712 35.14300000000008 460
1622761858817 35.21800000000008 461
1622761875831 35.29400000000008 462
1622761892974 35.37000000000008 463
1622761910083 35.445000000000086 464
1622761927315 35.521000000000086 465
1622761944629 35.59600000000009 466
1622761961887 35.67000000000009 467
1622761979187 35.74600000000009 468
1622761996529 35.823000000000086 469
1622762013984 35.89800000000009 470
1622762031433 35.97300000000009 471
1622762048972 36.048000000000094 472
1622762066559 36.124000000000095 473
1622762084105 36.200000000000095 474
1622762101783 36.2750000000001 475
1622762119491 36.3510000000001 476
1622762137215 36.4270000000001 477
1622762154881 36.5020000000001 478
1622762172530 36.5780000000001 479
1622762190314 36.6550000000001 480
1622762208227 36.7300000000001 481
1622762226072 36.806000000000104 482
1622762243955 36.88100000000011 483
1622762262053 36.95600000000011 484
1622762280086 37.03100000000011 485
1622762298166 37.11000000000011 486
1622762316282 37.18400000000011 487
1622762334340 37.259000000000114 488
1622762352452 37.33400000000012 489
1622762370614 37.40900000000012 490
1622762388801 37.48400000000012 491
1622762407134 37.56000000000012 492
1622762425449 37.636000000000124 493
1622762443781 37.711000000000126 494
1622762462219 37.78600000000013 495
1622762480664 37.86100000000013 496
1622762498971 37.936000000000135 497
1622762517389 38.01000000000013 498
1622762535770 38.08300000000013 499
1622762554260 38.15700000000013 500
