1622823888087 0.021 0
1622823890228 1.867 1
1622823892453 1.952 2
1622823894889 2.16 3
1622823897464 2.299 4
1622823900142 2.406 5
1622823902972 2.557 6
1622823905980 2.733 7
1622823909071 2.818 8
1622823912351 3.007 9
1622823915870 3.246 10
1622823919498 3.355 11
1622823923286 3.516 12
1622823927179 3.618 13
1622823931250 3.797 14
1622823935522 4.0 15
1622823939927 4.131 16
1622823944472 4.269 17
1622823949178 4.427 18
1622823954109 4.656 19
1622823959070 4.688 20
1622823964342 5.0 21
1622823969844 5.226 22
1622823975326 5.209 23
1622823981090 5.491 24
1622823986819 5.454 25
1622823992872 5.779 26
1622823999018 5.871 27
1622824005294 6.003 28
1622824011730 6.162 29
1622824018374 6.371 30
1622824025185 6.538 31
1622824032298 6.838 32
1622824039384 6.813 33
1622824046603 6.946 34
1622824053995 7.116 35
1622824061601 7.333 36
1622824069296 7.421 37
1622824077114 7.545 38
1622824085092 7.704 39
1622824093269 7.903 40
1622824101657 8.115 41
1622824110168 8.236 42
1622824118965 8.523 43
1622824127930 8.691 44
1622824136899 8.695 45
1622824145895 8.722 46
1622824155362 9.19 47
1622824164952 9.316 48
1622824174574 9.348 49
1622824184360 9.513 50
1622824194317 9.679 51
1622824204379 9.788 52
1622824214519 9.867 53
1622824225027 10.229 54
1622824235541 10.239 55
1622824246345 10.531 56
1622824257323 10.704 57
1622824268283 10.685 58
1622824279370 10.814 59
1622824290535 10.89 60
1622824301961 11.152 61
1622824313646 11.412 62
1622824325506 11.587 63
1622824337502 11.723 64
1622824349671 11.895 65
1622824361887 11.94 66
1622824374325 12.163 67
1622824386960 12.359 68
1622824399772 12.538 69
1622824412890 12.845 70
1622824425895 12.732 71
1622824439187 13.018 72
1622824452692 13.233 73
1622824466083 13.116 74
1622824479710 13.355 75
1622824493685 13.701 76
1622824507512 13.555 77
1622824521630 13.844 78
1622824535919 14.017 79
1622824550478 14.285 80
1622824565033 14.284 81
1622824579918 14.61 82
1622824594790 14.598 83
1622824609841 14.774 84
1622824625126 15.01 85
1622824640391 14.994 86
1622824656017 15.354 87
1622824671749 15.458 88
1622824687597 15.572 89
1622824703814 15.942 90
1622824720059 15.972 91
1622824736406 16.074 92
1622824752981 16.298 93
1622824769684 16.43 94
1622824786524 16.564 95
1622824803436 16.638 96
1622824820532 16.821 97
1622824837967 17.162 98
1622824855310 17.068 99
1622824872961 17.378 100
1622824890681 17.443 101
1622824908570 17.616 102
1622824926565 17.722 103
1622824944804 17.965 104
1622824962855 17.778 105
1622824981445 18.312 106
1622825000097 18.379 107
1622825018946 18.575 108
1622825037932 18.71 109
1622825057071 18.865 110
1622825076621 19.273 111
1622825096225 19.33 112
1622825115728 19.232 113
1622825135568 19.567 114
1622825155646 19.803 115
1622825175651 19.732 116
1622825195675 19.751 117
1622825216078 20.131 118
1622825236631 20.279 119
1622825257284 20.38 120
1622825278381 20.822 121
1622825299325 20.672 122
1622825320697 21.099 123
1622825342031 21.061 124
1622825363606 21.303 125
1622825385382 21.501 126
1622825407179 21.522 127
1622825429227 21.775 128
1622825451394 21.891 129
1622825473800 22.132 130
1622825496194 22.112 131
1622825518886 22.417 132
1622825541735 22.576 133
1622825564751 22.742 134
1622825587861 22.837 135
1622825611111 22.977 136
1622825634592 23.206 137
1622825658246 23.379 138
1622825681915 23.394 139
1622825705717 23.526 140
1622825729975 23.984 141
1622825754165 23.916 142
1622825778470 24.032 143
1622825803030 24.287 144
1622825827927 24.623 145
1622825852730 24.525 146
1622825877755 24.75 147
1622825902928 24.898 148
1622825928181 24.98 149
1622825953557 25.101 150
1622825978967 25.137 151
1622826004619 25.377 152
1622826030521 25.628 153
1622826056658 25.863 154
1622826082552 25.623 155
1622826108793 25.966 156
1622826135436 26.367 157
1622826162043 26.332 158
1622826188906 26.59 159
1622826215698 26.519 160
1622826242919 26.947 161
1622826270091 26.898 162
1622826297651 27.287 163
1622826325482 27.556 164
1622826353151 27.396 165
1622826380945 27.52 166
1622826409026 27.807 167
1622826437388 28.087 168
1622826465567 27.907 169
1622826494078 28.235 170
1622826522742 28.389 171
1622826551709 28.693 172
1622826580677 28.693 173
1622826609905 28.954 174
1622826639084 28.906 175
1622826668627 29.268 176
1622826698450 29.548 177
1622826728561 29.838 178
1622826758592 29.756 179
1622826789004 30.138 180
1622826819244 29.966 181
1622826849425 29.909 182
1622826880120 30.422 183
1622826910757 30.363 184
1622826941357 30.327 185
1622826972642 31.009 186
1622827003902 30.983 187
1622827035292 31.112 188
1622827066904 31.34 189
1622827098422 31.244 190
1622827130339 31.645 191
1622827162391 31.778 192
1622827194729 32.065 193
1622827226895 31.892 194
1622827259443 32.275 195
1622827292094 32.378 196
1622827324868 32.498 197
1622827357852 32.711 198
1622827391188 33.062 199
1622827424778 33.315 200
1622827458150 33.098 201
1622827491762 33.339 202
1622827525409 33.374 203
1622827559375 33.694 204
1622827593441 33.792 205
1622827627761 34.046 206
1622827662293 34.259 207
1622827696898 34.334 208
1622827731445 34.273 209
1622827766149 34.43 210
1622827801117 34.693 211
1622827836127 34.738 212
1622827871362 34.962 213
1622827906783 35.146 214
1622827942391 35.334 215
1622827978193 35.527 216
1622828013997 35.53 217
1622828050402 36.129 218
1622828086656 35.981 219
1622828123260 36.33 220
1622828159677 36.143 221
1622828196471 36.521 222
1622828233494 36.749 223
1622828270703 36.935 224
1622828308044 37.067 225
1622828345434 37.117 226
1622828383320 37.611 227
1622828421112 37.52 228
1622828458905 37.519 229
1622828496936 37.759 230
1622828535296 38.084 231
1622828573529 37.959 232
1622828612038 38.232 233
1622828650652 38.34 234
1622828689641 38.712 235
1622828728521 38.603 236
1622828767768 38.975 237
1622828807068 39.026 238
1622828846608 39.265 239
1622828886147 39.265 240
1622828925743 39.322 241
1622828965669 39.651 242
1622829005712 39.77 243
1622829045902 39.914 244
1622829086169 39.995 245
1622829126868 40.427 246
1622829167463 40.323 247
1622829208108 40.369 248
1622829248821 40.44 249
1622829289908 40.814 250
1622829331244 41.064 251
1622829372820 41.302 252
1622829414283 41.19 253
1622829455970 41.411 254
1622829497749 41.505 255
1622829539891 41.87 256
1622829581816 41.651 257
1622829624060 41.972 258
1622829666761 42.427 259
1622829709328 42.293 260
1622829752224 42.621 261
1622829795295 42.799 262
1622829838300 42.732 263
1622829881998 43.427 264
1622829925585 43.313 265
1622829969206 43.344 266
1622830012847 43.368 267
1622830056721 43.6 268
1622830100901 43.907 269
1622830145322 44.145 270
1622830189882 44.286 271
1622830234322 44.166 272
1622830279379 44.784 273
1622830324183 44.53 274
1622830369076 44.622 275
1622830414084 44.735 276
1622830459416 45.057 277
1622830504897 45.209 278
1622830550564 45.391 279
1622830596484 45.647 280
1622830642661 45.902 281
1622830688843 45.907 282
1622830734999 45.883 283
1622830781577 46.306 284
1622830827973 46.123 285
1622830874791 46.543 286
1622830921838 46.774 287
1622830969004 46.892 288
1622831016199 46.921 289
1622831063581 47.109 290
1622831110972 47.115 291
1622831158545 47.299 292
1622831206279 47.458 293
1622831254166 47.614 294
1622831302124 47.685 295
1622831350182 47.785 296
1622831398727 48.272 297
1622831447188 48.189 298
1622831495828 48.367 299
1622831544774 48.672 300
1622831593732 48.682 301
1622831642943 48.938 302
1622831692187 48.972 303
1622831741981 49.517 304
1622831791973 49.717 305
1622831841828 49.582 306
1622831891753 49.65 307
1622831941926 49.9 308
1622831992269 50.071 309
1622832042542 50.001 310
1622832093299 50.482 311
1622832144156 50.585 312
1622832195245 50.815 313
1622832246500 50.98 314
1622832297646 50.874 315
1622832349122 51.201 316
1622832400721 51.325 317
1622832452211 51.214 318
1622832504286 51.802 319
1622832556280 51.719 320
1622832608538 51.986 321
1622832660835 52.023 322
1622832713274 52.164 323
1622832766236 52.689 324
1622832819072 52.564 325
1622832871971 52.627 326
1622832925057 52.812 327
1622832978513 53.184 328
1622833031967 53.182 329
1622833085950 53.711 330
1622833139771 53.547 331
1622833193176 53.132 332
1622833246945 53.498 333
1622833300979 53.762 334
1622833355415 54.161 335
1622833409772 54.083 336
1622833464418 54.373 337
1622833519255 54.566 338
1622833574093 54.565 339
1622833629006 54.641 340
1622833684378 55.099 341
1622833740019 55.367 342
1622833795766 55.474 343
1622833851522 55.484 344
1622833907411 55.617 345
1622833963212 55.529 346
1622834019463 55.978 347
1622834075799 56.06 348
1622834132558 56.489 349
1622834189076 56.243 350
1622834245844 56.496 351
1622834302999 56.88 352
1622834360361 57.091 353
1622834417680 57.049 354
1622834475574 57.619 355
1622834533026 57.179 356
1622834590927 57.628 357
1622834648668 57.467 358
1622834706545 57.606 359
1622834764804 57.982 360
1622834823188 58.111 361
1622834881785 58.325 362
1622834940493 58.434 363
1622834999426 58.66 364
1622835058561 58.864 365
1622835117846 59.012 366
1622835177296 59.177 367
1622835236950 59.383 368
1622835296310 59.09 369
1622835356146 59.563 370
1622835415954 59.536 371
1622835475862 59.635 372
1622835536061 59.925 373
1622835596063 59.729 374
1622835656342 60.005 375
1622835716997 60.383 376
1622835777937 60.667 377
1622835838813 60.604 378
1622835899825 60.738 379
1622835960950 60.851 380
1622836022481 61.259 381
1622836084255 61.498 382
1622836146097 61.567 383
1622836207884 61.516 384
1622836270238 62.081 385
1622836332492 61.982 386
1622836394898 62.132 387
1622836457350 62.179 388
1622836520076 62.454 389
1622836583201 62.853 390
1622836646366 62.891 391
1622836709662 63.024 392
1622836773106 63.17 393
1622836836841 63.463 394
1622836900488 63.372 395
1622836963997 63.236 396
1622837028098 63.82 397
1622837092123 63.752 398
1622837156575 64.177 399
1622837221340 64.492 400
1622837286072 64.458 401
1622837350660 64.313 402
1622837415635 64.702 403
1622837480817 64.908 404
1622837545803 64.714 405
1622837611247 65.17 406
1622837676811 65.289 407
1622837742524 65.439 408
1622837808046 65.248 409
1622837873663 65.347 410
1622837939819 65.883 411
1622838005858 65.766 412
1622838072371 66.239 413
1622838139073 66.427 414
1622838205672 66.327 415
1622838272751 66.807 416
1622838339945 66.922 417
1622838407068 66.849 418
1622838474494 67.153 419
1622838541795 67.028 420
1622838609759 67.689 421
1622838677861 67.83 422
1622838745827 67.692 423
1622838814033 67.934 424
1622838882066 67.761 425
1622838950509 68.171 426
1622839018825 68.044 427
1622839087561 68.464 428
1622839156309 68.474 429
1622839225185 68.606 430
1622839294868 69.407 431
1622839364264 69.123 432
1622839434123 69.585 433
1622839503736 69.34 434
1622839573885 69.876 435
1622839644173 70.01 436
1622839714312 69.865 437
1622839784766 70.182 438
1622839855320 70.281 439
1622839926028 70.436 440
1622839996679 70.378 441
1622840068089 71.137 442
1622840139369 71.008 443
1622840210875 71.233 444
1622840282757 71.61 445
1622840354629 71.598 446
1622840426610 71.709 447
1622840498213 71.332 448
1622840568982 70.498 449
1622840640262 71.009 450
1622840711241 70.711 451
1622840782199 70.69 452
1622840853583 71.111 453
1622840926705 72.847 454
1622840999797 72.817 455
1622841072878 72.808 456
1622841146285 73.136 457
1622841219521 72.963 458
1622841293000 73.207 459
1622841366990 73.716 460
1622841440882 73.62 461
1622841514885 73.731 462
1622841589363 74.206 463
1622841664202 74.568 464
1622841738687 74.211 465
1622841813537 74.575 466
1622841888759 74.95 467
1622841963714 74.682 468
1622842039285 75.297 469
1622842114353 74.796 470
1622842189841 75.215 471
1622842265395 75.283 472
1622842341400 75.734 473
1622842417178 75.505 474
1622842493082 75.633 475
1622842569905 76.549 476
1622842646096 75.916 477
1622842722825 76.456 478
1622842799145 76.045 479
1622842875974 76.554 480
1622842953421 77.176 481
1622843030659 76.965 482
1622843108431 77.498 483
1622843186004 77.302 484
1622843263634 77.357 485
1622843342033 78.124 486
1622843420354 78.047 487
1622843499097 78.471 488
1622843577710 78.339 489
1622843656511 78.529 490
1622843735185 78.401 491
1622843814323 78.865 492
1622843893783 79.186 493
1622843973452 79.389 494
1622844052917 79.193 495
1622844132412 79.222 496
1622844212515 79.831 497
1622844292769 79.981 498
1622844372497 79.453 499
1622844452803 80.032 500
