1622625830533 0.006 0
1622625831092 0.438 1
1622625831673 0.893 2
1622625832301 1.392 3
1622625832966 1.928 4
1622625833650 2.489 5
1622625834362 3.08 6
1622625835115 3.709 7
1622625835886 4.3580000000000005 8
1622625836754 5.097 9
1622625837665 5.8870000000000005 10
1622625838609 6.710000000000001 11
1622625839608 7.587000000000001 12
1622625840608 8.461 13
1622625841601 9.329 14
1622625842697 10.302000000000001 15
1622625843834 11.307000000000002 16
1622625844961 12.306000000000003 17
1622625846105 13.325000000000003 18
1622625847304 14.400000000000002 19
1622625848512 15.481000000000002 20
1622625849792 16.637 21
1622625851125 17.844 22
1622625852511 19.105 23
1622625854056 20.521 24
1622625856505 22.811 25
1622625857979 24.156 26
1622625859590 25.642 27
1622625861123 27.046 28
1622625862669 28.468 29
1622625864263 29.934 30
1622625866313 31.86 31
1622625868014 33.437 32
1622625869835 35.123999999999995 33
1622625872508 37.605 34
1622625874750 39.709999999999994 35
1622625877176 41.99099999999999 36
1622625879026 43.71199999999999 37
1622625880971 45.52799999999999 38
1622625882996 47.42799999999999 39
1622625885361 49.66199999999999 40
1622625887420 51.58699999999999 41
1622625890418 54.36699999999999 42
1622625892685 56.50299999999999 43
1622625895012 58.68899999999999 44
1622625898079 61.538 45
1622625900390 63.72 46
1622625903541 66.719 47
1622625906649 69.695 48
1622625909903 72.77499999999999 49
1622625912933 75.64299999999999 50
1622625915398 77.97499999999998 51
1622625918062 80.50099999999998 52
1622625921394 83.63799999999998 53
1622625924078 86.19499999999998 54
1622625927691 89.67599999999997 55
1622625931056 92.81699999999998 56
1622625935056 96.65699999999998 57
1622625938463 99.89599999999999 58
1622625942236 103.48199999999999 59
1622625946338 107.43999999999998 60
1622625949486 110.38399999999999 61
1622625953146 113.91499999999999 62
1622625955919 116.556 63
1622625958696 119.209 64
1622625961535 121.922 65
1622625964402 124.667 66
1622625967310 127.452 67
1622625970268 130.286 68
1622625973262 133.155 69
1622625976348 136.12 70
1622625979417 139.066 71
1622625983337 142.791 72
1622625986467 145.802 73
1622625989583 148.797 74
1622625992766 151.859 75
1622625996102 155.074 76
1622625999338 158.18800000000002 77
1622626002643 161.364 78
1622626007254 165.84 79
1622626011610 170.061 80
1622626014992 173.31900000000002 81
1622626019015 177.21900000000002 82
1622626022464 180.544 83
1622626025969 183.923 84
1622626029557 187.385 85
1622626033151 190.85399999999998 86
1622626038305 195.88299999999998 87
1622626041998 199.45499999999998 88
1622626045676 203.01 89
1622626049432 206.642 90
1622626053247 210.334 91
1622626057088 214.05100000000002 92
1622626061473 218.30200000000002 93
1622626066143 222.741 94
1622626071072 227.45100000000002 95
1622626075858 232.08100000000002 96
1622626080227 236.23600000000002 97
1622626084299 240.18500000000003 98
1622626088368 244.13000000000002 99
1622626092476 248.11300000000003 100
1622626096616 252.12400000000002 101
1622626107447 256.173 102
1622626112620 261.132 103
1622626116854 265.241 104
1622626121057 269.32099999999997 105
1622626125594 273.731 106
1622626131011 279.014 107
1622626135458 283.333 108
1622626139861 287.61 109
1622626144272 291.896 110
1622626149985 297.49100000000004 111
1622626154567 301.946 112
1622626159093 306.343 113
1622626163697 310.824 114
1622626168362 315.363 115
1622626173006 319.884 116
1622626177653 324.40500000000003 117
1622626182397 329.023 118
1622626187195 333.692 119
1622626191998 338.369 120
1622626197874 344.115 121
1622626202717 348.836 122
1622626207749 353.74 123
1622626213046 358.90500000000003 124
1622626218084 363.821 125
1622626223162 368.77000000000004 126
1622626228256 373.732 127
1622626233392 378.73900000000003 128
1622626238562 383.785 129
1622626243787 388.88000000000005 130
1622626249009 393.9750000000001 131
1622626254313 399.1520000000001 132
1622626259683 404.3900000000001 133
1622626265057 409.6350000000001 134
1622626270450 414.9020000000001 135
1622626275876 420.2010000000001 136
1622626281349 425.54300000000006 137
1622626286901 430.96900000000005 138
1622626292439 436.3790000000001 139
1622626298012 441.8180000000001 140
1622626303649 447.32400000000007 141
1622626309268 452.8110000000001 142
1622626314915 458.32900000000006 143
1622626320618 463.9050000000001 144
1622626326398 469.5570000000001 145
1622626332161 475.19200000000006 146
1622626337976 480.88200000000006 147
1622626343824 486.6070000000001 148
1622626349700 492.3540000000001 149
1622626355602 498.1300000000001 150
1622626361503 503.9060000000001 151
1622626367460 509.73700000000014 152
1622626373469 515.6180000000002 153
1622626379534 521.5600000000002 154
1622626385522 527.4220000000001 155
1622626391539 533.3080000000001 156
1622626397652 539.2940000000001 157
1622626403757 545.2730000000001 158
1622626409915 551.3050000000002 159
1622626416054 557.3130000000002 160
1622626422307 563.4370000000002 161
1622626428544 569.5440000000002 162
1622626434966 575.8400000000003 163
1622626441448 582.1880000000002 164
1622626447799 588.4100000000002 165
1622626454186 594.6700000000002 166
1622626460642 601.0000000000002 167
1622626467150 607.3810000000002 168
1622626473618 613.7230000000002 169
1622626480166 620.1480000000001 170
1622626486757 626.6100000000001 171
1622626493409 633.1310000000001 172
1622626500063 639.6560000000001 173
1622626506771 646.239 174
1622626513464 652.8050000000001 175
1622626520233 659.45 176
1622626527080 666.153 177
1622626533976 672.921 178
1622626540849 679.667 179
1622626547817 686.504 180
1622626554742 693.302 181
1622626561655 700.086 182
1622626568685 706.989 183
1622626575709 713.892 184
1622626582713 720.7700000000001 185
1622626589876 727.8070000000001 186
1622626597038 734.8450000000001 187
1622626604243 741.9250000000002 188
1622626611574 749.1310000000002 189
1622626618902 756.3330000000002 190
1622626626320 763.6260000000002 191
1622626633788 770.9660000000002 192
1622626641299 778.3500000000003 193
1622626648779 785.7020000000002 194
1622626656336 793.1330000000003 195
1622626663938 800.6090000000003 196
1622626671557 808.0990000000003 197
1622626679214 815.6310000000003 198
1622626686969 823.2550000000003 199
1622626694770 830.9270000000004 200
1622626702525 838.5540000000003 201
1622626710330 846.2310000000003 202
1622626718150 853.9220000000004 203
1622626726043 861.6880000000003 204
1622626733940 869.4550000000004 205
1622626741799 877.1910000000004 206
1622626749710 884.9770000000003 207
1622626757642 892.7830000000004 208
1622626765561 900.5750000000004 209
1622626773523 908.4130000000004 210
1622626781541 916.3020000000004 211
1622626789577 924.2110000000004 212
1622626797664 932.1730000000003 213
1622626805785 940.1630000000004 214
1622626813952 948.1980000000003 215
1622626822153 956.2700000000003 216
1622626830357 964.3470000000003 217
1622626838674 972.5340000000003 218
1622626846984 980.7130000000003 219
1622626855339 988.9400000000003 220
1622626863689 997.1580000000002 221
1622626872112 1005.4530000000002 222
1622626880598 1013.8110000000001 223
1622626889123 1022.2070000000001 224
1622626897672 1030.6260000000002 225
1622626906229 1039.0600000000002 226
1622626914903 1047.6060000000002 227
1622626923591 1056.1630000000002 228
1622626932235 1064.6840000000002 229
1622626940969 1073.2890000000002 230
1622626949765 1081.9600000000003 231
1622626958527 1090.5960000000002 232
1622626967347 1099.2860000000003 233
1622626976173 1107.9830000000002 234
1622626985041 1116.7300000000002 235
1622626993888 1125.4490000000003 236
1622627002821 1134.2590000000002 237
1622627011782 1143.0930000000003 238
1622627020858 1152.0370000000003 239
1622627029930 1160.9800000000002 240
1622627039010 1169.9310000000003 241
1622627048183 1178.9760000000003 242
1622627057369 1188.0320000000004 243
1622627066572 1197.1040000000003 244
1622627075783 1206.1890000000003 245
1622627085099 1215.3790000000004 246
1622627094390 1224.5440000000003 247
1622627103714 1233.7400000000002 248
1622627113066 1242.9610000000002 249
1622627122488 1252.2510000000002 250
1622627131950 1261.5860000000002 251
1622627141463 1270.9710000000002 252
1622627150952 1280.3340000000003 253
1622627160503 1289.7540000000004 254
1622627170088 1299.2100000000003 255
1622627179756 1308.7500000000002 256
1622627189375 1318.2410000000002 257
1622627199058 1327.7970000000003 258
1622627208856 1337.4690000000003 259
1622627218604 1347.0960000000002 260
1622627228482 1356.8020000000001 261
1622627238379 1366.563 262
1622627248262 1376.3200000000002 263
1622627258286 1386.218 264
1622627268285 1396.087 265
1622627278284 1405.956 266
1622627288312 1415.8549999999998 267
1622627298368 1425.7809999999997 268
1622627308479 1435.7639999999997 269
1622627318651 1445.8099999999997 270
1622627328851 1455.8829999999998 271
1622627339022 1465.9289999999999 272
1622627349337 1476.1159999999998 273
1622627359601 1486.2489999999998 274
1622627369872 1496.3939999999998 275
1622627380183 1506.5859999999998 276
1622627390571 1516.8419999999999 277
1622627400987 1527.1249999999998 278
1622627411484 1537.4909999999998 279
1622627422007 1547.8849999999998 280
1622627432572 1558.3249999999998 281
1622627443126 1568.7489999999998 282
1622627453697 1579.1859999999997 283
1622627464339 1589.6979999999996 284
1622627474967 1600.1979999999996 285
1622627485696 1610.7989999999998 286
1622627496448 1621.4289999999999 287
1622627507237 1632.091 288
1622627518009 1642.732 289
1622627528834 1653.43 290
1622627539685 1664.151 291
1622627550574 1674.914 292
1622627561484 1685.698 293
1622627572452 1696.536 294
1622627583434 1707.3870000000002 295
1622627594455 1718.2770000000003 296
1622627605580 1729.2730000000004 297
1622627616666 1740.2310000000004 298
1622627627814 1751.2510000000004 299
1622627639026 1762.3350000000005 300
1622627650234 1773.4150000000004 301
1622627661511 1784.5600000000004 302
1622627672783 1795.7050000000004 303
1622627684166 1806.9640000000004 304
1622627695606 1818.2770000000005 305
1622627707046 1829.5880000000004 306
1622627718500 1840.9080000000004 307
1622627729986 1852.2670000000003 308
1622627741552 1863.6990000000003 309
1622627753082 1875.0980000000002 310
1622627764706 1886.5900000000001 311
1622627776368 1898.121 312
1622627788094 1909.7160000000001 313
1622627799828 1921.3180000000002 314
1622627811537 1932.8980000000001 315
1622627823313 1944.5500000000002 316
1622627835126 1956.2350000000001 317
1622627846928 1967.9060000000002 318
1622627858853 1979.7030000000002 319
1622627870754 1991.477 320
1622627882707 2003.303 321
1622627894683 2015.1490000000001 322
1622627906699 2027.0320000000002 323
1622627918839 2039.045 324
1622627930954 2051.033 325
1622627943089 2063.0389999999998 326
1622627955259 2075.078 327
1622627967519 2087.207 328
1622627979790 2099.348 329
1622627992196 2111.625 330
1622628004543 2123.843 331
1622628016823 2135.9959999999996 332
1622628029169 2148.2129999999997 333
1622628041572 2160.4889999999996 334
1622628054070 2172.8559999999998 335
1622628066549 2185.2059999999997 336
1622628079097 2197.6249999999995 337
1622628091680 2210.0709999999995 338
1622628104255 2222.5149999999994 339
1622628116866 2234.9939999999992 340
1622628129568 2247.562999999999 341
1622628142339 2260.202999999999 342
1622628155126 2272.855999999999 343
1622628167925 2285.520999999999 344
1622628180738 2298.2059999999988 345
1622628193513 2310.8549999999987 346
1622628206416 2323.6339999999987 347
1622628219353 2336.444999999999 348
1622628232553 2349.523999999999 349
1622628245698 2362.543999999999 350
1622628258920 2375.640999999999 351
1622628272217 2388.807999999999 352
1622628285586 2402.046999999999 353
1622628298925 2415.258999999999 354
1622628312409 2428.619999999999 355
1622628325776 2441.862999999999 356
1622628339236 2455.199999999999 357
1622628352677 2468.511999999999 358
1622628366144 2481.8439999999987 359
1622628379689 2495.2549999999987 360
1622628393248 2508.683999999999 361
1622628406868 2522.184999999999 362
1622628420510 2535.698999999999 363
1622628434199 2549.2619999999993 364
1622628447912 2562.845999999999 365
1622628461676 2576.478999999999 366
1622628475497 2590.162999999999 367
1622628489365 2603.8979999999992 368
1622628503170 2617.573999999999 369
1622628517077 2631.3539999999994 370
1622628530983 2645.131999999999 371
1622628544900 2658.9209999999994 372
1622628558883 2672.7799999999993 373
1622628572829 2686.600999999999 374
1622628586833 2700.477999999999 375
1622628600923 2714.441999999999 376
1622628615117 2728.508999999999 377
1622628629290 2742.553999999999 378
1622628643497 2756.6349999999993 379
1622628657724 2770.7339999999995 380
1622628671995 2784.8739999999993 381
1622628686375 2799.1189999999992 382
1622628700737 2813.3499999999995 383
1622628715085 2827.5669999999996 384
1622628729452 2841.8019999999997 385
1622628743731 2855.9519999999998 386
1622628758055 2870.1459999999997 387
1622628772375 2884.3379999999997 388
1622628786748 2898.5769999999998 389
1622628801224 2912.921 390
1622628815688 2927.2549999999997 391
1622628830216 2941.6519999999996 392
1622628844750 2956.0559999999996 393
1622628859358 2970.5349999999994 394
1622628873955 2984.9989999999993 395
1622628888506 2999.419999999999 396
1622628903201 3013.985999999999 397
1622628917886 3028.541999999999 398
1622628932643 3043.168999999999 399
1622628947464 3057.8599999999988 400
1622628962266 3072.534999999999 401
1622628977068 3087.208999999999 402
1622628991953 3101.963999999999 403
1622629006887 3116.769999999999 404
1622629021805 3131.5609999999992 405
1622629036791 3146.4169999999995 406
1622629051811 3161.3099999999995 407
1622629066893 3176.2609999999995 408
1622629081918 3191.1539999999995 409
1622629096978 3206.0839999999994 410
1622629112145 3221.1219999999994 411
1622629127273 3236.120999999999 412
1622629142485 3251.2089999999994 413
1622629157770 3266.3699999999994 414
1622629173070 3281.5399999999995 415
1622629188488 3296.8269999999993 416
1622629203913 3312.120999999999 417
1622629219310 3327.390999999999 418
1622629234747 3342.7039999999993 419
1622629250212 3358.0419999999995 420
1622629265798 3373.5009999999993 421
1622629281402 3388.975999999999 422
1622629296990 3404.4359999999992 423
1622629312680 3419.9949999999994 424
1622629328314 3435.4969999999994 425
1622629344020 3451.0709999999995 426
1622629359709 3466.6239999999993 427
1622629375496 3482.2789999999995 428
1622629391258 3497.9069999999997 429
1622629407059 3513.573 430
1622629423047 3529.4269999999997 431
1622629438945 3545.1929999999998 432
1622629454967 3561.08 433
1622629470927 3576.913 434
1622629487018 3592.877 435
1622629503117 3608.846 436
1622629519200 3624.795 437
1622629535320 3640.784 438
1622629551467 3656.799 439
1622629567656 3672.857 440
1622629583818 3688.889 441
1622629600162 3705.103 442
1622629616484 3721.2960000000003 443
1622629632842 3737.523 444
1622629649270 3753.8230000000003 445
1622629665690 3770.1150000000002 446
1622629682164 3786.4610000000002 447
1622629698546 3802.7180000000003 448
1622629715037 3819.0800000000004 449
1622629731684 3835.6010000000006 450
1622629748307 3852.0640000000008 451
1622629764937 3868.5680000000007 452
1622629781645 3885.1520000000005 453
1622629798442 3901.8190000000004 454
1622629815232 3918.4880000000003 455
1622629831981 3935.112 456
1622629848823 3951.826 457
1622629865587 3968.468 458
1622629882475 3985.236 459
1622629899403 4002.042 460
1622629916312 4018.831 461
1622629933241 4035.634 462
1622629950282 4052.555 463
1622629967386 4069.5449999999996 464
1622629984374 4086.4159999999997 465
1622630001458 4103.3859999999995 466
1622630018632 4120.446 467
1622630035816 4137.507 468
1622630053130 4154.701 469
1622630070314 4171.765 470
1622630087576 4188.904 471
1622630104835 4206.045 472
1622630122232 4223.321 473
1622630139605 4240.566 474
1622630157010 4257.845 475
1622630174521 4275.224 476
1622630191959 4292.535 477
1622630209500 4309.949 478
1622630226974 4327.294999999999 479
1622630244566 4344.757999999999 480
1622630262308 4362.375999999999 481
1622630279965 4379.909 482
1622630297795 4397.611 483
1622630315560 4415.254 484
1622630333377 4432.945 485
1622630351274 4450.715999999999 486
1622630369164 4468.486999999999 487
1622630387150 4486.349999999999 488
1622630405094 4504.169999999999 489
1622630423096 4522.047999999999 490
1622630441070 4539.895999999999 491
1622630459313 4558.011999999999 492
1622630477691 4576.263999999999 493
1622630496017 4594.467 494
1622630514253 4612.571 495
1622630532554 4630.7429999999995 496
1622630551127 4649.191999999999 497
1622630569549 4667.490999999999 498
1622630587878 4685.696999999999 499
1622630606350 4704.044999999999 500
