1622606619462 0.374 0
1622606620239 0.076 1
1622606621256 0.14 2
1622606622131 0.142 3
1622606622796 0.084 4
1622606623452 0.073 5
1622606624130 0.076 6
1622606624847 0.075 7
1622606625600 0.075 8
1622606626607 0.074 9
1622606628035 0.148 10
1622606628961 0.094 11
1622606629855 0.075 12
1622606630792 0.074 13
1622606631871 0.075 14
1622606633631 0.148 15
1622606634710 0.094 16
1622606636462 0.075 17
1622606638571 0.144 18
1622606639822 0.088 19
1622606641025 0.076 20
1622606642256 0.076 21
1622606643509 0.076 22
1622606644809 0.076 23
1622606646142 0.075 24
1622606647523 0.076 25
1622606648931 0.075 26
1622606650342 0.076 27
1622606651820 0.076 28
1622606653342 0.076 29
1622606654882 0.076 30
1622606656447 0.075 31
1622606658064 0.075 32
1622606659692 0.074 33
1622606661364 0.076 34
1622606663103 0.076 35
1622606664851 0.075 36
1622606666634 0.076 37
1622606668454 0.075 38
1622606670318 0.075 39
1622606672242 0.075 40
1622606674170 0.075 41
1622606676162 0.075 42
1622606678160 0.074 43
1622606680194 0.076 44
1622606682277 0.074 45
1622606684392 0.075 46
1622606686543 0.074 47
1622606688726 0.075 48
1622606690961 0.075 49
1622606693168 0.076 50
1622606695500 0.075 51
1622606697852 0.076 52
1622606700214 0.075 53
1622606703448 0.075 54
1622606705990 0.078 55
1622606708615 0.078 56
1622606711272 0.079 57
1622606713920 0.078 58
1622606716619 0.078 59
1622606719409 0.076 60
1622606722033 0.079 61
1622606724762 0.077 62
1622606727475 0.075 63
1622606730230 0.074 64
1622606732982 0.075 65
1622606735796 0.075 66
1622606738608 0.074 67
1622606741483 0.076 68
1622606744418 0.076 69
1622606747374 0.074 70
1622606750391 0.075 71
1622606753412 0.074 72
1622606756515 0.076 73
1622606759704 0.076 74
1622606762830 0.074 75
1622606766032 0.075 76
1622606769263 0.076 77
1622606772492 0.075 78
1622606775725 0.076 79
1622606779032 0.075 80
1622606782343 0.075 81
1622606785744 0.075 82
1622606789153 0.074 83
1622606792615 0.076 84
1622606796324 0.078 85
1622606800109 0.08 86
1622606803722 0.082 87
1622606807567 0.077 88
1622606811356 0.079 89
1622606815072 0.075 90
1622606818786 0.076 91
1622606822537 0.076 92
1622606826291 0.074 93
1622606830094 0.076 94
1622606833959 0.076 95
1622606837823 0.075 96
1622606841723 0.075 97
1622606845683 0.074 98
1622606849664 0.075 99
1622606854504 0.076 100
1622606858579 0.075 101
1622606862717 0.075 102
1622606867428 0.076 103
1622606871752 0.079 104
1622606875923 0.076 105
1622606880180 0.076 106
1622606884464 0.076 107
1622606888767 0.075 108
1622606893092 0.074 109
1622606897496 0.075 110
1622606901874 0.076 111
1622606906445 0.075 112
1622606911311 0.08 113
1622606916274 0.079 114
1622606921250 0.081 115
1622606926067 0.082 116
1622606930762 0.078 117
1622606935692 0.08 118
1622606940611 0.077 119
1622606945648 0.08 120
1622606950711 0.077 121
1622606956289 0.075 122
1622606961435 0.074 123
1622606966309 0.076 124
1622606971237 0.076 125
1622606976151 0.076 126
1622606981143 0.076 127
1622606986119 0.075 128
1622606991973 0.075 129
1622606997195 0.08 130
1622607002618 0.084 131
1622607008174 0.078 132
1622607014366 0.084 133
1622607020134 0.123 134
1622607026106 0.076 135
1622607031403 0.075 136
1622607036708 0.074 137
1622607042043 0.074 138
1622607047436 0.074 139
1622607052839 0.076 140
1622607058278 0.075 141
1622607063814 0.075 142
1622607070182 0.075 143
1622607077256 0.113 144
1622607084079 0.087 145
1622607089735 0.075 146
1622607095434 0.074 147
1622607101189 0.075 148
1622607107409 0.079 149
1622607113647 0.079 150
1622607120860 0.079 151
1622607127219 0.079 152
1622607133342 0.079 153
1622607139431 0.075 154
1622607145419 0.075 155
1622607152345 0.157 156
1622607158417 0.075 157
1622607164594 0.075 158
1622607171239 0.084 159
1622607177925 0.079 160
1622607184565 0.081 161
1622607191118 0.079 162
1622607198121 0.14 163
1622607204462 0.074 164
1622607210807 0.074 165
1622607217165 0.075 166
1622607223620 0.076 167
1622607230041 0.075 168
1622607236674 0.075 169
1622607243920 0.144 170
1622607250427 0.076 171
1622607256973 0.075 172
1622607263490 0.074 173
1622607270485 0.075 174
1622607277144 0.074 175
1622607283859 0.075 176
1622607290587 0.075 177
1622607297376 0.075 178
1622607304186 0.076 179
1622607311033 0.075 180
1622607317997 0.074 181
1622607324875 0.074 182
1622607332095 0.075 183
1622607339063 0.075 184
1622607346232 0.075 185
1622607353411 0.082 186
1622607361530 0.161 187
1622607369569 0.075 188
1622607379302 0.077 189
1622607387496 0.075 190
1622607394861 0.076 191
1622607402131 0.075 192
1622607409439 0.076 193
1622607417107 0.076 194
1622607425900 0.08 195
1622607433347 0.076 196
1622607441026 0.075 197
1622607450047 0.075 198
1622607457885 0.118 199
1622607466536 0.075 200
1622607474651 0.078 201
1622607482829 0.074 202
1622607491544 0.075 203
1622607499322 0.077 204
1622607507425 0.074 205
1622607515181 0.075 206
1622607523720 0.076 207
1622607531637 0.1 208
1622607539623 0.075 209
1622607547642 0.076 210
1622607555683 0.075 211
1622607563654 0.075 212
1622607572004 0.075 213
1622607580176 0.075 214
1622607588453 0.075 215
1622607596763 0.08 216
1622607606084 0.075 217
1622607614921 0.076 218
1622607623173 0.075 219
1622607631499 0.076 220
1622607640012 0.076 221
1622607648560 0.079 222
1622607657131 0.075 223
1622607665822 0.08 224
1622607675864 0.076 225
1622607684336 0.076 226
1622607692817 0.075 227
1622607701363 0.075 228
1622607710169 0.076 229
1622607718953 0.08 230
1622607727646 0.076 231
1622607737575 0.076 232
1622607746881 0.082 233
1622607755950 0.075 234
1622607765646 0.138 235
1622607774475 0.074 236
1622607783412 0.075 237
1622607792426 0.075 238
1622607801418 0.075 239
1622607811537 0.075 240
1622607821267 0.078 241
1622607830295 0.075 242
1622607839454 0.076 243
1622607848622 0.076 244
1622607857959 0.075 245
1622607867178 0.076 246
1622607878348 0.076 247
1622607888965 0.131 248
1622607900347 0.078 249
1622607909786 0.076 250
1622607919456 0.076 251
1622607929092 0.082 252
1622607938804 0.076 253
1622607949418 0.076 254
1622607960783 0.077 255
1622607970978 0.078 256
1622607981402 0.08 257
1622607991493 0.079 258
1622608001380 0.075 259
1622608011110 0.075 260
1622608020819 0.074 261
1622608030679 0.075 262
1622608041246 0.145 263
1622608051040 0.076 264
1622608061263 0.075 265
1622608071101 0.076 266
1622608081016 0.074 267
1622608091859 0.075 268
1622608102493 0.075 269
1622608113592 0.075 270
1622608124205 0.076 271
1622608134625 0.075 272
1622608145533 0.137 273
1622608156031 0.078 274
1622608167470 0.075 275
1622608177729 0.076 276
1622608188720 0.075 277
1622608199189 0.075 278
1622608211707 0.077 279
1622608222113 0.075 280
1622608232553 0.076 281
1622608243086 0.077 282
1622608253667 0.076 283
1622608264288 0.076 284
1622608274897 0.075 285
1622608285521 0.075 286
1622608296132 0.075 287
1622608306853 0.076 288
1622608318124 0.076 289
1622608329514 0.139 290
1622608340740 0.078 291
1622608352828 0.075 292
1622608363656 0.075 293
1622608375339 0.075 294
1622608386472 0.075 295
1622608397698 0.075 296
1622608409094 0.079 297
1622608422310 0.077 298
1622608433812 0.075 299
1622608445896 0.082 300
1622608457500 0.081 301
1622608468731 0.075 302
1622608480196 0.075 303
1622608492579 0.08 304
1622608503978 0.075 305
1622608515831 0.081 306
1622608527302 0.075 307
1622608538703 0.075 308
1622608550210 0.075 309
1622608561765 0.075 310
1622608573898 0.075 311
1622608585473 0.076 312
1622608597127 0.076 313
1622608608870 0.076 314
1622608620981 0.084 315
1622608632873 0.076 316
1622608644648 0.076 317
1622608656438 0.075 318
1622608668162 0.075 319
1622608680022 0.077 320
1622608692857 0.075 321
1622608705867 0.075 322
1622608718227 0.075 323
1622608731548 0.079 324
1622608744455 0.08 325
1622608757745 0.079 326
1622608772171 0.076 327
1622608784211 0.075 328
1622608796380 0.075 329
1622608808585 0.074 330
1622608820997 0.076 331
1622608834119 0.078 332
1622608846628 0.079 333
1622608858957 0.076 334
1622608871670 0.074 335
1622608884087 0.077 336
1622608897494 0.076 337
1622608910237 0.08 338
1622608922958 0.074 339
1622608937210 0.076 340
1622608950772 0.081 341
1622608963354 0.076 342
1622608976034 0.074 343
1622608988770 0.074 344
1622609001408 0.075 345
1622609014136 0.075 346
1622609027247 0.075 347
1622609041544 0.127 348
1622609054551 0.076 349
1622609067414 0.076 350
1622609080783 0.075 351
1622609094268 0.076 352
1622609107252 0.076 353
1622609123078 0.075 354
1622609136361 0.076 355
1622609150396 0.075 356
1622609163526 0.075 357
1622609176697 0.083 358
1622609189995 0.076 359
1622609203235 0.076 360
1622609216462 0.076 361
1622609231232 0.075 362
1622609244680 0.082 363
1622609257981 0.075 364
1622609271417 0.075 365
1622609284838 0.075 366
1622609298272 0.075 367
1622609314202 0.076 368
1622609327783 0.075 369
1622609341389 0.075 370
1622609354969 0.076 371
1622609368575 0.074 372
1622609382497 0.074 373
1622609397286 0.081 374
1622609411732 0.079 375
1622609426225 0.076 376
1622609440877 0.077 377
1622609455289 0.075 378
1622609469854 0.075 379
1622609483969 0.076 380
1622609497994 0.075 381
1622609512035 0.075 382
1622609528604 0.075 383
1622609543213 0.078 384
1622609557352 0.075 385
1622609571496 0.075 386
1622609585925 0.076 387
1622609600520 0.079 388
1622609614710 0.075 389
1622609630392 0.074 390
1622609645873 0.075 391
1622609660762 0.075 392
1622609675600 0.074 393
1622609691498 0.076 394
1622609705933 0.076 395
1622609721525 0.074 396
1622609736141 0.076 397
1622609750802 0.075 398
1622609766748 0.074 399
1622609781336 0.076 400
1622609796606 0.075 401
1622609811773 0.075 402
1622609829646 0.08 403
1622609847526 0.157 404
1622609863229 0.078 405
1622609878599 0.078 406
1622609894189 0.074 407
1622609909913 0.079 408
1622609925481 0.075 409
1622609941185 0.075 410
1622609956978 0.075 411
1622609972017 0.075 412
1622609987679 0.075 413
1622610003800 0.077 414
1622610020454 0.079 415
1622610035650 0.075 416
1622610052270 0.075 417
1622610069738 0.076 418
1622610085679 0.078 419
1622610102692 0.075 420
1622610118003 0.076 421
1622610133359 0.075 422
1622610148759 0.074 423
1622610164893 0.076 424
1622610181135 0.136 425
1622610196694 0.075 426
1622610212242 0.075 427
1622610228671 0.075 428
1622610245629 0.074 429
1622610261523 0.081 430
1622610278966 0.074 431
1622610295105 0.075 432
1622610311651 0.075 433
1622610328396 0.146 434
1622610345454 0.075 435
1622610362720 0.075 436
1622610379521 0.074 437
1622610396336 0.076 438
1622610414460 0.077 439
1622610430450 0.08 440
1622610447448 0.076 441
1622610464585 0.081 442
1622610481843 0.077 443
1622610498982 0.076 444
1622610516263 0.076 445
1622610532953 0.076 446
1622610549826 0.077 447
1622610569214 0.077 448
1622610586979 0.074 449
1622610603922 0.081 450
1622610620636 0.075 451
1622610639917 0.074 452
1622610659729 0.142 453
1622610677091 0.075 454
1622610693722 0.074 455
1622610711982 0.075 456
1622610729092 0.075 457
1622610746882 0.076 458
1622610764607 0.078 459
1622610781476 0.076 460
1622610798864 0.074 461
1622610817514 0.075 462
1622610835622 0.074 463
1622610855050 0.074 464
1622610873854 0.075 465
1622610890925 0.076 466
1622610907826 0.075 467
1622610924850 0.075 468
1622610941922 0.077 469
1622610959908 0.074 470
1622610977027 0.075 471
1622610995309 0.076 472
1622611013820 0.08 473
1622611032501 0.076 474
1622611050889 0.08 475
1622611068296 0.08 476
1622611087129 0.077 477
1622611106251 0.079 478
1622611127413 0.08 479
1622611145346 0.076 480
1622611163743 0.075 481
1622611182887 0.112 482
1622611203447 0.077 483
1622611222464 0.076 484
1622611240232 0.082 485
1622611258522 0.076 486
1622611278517 0.142 487
1622611296242 0.073 488
1622611315732 0.073 489
1622611338091 0.078 490
1622611358096 0.077 491
1622611378142 0.078 492
1622611397781 0.074 493
1622611416543 0.076 494
1622611435018 0.102 495
1622611453340 0.078 496
1622611471457 0.074 497
1622611490494 0.072 498
1622611509402 0.075 499
1622611529252 0.074 500
