1622606619481 0.006 0
1622606620260 0.65 1
1622606621273 1.4689999999999999 2
1622606622147 2.155 3
1622606622810 2.6929999999999996 4
1622606623465 3.2339999999999995 5
1622606624144 3.7949999999999995 6
1622606624862 4.395 7
1622606625614 5.031 8
1622606626625 5.9159999999999995 9
1622606628051 7.146999999999999 10
1622606628975 7.936999999999999 11
1622606629870 8.713999999999999 12
1622606630807 9.533999999999999 13
1622606631889 10.491 14
1622606633646 12.054 15
1622606634725 12.994 16
1622606636480 14.62 17
1622606638586 16.538 18
1622606639838 17.657 19
1622606641039 18.741 20
1622606642272 19.852 21
1622606643524 20.984 22
1622606644825 22.161 23
1622606646157 23.373 24
1622606647539 24.633000000000003 25
1622606648946 25.921000000000003 26
1622606650357 27.212000000000003 27
1622606651834 28.570000000000004 28
1622606653357 29.973000000000003 29
1622606654898 31.394000000000002 30
1622606656461 32.839 31
1622606658078 34.339 32
1622606659706 35.852 33
1622606661378 37.406 34
1622606663117 39.025999999999996 35
1622606664866 40.656 36
1622606666649 42.32 37
1622606668468 44.023 38
1622606670333 45.771 39
1622606672255 47.576 40
1622606674185 49.386 41
1622606676176 51.259 42
1622606678175 53.14 43
1622606680209 55.055 44
1622606682292 57.019 45
1622606684407 59.015 46
1622606686560 61.046 47
1622606688741 63.107 48
1622606690976 65.223 49
1622606693182 67.31099999999999 50
1622606695514 69.52399999999999 51
1622606697867 71.75699999999999 52
1622606700229 74.002 53
1622606703463 77.116 54
1622606706006 79.535 55
1622606708631 82.036 56
1622606711287 84.569 57
1622606713935 87.096 58
1622606716634 89.674 59
1622606719423 92.34400000000001 60
1622606722048 94.84700000000001 61
1622606724777 97.45500000000001 62
1622606727490 100.05000000000001 63
1622606730245 102.68800000000002 64
1622606732996 105.32400000000001 65
1622606735811 108.02300000000001 66
1622606738622 110.72000000000001 67
1622606741496 113.47900000000001 68
1622606744432 116.29700000000001 69
1622606747388 119.138 70
1622606750405 122.04 71
1622606753426 124.94500000000001 72
1622606756529 127.93 73
1622606759720 131.001 74
1622606762845 134.008 75
1622606766047 137.091 76
1622606769277 140.203 77
1622606772505 143.317 78
1622606775739 146.434 79
1622606779047 149.625 80
1622606782356 152.82 81
1622606785758 156.108 82
1622606789167 159.404 83
1622606792629 162.75 84
1622606796336 166.342 85
1622606800123 170.008 86
1622606803735 173.5 87
1622606807581 177.228 88
1622606811370 180.895 89
1622606815088 184.494 90
1622606818800 188.089 91
1622606822551 191.724 92
1622606826306 195.36399999999998 93
1622606830111 199.04899999999998 94
1622606833973 202.79399999999998 95
1622606837837 206.54199999999997 96
1622606841737 210.32399999999998 97
1622606845697 214.16699999999997 98
1622606849677 218.03199999999998 99
1622606854519 222.75599999999997 100
1622606858594 226.71099999999998 101
1622606862732 230.73 102
1622606867443 235.32 103
1622606871768 239.51999999999998 104
1622606875938 243.57 105
1622606880196 247.707 106
1622606884479 251.87099999999998 107
1622606888782 256.056 108
1622606893107 260.264 109
1622606897511 264.551 110
1622606901891 268.807 111
1622606906462 273.254 112
1622606911327 277.992 113
1622606916290 282.832 114
1622606921266 287.683 115
1622606926082 292.371 116
1622606930776 296.943 117
1622606935709 301.74899999999997 118
1622606940624 306.546 119
1622606945665 311.462 120
1622606950726 316.401 121
1622606956306 321.858 122
1622606961450 326.884 123
1622606966322 331.64 124
1622606971250 336.454 125
1622606976164 341.254 126
1622606981158 346.132 127
1622606986133 350.991 128
1622606991986 356.729 129
1622606997209 361.83 130
1622607002631 367.13 131
1622607008187 372.569 132
1622607014384 378.632 133
1622607020150 384.23 134
1622607026121 390.083 135
1622607031418 395.264 136
1622607036722 400.452 137
1622607042058 405.669 138
1622607047450 410.942 139
1622607052853 416.22700000000003 140
1622607058292 421.55 141
1622607063830 426.97 142
1622607070199 433.21500000000003 143
1622607077273 440.129 144
1622607084093 446.82 145
1622607089749 452.359 146
1622607095449 457.943 147
1622607101203 463.582 148
1622607107425 469.682 149
1622607113662 475.796 150
1622607120875 482.887 151
1622607127233 489.123 152
1622607133357 495.12399999999997 153
1622607139446 501.09299999999996 154
1622607145437 506.95799999999997 155
1622607152360 513.677 156
1622607158431 519.63 157
1622607164610 525.688 158
1622607171256 532.202 159
1622607177939 538.764 160
1622607184580 545.2810000000001 161
1622607191134 551.7080000000001 162
1622607198135 558.527 163
1622607204476 564.753 164
1622607210822 570.98 165
1622607217180 577.2180000000001 166
1622607223635 583.552 167
1622607230056 589.855 168
1622607236692 596.363 169
1622607243936 603.417 170
1622607250443 609.803 171
1622607256987 616.228 172
1622607263507 622.6279999999999 173
1622607270501 629.502 174
1622607277159 636.0409999999999 175
1622607283875 642.636 176
1622607290602 649.2429999999999 177
1622607297392 655.914 178
1622607304202 662.604 179
1622607311046 669.331 180
1622607318012 676.179 181
1622607324889 682.935 182
1622607332109 690.035 183
1622607339079 696.882 184
1622607346248 703.93 185
1622607353430 710.973 186
1622607361546 718.881 187
1622607369586 726.8 188
1622607379317 736.411 189
1622607387510 744.487 190
1622607394875 751.735 191
1622607402145 758.8870000000001 192
1622607409455 766.075 193
1622607417124 773.6210000000001 194
1622607425917 782.2850000000001 195
1622607433362 789.6100000000001 196
1622607441042 797.1700000000001 197
1622607450065 806.065 198
1622607457900 813.7360000000001 199
1622607466552 822.2680000000001 200
1622607474665 830.2610000000002 201
1622607482843 838.3210000000001 202
1622607491560 846.9180000000001 203
1622607499337 854.5740000000001 204
1622607507441 862.5580000000001 205
1622607515195 870.1920000000001 206
1622607523733 878.6110000000001 207
1622607531650 886.3890000000001 208
1622607539638 894.2560000000001 209
1622607547657 902.1550000000001 210
1622607555697 910.08 211
1622607563668 917.937 212
1622607572019 926.17 213
1622607580191 934.223 214
1622607588468 942.381 215
1622607596777 950.567 216
1622607606099 959.768 217
1622607614937 968.479 218
1622607623187 976.6080000000001 219
1622607631515 984.817 220
1622607640029 993.206 221
1622607648577 1001.625 222
1622607657149 1010.071 223
1622607665839 1018.63 224
1622607675880 1028.548 225
1622607684350 1036.901 226
1622607692832 1045.2640000000001 227
1622607701377 1053.691 228
1622607710183 1062.3790000000001 229
1622607718967 1071.0430000000001 230
1622607727659 1079.622 231
1622607737592 1089.433 232
1622607746895 1098.61 233
1622607755968 1107.5569999999998 234
1622607765661 1117.0669999999998 235
1622607774491 1125.7779999999998 236
1622607783427 1134.5939999999998 237
1622607792441 1143.4889999999998 238
1622607801432 1152.3629999999998 239
1622607811553 1162.3619999999999 240
1622607821283 1171.9669999999999 241
1622607830311 1180.8719999999998 242
1622607839471 1189.907 243
1622607848639 1198.9479999999999 244
1622607857972 1208.1639999999998 245
1622607867192 1217.2669999999998 246
1622607878367 1228.3139999999999 247
1622607888977 1238.7549999999999 248
1622607900360 1250.02 249
1622607909800 1259.34 250
1622607919470 1268.893 251
1622607929105 1278.406 252
1622607938819 1288.001 253
1622607949433 1298.4959999999999 254
1622607960797 1309.7409999999998 255
1622607970992 1319.8159999999998 256
1622607981417 1330.1169999999997 257
1622607991508 1340.0869999999998 258
1622608001393 1349.8549999999998 259
1622608011126 1359.4689999999998 260
1622608020835 1369.0589999999997 261
1622608030700 1378.7909999999997 262
1622608041260 1389.1639999999998 263
1622608051057 1398.8409999999997 264
1622608061282 1408.9439999999997 265
1622608071115 1418.6599999999996 266
1622608081030 1428.4599999999996 267
1622608091874 1439.1849999999995 268
1622608102509 1449.6969999999994 269
1622608113608 1460.6759999999995 270
1622608124219 1471.1689999999994 271
1622608134641 1481.4659999999994 272
1622608145546 1492.1949999999995 273
1622608156046 1502.5729999999994 274
1622608167485 1513.8929999999993 275
1622608177744 1524.0329999999994 276
1622608188735 1534.9039999999995 277
1622608199203 1545.2549999999997 278
1622608211720 1557.6549999999997 279
1622608222128 1567.9449999999997 280
1622608232568 1578.2649999999996 281
1622608243103 1588.6739999999998 282
1622608253684 1599.1329999999998 283
1622608264304 1609.6309999999999 284
1622608274911 1620.119 285
1622608285535 1630.627 286
1622608296149 1641.119 287
1622608306868 1651.7179999999998 288
1622608318141 1662.8659999999998 289
1622608329528 1674.0719999999997 290
1622608340755 1685.1769999999997 291
1622608352842 1697.1479999999997 292
1622608363670 1707.8589999999997 293
1622608375353 1719.4249999999997 294
1622608386485 1730.4419999999998 295
1622608397713 1741.5509999999997 296
1622608409111 1752.8229999999996 297
1622608422325 1765.9179999999997 298
1622608433827 1777.3009999999997 299
1622608445912 1789.2579999999998 300
1622608457518 1800.735 301
1622608468748 1811.84 302
1622608480211 1823.184 303
1622608492592 1835.447 304
1622608503992 1846.731 305
1622608515846 1858.46 306
1622608527316 1869.813 307
1622608538717 1881.0990000000002 308
1622608550225 1892.488 309
1622608561779 1903.924 310
1622608573915 1915.937 311
1622608585491 1927.385 312
1622608597145 1938.916 313
1622608608884 1950.5339999999999 314
1622608620997 1962.5189999999998 315
1622608632885 1974.2929999999997 316
1622608644664 1985.9519999999998 317
1622608656453 1997.6229999999998 318
1622608668174 2009.2319999999997 319
1622608680036 2020.9769999999996 320
1622608692870 2033.6959999999997 321
1622608705881 2046.5909999999997 322
1622608718242 2058.832 323
1622608731563 2072.029 324
1622608744471 2084.812 325
1622608757760 2097.978 326
1622608772186 2112.281 327
1622608784226 2124.2019999999998 328
1622608796398 2136.2509999999997 329
1622608808598 2148.336 330
1622608821012 2160.631 331
1622608834134 2173.632 332
1622608846642 2186.02 333
1622608858971 2198.233 334
1622608871683 2210.831 335
1622608884104 2223.129 336
1622608897508 2236.4139999999998 337
1622608910250 2249.037 338
1622608922973 2261.644 339
1622608937226 2275.7729999999997 340
1622608950786 2289.2119999999995 341
1622608963369 2301.6759999999995 342
1622608976050 2314.2379999999994 343
1622608988786 2326.8519999999994 344
1622609001423 2339.370999999999 345
1622609014151 2351.9809999999993 346
1622609027264 2364.9719999999993 347
1622609041556 2379.0999999999995 348
1622609054565 2391.9939999999992 349
1622609067429 2404.7399999999993 350
1622609080798 2417.9899999999993 351
1622609094286 2431.350999999999 352
1622609107267 2444.2109999999993 353
1622609123094 2459.9149999999995 354
1622609136375 2473.0749999999994 355
1622609150413 2486.9909999999995 356
1622609163543 2499.9969999999994 357
1622609176712 2513.0369999999994 358
1622609190010 2526.2159999999994 359
1622609203251 2539.3349999999996 360
1622609216476 2552.4429999999998 361
1622609231246 2567.098 362
1622609244694 2580.424 363
1622609257996 2593.6059999999998 364
1622609271433 2606.921 365
1622609284852 2620.2239999999997 366
1622609298287 2633.5399999999995 367
1622609314216 2649.3499999999995 368
1622609327797 2662.8149999999996 369
1622609341403 2676.3029999999994 370
1622609354984 2689.763999999999 371
1622609368589 2703.2529999999992 372
1622609382513 2717.0569999999993 373
1622609397302 2731.7199999999993 374
1622609411746 2746.044999999999 375
1622609426239 2760.419999999999 376
1622609440893 2774.9519999999993 377
1622609455305 2789.2419999999993 378
1622609469872 2803.6859999999992 379
1622609483986 2817.675999999999 380
1622609498011 2831.577999999999 381
1622609512053 2845.4939999999992 382
1622609528622 2861.937999999999 383
1622609543229 2876.4189999999994 384
1622609557367 2890.4399999999996 385
1622609571511 2904.4639999999995 386
1622609585942 2918.7729999999997 387
1622609600536 2933.2429999999995 388
1622609614725 2947.3139999999994 389
1622609630405 2962.8809999999994 390
1622609645888 2978.245999999999 391
1622609660775 2993.0189999999993 392
1622609675614 3007.7439999999992 393
1622609691513 3023.521999999999 394
1622609705948 3037.838999999999 395
1622609721538 3053.314999999999 396
1622609736152 3067.816999999999 397
1622609750818 3082.363999999999 398
1622609766763 3098.191999999999 399
1622609781354 3112.657999999999 400
1622609796621 3127.805999999999 401
1622609811788 3142.853999999999 402
1622609829663 3160.6009999999987 403
1622609847541 3178.277999999999 404
1622609863243 3193.858999999999 405
1622609878612 3209.111999999999 406
1622609894202 3224.588999999999 407
1622609909926 3240.195999999999 408
1622609925498 3255.646999999999 409
1622609941203 3271.227999999999 410
1622609956996 3286.898999999999 411
1622609972036 3301.814999999999 412
1622609987695 3317.350999999999 413
1622610003817 3333.347999999999 414
1622610020469 3349.875999999999 415
1622610035663 3364.9559999999988 416
1622610052286 3381.4549999999986 417
1622610069754 3398.8009999999986 418
1622610085693 3414.6229999999987 419
1622610102706 3431.5199999999986 420
1622610118016 3446.7159999999985 421
1622610133373 3461.9579999999987 422
1622610148775 3477.2409999999986 423
1622610164911 3493.2499999999986 424
1622610181150 3509.308999999999 425
1622610196711 3524.748999999999 426
1622610212255 3540.175999999999 427
1622610228687 3556.485999999999 428
1622610245645 3573.322999999999 429
1622610261536 3589.093999999999 430
1622610278980 3606.4229999999993 431
1622610295120 3622.4439999999995 432
1622610311669 3638.8729999999996 433
1622610328412 3655.4219999999996 434
1622610345468 3672.3609999999994 435
1622610362734 3689.5099999999993 436
1622610379536 3706.1929999999993 437
1622610396351 3722.888999999999 438
1622610414475 3740.892999999999 439
1622610430467 3756.757999999999 440
1622610447463 3773.632999999999 441
1622610464599 3790.645999999999 442
1622610481858 3807.7859999999987 443
1622610498996 3824.8059999999987 444
1622610516276 3841.9689999999987 445
1622610532970 3858.538999999999 446
1622610549841 3875.288999999999 447
1622610569231 3894.554999999999 448
1622610586997 3912.194999999999 449
1622610603939 3929.007999999999 450
1622610620651 3945.601999999999 451
1622610639940 3964.755999999999 452
1622610659748 3984.365999999999 453
1622610677108 4001.603999999999 454
1622610693737 4018.113999999999 455
1622610711997 4036.256999999999 456
1622610729105 4053.249999999999 457
1622610746896 4070.922999999999 458
1622610764621 4088.528999999999 459
1622610781491 4105.278999999999 460
1622610798879 4122.547999999999 461
1622610817530 4141.079999999999 462
1622610835640 4159.066999999999 463
1622610855066 4178.371999999999 464
1622610873871 4197.052999999999 465
1622610890939 4214.002999999999 466
1622610907841 4230.786999999998 467
1622610924864 4247.692999999998 468
1622610941935 4264.647999999998 469
1622610959922 4282.519999999999 470
1622610977044 4299.521999999999 471
1622610995326 4317.678999999999 472
1622611013836 4336.060999999999 473
1622611032517 4354.620999999999 474
1622611050903 4372.884999999999 475
1622611068309 4390.169999999999 476
1622611087144 4408.883999999999 477
1622611106266 4427.883999999999 478
1622611127426 4448.923999999999 479
1622611145361 4466.739999999999 480
1622611163762 4485.011999999999 481
1622611182903 4503.995999999999 482
1622611203461 4524.436999999999 483
1622611222479 4543.335999999999 484
1622611240248 4560.976999999999 485
1622611258541 4579.140999999999 486
1622611278531 4598.9479999999985 487
1622611296255 4616.560999999999 488
1622611315745 4635.939999999999 489
1622611338106 4658.1799999999985 490
1622611358113 4678.0639999999985 491
1622611378157 4697.985999999998 492
1622611397798 4717.508999999998 493
1622611416559 4736.147999999998 494
1622611435035 4754.471999999998 495
1622611453354 4772.670999999998 496
1622611471472 4790.669999999997 497
1622611490509 4809.588999999997 498
1622611509416 4828.379999999997 499
1622611529267 4848.112999999998 500
