1622690739058 -91.3784184977016 0
1622690740978 -15.393110428898105 1
1622690742825 -15.393110428898105 2
1622690744918 -15.393110428898105 3
1622690747117 -15.393110428898105 4
1622690749503 -15.393110428898105 5
1622690752049 -15.393110428898105 6
1622690754746 -15.393110428898105 7
1622690757590 -15.393110428898105 8
1622690760631 -15.393110428898105 9
1622690763760 -15.393110428898105 10
1622690767095 -15.393110428898105 11
1622690770574 -15.393110428898105 12
1622690774173 -15.393110428898105 13
1622690777973 -15.393110428898105 14
1622690782005 -15.393110428898105 15
1622690786023 -15.393110428898105 16
1622690790281 -15.393110428898105 17
1622690794748 -15.393110428898105 18
1622690799393 -15.393110428898105 19
1622690804182 -15.393110428898105 20
1622690809083 -15.393110428898105 21
1622690814139 -15.393110428898105 22
1622690819390 -15.393110428898105 23
1622690824826 -15.393110428898105 24
1622690830439 -15.393110428898105 25
1622690836107 -15.393110428898105 26
1622690841964 -15.393110428898105 27
1622690847898 -15.393110428898105 28
1622690853988 -15.393110428898105 29
1622690860208 -15.393110428898105 30
1622690866648 -15.393110428898105 31
1622690873242 -15.393110428898105 32
1622690880033 -15.393110428898105 33
1622690886812 -15.393110428898105 34
1622690893918 -15.393110428898105 35
1622690901145 -15.393110428898105 36
1622690908615 -15.393110428898105 37
1622690916212 -15.393110428898105 38
1622690923852 -15.393110428898105 39
1622690931777 -15.393110428898105 40
1622690939688 -15.393110428898105 41
1622690947927 -15.393110428898105 42
1622690956286 -15.393110428898105 43
1622690964861 -15.393110428898105 44
1622690973564 -15.393110428898105 45
1622690982314 -15.393110428898105 46
1622690991340 -15.393110428898105 47
1622691000525 -15.393110428898105 48
1622691009736 -15.393110428898105 49
1622691019221 -15.393110428898105 50
1622691028730 -15.393110428898105 51
1622691038589 -15.393110428898105 52
1622691048621 -15.393110428898105 53
1622691058744 -15.393110428898105 54
1622691068968 -15.393110428898105 55
1622691079502 -15.393110428898105 56
1622691090014 -15.393110428898105 57
1622691100881 -15.393110428898105 58
1622691111728 -15.393110428898105 59
1622691122770 -15.393110428898105 60
1622691134022 -15.393110428898105 61
1622691145306 -15.393110428898105 62
1622691156845 -15.393110428898105 63
1622691168592 -15.393110428898105 64
1622691180483 -15.393110428898105 65
1622691192581 -15.393110428898105 66
1622691204837 -15.393110428898105 67
1622691217223 -15.393110428898105 68
1622691229736 -15.393110428898105 69
1622691242347 -15.393110428898105 70
1622691255122 -15.393110428898105 71
1622691268035 -15.393110428898105 72
1622691281153 -15.393110428898105 73
1622691294415 -15.393110428898105 74
1622691307841 -15.393110428898105 75
1622691321285 -15.393110428898105 76
1622691334997 -15.393110428898105 77
1622691349011 -15.393110428898105 78
1622691362957 -15.393110428898105 79
1622691377185 -15.393110428898105 80
1622691391428 -15.393110428898105 81
1622691405933 -15.393110428898105 82
1622691420684 -15.393110428898105 83
1622691435691 -15.393110428898105 84
1622691450666 -15.393110428898105 85
1622691466011 -15.393110428898105 86
1622691481080 -15.393110428898105 87
1622691496451 -15.393110428898105 88
1622691511996 -15.393110428898105 89
1622691527774 -15.393110428898105 90
1622691543597 -15.393110428898105 91
1622691559698 -15.393110428898105 92
1622691575955 -15.393110428898105 93
1622691592424 -15.393110428898105 94
1622691608903 -15.393110428898105 95
1622691625729 -15.393110428898105 96
1622691642410 -15.393110428898105 97
1622691659429 -15.393110428898105 98
1622691676714 -15.393110428898105 99
1622691694178 -15.393110428898105 100
1622691711860 -15.393110428898105 101
1622691729585 -15.393110428898105 102
1622691747544 -15.393110428898105 103
1622691765415 -15.393110428898105 104
1622691783597 -15.393110428898105 105
1622691801893 -15.393110428898105 106
1622691820235 -15.393110428898105 107
1622691838820 -15.393110428898105 108
1622691857483 -15.393110428898105 109
1622691876374 -15.393110428898105 110
1622691895328 -15.393110428898105 111
1622691914614 -15.393110428898105 112
1622691934091 -15.393110428898105 113
1622691953615 -15.393110428898105 114
1622691973341 -15.393110428898105 115
1622691993354 -15.393110428898105 116
1622692013502 -15.393110428898105 117
1622692033715 -15.393110428898105 118
1622692054023 -15.393110428898105 119
1622692074638 -15.393110428898105 120
1622692095367 -15.393110428898105 121
1622692116084 -15.393110428898105 122
1622692136915 -15.393110428898105 123
1622692158126 -15.393110428898105 124
1622692179529 -15.393110428898105 125
1622692200872 -15.393110428898105 126
1622692222345 -15.393110428898105 127
1622692244368 -15.393110428898105 128
1622692266478 -15.393110428898105 129
1622692288623 -15.393110428898105 130
1622692310658 -15.393110428898105 131
1622692333001 -15.393110428898105 132
1622692355583 -15.393110428898105 133
1622692378265 -15.393110428898105 134
1622692401141 -15.393110428898105 135
1622692424226 -15.393110428898105 136
1622692447299 -15.393110428898105 137
1622692470705 -15.393110428898105 138
1622692494145 -15.393110428898105 139
1622692517863 -15.393110428898105 140
1622692541674 -15.393110428898105 141
1622692565704 -15.393110428898105 142
1622692589685 -15.393110428898105 143
1622692613880 -15.393110428898105 144
1622692638587 -15.393110428898105 145
1622692663311 -15.393110428898105 146
1622692688104 -15.393110428898105 147
1622692713079 -15.393110428898105 148
1622692738304 -15.393110428898105 149
1622692763524 -15.393110428898105 150
1622692789031 -15.393110428898105 151
1622692814519 -15.393110428898105 152
1622692840201 -15.393110428898105 153
1622692866085 -15.393110428898105 154
1622692892202 -15.393110428898105 155
1622692918410 -15.393110428898105 156
1622692944695 -15.393110428898105 157
1622692971330 -15.393110428898105 158
1622692998035 -15.393110428898105 159
1622693024921 -15.393110428898105 160
1622693051902 -15.393110428898105 161
1622693079123 -15.393110428898105 162
1622693106302 -15.393110428898105 163
1622693133625 -15.393110428898105 164
1622693161179 -15.393110428898105 165
1622693188764 -15.393110428898105 166
1622693216796 -15.393110428898105 167
1622693244944 -15.393110428898105 168
1622693273349 -15.393110428898105 169
1622693301744 -15.393110428898105 170
1622693330207 -15.393110428898105 171
1622693358796 -15.393110428898105 172
1622693387695 -15.393110428898105 173
1622693416974 -15.393110428898105 174
1622693445890 -15.393110428898105 175
1622693475180 -15.393110428898105 176
1622693504725 -15.393110428898105 177
1622693534474 -15.393110428898105 178
1622693564478 -15.393110428898105 179
1622693594423 -15.393110428898105 180
1622693624653 -15.393110428898105 181
1622693654842 -15.393110428898105 182
1622693685039 -15.393110428898105 183
1622693715599 -15.393110428898105 184
1622693746557 -15.393110428898105 185
1622693777468 -15.393110428898105 186
1622693808782 -15.393110428898105 187
1622693839952 -15.393110428898105 188
1622693871190 -15.393110428898105 189
1622693902562 -15.393110428898105 190
1622693934353 -15.393110428898105 191
1622693966209 -15.393110428898105 192
1622693998156 -15.393110428898105 193
1622694030298 -15.393110428898105 194
1622694062549 -15.393110428898105 195
1622694094981 -15.393110428898105 196
1622694127434 -15.393110428898105 197
1622694160262 -15.393110428898105 198
1622694193422 -15.393110428898105 199
1622694226654 -15.393110428898105 200
1622694259898 -15.393110428898105 201
1622694293307 -15.393110428898105 202
1622694326929 -15.393110428898105 203
1622694360599 -15.393110428898105 204
1622694394328 -15.393110428898105 205
1622694428449 -15.393110428898105 206
1622694462844 -15.393110428898105 207
1622694497379 -15.393110428898105 208
1622694531829 -15.393110428898105 209
1622694566709 -15.393110428898105 210
1622694601363 -15.393110428898105 211
1622694636343 -15.393110428898105 212
1622694671719 -15.393110428898105 213
1622694707217 -15.393110428898105 214
1622694742601 -15.393110428898105 215
1622694778534 -15.393110428898105 216
1622694814280 -15.393110428898105 217
1622694850463 -15.393110428898105 218
1622694886827 -15.393110428898105 219
1622694922871 -15.393110428898105 220
1622694959150 -15.393110428898105 221
1622694995607 -15.393110428898105 222
1622695032210 -15.393110428898105 223
1622695069270 -15.393110428898105 224
1622695106565 -15.393110428898105 225
1622695143772 -15.393110428898105 226
1622695181307 -15.393110428898105 227
1622695218712 -15.393110428898105 228
1622695256581 -15.393110428898105 229
1622695294331 -15.393110428898105 230
1622695332175 -15.393110428898105 231
1622695370193 -15.393110428898105 232
1622695408424 -15.393110428898105 233
1622695446984 -15.393110428898105 234
1622695485443 -15.393110428898105 235
1622695524590 -15.393110428898105 236
1622695563246 -15.393110428898105 237
1622695602463 -15.393110428898105 238
1622695641853 -15.393110428898105 239
1622695681151 -15.393110428898105 240
1622695720812 -15.393110428898105 241
1622695760659 -15.393110428898105 242
1622695800616 -15.393110428898105 243
1622695840943 -15.393110428898105 244
1622695881084 -15.393110428898105 245
1622695921352 -15.393110428898105 246
1622695961780 -15.393110428898105 247
1622696002447 -15.393110428898105 248
1622696043301 -15.393110428898105 249
1622696084461 -15.393110428898105 250
1622696125787 -15.393110428898105 251
1622696167111 -15.393110428898105 252
1622696208355 -15.393110428898105 253
1622696249965 -15.393110428898105 254
1622696291674 -15.393110428898105 255
1622696333324 -15.393110428898105 256
1622696375471 -15.393110428898105 257
1622696417905 -15.393110428898105 258
1622696460437 -15.393110428898105 259
1622696503187 -15.393110428898105 260
1622696545886 -15.393110428898105 261
1622696588791 -15.393110428898105 262
1622696631997 -15.393110428898105 263
1622696675445 -15.393110428898105 264
1622696719002 -15.393110428898105 265
1622696762883 -15.393110428898105 266
1622696806615 -15.393110428898105 267
1622696850392 -15.393110428898105 268
1622696894192 -15.393110428898105 269
1622696938646 -15.393110428898105 270
1622696983117 -15.393110428898105 271
1622697027889 -15.393110428898105 272
1622697072638 -15.393110428898105 273
1622697117256 -15.393110428898105 274
1622697162416 -15.393110428898105 275
1622697207610 -15.393110428898105 276
1622697252891 -15.393110428898105 277
1622697298603 -15.393110428898105 278
1622697344143 -15.393110428898105 279
1622697390053 -15.393110428898105 280
1622697436338 -15.393110428898105 281
1622697482048 -15.393110428898105 282
1622697528536 -15.393110428898105 283
1622697574970 -15.393110428898105 284
1622697621497 -15.393110428898105 285
1622697668354 -15.393110428898105 286
1622697715460 -15.393110428898105 287
1622697762461 -15.393110428898105 288
1622697809340 -15.393110428898105 289
1622697856556 -15.393110428898105 290
1622697903935 -15.393110428898105 291
1622697951345 -15.393110428898105 292
1622697999401 -15.393110428898105 293
1622698047391 -15.393110428898105 294
1622698095553 -15.393110428898105 295
1622698143450 -15.393110428898105 296
1622698191885 -15.393110428898105 297
1622698240621 -15.393110428898105 298
1622698289277 -15.393110428898105 299
1622698338248 -15.393110428898105 300
1622698387374 -15.393110428898105 301
1622698436524 -15.393110428898105 302
1622698486055 -15.393110428898105 303
1622698535559 -15.393110428898105 304
1622698585284 -15.393110428898105 305
1622698635105 -15.393110428898105 306
1622698685302 -15.393110428898105 307
1622698735425 -15.393110428898105 308
1622698785846 -15.393110428898105 309
1622698836170 -15.393110428898105 310
1622698886989 -15.393110428898105 311
1622698937953 -15.393110428898105 312
1622698988746 -15.393110428898105 313
1622699039904 -15.393110428898105 314
1622699091442 -15.393110428898105 315
1622699142838 -15.393110428898105 316
1622699194588 -15.393110428898105 317
1622699246401 -15.393110428898105 318
1622699298566 -15.393110428898105 319
1622699350630 -15.393110428898105 320
1622699403151 -15.393110428898105 321
1622699455697 -15.393110428898105 322
1622699508538 -15.393110428898105 323
1622699561372 -15.393110428898105 324
1622699614246 -15.393110428898105 325
1622699667253 -15.393110428898105 326
1622699720867 -15.393110428898105 327
1622699774495 -15.393110428898105 328
1622699827887 -15.393110428898105 329
1622699881633 -15.393110428898105 330
1622699935311 -15.393110428898105 331
1622699989279 -15.393110428898105 332
1622700043623 -15.393110428898105 333
1622700098148 -15.393110428898105 334
1622700152625 -15.393110428898105 335
1622700207340 -15.393110428898105 336
1622700262179 -15.393110428898105 337
1622700317396 -15.393110428898105 338
1622700372430 -15.393110428898105 339
1622700427474 -15.393110428898105 340
1622700482920 -15.393110428898105 341
1622700538532 -15.393110428898105 342
1622700594359 -15.393110428898105 343
1622700649912 -15.393110428898105 344
1622700705897 -15.393110428898105 345
1622700762223 -15.393110428898105 346
1622700818641 -15.393110428898105 347
1622700875056 -15.393110428898105 348
1622700931527 -15.393110428898105 349
1622700988585 -15.393110428898105 350
1622701045666 -15.393110428898105 351
1622701102673 -15.393110428898105 352
1622701160199 -15.393110428898105 353
1622701217918 -15.393110428898105 354
1622701275370 -15.393110428898105 355
1622701333110 -15.393110428898105 356
1622701390946 -15.393110428898105 357
1622701448727 -15.393110428898105 358
1622701506872 -15.393110428898105 359
1622701564859 -15.393110428898105 360
1622701623411 -15.393110428898105 361
1622701682130 -15.393110428898105 362
1622701740957 -15.393110428898105 363
1622701799915 -15.393110428898105 364
1622701859217 -15.393110428898105 365
1622701918761 -15.393110428898105 366
1622701978284 -15.393110428898105 367
1622702038257 -15.393110428898105 368
1622702097785 -15.393110428898105 369
1622702157667 -15.393110428898105 370
1622702217454 -15.393110428898105 371
1622702277836 -15.393110428898105 372
1622702338271 -15.393110428898105 373
1622702398926 -15.393110428898105 374
1622702459548 -15.393110428898105 375
1622702520580 -15.393110428898105 376
1622702581482 -15.393110428898105 377
1622702642563 -15.393110428898105 378
1622702703643 -15.393110428898105 379
1622702765043 -15.393110428898105 380
1622702826831 -15.393110428898105 381
1622702888442 -15.393110428898105 382
1622702950386 -15.393110428898105 383
1622703012617 -15.393110428898105 384
1622703074466 -15.393110428898105 385
1622703136799 -15.393110428898105 386
1622703199298 -15.393110428898105 387
1622703261931 -15.393110428898105 388
1622703324993 -15.393110428898105 389
1622703388192 -15.393110428898105 390
1622703451167 -15.393110428898105 391
1622703514369 -15.393110428898105 392
1622703578014 -15.393110428898105 393
1622703641609 -15.393110428898105 394
1622703705335 -15.393110428898105 395
1622703769105 -15.393110428898105 396
1622703833184 -15.393110428898105 397
1622703897428 -15.393110428898105 398
1622703961913 -15.393110428898105 399
1622704026673 -15.393110428898105 400
1622704091076 -15.393110428898105 401
1622704155841 -15.393110428898105 402
1622704220528 -15.393110428898105 403
1622704285687 -15.393110428898105 404
1622704350777 -15.393110428898105 405
1622704416215 -15.393110428898105 406
1622704481722 -15.393110428898105 407
1622704547588 -15.393110428898105 408
1622704613525 -15.393110428898105 409
1622704679422 -15.393110428898105 410
1622704745148 -15.393110428898105 411
1622704811480 -15.393110428898105 412
1622704878087 -15.393110428898105 413
1622704944793 -15.393110428898105 414
1622705011754 -15.393110428898105 415
1622705078626 -15.393110428898105 416
1622705145720 -15.393110428898105 417
1622705213252 -15.393110428898105 418
1622705280628 -15.393110428898105 419
1622705348083 -15.393110428898105 420
1622705416050 -15.393110428898105 421
1622705483597 -15.393110428898105 422
1622705551728 -15.393110428898105 423
1622705619770 -15.393110428898105 424
1622705688044 -15.393110428898105 425
1622705756811 -15.393110428898105 426
1622705825481 -15.393110428898105 427
1622705893717 -15.393110428898105 428
1622705962761 -15.393110428898105 429
1622706031973 -15.393110428898105 430
1622706101401 -15.393110428898105 431
1622706171117 -15.393110428898105 432
1622706240934 -15.393110428898105 433
1622706311076 -15.393110428898105 434
1622706381140 -15.393110428898105 435
1622706451071 -15.393110428898105 436
1622706521508 -15.393110428898105 437
1622706592118 -15.393110428898105 438
1622706662966 -15.393110428898105 439
1622706733750 -15.393110428898105 440
1622706804514 -15.393110428898105 441
1622706875723 -15.393110428898105 442
1622706947022 -15.393110428898105 443
1622707018483 -15.393110428898105 444
1622707089855 -15.393110428898105 445
1622707161893 -15.393110428898105 446
1622707233706 -15.393110428898105 447
1622707305443 -15.393110428898105 448
1622707377424 -15.393110428898105 449
1622707449432 -15.393110428898105 450
1622707521648 -15.393110428898105 451
1622707594083 -15.393110428898105 452
1622707666610 -15.393110428898105 453
1622707739765 -15.393110428898105 454
1622707812819 -15.393110428898105 455
1622707886019 -15.393110428898105 456
1622707959733 -15.393110428898105 457
1622708033793 -15.393110428898105 458
1622708107673 -15.393110428898105 459
1622708181403 -15.393110428898105 460
1622708255507 -15.393110428898105 461
1622708329901 -15.393110428898105 462
1622708404598 -15.393110428898105 463
1622708479152 -15.393110428898105 464
1622708553489 -15.393110428898105 465
1622708628365 -15.393110428898105 466
1622708703345 -15.393110428898105 467
1622708778998 -15.393110428898105 468
1622708854512 -15.393110428898105 469
1622708930021 -15.393110428898105 470
1622709005544 -15.393110428898105 471
1622709081558 -15.393110428898105 472
1622709157256 -15.393110428898105 473
1622709233174 -15.393110428898105 474
1622709309330 -15.393110428898105 475
1622709385527 -15.393110428898105 476
1622709461779 -15.393110428898105 477
1622709537991 -15.393110428898105 478
1622709615011 -15.393110428898105 479
1622709691726 -15.393110428898105 480
1622709768733 -15.393110428898105 481
1622709846409 -15.393110428898105 482
1622709924318 -15.393110428898105 483
1622710001954 -15.393110428898105 484
1622710080044 -15.393110428898105 485
1622710158391 -15.393110428898105 486
1622710236297 -15.393110428898105 487
1622710314106 -15.393110428898105 488
1622710391857 -15.393110428898105 489
1622710469874 -15.393110428898105 490
1622710548558 -15.393110428898105 491
1622710626584 -15.393110428898105 492
1622710705096 -15.393110428898105 493
1622710784125 -15.393110428898105 494
1622710863208 -15.393110428898105 495
1622710942429 -15.393110428898105 496
1622711022026 -15.393110428898105 497
1622711101673 -15.393110428898105 498
1622711181507 -15.393110428898105 499
1622711261247 -15.393110428898105 500
