1622653870293 0.006 0
1622653871149 0.703 1
1622653872168 0.869 2
1622653873358 1.042 3
1622653874755 1.248 4
1622653876306 1.404 5
1622653878060 1.606 6
1622653879980 1.773 7
1622653882098 1.974 8
1622653884373 2.131 9
1622653886839 2.321 10
1622653889460 2.479 11
1622653892328 2.721 12
1622653895311 2.837 13
1622653898489 3.029 14
1622653901872 3.235 15
1622653905442 3.42 16
1622653909188 3.597 17
1622653913036 3.699 18
1622653917128 3.943 19
1622653921378 4.098 20
1622653925807 4.279 21
1622653930446 4.489 22
1622653935204 4.61 23
1622653940199 4.847 24
1622653945381 5.035 25
1622653950700 5.173 26
1622653956206 5.362 27
1622653961883 5.532 28
1622653967784 5.755 29
1622653973843 5.91 30
1622653980108 6.12 31
1622653986543 6.287 32
1622653993182 6.489 33
1622653999965 6.64 34
1622654006961 6.849 35
1622654014070 6.963 36
1622654021440 7.222 37
1622654028977 7.392 38
1622654036642 7.514 39
1622654044528 7.736 40
1622654052629 7.957 41
1622654060910 8.114 42
1622654069263 8.205 43
1622654077883 8.473 44
1622654086626 8.597 45
1622654095592 8.821 46
1622654104706 8.971 47
1622654114005 9.154 48
1622654123493 9.343 49
1622654133258 9.618 50
1622654143199 9.796 51
1622654153294 9.948 52
1622654163544 10.105 53
1622654173974 10.285 54
1622654184591 10.463 55
1622654195413 10.667 56
1622654206366 10.81 57
1622654217488 10.975 58
1622654228881 11.248 59
1622654240446 11.419 60
1622654252176 11.582 61
1622654264054 11.73 62
1622654276126 11.928 63
1622654288363 12.093 64
1622654300781 12.259 65
1622654314363 13.338 66
1622654327209 12.703 67
1622654341051 13.612 68
1622654354264 13.066 69
1622654367599 13.188 70
1622654381091 13.341 71
1622654394799 13.559 72
1622654408738 13.792 73
1622654422734 13.851 74
1622654437030 14.148 75
1622654451342 14.171 76
1622654465893 14.407 77
1622654480665 14.622 78
1622654496571 15.758 79
1622654511786 15.065 80
1622654527066 15.129 81
1622654542504 15.295 82
1622654558247 15.593 83
1622654574048 15.652 84
1622654590079 15.884 85
1622654606240 16.016 86
1622654622614 16.225 87
1622654639249 16.484 88
1622654656068 16.672 89
1622654673090 16.876 90
1622654690302 17.059 91
1622654707588 17.135 92
1622654725104 17.364 93
1622654742711 17.45 94
1622654760566 17.703 95
1622654778492 17.773 96
1622654796714 18.075 97
1622654814880 18.018 98
1622654833417 18.388 99
1622654852048 18.484 100
1622654870790 18.594 101
1622654889607 18.67 102
1622654908639 18.884 103
1622654927812 19.024 104
1622654947278 19.312 105
1622654966987 19.556 106
1622654986840 19.71 107
1622655006872 19.892 108
1622655027003 19.983 109
1622655048442 21.29 110
1622655068954 20.363 111
1622655089748 20.649 112
1622655110418 20.521 113
1622655131510 20.944 114
1622655152543 20.887 115
1622655173904 21.214 116
1622655195414 21.365 117
1622655217345 21.785 118
1622655239516 22.02 119
1622655261746 22.08 120
1622655284241 22.349 121
1622655307994 23.604 122
1622655330844 22.705 123
1622655353846 22.855 124
1622655376992 23.001 125
1622655400481 23.341 126
1622655424033 23.408 127
1622655447653 23.46 128
1622655472821 24.927 129
1622655497319 24.345 130
1622655521831 24.362 131
1622655546586 24.603 132
1622655571585 24.847 133
1622655596639 24.901 134
1622655621694 24.907 135
1622655647148 25.3 136
1622655672544 25.244 137
1622655698062 25.366 138
1622655723793 25.581 139
1622655749526 25.591 140
1622655775632 25.956 141
1622655801877 26.093 142
1622655828365 26.336 143
1622655855066 26.547 144
1622655881830 26.616 145
1622655908940 26.961 146
1622655936237 27.137 147
1622655965114 28.635 148
1622655992962 27.696 149
1622656021083 27.971 150
1622656049404 28.173 151
1622656077746 28.197 152
1622656106171 28.28 153
1622656135596 29.269 154
1622656164265 28.525 155
1622656193300 28.888 156
1622656222408 28.964 157
1622656251716 29.163 158
1622656281084 29.22 159
1622656310775 29.54 160
1622656340481 29.532 161
1622656370489 29.834 162
1622656400562 29.918 163
1622656430824 30.118 164
1622656461398 30.432 165
1622656492084 30.536 166
1622656522998 30.763 167
1622656554072 30.92 168
1622656585372 31.154 169
1622656616927 31.403 170
1622656648596 31.519 171
1622656680392 31.64 172
1622656713494 32.865 173
1622656745546 31.903 174
1622656777845 32.156 175
1622656810233 32.243 176
1622656842585 32.21 177
1622656875402 32.675 178
1622656908405 32.855 179
1622656941640 33.091 180
1622656975179 33.392 181
1622657008858 33.532 182
1622657042558 33.552 183
1622657076439 33.734 184
1622657110878 34.291 185
1622657145535 34.502 186
1622657180039 34.355 187
1622657214862 34.668 188
1622657249753 34.744 189
1622657284890 34.99 190
1622657320048 35.011 191
1622657355425 35.23 192
1622657390916 35.349 193
1622657426630 35.567 194
1622657462415 35.639 195
1622657498645 36.086 196
1622657535220 36.43 197
1622657572027 36.662 198
1622657608688 36.518 199
1622657645721 36.886 200
1622657682849 36.977 201
1622657720172 37.169 202
1622657757403 37.083 203
1622657794996 37.445 204
1622657832749 37.611 205
1622657870980 38.066 206
1622657911276 40.057 207
1622657949724 38.303 208
1622657988363 38.493 209
1622658027303 38.776 210
1622658067431 39.886 211
1622658106995 39.414 212
1622658146975 39.832 213
1622658186599 39.479 214
1622658226628 39.886 215
1622658266591 39.818 216
1622658306751 40.012 217
1622658347445 40.547 218
1622658388095 40.503 219
1622658429022 40.771 220
1622658470278 41.103 221
1622658511808 41.377 222
1622658553364 41.405 223
1622658594848 41.331 224
1622658636654 41.653 225
1622658678919 42.118 226
1622658721676 42.617 227
1622658764326 42.508 228
1622658807532 43.063 229
1622658850373 42.694 230
1622658893259 42.739 231
1622658936309 42.903 232
1622658979769 43.316 233
1622659024017 44.104 234
1622659067692 43.526 235
1622659112187 44.348 236
1622659156132 43.756 237
1622659200569 44.263 238
1622659245107 44.394 239
1622659290904 45.648 240
1622659337627 46.576 241
1622659383486 45.716 242
1622659429592 45.965 243
1622659477425 47.679 244
1622659523219 45.646 245
1622659568743 45.379 246
1622659614263 45.374 247
1622659660048 45.637 248
1622659705968 45.774 249
1622659751878 45.765 250
1622659797967 45.946 251
1622659844405 46.29 252
1622659891147 46.592 253
1622659937886 46.59 254
1622659984701 46.673 255
1622660031828 46.983 256
1622660078792 46.823 257
1622660126217 47.285 258
1622660173736 47.376 259
1622660221482 47.602 260
1622660269549 47.924 261
1622660317822 48.131 262
1622660366293 48.318 263
1622660415874 49.432 264
1622660464555 48.533 265
1622660513961 49.258 266
1622660563126 49.015 267
1622660612583 49.307 268
1622660661771 49.039 269
1622660711477 49.561 270
1622660761271 49.635 271
1622660812963 51.464 272
1622660864545 51.436 273
1622660914732 50.038 274
1622660965122 50.24 275
1622661016800 51.526 276
1622661067385 50.439 277
1622661118012 50.482 278
1622661169030 50.871 279
1622661219918 50.732 280
1622661271396 51.329 281
1622661324086 52.542 282
1622661376159 51.925 283
1622661428692 52.383 284
1622661481402 52.566 285
1622661534120 52.571 286
1622661587190 52.927 287
1622661640314 52.983 288
1622661693614 53.152 289
1622661747082 53.316 290
1622661800751 53.517 291
1622661854520 53.625 292
1622661908544 53.873 293
1622661962758 54.072 294
1622662017228 54.324 295
1622662071884 54.51 296
1622662126907 54.876 297
1622662181816 54.765 298
1622662236962 54.995 299
1622662292602 55.489 300
1622662348325 55.572 301
1622662404256 55.776 302
1622662460695 56.285 303
1622662517186 56.333 304
1622662573408 56.073 305
1622662630174 56.622 306
1622662687287 56.967 307
1622662744378 56.943 308
1622662801743 57.22 309
1622662859013 57.123 310
1622662916792 57.632 311
1622662974534 57.596 312
1622663032387 57.704 313
1622663090223 57.687 314
1622663148646 58.277 315
1622663207024 58.228 316
1622663265555 58.387 317
1622663324473 58.773 318
1622663383291 58.675 319
1622663442174 58.73 320
1622663501846 59.525 321
1622663561232 59.239 322
1622663621089 59.709 323
1622663680866 59.628 324
1622663740833 59.817 325
1622663801272 60.293 326
1622663861869 60.449 327
1622663922690 60.676 328
1622663983639 60.803 329
1622664044849 61.059 330
1622664106147 61.149 331
1622664167566 61.279 332
1622664229042 61.31 333
1622664291763 62.455 334
1622664353972 62.06 335
1622664416090 61.967 336
1622664480143 63.905 337
1622664542683 62.391 338
1622664605600 62.767 339
1622664667840 62.085 340
1622664730365 62.379 341
1622664793270 62.756 342
1622664856160 62.723 343
1622664922051 65.634 344
1622664986044 63.851 345
1622665050266 64.076 346
1622665114599 64.19 347
1622665177247 62.507 348
1622665240165 62.77 349
1622665303307 62.993 350
1622665366343 62.891 351
1622665429623 63.139 352
1622665491314 61.545 353
1622665554317 62.855 354
1622665618366 63.898 355
1622665682599 64.084 356
1622665745427 62.679 357
1622665808320 62.752 358
1622665871442 62.977 359
1622665934481 62.894 360
1622665997728 63.101 361
1622666061523 63.645 362
1622666126227 64.553 363
1622666189798 63.412 364
1622666254780 64.742 365
1622666320393 65.464 366
1622666386073 65.533 367
1622666451331 65.112 368
1622666516281 64.803 369
1622666581408 64.969 370
1622666647843 66.285 371
1622666714362 66.374 372
1622666780685 66.174 373
1622666846907 66.072 374
1622666912921 65.865 375
1622666979275 66.192 376
1622667055860 76.331 377
1622667133439 77.415 378
1622667210342 76.735 379
1622667288270 77.755 380
1622667358262 69.725 381
1622667426573 68.163 382
1622667494601 67.868 383
1622667573975 79.13 384
1622667653344 79.209 385
1622667729462 75.954 386
1622667810116 80.499 387
1622667892751 82.477 388
1622667975976 83.057 389
1622668058763 82.62 390
1622668161866 102.937 391
1622668239442 77.416 392
1622668312567 72.972 393
1622668390029 77.309 394
1622668470029 79.836 395
1622668540419 70.242 396
1622668610682 70.118 397
1622668687243 76.408 398
1622668768882 81.478 399
1622668841216 72.167 400
1622668913113 71.738 401
1622668985986 72.726 402
1622669060826 74.687 403
1622669133361 72.387 404
1622669205852 72.264 405
1622669277798 71.796 406
1622669350159 72.206 407
1622669421920 71.614 408
1622669494147 72.077 409
1622669566250 71.956 410
1622669638335 71.937 411
1622669710863 72.369 412
1622669786277 75.174 413
1622669861264 74.832 414
1622669956582 95.164 415
1622670041316 84.583 416
1622670116720 75.249 417
1622670190749 73.879 418
1622670264866 73.968 419
1622670339390 74.374 420
1622670413757 74.213 421
1622670488542 74.638 422
1622670563293 74.6 423
1622670638315 74.854 424
1622670715229 76.626 425
1622670796102 80.719 426
1622670872717 76.461 427
1622670948714 75.843 428
1622671024635 75.772 429
1622671100643 75.861 430
1622671177367 76.576 431
1622671253888 76.374 432
1622671330897 76.861 433
1622671408744 77.698 434
1622671485908 77.01 435
1622671562861 76.798 436
1622671640369 77.362 437
1622671718000 77.482 438
1622671795835 77.681 439
1622671873740 77.761 440
1622671952275 78.387 441
1622672030972 78.549 442
1622672109289 78.166 443
1622672188211 78.772 444
1622672268406 80.044 445
1622672347541 78.983 446
1622672426811 79.12 447
1622672505728 78.757 448
1622672584791 78.911 449
1622672664811 79.868 450
1622672744678 79.711 451
1622672824689 79.858 452
1622672905529 80.692 453
1622672986323 80.642 454
1622673068058 81.59 455
1622673149036 80.834 456
1622673230440 81.254 457
1622673311627 81.04 458
1622673392976 81.202 459
1622673474537 81.412 460
1622673556296 81.609 461
1622673639378 82.936 462
1622673721726 82.202 463
1622673804199 82.321 464
1622673887967 83.619 465
1622673970419 82.305 466
1622674053220 82.654 467
1622674136107 82.734 468
1622674219185 82.93 469
1622674302251 82.917 470
1622674385505 83.094 471
1622674469366 83.614 472
1622674555247 85.727 473
1622674639363 83.965 474
1622674725266 85.754 475
1622674810222 84.807 476
1622674894123 83.751 477
1622674978939 84.67 478
1622675064268 85.182 479
1622675149662 85.248 480
1622675235333 85.512 481
1622675324010 88.442 482
1622675412475 88.306 483
1622675501786 89.076 484
1622675590798 88.863 485
1622675678568 87.625 486
1622675767885 89.176 487
1622675858102 90.062 488
1622675945682 87.426 489
1622676034832 88.927 490
1622676122152 87.157 491
1622676213839 91.447 492
1622676304658 90.674 493
1622676395302 90.492 494
1622676491331 95.882 495
1622676584613 93.137 496
1622676677799 93.039 497
1622676771256 93.316 498
1622676865609 94.201 499
1622676956913 91.137 500
