1622587043962 27 0
1622587044821 14 1
1622587045452 14 2
1622587046091 14 3
1622587046741 14 4
1622587047383 14 5
1622587048048 14 6
1622587048768 14 7
1622587049880 14 8
1622587050644 14 9
1622587051433 14 10
1622587052267 14 11
1622587053113 14 12
1622587054011 14 13
1622587054936 14 14
1622587055908 14 15
1622587056913 14 16
1622587057951 14 17
1622587059018 14 18
1622587060106 14 19
1622587061228 14 20
1622587062399 14 21
1622587063615 14 22
1622587064875 14 23
1622587066155 14 24
1622587067562 14 25
1622587068971 14 26
1622587070428 14 27
1622587072535 14 28
1622587074057 14 29
1622587075550 14 30
1622587077066 14 31
1622587078673 14 32
1622587080322 14 33
1622587081994 14 34
1622587083703 14 35
1622587085467 14 36
1622587087169 14 37
1622587089026 14 38
1622587090851 14 39
1622587092720 14 40
1622587094604 14 41
1622587096547 14 42
1622587098486 14 43
1622587100488 14 44
1622587102500 14 45
1622587104543 14 46
1622587106679 14 47
1622587109726 14 48
1622587111854 14 49
1622587114112 14 50
1622587116309 14 51
1622587118578 14 52
1622587120870 14 53
1622587123159 14 54
1622587125617 14 55
1622587128294 14 56
1622587130818 14 57
1622587133371 14 58
1622587135984 14 59
1622587138535 14 60
1622587141196 14 61
1622587144732 14 62
1622587147440 14 63
1622587150099 14 64
1622587152839 14 65
1622587155553 14 66
1622587158279 14 67
1622587161062 14 68
1622587163878 14 69
1622587166757 14 70
1622587169642 14 71
1622587172595 14 72
1622587175555 14 73
1622587178516 14 74
1622587181580 14 75
1622587184672 14 76
1622587187806 14 77
1622587191055 14 78
1622587194267 14 79
1622587197593 14 80
1622587200877 14 81
1622587204264 14 82
1622587207636 14 83
1622587211105 14 84
1622587214570 14 85
1622587218190 14 86
1622587222544 14 87
1622587226122 14 88
1622587230653 14 89
1622587234200 14 90
1622587237779 14 91
1622587241655 14 92
1622587245476 14 93
1622587249210 14 94
1622587252984 14 95
1622587256749 14 96
1622587260799 14 97
1622587264853 14 98
1622587268885 14 99
1622587273294 14 100
1622587277220 14 101
1622587281626 14 102
1622587286585 14 103
1622587290725 14 104
1622587295904 14 105
1622587300008 14 106
1622587304535 14 107
1622587309546 14 108
1622587313965 14 109
1622587318177 14 110
1622587322547 14 111
1622587326815 14 112
1622587331602 14 113
1622587336223 14 114
1622587340767 14 115
1622587345359 14 116
1622587349980 14 117
1622587354653 14 118
1622587359583 14 119
1622587364270 14 120
1622587369048 14 121
1622587373840 14 122
1622587378650 14 123
1622587383518 14 124
1622587388423 14 125
1622587393428 14 126
1622587398624 14 127
1622587404021 14 128
1622587409448 14 129
1622587414620 14 130
1622587420015 14 131
1622587425681 14 132
1622587431159 14 133
1622587436476 14 134
1622587442129 14 135
1622587447659 14 136
1622587453164 14 137
1622587459543 14 138
1622587465282 14 139
1622587471158 14 140
1622587476772 14 141
1622587482280 14 142
1622587487781 14 143
1622587493309 14 144
1622587498962 14 145
1622587504583 14 146
1622587510354 14 147
1622587516107 14 148
1622587521859 14 149
1622587527734 14 150
1622587533533 14 151
1622587539444 14 152
1622587545326 14 153
1622587551293 14 154
1622587557301 14 155
1622587563321 14 156
1622587569396 14 157
1622587575542 14 158
1622587581720 14 159
1622587587903 14 160
1622587594068 14 161
1622587600254 14 162
1622587606557 14 163
1622587612826 14 164
1622587619173 14 165
1622587625602 14 166
1622587632061 14 167
1622587638553 14 168
1622587645001 14 169
1622587651538 14 170
1622587659110 14 171
1622587665705 14 172
1622587672383 14 173
1622587679055 14 174
1622587685729 14 175
1622587694163 14 176
1622587701134 14 177
1622587708241 14 178
1622587715654 14 179
1622587722567 14 180
1622587730083 14 181
1622587737553 14 182
1622587745039 14 183
1622587752450 14 184
1622587759912 14 185
1622587767471 14 186
1622587774630 14 187
1622587781867 14 188
1622587789580 14 189
1622587798041 14 190
1622587805469 14 191
1622587812803 14 192
1622587820192 14 193
1622587828175 14 194
1622587836439 14 195
1622587844847 14 196
1622587852308 14 197
1622587859821 14 198
1622587867295 14 199
1622587874903 14 200
1622587882957 14 201
1622587891125 14 202
1622587899382 14 203
1622587907112 14 204
1622587914912 14 205
1622587922652 14 206
1622587930411 14 207
1622587938223 14 208
1622587946134 14 209
1622587954053 14 210
1622587962011 14 211
1622587969968 14 212
1622587978127 14 213
1622587986575 14 214
1622587995142 14 215
1622588003754 14 216
1622588012677 14 217
1622588020968 14 218
1622588029225 14 219
1622588037558 14 220
1622588045959 14 221
1622588054444 14 222
1622588062883 14 223
1622588071394 14 224
1622588079915 14 225
1622588088492 14 226
1622588097091 14 227
1622588105738 14 228
1622588114397 14 229
1622588123090 14 230
1622588131772 14 231
1622588140528 14 232
1622588149502 14 233
1622588158398 14 234
1622588167304 14 235
1622588177130 14 236
1622588186578 14 237
1622588195702 14 238
1622588204823 14 239
1622588214208 14 240
1622588223576 14 241
1622588233131 14 242
1622588242226 14 243
1622588251776 14 244
1622588261096 14 245
1622588270827 14 246
1622588280041 14 247
1622588289310 14 248
1622588299859 14 249
1622588309394 14 250
1622588319236 14 251
1622588328632 14 252
1622588338589 14 253
1622588348327 14 254
1622588357801 14 255
1622588367338 14 256
1622588376923 14 257
1622588387371 14 258
1622588397463 14 259
1622588407895 14 260
1622588418861 14 261
1622588428794 14 262
1622588438573 14 263
1622588448307 14 264
1622588458518 14 265
1622588468590 14 266
1622588478522 14 267
1622588488904 14 268
1622588500616 14 269
1622588511081 14 270
1622588521287 14 271
1622588531422 14 272
1622588542071 14 273
1622588552169 14 274
1622588562883 14 275
1622588573252 14 276
1622588583797 14 277
1622588594789 14 278
1622588605215 14 279
1622588616544 14 280
1622588627590 14 281
1622588638051 14 282
1622588648640 14 283
1622588659998 14 284
1622588671858 14 285
1622588682991 14 286
1622588693603 14 287
1622588704287 14 288
1622588715000 14 289
1622588725719 14 290
1622588737811 14 291
1622588749636 14 292
1622588761292 14 293
1622588772960 14 294
1622588783966 14 295
1622588794945 14 296
1622588806046 14 297
1622588817891 14 298
1622588829539 14 299
1622588840600 14 300
1622588852333 14 301
1622588864370 14 302
1622588877555 14 303
1622588889865 14 304
1622588901772 14 305
1622588913758 14 306
1622588926067 14 307
1622588937501 14 308
1622588949047 14 309
1622588961140 14 310
1622588973383 14 311
1622588985677 14 312
1622588997648 14 313
1622589009470 14 314
1622589022968 14 315
1622589034998 14 316
1622589047222 14 317
1622589060348 14 318
1622589073368 14 319
1622589085215 14 320
1622589097170 14 321
1622589109359 14 322
1622589121816 14 323
1622589134765 14 324
1622589148132 14 325
1622589161129 14 326
1622589173232 14 327
1622589185336 14 328
1622589198350 14 329
1622589211278 14 330
1622589223525 14 331
1622589235925 14 332
1622589248846 14 333
1622589262359 14 334
1622589275895 14 335
1622589288265 14 336
1622589300747 14 337
1622589313379 14 338
1622589326664 14 339
1622589340090 14 340
1622589353246 14 341
1622589365816 14 342
1622589378502 14 343
1622589391229 14 344
1622589403913 14 345
1622589416755 14 346
1622589429543 14 347
1622589442352 14 348
1622589455183 14 349
1622589468374 14 350
1622589481885 14 351
1622589495859 14 352
1622589508835 14 353
1622589521949 14 354
1622589535127 14 355
1622589549026 14 356
1622589562514 14 357
1622589576554 14 358
1622589590455 14 359
1622589605683 14 360
1622589619617 14 361
1622589633942 14 362
1622589647811 14 363
1622589661661 14 364
1622589675667 14 365
1622589690230 14 366
1622589704542 14 367
1622589718886 14 368
1622589732638 14 369
1622589746324 14 370
1622589760027 14 371
1622589774141 14 372
1622589788227 14 373
1622589801986 14 374
1622589815885 14 375
1622589829764 14 376
1622589843458 14 377
1622589857409 14 378
1622589872129 14 379
1622589886358 14 380
1622589900389 14 381
1622589914504 14 382
1622589929065 14 383
1622589943219 14 384
1622589958106 14 385
1622589972328 14 386
1622589986448 14 387
1622590000791 14 388
1622590014998 14 389
1622590029280 14 390
1622590043505 14 391
1622590058040 14 392
1622590072367 14 393
1622590087126 14 394
1622590103158 14 395
1622590117664 14 396
1622590132461 14 397
1622590147054 14 398
1622590161687 14 399
1622590176555 14 400
1622590192904 14 401
1622590209074 14 402
1622590223826 14 403
1622590238637 14 404
1622590253409 14 405
1622590268190 14 406
1622590283144 14 407
1622590298011 14 408
1622590312953 14 409
1622590327861 14 410
1622590342956 14 411
1622590357960 14 412
1622590373040 14 413
1622590388249 14 414
1622590405256 14 415
1622590420977 14 416
1622590438360 14 417
1622590455463 14 418
1622590471850 14 419
1622590487113 14 420
1622590503287 14 421
1622590518988 14 422
1622590535861 14 423
1622590552207 14 424
1622590568509 14 425
1622590584500 14 426
1622590600901 14 427
1622590616350 14 428
1622590632113 14 429
1622590647798 14 430
1622590663671 14 431
1622590680400 14 432
1622590696914 14 433
1622590713430 14 434
1622590730455 14 435
1622590746553 14 436
1622590762471 14 437
1622590778973 14 438
1622590795833 14 439
1622590813246 14 440
1622590831208 14 441
1622590847671 14 442
1622590864213 14 443
1622590880305 14 444
1622590897020 14 445
1622590914560 14 446
1622590931820 14 447
1622590949016 14 448
1622590965643 14 449
1622590982331 14 450
1622590999032 14 451
1622591018418 14 452
1622591036456 14 453
1622591054364 14 454
1622591072023 14 455
1622591088932 14 456
1622591105473 14 457
1622591122382 14 458
1622591138963 14 459
1622591156123 14 460
1622591174425 14 461
1622591192254 14 462
1622591209189 14 463
1622591226668 14 464
1622591244478 14 465
1622591262376 14 466
1622591279596 14 467
1622591297452 14 468
1622591314428 14 469
1622591331668 14 470
1622591348790 14 471
1622591367402 14 472
1622591384507 14 473
1622591401793 14 474
1622591419196 14 475
1622591436672 14 476
1622591454343 14 477
1622591472005 14 478
1622591489458 14 479
1622591506952 14 480
1622591525741 14 481
1622591543500 14 482
1622591562462 14 483
1622591580724 14 484
1622591600024 14 485
1622591619116 14 486
1622591637190 14 487
1622591655626 14 488
1622591674296 14 489
1622591692191 14 490
1622591710853 14 491
1622591729308 14 492
1622591748176 14 493
1622591766674 14 494
1622591785428 14 495
1622591804366 14 496
1622591822865 14 497
1622591840872 14 498
1622591859030 14 499
1622591877340 14 500
