1622495259496 0.019 0
1622495261395 1.654 1
1622495263228 3.2249999999999996 2
1622495265259 4.989999999999999 3
1622495267407 6.8759999999999994 4
1622495269742 8.947 5
1622495272236 11.178999999999998 6
1622495274878 13.558999999999997 7
1622495277691 16.107999999999997 8
1622495280671 18.826999999999998 9
1622495283743 21.636 10
1622495287002 24.634 11
1622495290409 27.782 12
1622495293934 31.045 13
1622495297652 34.5 14
1622495301621 38.206 15
1622495305582 41.907000000000004 16
1622495309778 45.841 17
1622495314163 49.962 18
1622495318712 54.244 19
1622495323402 58.672 20
1622495328365 63.375 21
1622495333363 68.113 22
1622495338575 73.065 23
1622495343946 78.175 24
1622495349490 83.459 25
1622495355012 88.71900000000001 26
1622495360786 94.23500000000001 27
1622495366592 99.78400000000002 28
1622495372596 105.53200000000002 29
1622495378699 111.37700000000002 30
1622495385006 117.42500000000003 31
1622495391460 123.62300000000002 32
1622495398146 130.049 33
1622495404792 136.434 34
1622495411744 143.124 35
1622495418821 149.94 36
1622495426158 157.017 37
1622495433615 164.212 38
1622495441127 171.459 39
1622495448929 178.998 40
1622495456704 186.51299999999998 41
1622495464797 194.34699999999998 42
1622495473048 202.33599999999998 43
1622495481501 210.529 44
1622495490088 218.855 45
1622495498737 227.242 46
1622495507659 235.903 47
1622495516739 244.721 48
1622495525851 253.572 49
1622495535181 262.644 50
1622495544588 271.784 51
1622495554582 281.48699999999997 52
1622495564541 291.186 53
1622495574499 300.883 54
1622495584595 310.71799999999996 55
1622495594962 320.82499999999993 56
1622495605345 330.94699999999995 57
1622495616049 341.38999999999993 58
1622495626715 351.79299999999995 59
1622495637621 362.43299999999994 60
1622495648700 373.24699999999996 61
1622495659819 384.102 62
1622495671217 395.23699999999997 63
1622495682818 406.575 64
1622495694551 418.04699999999997 65
1622495706486 429.719 66
1622495718579 441.549 67
1622495730816 453.524 68
1622495743118 465.564 69
1622495755543 477.726 70
1622495768120 490.042 71
1622495780852 502.51099999999997 72
1622495793798 515.192 73
1622495806821 527.952 74
1622495820012 540.885 75
1622495833332 553.9449999999999 76
1622495846833 567.188 77
1622495860632 580.729 78
1622495874325 594.164 79
1622495888347 607.9259999999999 80
1622495902400 621.7189999999999 81
1622495916638 635.694 82
1622495931160 649.957 83
1622495945949 664.484 84
1622495960717 678.9920000000001 85
1622495975861 693.8560000000001 86
1622495990690 708.4210000000002 87
1622496005763 723.2320000000002 88
1622496021037 738.2460000000002 89
1622496036518 753.4660000000002 90
1622496052069 768.7560000000002 91
1622496067886 784.3120000000002 92
1622496083929 800.0950000000003 93
1622496100179 816.0830000000003 94
1622496116463 832.1050000000004 95
1622496133088 848.4700000000004 96
1622496149581 864.7010000000004 97
1622496166383 881.2440000000004 98
1622496183478 898.0790000000004 99
1622496201069 915.4130000000004 100
1622496218746 932.8310000000004 101
1622496236301 950.1280000000004 102
1622496254153 967.7240000000004 103
1622496271824 985.1350000000004 104
1622496289888 1002.9370000000005 105
1622496308009 1020.7970000000005 106
1622496326218 1038.7440000000004 107
1622496344634 1056.8970000000004 108
1622496363148 1075.1480000000004 109
1622496381889 1093.6250000000005 110
1622496400781 1112.2550000000006 111
1622496419985 1131.1960000000006 112
1622496439366 1150.3140000000005 113
1622496458771 1169.4560000000006 114
1622496478383 1188.8050000000005 115
1622496498243 1208.4030000000005 116
1622496518175 1228.0730000000005 117
1622496538185 1247.8200000000006 118
1622496558413 1267.7480000000007 119
1622496579016 1288.0780000000007 120
1622496600965 1309.7580000000007 121
1622496621284 1329.8180000000007 122
1622496641918 1350.1900000000007 123
1622496662793 1370.8050000000007 124
1622496684014 1391.7640000000008 125
1622496704945 1412.4360000000008 126
1622496726140 1433.3730000000007 127
1622496747724 1454.6980000000008 128
1622496769431 1476.1440000000007 129
1622496791169 1497.6210000000008 130
1622496812777 1518.9690000000007 131
1622496834688 1540.6200000000008 132
1622496856899 1562.568000000001 133
1622496879238 1584.644000000001 134
1622496901723 1606.8680000000008 135
1622496924447 1629.3300000000008 136
1622496947159 1651.779000000001 137
1622496970232 1674.5910000000008 138
1622496993249 1697.347000000001 139
1622497016539 1720.375000000001 140
1622497040074 1743.650000000001 141
1622497063805 1767.121000000001 142
1622497087490 1790.545000000001 143
1622497111471 1814.264000000001 144
1622497135931 1838.463000000001 145
1622497160411 1862.684000000001 146
1622497184872 1886.886000000001 147
1622497209797 1911.551000000001 148
1622497234631 1936.127000000001 149
1622497259563 1960.802000000001 150
1622497284679 1985.656000000001 151
1622497309774 2010.4880000000012 152
1622497335250 2035.703000000001 153
1622497360786 2060.978000000001 154
1622497386559 2086.491000000001 155
1622497412320 2111.991000000001 156
1622497438200 2137.611000000001 157
1622497464349 2163.4990000000007 158
1622497490669 2189.5570000000007 159
1622497517205 2215.832000000001 160
1622497543762 2242.1280000000006 161
1622497570546 2268.6500000000005 162
1622497597287 2295.1310000000008 163
1622497624214 2321.794000000001 164
1622497651494 2348.8140000000008 165
1622497678823 2375.882000000001 166
1622497706563 2403.360000000001 167
1622497734426 2430.960000000001 168
1622497762648 2458.918000000001 169
1622497790882 2486.892000000001 170
1622497818795 2514.546000000001 171
1622497847145 2542.637000000001 172
1622497875408 2570.6380000000013 173
1622497904627 2599.5960000000014 174
1622497932999 2627.7080000000014 175
1622497962098 2656.5480000000016 176
1622497991072 2685.2620000000015 177
1622498020590 2714.5170000000016 178
1622498050354 2744.020000000002 179
1622498079963 2773.364000000002 180
1622498110038 2803.1780000000017 181
1622498140034 2832.913000000002 182
1622498170097 2862.713000000002 183
1622498200526 2892.876000000002 184
1622498231328 2923.413000000002 185
1622498262046 2953.862000000002 186
1622498293237 2984.789000000002 187
1622498324360 3015.651000000002 188
1622498355499 3046.528000000002 189
1622498387000 3077.763000000002 190
1622498418858 3109.3570000000022 191
1622498450724 3140.959000000002 192
1622498482727 3172.700000000002 193
1622498514889 3204.599000000002 194
1622498546738 3236.190000000002 195
1622498579051 3268.241000000002 196
1622498611133 3300.0640000000017 197
1622498643673 3332.344000000002 198
1622498676525 3364.936000000002 199
1622498709507 3397.655000000002 200
1622498742457 3430.344000000002 201
1622498775463 3463.087000000002 202
1622498808679 3496.040000000002 203
1622498841960 3529.0620000000017 204
1622498875237 3562.0790000000015 205
1622498908938 3595.5210000000015 206
1622498942851 3629.1740000000013 207
1622498976944 3663.0040000000013 208
1622499010992 3696.7900000000013 209
1622499045479 3731.0140000000015 210
1622499079576 3764.8500000000013 211
1622499114102 3799.1160000000013 212
1622499149001 3833.7520000000013 213
1622499183922 3868.412000000001 214
1622499218761 3902.9890000000014 215
1622499254179 3938.1470000000013 216
1622499289365 3973.0720000000015 217
1622499325046 4008.4910000000013 218
1622499360775 4043.9510000000014 219
1622499396311 4079.2250000000013 220
1622499432282 4114.940000000001 221
1622499468381 4150.779000000001 222
1622499504695 4186.837000000001 223
1622499541587 4223.473000000002 224
1622499578614 4260.243000000002 225
1622499615572 4296.938000000002 226
1622499652911 4334.013000000002 227
1622499690181 4371.022000000002 228
1622499728023 4408.6010000000015 229
1622499765677 4445.992000000001 230
1622499803393 4483.4450000000015 231
1622499841192 4520.983000000001 232
1622499879304 4558.830000000001 233
1622499917620 4596.8820000000005 234
1622499955792 4634.791 235
1622499994956 4673.692 236
1622500033520 4711.995 237
1622500072385 4750.599 238
1622500111601 4789.551 239
1622500150690 4828.377 240
1622500190119 4867.543000000001 241
1622500229819 4906.9800000000005 242
1622500269432 4946.332 243
1622500309629 4986.268 244
1622500349109 5025.487 245
1622500389359 5065.475 246
1622500429412 5105.265 247
1622500469994 5145.5830000000005 248
1622500510342 5185.671 249
1622500551259 5226.326 250
1622500592430 5267.229 251
1622500633737 5308.255 252
1622500674815 5349.063 253
1622500716207 5390.1900000000005 254
1622500757512 5431.233 255
1622500798903 5472.358 256
1622500840768 5513.96 257
1622500882996 5555.925 258
1622500925368 5598.034000000001 259
1622500967808 5640.211 260
1622501010163 5682.304 261
1622501052300 5724.179 262
1622501094564 5766.182 263
1622501137161 5808.517 264
1622501180077 5851.17 265
1622501223394 5894.224 266
1622501267306 5937.876 267
1622501310499 5980.807 268
1622501354284 6024.331 269
1622501397881 6067.667 270
1622501442231 6111.756 271
1622501486282 6155.544 272
1622501530201 6199.202 273
1622501573939 6242.676 274
1622501618154 6286.631 275
1622501662426 6330.644 276
1622501706918 6374.875 277
1622501751766 6419.462 278
1622501796550 6463.984 279
1622501841720 6508.892000000001 280
1622501887306 6554.216 281
1622501932193 6598.838000000001 282
1622501977846 6644.229 283
1622502023464 6689.586 284
1622502069827 6735.679 285
1622502116523 6782.108 286
1622502163457 6828.782 287
1622502210176 6875.24 288
1622502256811 6921.612 289
1622502303744 6968.283 290
1622502350594 7014.874000000001 291
1622502397450 7061.47 292
1622502445029 7108.789000000001 293
1622502492618 7156.120000000001 294
1622502540363 7203.606000000001 295
1622502587820 7250.805 296
1622502635794 7298.5160000000005 297
1622502683971 7346.4310000000005 298
1622502732072 7394.269 299
1622502780534 7442.466 300
1622502829290 7490.955 301
1622502877879 7539.281 302
1622502926747 7587.889 303
1622502975662 7636.544 304
1622503024804 7685.424 305
1622503073971 7734.33 306
1622503123485 7783.583 307
1622503172819 7832.6539999999995 308
1622503222488 7882.058999999999 309
1622503272031 7931.342 310
1622503322004 7981.054 311
1622503372247 8031.036 312
1622503422212 8080.7390000000005 313
1622503472912 8131.1810000000005 314
1622503523493 8181.506 315
1622503573959 8231.714 316
1622503624673 8282.172 317
1622503675635 8332.874 318
1622503726712 8383.684 319
1622503777846 8434.554999999998 320
1622503829622 8486.067 321
1622503881058 8537.242999999999 322
1622503932626 8588.55 323
1622503984343 8640.006 324
1622504036218 8691.618999999999 325
1622504088252 8743.393999999998 326
1622504140880 8795.759999999998 327
1622504193617 8848.233999999999 328
1622504245961 8900.317 329
1622504298686 8952.777999999998 330
1622504351364 9005.196999999998 331
1622504404155 9057.725999999999 332
1622504457757 9111.068 333
1622504511493 9164.544 334
1622504565298 9218.086 335
1622504619271 9271.796999999999 336
1622504673311 9325.576 337
1622504728065 9380.071 338
1622504782452 9434.199 339
1622504836641 9488.127 340
1622504891359 9542.586000000001 341
1622504946218 9597.183 342
1622505001311 9652.016000000001 343
1622505056384 9706.830000000002 344
1622505111955 9762.134000000002 345
1622505167714 9817.630000000001 346
1622505223723 9873.379 347
1622505279595 9928.988000000001 348
1622505335452 9984.583 349
1622505391900 10040.769 350
1622505448742 10097.348 351
1622505505199 10153.541 352
1622505562087 10210.16 353
1622505619211 10267.018 354
1622505676021 10323.567000000001 355
1622505732670 10379.954000000002 356
1622505789547 10436.569000000001 357
1622505846470 10493.230000000001 358
1622505903657 10550.156 359
1622505960773 10607.009 360
1622506018697 10664.673 361
1622506077063 10722.776 362
1622506135363 10780.806 363
1622506193380 10838.562 364
1622506252198 10897.121 365
1622506310870 10955.536 366
1622506369798 11014.203 367
1622506429108 11073.251 368
1622506487838 11131.719000000001 369
1622506547202 11190.818000000001 370
1622506606335 11249.689 371
1622506665998 11309.09 372
1622506725587 11368.418 373
1622506785521 11428.089 374
1622506845363 11487.666 375
1622506905551 11547.591999999999 376
1622506965861 11607.639 377
1622507026395 11667.907 378
1622507087234 11728.482999999998 379
1622507148266 11789.255 380
1622507209649 11850.374 381
1622507270559 11911.024 382
1622507331769 11971.973 383
1622507393265 12033.206 384
1622507454519 12094.2 385
1622507516314 12155.720000000001 386
1622507578300 12217.441 387
1622507640626 12279.506000000001 388
1622507703506 12342.122000000001 389
1622507766635 12404.990000000002 390
1622507829323 12467.414000000002 391
1622507892234 12530.060000000003 392
1622507954975 12592.538000000002 393
1622508017714 12655.016000000001 394
1622508080609 12717.648000000001 395
1622508143953 12780.732000000002 396
1622508207773 12844.291000000001 397
1622508271493 12907.750000000002 398
1622508335439 12971.435000000001 399
1622508399539 13035.272 400
1622508463469 13098.94 401
1622508529028 13164.236 402
1622508594366 13229.308 403
1622508660044 13294.725 404
1622508725680 13360.097 405
1622508791668 13425.823 406
1622508857685 13491.577000000001 407
1622508923024 13556.656 408
1622508988833 13622.202000000001 409
1622509054286 13687.396 410
1622509120102 13752.95 411
1622509185952 13818.538 412
1622509252703 13885.029 413
1622509319028 13951.092 414
1622509385293 14017.096000000001 415
1622509451319 14082.862000000001 416
1622509517729 14149.01 417
1622509584896 14215.916000000001 418
1622509651805 14282.555 419
1622509718725 14349.198 420
1622509786151 14416.36 421
1622509853291 14483.237000000001 422
1622509920870 14550.551000000001 423
1622509988563 14617.977 424
1622510056662 14685.813 425
1622510124798 14753.686 426
1622510192536 14821.163 427
1622510259459 14887.825 428
1622510327119 14955.223 429
1622510394964 15022.806 430
1622510462675 15090.256000000001 431
1622510531321 15158.645 432
1622510599857 15226.922 433
1622510669070 15295.877 434
1622510737727 15364.274000000001 435
1622510806627 15432.914 436
1622510875429 15501.458 437
1622510945043 15570.815 438
1622511014949 15640.460000000001 439
1622511084453 15709.702000000001 440
1622511153889 15778.877 441
1622511223710 15848.438 442
1622511294090 15918.556 443
1622511364752 15988.955 444
1622511435038 16058.975 445
1622511505562 16129.24 446
1622511576202 16199.621 447
1622511646513 16269.67 448
1622511717474 16340.37 449
1622511788369 16410.995000000003 450
1622511859714 16482.083000000002 451
1622511931471 16553.581000000002 452
1622512003031 16624.871000000003 453
1622512074994 16696.563000000002 454
1622512146677 16767.986 455
1622512219631 16840.681 456
1622512292457 16913.25 457
1622512365560 16986.095 458
1622512437916 17058.192000000003 459
1622512510990 17131.007 460
1622512583836 17203.595 461
1622512657180 17276.679 462
1622512731050 17350.287 463
1622512804572 17423.547 464
1622512878169 17496.881999999998 465
1622512952279 17570.731999999996 466
1622513026367 17644.555999999997 467
1622513101041 17718.968999999997 468
1622513175787 17793.452999999998 469
1622513250362 17867.766999999996 470
1622513325168 17942.311999999994 471
1622513400373 18017.255999999994 472
1622513475873 18092.493999999995 473
1622513551594 18167.955999999995 474
1622513627462 18243.559999999994 475
1622513703203 18319.040999999994 476
1622513779060 18394.636999999995 477
1622513854798 18470.116999999995 478
1622513931104 18546.165999999994 479
1622514006919 18621.719999999994 480
1622514083510 18698.050999999992 481
1622514160105 18774.38699999999 482
1622514237318 18851.340999999993 483
1622514313556 18927.320999999993 484
1622514391154 19004.658999999992 485
1622514468981 19082.213999999993 486
1622514547026 19159.99199999999 487
1622514625838 19238.53899999999 488
1622514703790 19316.22899999999 489
1622514782246 19394.419999999987 490
1622514861119 19473.029999999988 491
1622514939507 19551.153999999988 492
1622515018092 19629.476999999988 493
1622515097395 19708.51599999999 494
1622515176730 19787.58899999999 495
1622515256270 19866.86499999999 496
1622515336439 19946.77099999999 497
1622515416843 20026.91099999999 498
1622515497472 20107.277999999988 499
1622515577959 20187.49599999999 500
