1622729293438 0.005 0
1622729293972 0.42 1
1622729294490 0.8200000000000001 2
1622729295050 1.2630000000000001 3
1622729295632 1.7300000000000002 4
1622729296250 2.2350000000000003 5
1622729296909 2.7810000000000006 6
1622729297585 3.3450000000000006 7
1622729298299 3.9460000000000006 8
1622729299069 4.604000000000001 9
1622729299872 5.295000000000001 10
1622729300705 6.015000000000001 11
1622729301585 6.782000000000001 12
1622729302497 7.582000000000001 13
1622729303422 8.394 14
1622729304403 9.264 15
1622729305417 10.165 16
1622729306462 11.097 17
1622729307558 12.081 18
1622729308677 13.087 19
1622729309825 14.125 20
1622729311010 15.198 21
1622729312228 16.303 22
1622729313498 17.465 23
1622729314791 18.647 24
1622729316129 19.871 25
1622729317459 21.087999999999997 26
1622729318854 22.372999999999998 27
1622729320286 23.694 28
1622729321759 25.055 29
1622729323264 26.451999999999998 30
1622729324799 27.875 31
1622729326387 29.352 32
1622729327994 30.848 33
1622729329628 32.371 34
1622729331313 33.943000000000005 35
1622729333043 35.56100000000001 36
1622729334780 37.187000000000005 37
1622729336569 38.864000000000004 38
1622729338398 40.581 39
1622729340247 42.318000000000005 40
1622729342131 44.089000000000006 41
1622729344074 45.919000000000004 42
1622729346019 47.752 43
1622729348045 49.665 44
1622729350049 51.554 45
1622729352144 53.535000000000004 46
1622729354255 55.531000000000006 47
1622729356404 57.566 48
1622729358602 59.652 49
1622729360807 61.744 50
1622729363036 63.859 51
1622729365310 66.018 52
1622729367656 68.252 53
1622729370028 70.508 54
1622729372434 72.80199999999999 55
1622729374842 75.09599999999999 56
1622729377278 77.41499999999999 57
1622729379772 79.79599999999999 58
1622729382305 82.21499999999999 59
1622729384871 84.66499999999999 60
1622729387452 87.13199999999999 61
1622729390065 89.63499999999999 62
1622729392702 92.15899999999999 63
1622729395439 94.78299999999999 64
1622729398195 97.42699999999999 65
1622729400937 100.05699999999999 66
1622729403750 102.75999999999999 67
1622729406619 105.51599999999999 68
1622729409516 108.30099999999999 69
1622729412438 111.10999999999999 70
1622729415387 113.94599999999998 71
1622729418384 116.83199999999998 72
1622729421417 119.75199999999998 73
1622729424488 122.71199999999997 74
1622729427594 125.70999999999998 75
1622729430727 128.73 76
1622729433887 131.77599999999998 77
1622729437062 134.838 78
1622729440283 137.947 79
1622729443534 141.087 80
1622729446805 144.24599999999998 81
1622729450164 147.49499999999998 82
1622729453571 150.789 83
1622729457000 154.106 84
1622729460436 157.429 85
1622729463921 160.802 86
1622729467444 164.21099999999998 87
1622729470992 167.64499999999998 88
1622729474575 171.11599999999999 89
1622729478197 174.62499999999997 90
1622729481843 178.15899999999996 91
1622729485571 181.77699999999996 92
1622729489343 185.44099999999995 93
1622729493076 189.06299999999993 94
1622729496896 192.76899999999992 95
1622729500718 196.47799999999992 96
1622729504596 200.24199999999993 97
1622729508468 203.99999999999994 98
1622729512428 207.84499999999994 99
1622729516455 211.75999999999993 100
1622729520487 215.68199999999993 101
1622729524531 219.61199999999994 102
1622729528610 223.57899999999995 103
1622729532733 227.58999999999995 104
1622729536905 231.65199999999996 105
1622729541134 235.76699999999997 106
1622729545331 239.85399999999996 107
1622729549593 244.00599999999994 108
1622729553895 248.19599999999994 109
1622729558222 252.40899999999993 110
1622729562625 256.69899999999996 111
1622729567034 260.99399999999997 112
1622729571517 265.364 113
1622729576008 269.74199999999996 114
1622729580537 274.155 115
1622729585102 278.606 116
1622729589713 283.101 117
1622729594374 287.648 118
1622729599059 292.22 119
1622729603744 296.78900000000004 120
1622729608489 301.42100000000005 121
1622729613274 306.09400000000005 122
1622729618108 310.81100000000004 123
1622729622902 315.49100000000004 124
1622729627816 320.29200000000003 125
1622729632722 325.08500000000004 126
1622729637663 329.915 127
1622729642667 334.809 128
1622729647657 339.68300000000005 129
1622729652707 344.619 130
1622729657813 349.612 131
1622729662890 354.576 132
1622729668046 359.617 133
1622729673257 364.714 134
1622729678464 369.808 135
1622729683750 374.98 136
1622729689077 380.19300000000004 137
1622729694434 385.43600000000004 138
1622729699856 390.74500000000006 139
1622729705286 396.06100000000004 140
1622729710717 401.377 141
1622729716195 406.743 142
1622729721755 412.19 143
1622729727306 417.629 144
1622729732898 423.107 145
1622729738541 428.64000000000004 146
1622729744160 434.14700000000005 147
1622729749866 439.7420000000001 148
1622729755611 445.3760000000001 149
1622729761425 451.0780000000001 150
1622729767268 456.8070000000001 151
1622729773179 462.6050000000001 152
1622729779096 468.4080000000001 153
1622729784998 474.1960000000001 154
1622729790937 480.0200000000001 155
1622729796924 485.8950000000001 156
1622729802951 491.8080000000001 157
1622729808991 497.7330000000001 158
1622729815074 503.7020000000001 159
1622729821232 509.7450000000001 160
1622729827412 515.8110000000001 161
1622729833610 521.8940000000001 162
1622729839868 528.0390000000001 163
1622729846103 534.1620000000001 164
1622729852425 540.3700000000001 165
1622729858796 546.6260000000001 166
1622729865119 552.8340000000001 167
1622729871501 559.1020000000001 168
1622729877919 565.4060000000001 169
1622729884378 571.7550000000001 170
1622729890906 578.1700000000001 171
1622729897410 584.5600000000001 172
1622729904003 591.038 173
1622729910612 597.533 174
1622729917263 604.07 175
1622729923942 610.6360000000001 176
1622729930694 617.273 177
1622729937411 623.874 178
1622729944246 630.596 179
1622729951083 637.316 180
1622729958025 644.1460000000001 181
1622729965014 651.0200000000001 182
1622729971940 657.8280000000001 183
1622729978936 664.7070000000001 184
1622729985986 671.6450000000001 185
1622729993061 678.6060000000001 186
1622730000081 685.5120000000001 187
1622730007212 692.528 188
1622730014326 699.528 189
1622730021512 706.6030000000001 190
1622730028702 713.6800000000001 191
1622730035916 720.782 192
1622730043198 727.9530000000001 193
1622730050529 735.1700000000001 194
1622730057926 742.456 195
1622730065283 749.701 196
1622730072671 756.9780000000001 197
1622730080126 764.32 198
1622730087621 771.7030000000001 199
1622730095105 779.0760000000001 200
1622730102700 786.5540000000001 201
1622730110275 794.0160000000001 202
1622730117929 801.5570000000001 203
1622730125659 809.1730000000001 204
1622730133420 816.8160000000001 205
1622730141187 824.4690000000002 206
1622730148965 832.1330000000002 207
1622730156793 839.8470000000002 208
1622730164643 847.5810000000002 209
1622730172561 855.3830000000003 210
1622730180552 863.2590000000002 211
1622730188500 871.0950000000003 212
1622730196565 879.0440000000002 213
1622730204585 886.9510000000002 214
1622730212681 894.9360000000003 215
1622730220769 902.9130000000002 216
1622730228895 910.9240000000002 217
1622730237131 919.0470000000003 218
1622730245342 927.1420000000003 219
1622730253611 935.2950000000003 220
1622730261923 943.4940000000003 221
1622730270309 951.7640000000002 222
1622730278735 960.0730000000002 223
1622730287150 968.3730000000002 224
1622730295566 976.6750000000002 225
1622730304086 985.0800000000002 226
1622730312665 993.5420000000001 227
1622730321234 1001.9970000000002 228
1622730329775 1010.4250000000002 229
1622730338464 1018.9970000000002 230
1622730347276 1027.6930000000002 231
1622730356073 1036.3740000000003 232
1622730364758 1044.9450000000002 233
1622730373563 1053.6360000000002 234
1622730382389 1062.3500000000001 235
1622730391275 1071.123 236
1622730400156 1079.8890000000001 237
1622730409132 1088.749 238
1622730418035 1097.539 239
1622730427052 1106.443 240
1622730436109 1115.385 241
1622730445246 1124.405 242
1622730454328 1133.373 243
1622730463535 1142.462 244
1622730472721 1151.536 245
1622730481916 1160.617 246
1622730491166 1169.754 247
1622730500433 1178.9089999999999 248
1622730509802 1188.165 249
1622730519225 1197.472 250
1622730528621 1206.753 251
1622730538077 1216.0939999999998 252
1622730547631 1225.532 253
1622730557177 1234.965 254
1622730566780 1244.455 255
1622730576335 1253.898 256
1622730586046 1263.4959999999999 257
1622730595685 1273.021 258
1622730605386 1282.607 259
1622730615136 1292.243 260
1622730624884 1301.878 261
1622730634698 1311.581 262
1622730644521 1321.29 263
1622730654282 1330.9389999999999 264
1622730664107 1340.6509999999998 265
1622730674085 1350.4609999999998 266
1622730684065 1360.3289999999997 267
1622730694117 1370.2669999999998 268
1622730704130 1380.168 269
1622730714203 1390.1299999999999 270
1622730724268 1400.0849999999998 271
1622730734339 1410.0449999999998 272
1622730744471 1420.0659999999998 273
1622730754659 1430.1429999999998 274
1622730764901 1440.2709999999997 275
1622730775098 1450.3529999999998 276
1622730785377 1460.5159999999998 277
1622730795713 1470.7369999999999 278
1622730806152 1481.0589999999997 279
1622730816586 1491.3789999999997 280
1622730826990 1501.6689999999996 281
1622730837620 1512.1869999999997 282
1622730848139 1522.5919999999996 283
1622730858744 1533.0829999999996 284
1622730869324 1543.5479999999995 285
1622730879964 1554.0729999999996 286
1622730890699 1564.6929999999995 287
1622730901359 1575.2389999999996 288
1622730912117 1585.8819999999996 289
1622730922809 1596.4609999999996 290
1622730933667 1607.2059999999994 291
1622730944518 1617.9419999999996 292
1622730955367 1628.6779999999997 293
1622730966298 1639.4929999999997 294
1622730977353 1650.4349999999997 295
1622730988348 1661.3169999999998 296
1622730999462 1672.3179999999998 297
1622731010532 1683.2739999999997 298
1622731021684 1694.3119999999997 299
1622731032792 1705.3049999999996 300
1622731043929 1716.3259999999996 301
1622731055156 1727.4389999999996 302
1622731066459 1738.6289999999997 303
1622731077772 1749.8289999999997 304
1622731089126 1761.0679999999998 305
1622731100446 1772.2729999999997 306
1622731111956 1783.6679999999997 307
1622731123483 1795.0799999999997 308
1622731134935 1806.4169999999997 309
1622731146430 1817.7989999999998 310
1622731157931 1829.1859999999997 311
1622731169571 1840.7129999999997 312
1622731181158 1852.1879999999996 313
1622731192836 1863.7529999999997 314
1622731204546 1875.3499999999997 315
1622731216166 1886.8569999999997 316
1622731227945 1898.5219999999997 317
1622731239771 1910.2349999999997 318
1622731251598 1921.9459999999997 319
1622731263468 1933.7029999999997 320
1622731275316 1945.4349999999997 321
1622731287223 1957.2259999999997 322
1622731299168 1969.0539999999996 323
1622731311211 1980.9849999999997 324
1622731323294 1992.9529999999997 325
1622731335323 2004.8669999999997 326
1622731347457 2016.8849999999998 327
1622731359555 2028.8689999999997 328
1622731371777 2040.9749999999997 329
1622731384036 2053.1179999999995 330
1622731396354 2065.3249999999994 331
1622731408647 2077.5059999999994 332
1622731421020 2089.7659999999996 333
1622731433413 2102.0449999999996 334
1622731445838 2114.3569999999995 335
1622731458308 2126.7139999999995 336
1622731470799 2139.0899999999997 337
1622731483227 2151.4039999999995 338
1622731495717 2163.7799999999997 339
1622731508302 2176.2479999999996 340
1622731520873 2188.7049999999995 341
1622731533532 2201.2509999999993 342
1622731546175 2213.7809999999995 343
1622731558925 2226.4169999999995 344
1622731571659 2239.0409999999993 345
1622731584400 2251.669999999999 346
1622731597198 2264.356999999999 347
1622731610111 2277.157999999999 348
1622731622952 2289.888999999999 349
1622731635923 2302.7469999999994 350
1622731648896 2315.6059999999993 351
1622731661929 2328.526999999999 352
1622731675060 2341.543999999999 353
1622731688144 2354.5139999999988 354
1622731701328 2367.5829999999987 355
1622731714484 2380.6289999999985 356
1622731727683 2393.7149999999983 357
1622731740984 2406.903999999998 358
1622731754274 2420.079999999998 359
1622731767539 2433.231999999998 360
1622731780823 2446.401999999998 361
1622731794307 2459.7709999999984 362
1622731807723 2473.0729999999985 363
1622731821090 2486.3249999999985 364
1622731834610 2499.7269999999985 365
1622731848198 2513.2029999999986 366
1622731861732 2526.6239999999984 367
1622731875357 2540.1319999999982 368
1622731889008 2553.666999999998 369
1622731902577 2567.1209999999983 370
1622731916266 2580.693999999998 371
1622731929969 2594.2859999999982 372
1622731943714 2607.9199999999983 373
1622731957481 2621.5739999999983 374
1622731971220 2635.1999999999985 375
1622731985087 2648.9559999999983 376
1622731998900 2662.6589999999983 377
1622732012881 2676.5279999999984 378
1622732026893 2690.4299999999985 379
1622732040904 2704.3299999999986 380
1622732054987 2718.2989999999986 381
1622732069094 2732.2929999999988 382
1622732083280 2746.3679999999986 383
1622732097460 2760.4389999999985 384
1622732111716 2774.5829999999983 385
1622732126077 2788.8329999999983 386
1622732140362 2803.0079999999984 387
1622732154739 2817.2729999999983 388
1622732169141 2831.559999999998 389
1622732183470 2845.776999999998 390
1622732197918 2860.1119999999983 391
1622732212372 2874.452999999998 392
1622732226934 2888.8999999999983 393
1622732241596 2903.4469999999983 394
1622732256297 2918.032999999998 395
1622732271034 2932.657999999998 396
1622732285785 2947.295999999998 397
1622732300556 2961.955999999998 398
1622732315361 2976.647999999998 399
1622732330133 2991.302999999998 400
1622732344969 3006.026999999998 401
1622732359876 3020.8219999999983 402
1622732374882 3035.7129999999984 403
1622732389893 3050.6119999999983 404
1622732404965 3065.572999999998 405
1622732420003 3080.496999999998 406
1622732435042 3095.421999999998 407
1622732450210 3110.474999999998 408
1622732465267 3125.414999999998 409
1622732480448 3140.485999999998 410
1622732495691 3155.617999999998 411
1622732510914 3170.728999999998 412
1622732526141 3185.840999999998 413
1622732541347 3200.931999999998 414
1622732556602 3216.074999999998 415
1622732571920 3231.282999999998 416
1622732587316 3246.565999999998 417
1622732602759 3261.888999999998 418
1622732618139 3277.1559999999977 419
1622732633534 3292.4369999999976 420
1622732648932 3307.7009999999977 421
1622732664366 3323.0219999999977 422
1622732679762 3338.3059999999978 423
1622732695333 3353.763999999998 424
1622732710861 3369.179999999998 425
1622732726558 3384.764999999998 426
1622732742282 3400.373999999998 427
1622732757955 3415.936999999998 428
1622732773642 3431.511999999998 429
1622732789426 3447.1809999999978 430
1622732805227 3462.868999999998 431
1622732821126 3478.656999999998 432
1622732836972 3494.387999999998 433
1622732852914 3510.2149999999983 434
1622732868918 3526.104999999998 435
1622732884778 3541.851999999998 436
1622732900810 3557.768999999998 437
1622732916842 3573.685999999998 438
1622732932926 3589.659999999998 439
1622732949088 3605.709999999998 440
1622732965270 3621.778999999998 441
1622732981469 3637.865999999998 442
1622732997740 3654.0249999999983 443
1622733013976 3670.1499999999983 444
1622733030249 3686.309999999998 445
1622733046536 3702.483999999998 446
1622733062942 3718.775999999998 447
1622733079307 3735.027999999998 448
1622733095693 3751.300999999998 449
1622733112150 3767.644999999998 450
1622733128724 3784.1079999999984 451
1622733145218 3800.4919999999984 452
1622733161793 3816.9559999999983 453
1622733178342 3833.394999999998 454
1622733195008 3849.9489999999983 455
1622733211677 3866.5049999999983 456
1622733228402 3883.1169999999984 457
1622733245099 3899.702999999998 458
1622733261860 3916.3529999999982 459
1622733278622 3933.0029999999983 460
1622733295480 3949.7489999999984 461
1622733312268 3966.4259999999986 462
1622733329206 3983.252999999999 463
1622733346108 4000.0429999999988 464
1622733363067 4016.886999999999 465
1622733380111 4033.815999999999 466
1622733397273 4050.866999999999 467
1622733414454 4067.936999999999 468
1622733431628 4084.998999999999 469
1622733448844 4102.101999999999 470
1622733466089 4119.233999999999 471
1622733483366 4136.397999999998 472
1622733500612 4153.531999999998 473
1622733517991 4170.799999999998 474
1622733535324 4188.017999999998 475
1622733552658 4205.239999999998 476
1622733570035 4222.504999999998 477
1622733587506 4239.8629999999985 478
1622733604998 4257.242999999999 479
1622733622518 4274.649999999999 480
1622733640009 4292.024999999999 481
1622733657739 4309.643999999998 482
1622733675452 4327.241999999998 483
1622733693106 4344.781999999998 484
1622733710828 4362.3899999999985 485
1622733728566 4380.015999999999 486
1622733746344 4397.680999999999 487
1622733764115 4415.3409999999985 488
1622733781886 4432.998999999999 489
1622733799879 4450.876999999999 490
1622733817870 4468.754999999998 491
1622733835852 4486.6219999999985 492
1622733853889 4504.541999999999 493
1622733871962 4522.503999999999 494
1622733890238 4540.667999999999 495
1622733908335 4558.650999999999 496
1622733926472 4576.671999999999 497
1622733944713 4594.797999999999 498
1622733963015 4612.9879999999985 499
1622733981297 4631.158999999999 500
