1622738795958 0.006 0
1622738796481 0.40900000000000003 1
1622738797009 0.819 2
1622738797580 1.272 3
1622738798194 1.766 4
1622738798819 2.277 5
1622738799488 2.829 6
1622738800195 3.4210000000000003 7
1622738800960 4.0680000000000005 8
1622738801739 4.73 9
1622738802565 5.439 10
1622738803430 6.189 11
1622738804308 6.952 12
1622738805227 7.757 13
1622738806200 8.616999999999999 14
1622738807192 9.495 15
1622738808222 10.412999999999998 16
1622738809286 11.363999999999999 17
1622738810387 12.351999999999999 18
1622738811501 13.354 19
1622738812662 14.402999999999999 20
1622738813881 15.508999999999999 21
1622738815148 16.663999999999998 22
1622738816444 17.846999999999998 23
1622738817773 19.063 24
1622738819139 20.313 25
1622738820529 21.587999999999997 26
1622738821944 22.888999999999996 27
1622738823383 24.210999999999995 28
1622738824893 25.607999999999993 29
1622738826450 27.049999999999994 30
1622738828021 28.509999999999994 31
1622738829618 29.993999999999993 32
1622738831269 31.529999999999994 33
1622738832920 33.068999999999996 34
1622738834629 34.663 35
1622738836361 36.285 36
1622738838122 37.931999999999995 37
1622738839899 39.596 38
1622738841729 41.311 39
1622738843575 43.044 40
1622738845515 44.867999999999995 41
1622738847502 46.739 42
1622738849486 48.61 43
1622738851510 50.519999999999996 44
1622738853555 52.449999999999996 45
1622738855663 54.443 46
1622738857808 56.476 47
1622738859981 58.536 48
1622738862179 60.619 49
1622738864410 62.734 50
1622738866699 64.905 51
1622738868998 67.088 52
1622738871330 69.306 53
1622738873710 71.569 54
1622738876080 73.822 55
1622738878525 76.151 56
1622738881013 78.52199999999999 57
1622738883543 80.93499999999999 58
1622738886126 83.40099999999998 59
1622738888729 85.88799999999998 60
1622738891333 88.37799999999997 61
1622738894013 90.94099999999997 62
1622738896711 93.52399999999997 63
1622738899460 96.15899999999998 64
1622738902245 98.83099999999997 65
1622738905047 101.51999999999998 66
1622738907894 104.25299999999999 67
1622738910778 107.02199999999999 68
1622738913684 109.81599999999999 69
1622738916650 112.66699999999999 70
1622738919633 115.53599999999999 71
1622738922631 118.42299999999999 72
1622738925656 121.33399999999999 73
1622738928771 124.33399999999999 74
1622738931891 127.33899999999998 75
1622738935027 130.362 76
1622738938213 133.432 77
1622738941420 136.527 78
1622738944652 139.648 79
1622738947963 142.847 80
1622738951307 146.079 81
1622738954679 149.34 82
1622738958101 152.649 83
1622738961550 155.983 84
1622738965056 159.374 85
1622738968613 162.816 86
1622738972165 166.252 87
1622738975792 169.764 88
1622738979411 173.267 89
1622738983114 176.853 90
1622738986810 180.43200000000002 91
1622738990569 184.07600000000002 92
1622738994366 187.76000000000002 93
1622738998169 191.44600000000003 94
1622739001964 195.12300000000002 95
1622739005828 198.87 96
1622739009732 202.657 97
1622739013682 206.49 98
1622739017647 210.33800000000002 99
1622739021695 214.26900000000003 100
1622739025759 218.22000000000003 101
1622739029891 222.23600000000002 102
1622739034047 226.27800000000002 103
1622739038278 230.39300000000003 104
1622739042517 234.51900000000003 105
1622739046766 238.65400000000002 106
1622739051083 242.85700000000003 107
1622739055379 247.03700000000003 108
1622739059787 251.33100000000005 109
1622739064220 255.64800000000005 110
1622739068610 259.92400000000004 111
1622739073072 264.271 112
1622739077592 268.677 113
1622739082136 273.10400000000004 114
1622739086698 277.54900000000004 115
1622739091322 282.05400000000003 116
1622739095987 286.6 117
1622739100751 291.249 118
1622739105426 295.807 119
1622739110184 300.446 120
1622739114950 305.096 121
1622739119752 309.786 122
1622739124558 314.478 123
1622739129434 319.23900000000003 124
1622739134333 324.02200000000005 125
1622739139314 328.886 126
1622739144361 333.81600000000003 127
1622739149474 338.81000000000006 128
1622739154568 343.78700000000003 129
1622739159689 348.793 130
1622739164830 353.817 131
1622739169985 358.858 132
1622739175125 363.882 133
1622739180445 369.085 134
1622739185718 374.239 135
1622739191097 379.5 136
1622739196456 384.743 137
1622739201852 390.02 138
1622739207283 395.33299999999997 139
1622739212715 400.64599999999996 140
1622739218183 405.996 141
1622739223737 411.431 142
1622739229312 416.887 143
1622739234912 422.365 144
1622739240585 427.921 145
1622739246219 433.437 146
1622739251923 439.022 147
1622739257681 444.661 148
1622739263493 450.354 149
1622739269326 456.066 150
1622739275213 461.83399999999995 151
1622739281069 467.57499999999993 152
1622739287036 473.42799999999994 153
1622739293021 479.29499999999996 154
1622739299037 485.19199999999995 155
1622739305044 491.08299999999997 156
1622739311107 497.03 157
1622739317232 503.037 158
1622739323426 509.114 159
1622739329602 515.173 160
1622739335777 521.224 161
1622739343111 528.3570000000001 162
1622739350273 535.4060000000001 163
1622739357166 542.1840000000001 164
1622739363635 548.5280000000001 165
1622739370057 554.8340000000002 166
1622739376532 561.1970000000002 167
1622739382975 567.5260000000002 168
1622739389458 573.8970000000002 169
1622739395990 580.3150000000002 170
1622739402614 586.8240000000002 171
1622739409222 593.3040000000002 172
1622739415870 599.8340000000002 173
1622739422552 606.3990000000002 174
1622739429517 613.2470000000002 175
1622739437431 621.0340000000002 176
1622739445449 628.9250000000002 177
1622739452924 636.2770000000002 178
1622739459756 642.9940000000001 179
1622739466701 649.8250000000002 180
1622739473606 656.6200000000001 181
1622739480569 663.4690000000002 182
1622739487549 670.3350000000002 183
1622739494564 677.2350000000001 184
1622739501712 684.2640000000001 185
1622739508834 691.2700000000001 186
1622739516008 698.3230000000001 187
1622739523204 705.4010000000001 188
1622739530407 712.4870000000001 189
1622739537640 719.6020000000001 190
1622739544886 726.729 191
1622739552182 733.908 192
1622739559569 741.179 193
1622739567596 749.0889999999999 194
1622739575069 756.443 195
1622739582535 763.7909999999999 196
1622739590072 771.2109999999999 197
1622739597574 778.5959999999999 198
1622739605186 786.0909999999999 199
1622739612898 793.6869999999999 200
1622739621789 802.4489999999998 201
1622739630170 810.7049999999998 202
1622739637918 818.3399999999998 203
1622739645669 825.9799999999998 204
1622739653499 833.6959999999998 205
1622739661806 841.8879999999998 206
1622739669696 849.6619999999998 207
1622739677534 857.3829999999998 208
1622739685489 865.2219999999999 209
1622739693418 873.0359999999998 210
1622739701428 880.9299999999998 211
1622739709380 888.7639999999998 212
1622739717462 896.7289999999998 213
1622739725533 904.6819999999998 214
1622739733707 912.7379999999998 215
1622739741880 920.7959999999998 216
1622739750131 928.9299999999998 217
1622739758388 937.0719999999999 218
1622739766744 945.3119999999999 219
1622739775435 953.8879999999999 220
1622739783814 962.1499999999999 221
1622739792902 971.1219999999998 222
1622739802777 980.8699999999999 223
1622739812610 990.5739999999998 224
1622739822313 1000.1509999999998 225
1622739830882 1008.6089999999998 226
1622739839428 1017.0389999999998 227
1622739848011 1025.5069999999998 228
1622739856619 1034.0019999999997 229
1622739865307 1042.5789999999997 230
1622739874038 1051.1969999999997 231
1622739882836 1059.8799999999997 232
1622739891571 1068.4999999999995 233
1622739900370 1077.1819999999996 234
1622739909265 1085.9569999999997 235
1622739918155 1094.7319999999997 236
1622739927037 1103.4989999999998 237
1622739935985 1112.3349999999998 238
1622739945010 1121.2459999999999 239
1622739954091 1130.2119999999998 240
1622739963140 1139.1489999999997 241
1622739972282 1148.1729999999995 242
1622739981376 1157.1499999999996 243
1622739990537 1166.1939999999997 244
1622739999751 1175.2939999999996 245
1622740008956 1184.3849999999995 246
1622740018231 1193.5449999999996 247
1622740027496 1202.6959999999997 248
1622740036856 1211.9409999999996 249
1622740046269 1221.2389999999996 250
1622740055664 1230.5209999999995 251
1622740065082 1239.8239999999996 252
1622740074570 1249.1989999999996 253
1622740084050 1258.5649999999996 254
1622740093629 1268.0289999999995 255
1622740103156 1277.4399999999996 256
1622740112790 1286.9589999999996 257
1622740122431 1296.4849999999997 258
1622740132100 1306.0399999999997 259
1622740141827 1315.6519999999998 260
1622740151644 1325.3539999999998 261
1622740161481 1335.0769999999998 262
1622740171378 1344.8609999999999 263
1622740181281 1354.648 264
1622740191280 1364.529 265
1622740201243 1374.374 266
1622740211232 1384.246 267
1622740221301 1394.198 268
1622740231418 1404.2030000000002 269
1622740241523 1414.1960000000001 270
1622740251701 1424.2610000000002 271
1622740261880 1434.3260000000002 272
1622740272086 1444.4150000000002 273
1622740282333 1454.5420000000001 274
1622740292591 1464.6820000000002 275
1622740302997 1474.9700000000003 276
1622740313312 1485.1680000000003 277
1622740323725 1495.4680000000003 278
1622740334251 1505.8780000000004 279
1622740344747 1516.2580000000005 280
1622740355186 1526.5820000000006 281
1622740365687 1536.9650000000006 282
1622740376237 1547.4010000000005 283
1622740386827 1557.8710000000005 284
1622740397405 1568.3310000000006 285
1622740408096 1578.9040000000007 286
1622740418849 1589.5420000000006 287
1622740429603 1600.1820000000007 288
1622740440458 1610.9200000000008 289
1622740451298 1621.6440000000007 290
1622740462186 1632.4120000000007 291
1622740473084 1643.1920000000007 292
1622740484069 1654.0570000000007 293
1622740495050 1664.9200000000008 294
1622740506076 1675.8330000000008 295
1622740517069 1686.7070000000008 296
1622740528160 1697.6820000000007 297
1622740539234 1708.6410000000008 298
1622740550439 1719.7290000000007 299
1622740561588 1730.7570000000007 300
1622740572815 1741.8690000000008 301
1622740584025 1752.9640000000009 302
1622740595394 1764.2160000000008 303
1622740606649 1775.3530000000007 304
1622740617938 1786.5260000000007 305
1622740629356 1797.8280000000007 306
1622740640890 1809.2480000000007 307
1622740652392 1820.6330000000007 308
1622740664043 1832.1680000000008 309
1622740675597 1843.606000000001 310
1622740687151 1855.044000000001 311
1622740698852 1866.627000000001 312
1622740710543 1878.2020000000011 313
1622740722256 1889.7980000000011 314
1622740734036 1901.4610000000011 315
1622740745886 1913.194000000001 316
1622740757666 1924.860000000001 317
1622740769475 1936.553000000001 318
1622740781347 1948.309000000001 319
1622740793216 1960.0650000000012 320
1622740805141 1971.8750000000011 321
1622740817101 1983.7210000000011 322
1622740829054 1995.5550000000012 323
1622740841098 2007.4830000000013 324
1622740853152 2019.4220000000014 325
1622740865252 2031.4020000000014 326
1622740877434 2043.4690000000014 327
1622740889631 2055.5510000000013 328
1622740901797 2067.602000000001 329
1622740914097 2079.7860000000014 330
1622740926362 2091.9370000000013 331
1622740938767 2104.2280000000014 332
1622740951154 2116.5020000000013 333
1622740963486 2128.720000000001 334
1622740976010 2141.1290000000013 335
1622740988449 2153.4550000000013 336
1622741000951 2165.8420000000015 337
1622741013428 2178.2030000000013 338
1622741026153 2190.8100000000013 339
1622741038795 2203.3330000000014 340
1622741051460 2215.8800000000015 341
1622741064146 2228.4500000000016 342
1622741076962 2241.1500000000015 343
1622741089713 2253.7870000000016 344
1622741102483 2266.4430000000016 345
1622741115398 2279.2430000000018 346
1622741128254 2291.980000000002 347
1622741141233 2304.844000000002 348
1622741154191 2317.686000000002 349
1622741167219 2330.596000000002 350
1622741180230 2343.492000000002 351
1622741193336 2356.483000000002 352
1622741206542 2369.572000000002 353
1622741219768 2382.683000000002 354
1622741232924 2395.722000000002 355
1622741246207 2408.889000000002 356
1622741259482 2422.049000000002 357
1622741272816 2435.2670000000016 358
1622741286084 2448.4200000000014 359
1622741299434 2461.6540000000014 360
1622741312865 2474.970000000001 361
1622741326199 2488.191000000001 362
1622741339655 2501.534000000001 363
1622741353184 2514.9480000000012 364
1622741366713 2528.358000000001 365
1622741380307 2541.834000000001 366
1622741394019 2555.429000000001 367
1622741407628 2568.917000000001 368
1622741421317 2582.4880000000007 369
1622741435033 2596.085000000001 370
1622741449714 2610.652000000001 371
1622741463511 2624.335000000001 372
1622741477301 2638.009000000001 373
1622741491124 2651.715000000001 374
1622741505129 2665.605000000001 375
1622741519073 2679.431000000001 376
1622741534192 2694.432000000001 377
1622741548275 2708.387000000001 378
1622741562407 2722.402000000001 379
1622741576537 2736.415000000001 380
1622741590763 2750.523000000001 381
1622741604909 2764.552000000001 382
1622741619091 2778.622000000001 383
1622741633372 2792.784000000001 384
1622741647755 2807.048000000001 385
1622741662106 2821.282000000001 386
1622741676399 2835.458000000001 387
1622741690902 2849.846000000001 388
1622741705350 2864.1800000000007 389
1622741719830 2878.540000000001 390
1622741734362 2892.954000000001 391
1622741748925 2907.3990000000013 392
1622741763532 2921.8880000000013 393
1622741778178 2936.4190000000012 394
1622741792796 2950.921000000001 395
1622741807485 2965.4980000000014 396
1622741822239 2980.1360000000013 397
1622741836987 2994.7710000000015 398
1622741851843 3009.5140000000015 399
1622741866677 3024.2340000000013 400
1622741881618 3039.0620000000013 401
1622741896611 3053.9420000000014 402
1622741911663 3068.8770000000013 403
1622741926742 3083.8390000000013 404
1622741941843 3098.8240000000014 405
1622741956970 3113.8370000000014 406
1622741972246 3128.9960000000015 407
1622741987476 3144.1090000000013 408
1622742002670 3159.1860000000015 409
1622742017986 3174.3880000000017 410
1622742033202 3189.4880000000016 411
1622742048514 3204.681000000002 412
1622742063863 3219.9100000000017 413
1622742079205 3235.136000000002 414
1622742094648 3250.4640000000018 415
1622742110147 3265.844000000002 416
1622742125598 3281.173000000002 417
1622742141144 3296.604000000002 418
1622742156671 3312.014000000002 419
1622742172340 3327.567000000002 420
1622742188051 3343.1620000000016 421
1622742203704 3358.6990000000014 422
1622742219440 3374.3210000000013 423
1622742235268 3390.037000000001 424
1622742251079 3405.7340000000013 425
1622742266830 3421.3690000000015 426
1622742282619 3437.0420000000013 427
1622742298608 3452.916000000001 428
1622742314601 3468.796000000001 429
1622742330568 3484.6470000000013 430
1622742346507 3500.4710000000014 431
1622742362532 3516.3790000000013 432
1622742378680 3532.4110000000014 433
1622742394798 3548.4130000000014 434
1622742410985 3564.4830000000015 435
1622742427170 3580.5520000000015 436
1622742443292 3596.5570000000016 437
1622742459466 3612.6120000000014 438
1622742475633 3628.6580000000013 439
1622742491899 3644.8040000000015 440
1622742508362 3661.1500000000015 441
1622742524842 3677.5120000000015 442
1622742541173 3693.7250000000017 443
1622742557547 3709.982000000002 444
1622742573936 3726.2540000000017 445
1622742590371 3742.572000000002 446
1622742606965 3759.047000000002 447
1622742623537 3775.501000000002 448
1622742640255 3792.100000000002 449
1622742656934 3808.6590000000024 450
1622742673688 3825.2950000000023 451
1622742690477 3841.968000000002 452
1622742707333 3858.707000000002 453
1622742724252 3875.5090000000023 454
1622742741128 3892.267000000002 455
1622742758016 3909.0380000000023 456
1622742774991 3925.8950000000023 457
1622742791961 3942.747000000002 458
1622742809008 3959.677000000002 459
1622742826086 3976.639000000002 460
1622742843110 3993.548000000002 461
1622742860182 4010.504000000002 462
1622742877348 4027.555000000002 463
1622742894584 4044.677000000002 464
1622742911685 4061.663000000002 465
1622742928869 4078.731000000002 466
1622742946139 4095.887000000002 467
1622742963513 4113.146000000002 468
1622742980899 4130.415000000002 469
1622742998323 4147.723000000002 470
1622743015811 4165.097000000002 471
1622743033247 4182.4180000000015 472
1622743050656 4199.708000000001 473
1622743068431 4217.3690000000015 474
1622743086078 4234.9000000000015 475
1622743103723 4252.429000000002 476
1622743121467 4270.060000000002 477
1622743139245 4287.725000000002 478
1622743156975 4305.342000000002 479
1622743174798 4323.052000000002 480
1622743192684 4340.824000000002 481
1622743210486 4358.511000000002 482
1622743228376 4376.285000000003 483
1622743246295 4394.091000000002 484
1622743264270 4411.954000000002 485
1622743282244 4429.813000000003 486
1622743300245 4447.700000000003 487
1622743318272 4465.613000000002 488
1622743336260 4483.487000000002 489
1622743354341 4501.449000000002 490
1622743372568 4519.560000000002 491
1622743390913 4537.786000000002 492
1622743409174 4555.931000000002 493
1622743427502 4574.144000000002 494
1622743445917 4592.443000000002 495
1622743464212 4610.625000000002 496
1622743482607 4628.904000000002 497
1622743501177 4647.3560000000025 498
1622743519690 4665.752000000002 499
1622743538367 4684.312000000003 500
