1622761945375 0.122 0
1622761946946 0.24 1
1622761948908 0.357 2
1622761951212 0.479 3
1622761953898 0.597 4
1622761956989 0.72 5
1622761960440 0.84 6
1622761964245 0.958 7
1622761968404 1.075 8
1622761972960 1.194 9
1622761977814 1.313 10
1622761983083 1.431 11
1622761988561 1.549 12
1622761994380 1.666 13
1622762000576 1.782 14
1622762007136 1.901 15
1622762014014 2.02 16
1622762021273 2.136 17
1622762028971 2.254 18
1622762037050 2.372 19
1622762045362 2.487 20
1622762054071 2.605 21
1622762063165 2.722 22
1622762072578 2.844 23
1622762082362 2.9619999999999997 24
1622762092402 3.0829999999999997 25
1622762102944 3.1999999999999997 26
1622762113917 3.319 27
1622762125123 3.4379999999999997 28
1622762136704 3.5589999999999997 29
1622762148564 3.6759999999999997 30
1622762160947 3.795 31
1622762173610 3.909 32
1622762186865 4.0249999999999995 33
1622762200337 4.143999999999999 34
1622762214102 4.2589999999999995 35
1622762228218 4.374999999999999 36
1622762242666 4.489999999999999 37
1622762257491 4.608 38
1622762272547 4.725 39
1622762287998 4.842 40
1622762303833 4.960999999999999 41
1622762319779 5.074 42
1622762336070 5.191 43
1622762352039 5.305 44
1622762368651 5.417 45
1622762385563 5.5329999999999995 46
1622762403087 5.645 47
1622762420519 5.757 48
1622762438163 5.869 49
1622762456107 5.984 50
1622762473825 6.1 51
1622762491818 6.21 52
1622762510225 6.318 53
1622762528971 6.428 54
1622762548965 6.542 55
1622762568714 6.654 56
1622762588469 6.764 57
1622762608605 6.873 58
1622762628827 6.982 59
1622762649623 7.091 60
1622762670545 7.196000000000001 61
1622762692847 7.3020000000000005 62
1622762714602 7.413 63
1622762739755 7.525 64
1622762764193 7.639 65
1622762789327 7.751 66
1622762815368 7.867 67
1622762842003 7.984 68
1622762867965 8.1 69
1622762892848 8.215 70
1622762917950 8.327 71
1622762943023 8.442 72
1622762968219 8.554 73
1622762994008 8.666 74
1622763019646 8.776 75
1622763045903 8.887 76
1622763072620 8.996 77
1622763099274 9.143 78
1622763126125 9.251000000000001 79
1622763153420 9.361 80
1622763181610 9.472000000000001 81
1622763209533 9.583000000000002 82
1622763238119 9.694000000000003 83
1622763267160 9.805000000000003 84
1622763297023 9.914000000000003 85
1622763327181 10.024000000000003 86
1622763358263 10.136000000000003 87
1622763388302 10.249000000000002 88
1622763418420 10.359000000000002 89
1622763448874 10.467000000000002 90
1622763479747 10.576000000000002 91
1622763510895 10.683000000000002 92
1622763542352 10.794000000000002 93
1622763573850 10.902000000000003 94
1622763605910 11.010000000000003 95
1622763638524 11.121000000000004 96
1622763671851 11.229000000000005 97
1622763707477 11.343000000000005 98
1622763741482 11.457000000000006 99
1622763776849 11.568000000000007 100
1622763811237 11.678000000000006 101
1622763846236 11.791000000000006 102
1622763881140 11.907000000000005 103
1622763916596 12.022000000000006 104
1622763951937 12.133000000000006 105
1622763987432 12.243000000000006 106
1622764023597 12.353000000000005 107
1622764060632 12.462000000000005 108
1622764097512 12.577000000000005 109
1622764134287 12.686000000000005 110
1622764171579 12.790000000000004 111
1622764209635 12.898000000000005 112
1622764249062 13.007000000000005 113
1622764288477 13.117000000000004 114
1622764328234 13.229000000000005 115
1622764367368 13.336000000000004 116
1622764406995 13.442000000000004 117
1622764447185 13.550000000000004 118
1622764487630 13.656000000000004 119
1622764527961 13.764000000000005 120
1622764568608 13.872000000000005 121
1622764609808 13.980000000000006 122
1622764652279 14.092000000000006 123
1622764698846 14.206000000000007 124
1622764741754 14.321000000000007 125
1622764789853 14.436000000000007 126
1622764832627 14.546000000000006 127
1622764875889 14.659000000000006 128
1622764919932 14.772000000000006 129
1622764964466 14.882000000000005 130
1622765008795 14.994000000000005 131
1622765052973 15.105000000000006 132
1622765097656 15.214000000000006 133
1622765142566 15.324000000000005 134
1622765188062 15.434000000000005 135
1622765235548 15.554000000000004 136
1622765284055 15.663000000000004 137
1622765331808 15.773000000000003 138
1622765385063 15.886000000000003 139
1622765434880 16.000000000000004 140
1622765482083 16.114000000000004 141
1622765530480 16.227000000000004 142
1622765579103 16.334000000000003 143
1622765628495 16.441000000000003 144
1622765677833 16.546000000000003 145
1622765727451 16.655000000000005 146
1622765778296 16.765000000000004 147
1622765828229 16.879000000000005 148
1622765878014 16.993000000000006 149
1622765928526 17.104000000000006 150
1622765979582 17.215000000000007 151
1622766030418 17.322000000000006 152
1622766082391 17.432000000000006 153
1622766134356 17.541000000000007 154
1622766186136 17.649000000000008 155
1622766239428 17.759000000000007 156
1622766293420 17.86800000000001 157
1622766346637 17.97700000000001 158
1622766401196 18.086000000000013 159
1622766454849 18.19800000000001 160
1622766508597 18.30800000000001 161
1622766562250 18.41800000000001 162
1622766617924 18.53000000000001 163
1622766672314 18.637000000000008 164
1622766728873 18.74600000000001 165
1622766785184 18.85700000000001 166
1622766841191 18.96500000000001 167
1622766899138 19.07700000000001 168
1622766957713 19.18800000000001 169
1622767014791 19.30200000000001 170
1622767072168 19.411000000000012 171
1622767130489 19.52100000000001 172
1622767192468 19.638000000000012 173
1622767252981 19.74800000000001 174
1622767315392 19.85800000000001 175
1622767379358 19.97300000000001 176
1622767442542 20.08900000000001 177
1622767506663 20.207000000000008 178
1622767568169 20.319000000000006 179
1622767629065 20.434000000000005 180
1622767690472 20.543000000000006 181
1622767750475 20.651000000000007 182
1622767811160 20.756000000000007 183
1622767872111 20.86200000000001 184
1622767935634 20.96800000000001 185
1622767997822 21.074000000000012 186
1622768060076 21.18400000000001 187
1622768125519 21.29400000000001 188
1622768188412 21.40600000000001 189
1622768251968 21.518000000000008 190
1622768315728 21.62700000000001 191
1622768379953 21.73500000000001 192
1622768443924 21.84200000000001 193
1622768510083 21.95100000000001 194
1622768575716 22.05600000000001 195
1622768641406 22.16600000000001 196
1622768707889 22.27700000000001 197
1622768780424 22.38900000000001 198
1622768846675 22.50100000000001 199
1622768913203 22.61000000000001 200
1622768980354 22.71700000000001 201
1622769051167 22.82700000000001 202
1622769118866 22.93500000000001 203
1622769186885 23.04600000000001 204
1622769255428 23.15400000000001 205
1622769324453 23.25800000000001 206
1622769393417 23.36600000000001 207
1622769463865 23.47300000000001 208
1622769533611 23.58100000000001 209
1622769603452 23.68800000000001 210
1622769674760 23.79800000000001 211
1622769744536 23.90600000000001 212
1622769815046 24.01700000000001 213
1622769887873 24.12900000000001 214
1622769959909 24.24300000000001 215
1622770031193 24.355000000000008 216
1622770103513 24.466000000000008 217
1622770176303 24.576000000000008 218
1622770249570 24.683000000000007 219
1622770323125 24.791000000000007 220
1622770395689 24.904000000000007 221
1622770469291 25.009000000000007 222
1622770543411 25.116000000000007 223
1622770618823 25.227000000000007 224
1622770693719 25.337000000000007 225
1622770768765 25.44600000000001 226
1622770851504 25.56500000000001 227
1622770929349 25.678000000000008 228
1622771009775 25.791000000000007 229
1622771085523 25.90500000000001 230
1622771166548 26.01900000000001 231
1622771248405 26.13000000000001 232
1622771327458 26.242000000000008 233
1622771404630 26.354000000000006 234
1622771481969 26.463000000000008 235
1622771559929 26.57200000000001 236
1622771637852 26.67900000000001 237
1622771716926 26.78900000000001 238
1622771796908 26.899000000000008 239
1622771876073 27.006000000000007 240
1622771956367 27.114000000000008 241
1622772037153 27.22000000000001 242
1622772122366 27.33300000000001 243
1622772204803 27.44400000000001 244
1622772288688 27.55500000000001 245
1622772374495 27.66800000000001 246
1622772458587 27.78200000000001 247
1622772542674 27.89400000000001 248
1622772626740 28.006000000000007 249
1622772711480 28.117000000000008 250
1622772799680 28.22600000000001 251
1622772883015 28.33700000000001 252
1622772968139 28.44800000000001 253
1622773054190 28.57200000000001 254
1622773138830 28.68000000000001 255
1622773224206 28.79000000000001 256
1622773308086 28.89900000000001 257
1622773392998 29.00900000000001 258
1622773479090 29.11700000000001 259
1622773565520 29.226000000000013 260
1622773651718 29.334000000000014 261
1622773738701 29.442000000000014 262
1622773825931 29.551000000000016 263
1622773912873 29.665000000000017 264
1622774000455 29.775000000000016 265
1622774089021 29.884000000000018 266
1622774177949 29.99300000000002 267
1622774267212 30.10600000000002 268
1622774361734 30.21900000000002 269
1622774453932 30.334000000000017 270
1622774543446 30.45100000000002 271
1622774635094 30.569000000000017 272
1622774725292 30.680000000000017 273
1622774816146 30.78900000000002 274
1622774908796 30.89900000000002 275
1622775003144 31.012000000000018 276
1622775095374 31.122000000000018 277
1622775194658 31.22800000000002 278
1622775297891 31.33800000000002 279
1622775400576 31.45200000000002 280
1622775493391 31.56900000000002 281
1622775589598 31.68100000000002 282
1622775682490 31.79500000000002 283
1622775784013 31.90900000000002 284
1622775882006 32.01600000000002 285
1622775976843 32.12500000000002 286
1622776071705 32.23500000000002 287
1622776168171 32.34700000000002 288
1622776265021 32.45500000000002 289
1622776364517 32.56500000000002 290
1622776462255 32.68000000000002 291
1622776559394 32.79200000000002 292
1622776657170 32.904000000000025 293
1622776754448 33.014000000000024 294
1622776851862 33.129000000000026 295
1622776950077 33.236000000000026 296
1622777050134 33.349000000000025 297
1622777150143 33.462000000000025 298
1622777250413 33.57300000000002 299
1622777349851 33.68400000000002 300
1622777448156 33.80200000000002 301
1622777548408 33.91100000000002 302
1622777648564 34.023000000000025 303
1622777749192 34.132000000000026 304
1622777849753 34.239000000000026 305
1622777952138 34.346000000000025 306
1622778054237 34.45500000000003 307
1622778159831 34.560000000000024 308
1622778268411 34.672000000000025 309
1622778380076 34.78400000000003 310
1622778494741 34.89700000000003 311
1622778607703 35.01300000000003 312
1622778714643 35.12500000000003 313
1622778822155 35.23700000000003 314
1622778925324 35.35000000000003 315
1622779029140 35.46300000000003 316
1622779134418 35.56900000000003 317
1622779241922 35.67800000000003 318
1622779349878 35.78900000000003 319
1622779459093 35.89900000000003 320
1622779567397 36.00800000000003 321
1622779674069 36.11700000000003 322
1622779782845 36.22700000000003 323
1622779889789 36.33500000000003 324
1622779997583 36.44200000000003 325
1622780110020 36.54900000000003 326
1622780218998 36.657000000000025 327
1622780335654 36.78000000000002 328
1622780444823 36.892000000000024 329
1622780553767 36.999000000000024 330
1622780665939 37.10400000000002 331
1622780775779 37.21000000000002 332
1622780892952 37.319000000000024 333
1622781012813 37.42700000000002 334
1622781131390 37.53800000000002 335
1622781250037 37.655000000000015 336
1622781370564 37.768000000000015 337
1622781483208 37.878000000000014 338
1622781596428 37.98900000000001 339
1622781709817 38.09800000000001 340
1622781825961 38.20900000000001 341
1622781946199 38.31800000000001 342
1622782062748 38.42800000000001 343
1622782176121 38.53500000000001 344
1622782291276 38.63900000000001 345
1622782405487 38.74700000000001 346
1622782520269 38.85600000000001 347
1622782634424 38.96600000000001 348
1622782751833 39.07800000000001 349
1622782868238 39.18600000000001 350
1622782983729 39.297000000000004 351
1622783104547 39.408 352
1622783225268 39.521 353
1622783341301 39.63 354
1622783460360 39.741 355
1622783578151 39.853 356
1622783698364 39.967 357
1622783819263 40.079 358
1622783936978 40.186 359
1622784055291 40.294 360
1622784174064 40.401999999999994 361
1622784293403 40.510999999999996 362
1622784412310 40.61599999999999 363
1622784531369 40.72399999999999 364
1622784651251 40.84199999999999 365
1622784776882 40.95299999999999 366
1622784898812 41.06499999999999 367
1622785022883 41.17699999999999 368
1622785151584 41.285999999999994 369
1622785274748 41.394999999999996 370
1622785399004 41.501 371
1622785523520 41.608 372
1622785650373 41.715999999999994 373
1622785778238 41.82899999999999 374
1622785907006 41.94299999999999 375
1622786036205 42.05299999999999 376
1622786160327 42.16399999999999 377
1622786284884 42.27099999999999 378
1622786414456 42.37699999999999 379
1622786542913 42.48599999999999 380
1622786673133 42.59799999999999 381
1622786803451 42.709999999999994 382
1622786932752 42.82399999999999 383
1622787061798 42.93399999999999 384
1622787192162 43.04499999999999 385
1622787319107 43.15499999999999 386
1622787445681 43.261999999999986 387
1622787573993 43.36999999999998 388
1622787702901 43.475999999999985 389
1622787832867 43.58399999999998 390
1622787960984 43.68799999999998 391
1622788091862 43.79699999999998 392
1622788222499 43.90199999999998 393
1622788352331 44.00999999999998 394
1622788483072 44.119999999999976 395
1622788613900 44.229999999999976 396
1622788746143 44.33799999999997 397
1622788878267 44.44899999999997 398
1622789010620 44.55899999999997 399
1622789143559 44.66799999999997 400
1622789277545 44.77499999999997 401
1622789409940 44.88399999999997 402
1622789542495 44.992999999999974 403
1622789675897 45.09699999999997 404
1622789808403 45.20099999999997 405
1622789941510 45.303999999999974 406
1622790075144 45.41199999999997 407
1622790209175 45.51899999999997 408
1622790348953 45.62999999999997 409
1622790484557 45.740999999999964 410
1622790619506 45.849999999999966 411
1622790755524 45.959999999999965 412
1622790890255 46.066999999999965 413
1622791025260 46.17199999999996 414
1622791162706 46.27899999999996 415
1622791300279 46.39099999999996 416
1622791437872 46.50199999999996 417
1622791576728 46.60799999999996 418
1622791719226 46.71999999999996 419
1622791857766 46.828999999999965 420
1622791998789 46.93799999999997 421
1622792137066 47.048999999999964 422
1622792275453 47.154999999999966 423
1622792414163 47.261999999999965 424
1622792553932 47.37099999999997 425
1622792694612 47.477999999999966 426
1622792835157 47.58699999999997 427
1622792976099 47.694999999999965 428
1622793119137 47.804999999999964 429
1622793263672 47.914999999999964 430
1622793407823 48.02199999999996 431
1622793551241 48.130999999999965 432
1622793697054 48.24199999999996 433
1622793855179 48.35199999999996 434
1622794002946 48.46199999999996 435
1622794153301 48.57199999999996 436
1622794312805 48.68599999999996 437
1622794458239 48.79799999999996 438
1622794605343 48.91399999999996 439
1622794772225 49.021999999999956 440
1622794924690 49.13399999999996 441
1622795071551 49.24599999999996 442
1622795219045 49.35699999999996 443
1622795364486 49.464999999999954 444
1622795517018 49.57599999999995 445
1622795663758 49.69199999999995 446
1622795811210 49.80399999999995 447
1622795964282 49.91499999999995 448
1622796117801 50.02999999999995 449
1622796273583 50.13999999999995 450
1622796422970 50.25099999999995 451
1622796573671 50.36099999999995 452
1622796723023 50.47099999999995 453
1622796874464 50.581999999999944 454
1622797024009 50.68699999999994 455
1622797174452 50.79799999999994 456
1622797327242 50.90699999999994 457
1622797478899 51.01299999999994 458
1622797630627 51.12299999999994 459
1622797783098 51.23299999999994 460
1622797937075 51.34199999999994 461
1622798089232 51.45299999999994 462
1622798242898 51.55999999999994 463
1622798396937 51.67299999999994 464
1622798550592 51.780999999999935 465
1622798704061 51.88899999999993 466
1622798859543 51.99999999999993 467
1622799016007 52.110999999999926 468
1622799176404 52.22299999999993 469
1622799334130 52.32999999999993 470
1622799499694 52.44299999999993 471
1622799664946 52.553999999999924 472
1622799821432 52.665999999999926 473
1622799987584 52.77399999999992 474
1622800148994 52.882999999999925 475
1622800304797 52.991999999999926 476
1622800459937 53.09699999999992 477
1622800617003 53.20199999999992 478
1622800773660 53.30699999999992 479
1622800931975 53.414999999999914 480
1622801089773 53.51999999999991 481
1622801247513 53.62599999999991 482
1622801405749 53.73299999999991 483
1622801563929 53.83999999999991 484
1622801724649 53.94999999999991 485
1622801885525 54.05699999999991 486
1622802047558 54.16699999999991 487
1622802213922 54.27699999999991 488
1622802380280 54.38999999999991 489
1622802542056 54.49899999999991 490
1622802702479 54.60599999999991 491
1622802863637 54.710999999999906 492
1622803040701 54.8189999999999 493
1622803203294 54.927999999999905 494
1622803367438 55.0389999999999 495
1622803530078 55.1499999999999 496
1622803693899 55.260999999999896 497
1622803854877 55.36899999999989 498
1622804019706 55.474999999999895 499
1622804184666 55.5809999999999 500
