1622517061051 0.021 0
1622517063309 1.9989999999999999 1
1622517065643 4.052 2
1622517067926 6.058 3
1622517070413 8.271 4
1622517073067 10.649000000000001 5
1622517075848 13.156 6
1622517078868 15.9 7
1622517082026 18.782 8
1622517085340 21.819 9
1622517088831 25.034 10
1622517092354 28.284 11
1622517096137 31.796999999999997 12
1622517100038 35.419 13
1622517104005 39.113 14
1622517108100 42.944 15
1622517112356 46.933 16
1622517116754 51.066 17
1622517121280 55.324000000000005 18
1622517126005 59.781000000000006 19
1622517130782 64.29400000000001 20
1622517135874 69.12400000000001 21
1622517140961 73.94800000000001 22
1622517146403 79.126 23
1622517151850 84.307 24
1622517157425 89.616 25
1622517163246 95.17 26
1622517169214 100.877 27
1622517175367 106.76899999999999 28
1622517181587 112.72899999999998 29
1622517188000 118.88299999999998 30
1622517194598 125.21999999999998 31
1622517201164 131.52599999999998 32
1622517208030 138.134 33
1622517215117 144.957 34
1622517222362 151.938 35
1622517229700 159.009 36
1622517237263 166.308 37
1622517245070 173.851 38
1622517253056 181.562 39
1622517261206 189.437 40
1622517269577 197.538 41
1622517278168 205.854 42
1622517286968 214.38000000000002 43
1622517295838 222.97700000000003 44
1622517304935 231.80000000000004 45
1622517314162 240.75200000000004 46
1622517323363 249.67800000000003 47
1622517332758 258.79600000000005 48
1622517342143 267.90200000000004 49
1622517351569 277.06500000000005 50
1622517361304 286.53600000000006 51
1622517371226 296.1840000000001 52
1622517381295 305.9890000000001 53
1622517391462 315.89400000000006 54
1622517401918 326.0880000000001 55
1622517412405 336.31500000000005 56
1622517423017 346.66200000000003 57
1622517433619 356.997 58
1622517444533 367.648 59
1622517455872 378.72400000000005 60
1622517467427 390.00500000000005 61
1622517479168 401.47 62
1622517490987 413.016 63
1622517503052 424.808 64
1622517515200 436.681 65
1622517527581 448.787 66
1622517540031 460.962 67
1622517552320 472.988 68
1622517564715 485.119 69
1622517577444 497.583 70
1622517590450 510.327 71
1622517603377 522.99 72
1622517616665 536.013 73
1622517630023 549.109 74
1622517643615 562.44 75
1622517657686 576.24 76
1622517671873 590.1560000000001 77
1622517686110 604.123 78
1622517700670 618.4100000000001 79
1622517715393 632.8610000000001 80
1622517730062 647.2550000000001 81
1622517744601 661.5300000000001 82
1622517759404 676.0680000000001 83
1622517774321 690.7200000000001 84
1622517789418 705.5450000000002 85
1622517804464 720.3190000000002 86
1622517819863 735.4510000000001 87
1622517835238 750.5620000000001 88
1622517850996 766.0540000000001 89
1622517867598 782.3820000000001 90
1622517884224 798.729 91
1622517900741 814.969 92
1622517917447 831.398 93
1622517934036 847.714 94
1622517950604 864.0160000000001 95
1622517967411 880.5570000000001 96
1622517984446 897.3270000000001 97
1622518001715 914.3350000000002 98
1622518018946 931.3040000000002 99
1622518036534 948.6300000000002 100
1622518053994 965.8270000000002 101
1622518071864 983.4350000000002 102
1622518090308 1001.6080000000002 103
1622518108804 1019.8270000000002 104
1622518127497 1038.2460000000003 105
1622518146219 1056.6930000000002 106
1622518164622 1074.832 107
1622518183098 1093.0430000000001 108
1622518201728 1111.4070000000002 109
1622518220556 1129.9700000000003 110
1622518239474 1148.6220000000003 111
1622518259068 1167.9510000000002 112
1622518278297 1186.9130000000002 113
1622518298666 1207.0130000000001 114
1622518319007 1227.0810000000001 115
1622518339317 1247.1200000000001 116
1622518360003 1267.5310000000002 117
1622518380914 1288.1640000000002 118
1622518401364 1308.3480000000002 119
1622518423448 1330.1630000000002 120
1622518443904 1350.3550000000002 121
1622518464392 1370.5810000000001 122
1622518484978 1390.9080000000001 123
1622518506000 1411.6680000000001 124
1622518527004 1432.412 125
1622518548619 1453.757 126
1622518570673 1475.54 127
1622518593101 1497.694 128
1622518615387 1519.709 129
1622518637201 1541.257 130
1622518659268 1563.0620000000001 131
1622518681653 1585.1840000000002 132
1622518704677 1607.9350000000002 133
1622518727894 1630.8790000000001 134
1622518751504 1654.217 135
1622518774766 1677.2060000000001 136
1622518797898 1700.075 137
1622518820854 1722.769 138
1622518843977 1745.628 139
1622518867571 1768.9589999999998 140
1622518891637 1792.7609999999997 141
1622518916402 1817.2549999999997 142
1622518941329 1841.9119999999996 143
1622518966404 1866.7149999999997 144
1622518990910 1890.9509999999998 145
1622519015609 1915.3899999999999 146
1622519040607 1940.126 147
1622519065918 1965.175 148
1622519091684 1990.6779999999999 149
1622519118197 2016.9199999999998 150
1622519144917 2043.3349999999998 151
1622519171082 2069.2189999999996 152
1622519197219 2095.0899999999997 153
1622519224469 2122.0719999999997 154
1622519251808 2149.1359999999995 155
1622519279525 2176.5719999999997 156
1622519306461 2203.2239999999997 157
1622519333606 2230.1009999999997 158
1622519360532 2256.7589999999996 159
1622519387691 2283.6499999999996 160
1622519415281 2310.9719999999998 161
1622519443713 2339.1259999999997 162
1622519472070 2367.2059999999997 163
1622519500514 2395.3729999999996 164
1622519528551 2423.144 165
1622519556404 2450.7279999999996 166
1622519584745 2478.7989999999995 167
1622519613540 2507.3189999999995 168
1622519642856 2536.3609999999994 169
1622519671356 2564.5879999999993 170
1622519700249 2593.2139999999995 171
1622519729170 2621.8699999999994 172
1622519759143 2651.5669999999996 173
1622519788765 2680.9129999999996 174
1622519818134 2710.0049999999997 175
1622519847402 2738.9999999999995 176
1622519876647 2767.9829999999997 177
1622519906034 2797.1069999999995 178
1622519936716 2827.5159999999996 179
1622519967648 2858.173 180
1622519998400 2888.6519999999996 181
1622520028800 2918.7859999999996 182
1622520059223 2948.9439999999995 183
1622520090571 2980.0269999999996 184
1622520122399 3011.566 185
1622520153853 3042.743 186
1622520185897 3074.525 187
1622520216852 3105.215 188
1622520247835 3135.934 189
1622520279131 3166.967 190
1622520310254 3197.826 191
1622520342758 3230.068 192
1622520375124 3262.1600000000003 193
1622520408287 3295.0490000000004 194
1622520440578 3327.0750000000003 195
1622520472764 3358.9990000000003 196
1622520505361 3391.3300000000004 197
1622520537867 3423.5730000000003 198
1622520570836 3456.2770000000005 199
1622520604643 3489.8070000000007 200
1622520638772 3523.6600000000008 201
1622520672194 3556.8070000000007 202
1622520705800 3590.149000000001 203
1622520739902 3623.986000000001 204
1622520774680 3658.489000000001 205
1622520809874 3693.4100000000008 206
1622520844350 3727.614000000001 207
1622520878331 3761.329000000001 208
1622520912516 3795.250000000001 209
1622520946939 3829.408000000001 210
1622520982528 3864.726000000001 211
1622521018164 3900.085000000001 212
1622521053027 3934.684000000001 213
1622521087894 3969.289000000001 214
1622521122519 4003.655000000001 215
1622521157690 4038.563000000001 216
1622521194370 4074.970000000001 217
1622521231065 4111.383000000001 218
1622521267150 4147.1990000000005 219
1622521303485 4183.267000000001 220
1622521339258 4218.777000000001 221
1622521376223 4255.479000000001 222
1622521413683 4292.6680000000015 223
1622521450874 4329.585000000002 224
1622521487593 4366.041000000002 225
1622521524661 4402.847000000002 226
1622521561202 4439.1280000000015 227
1622521598444 4476.107000000002 228
1622521636702 4514.093000000002 229
1622521675395 4552.509000000002 230
1622521713702 4590.546000000002 231
1622521751416 4627.997000000002 232
1622521790230 4666.5480000000025 233
1622521829584 4705.630000000003 234
1622521868524 4744.300000000003 235
1622521906932 4782.446000000003 236
1622521945861 4821.113000000003 237
1622521985937 4860.917000000003 238
1622522025920 4900.630000000003 239
1622522065182 4939.631000000003 240
1622522104986 4979.172000000003 241
1622522145650 5019.565000000003 242
1622522185715 5059.357000000004 243
1622522225554 5098.934000000004 244
1622522265971 5139.085000000004 245
1622522307209 5180.050000000004 246
1622522348763 5221.332000000004 247
1622522389314 5261.611000000004 248
1622522429691 5301.724000000005 249
1622522471148 5342.918000000005 250
1622522513197 5384.674000000005 251
1622522554447 5425.646000000005 252
1622522596759 5467.694000000005 253
1622522639113 5509.784000000005 254
1622522682338 5552.738000000005 255
1622522724831 5594.960000000005 256
1622522766919 5636.784000000004 257
1622522810660 5680.250000000005 258
1622522854748 5724.065000000004 259
1622522897471 5766.524000000004 260
1622522939995 5808.785000000004 261
1622522984107 5852.628000000004 262
1622523028134 5896.384000000005 263
1622523071269 5939.257000000004 264
1622523114796 5982.523000000004 265
1622523158473 6025.940000000004 266
1622523203090 6070.283000000004 267
1622523247406 6114.323000000004 268
1622523291278 6157.930000000004 269
1622523335260 6201.649000000004 270
1622523380714 6246.836000000004 271
1622523426542 6292.390000000004 272
1622523471449 6337.021000000004 273
1622523516409 6381.717000000004 274
1622523561848 6426.889000000004 275
1622523608615 6473.381000000004 276
1622523654520 6519.013000000004 277
1622523699976 6564.204000000003 278
1622523746147 6610.110000000003 279
1622523792490 6656.181000000003 280
1622523837903 6701.326000000004 281
1622523884412 6747.571000000004 282
1622523931612 6794.494000000003 283
1622523978114 6840.715000000003 284
1622524024915 6887.247000000003 285
1622524073399 6935.456000000003 286
1622524120633 6982.419000000003 287
1622524166947 7028.471000000002 288
1622524215790 7077.0480000000025 289
1622524264299 7125.285000000003 290
1622524311798 7172.5080000000025 291
1622524359356 7219.803000000003 292
1622524408159 7268.342000000002 293
1622524457622 7317.532000000002 294
1622524505468 7365.100000000002 295
1622524553950 7413.317000000002 296
1622524603822 7462.919000000002 297
1622524653539 7512.363000000002 298
1622524702306 7560.867000000002 299
1622524750998 7609.294000000002 300
1622524801664 7659.6950000000015 301
1622524852678 7710.4360000000015 302
1622524902066 7759.560000000001 303
1622524952133 7809.362000000001 304
1622525003382 7860.339000000001 305
1622525053995 7910.679000000001 306
1622525103749 7960.171000000001 307
1622525154175 8010.332000000001 308
1622525205957 8061.839000000001 309
1622525257466 8113.076000000001 310
1622525308186 8163.532000000001 311
1622525358889 8213.972000000002 312
1622525409646 8264.465000000002 313
1622525462516 8317.073000000002 314
1622525515302 8369.586000000003 315
1622525567090 8421.100000000002 316
1622525618669 8472.397000000003 317
1622525670764 8524.221000000003 318
1622525724517 8577.696000000004 319
1622525777348 8630.249000000003 320
1622525829422 8682.053000000004 321
1622525881290 8733.656000000003 322
1622525935376 8787.466000000002 323
1622525988749 8840.565000000002 324
1622526041848 8893.398000000003 325
1622526095745 8947.028000000002 326
1622526150759 9001.770000000002 327
1622526204413 9055.150000000001 328
1622526258051 9108.522 329
1622526311500 9161.703000000001 330
1622526366826 9216.761000000002 331
1622526421985 9271.648000000003 332
1622526476116 9325.519000000002 333
1622526531094 9380.235000000002 334
1622526587687 9436.556000000002 335
1622526642271 9490.869000000002 336
1622526697283 9545.613000000003 337
1622526753822 9601.880000000003 338
1622526808693 9656.475000000002 339
1622526864850 9712.366000000002 340
1622526921549 9768.792000000001 341
1622526976833 9823.813000000002 342
1622527033131 9879.847000000002 343
1622527090188 9936.626000000002 344
1622527146323 9992.486000000003 345
1622527202573 10048.469000000003 346
1622527260409 10106.032000000003 347
1622527317628 10162.980000000003 348
1622527373899 10218.988000000003 349
1622527431776 10276.600000000002 350
1622527490356 10334.897000000003 351
1622527547957 10392.225000000002 352
1622527604722 10448.724000000002 353
1622527663134 10506.872000000001 354
1622527722536 10566.000000000002 355
1622527780132 10623.332000000002 356
1622527838450 10681.389000000003 357
1622527898193 10740.860000000002 358
1622527956636 10799.041000000003 359
1622528014468 10856.609000000002 360
1622528074539 10916.405000000002 361
1622528134302 10975.891000000003 362
1622528193092 11034.414000000002 363
1622528251803 11092.859000000002 364
1622528312691 11153.474000000002 365
1622528372403 11212.909000000001 366
1622528431903 11272.146 367
1622528492979 11332.954000000002 368
1622528554532 11394.234000000002 369
1622528614522 11453.958000000002 370
1622528676388 11515.558000000003 371
1622528737582 11576.479000000003 372
1622528798490 11637.122000000003 373
1622528859934 11698.302000000003 374
1622528923095 11761.186000000003 375
1622528984980 11822.795000000004 376
1622529045900 11883.453000000003 377
1622529107571 11944.862000000003 378
1622529170659 12007.679000000002 379
1622529232689 12069.438000000002 380
1622529294604 12131.090000000002 381
1622529358687 12194.901000000002 382
1622529421499 12257.443000000001 383
1622529483132 12318.806 384
1622529546539 12381.924 385
1622529610326 12445.436000000002 386
1622529672989 12507.833000000002 387
1622529737404 12571.974000000002 388
1622529800558 12634.853000000003 389
1622529863943 12697.973000000004 390
1622529928617 12762.371000000003 391
1622529991997 12825.478000000003 392
1622530054933 12888.147000000003 393
1622530118774 12951.724000000002 394
1622530183793 13016.469000000003 395
1622530247251 13079.661000000002 396
1622530312933 13145.080000000002 397
1622530378413 13210.285000000002 398
1622530442922 13274.528000000002 399
1622530507345 13338.686000000002 400
1622530573180 13404.261000000002 401
1622530639189 13469.995000000003 402
1622530703729 13534.275000000003 403
1622530770752 13601.034000000003 404
1622530837702 13667.714000000004 405
1622530903763 13733.513000000004 406
1622530971842 13801.319000000005 407
1622531038341 13867.551000000005 408
1622531104661 13933.605000000005 409
1622531172042 14000.718000000004 410
1622531240443 14068.842000000004 411
1622531307588 14135.720000000005 412
1622531375502 14203.370000000004 413
1622531444380 14271.976000000004 414
1622531511492 14338.821000000004 415
1622531580139 14407.202000000003 416
1622531648251 14475.037000000002 417
1622531715510 14542.025000000001 418
1622531785815 14612.054000000002 419
1622531854787 14680.749000000002 420
1622531923420 14749.116000000002 421
1622531993914 14819.335000000001 422
1622532062752 14887.907000000001 423
1622532131301 14956.191 424
1622532202898 15027.516000000001 425
1622532270736 15095.083 426
1622532340460 15164.543 427
1622532410883 15234.699999999999 428
1622532481228 15304.769999999999 429
1622532550436 15373.712999999998 430
1622532623057 15446.055999999999 431
1622532693790 15516.509999999998 432
1622532765815 15588.268999999998 433
1622532837290 15659.469999999998 434
1622532908576 15730.488999999998 435
1622532981410 15803.045999999998 436
1622533052763 15874.119999999999 437
1622533126066 15947.152999999998 438
1622533197838 16018.648999999998 439
1622533269213 16089.755999999998 440
1622533342917 16163.185999999998 441
1622533415142 16235.133999999998 442
1622533487469 16307.189999999999 443
1622533561161 16380.603 444
1622533632797 16451.970999999998 445
1622533704683 16523.590999999997 446
1622533778729 16597.367 447
1622533853066 16671.429999999997 448
1622533924745 16742.831 449
1622533999822 16817.643 450
1622534073062 16890.606 451
1622534147016 16964.293999999998 452
1622534221237 17038.242 453
1622534294489 17111.229 454
1622534369596 17186.059 455
1622534443756 17259.943 456
1622534516579 17332.502 457
1622534591596 17407.253 458
1622534666840 17482.224000000002 459
1622534740621 17555.74 460
1622534815454 17630.308 461
1622534891249 17705.828 462
1622534965397 17779.711000000003 463
1622535041042 17855.092000000004 464
1622535116312 17930.088000000003 465
1622535190396 18003.907000000003 466
1622535267387 18080.635000000002 467
1622535342637 18155.609 468
1622535417752 18230.46 469
1622535494782 18307.218 470
1622535570763 18382.940000000002 471
1622535647361 18459.276 472
1622535723248 18534.893 473
1622535799027 18610.409 474
1622535876987 18688.099 475
1622535953270 18764.107999999997 476
1622536031977 18842.551999999996 477
1622536108710 18919.020999999997 478
1622536187392 18997.427999999996 479
1622536265419 19075.176999999996 480
1622536342593 19152.086999999996 481
1622536421485 19230.701999999997 482
1622536498301 19307.253999999997 483
1622536575381 19384.048999999995 484
1622536654995 19463.389999999996 485
1622536732223 19540.356999999996 486
1622536809982 19617.851999999995 487
1622536889693 19697.290999999994 488
1622536967896 19775.230999999992 489
1622537047272 19854.343999999994 490
1622537127713 19934.510999999995 491
1622537206578 20013.105999999996 492
1622537287600 20093.861999999997 493
1622537367742 20173.731999999996 494
1622537448369 20254.096999999998 495
1622537530558 20336.006999999998 496
1622537610114 20415.301 497
1622537692062 20496.985 498
1622537773019 20577.672000000002 499
1622537854838 20659.226000000002 500
