1622902115064 0.9348179173845004 0
1622902117313 0.9348179173845004 1
1622902119067 0.9348179173845004 2
1622902121230 0.9348179173845004 3
1622902123748 0.9348179173845004 4
1622902126635 0.9348179173845004 5
1622902129838 0.9348179173845004 6
1622902133411 0.9348179173845004 7
1622902137372 0.9348179173845004 8
1622902141706 0.9348179173845004 9
1622902146364 0.9348179173845004 10
1622902151375 0.9348179173845004 11
1622902156806 0.9348179173845004 12
1622902162621 0.9348179173845004 13
1622902168767 0.9348179173845004 14
1622902175212 0.9348179173845004 15
1622902182086 0.9348179173845004 16
1622902189333 0.9348179173845004 17
1622902196988 0.9348179173845004 18
1622902206570 0.9348179173845004 19
1622902214836 0.9348179173845004 20
1622902223543 0.9348179173845004 21
1622902232540 0.9348179173845004 22
1622902241936 0.9348179173845004 23
1622902252743 0.9348179173845004 24
1622902262889 0.9348179173845004 25
1622902273327 0.9348179173845004 26
1622902284197 0.9348179173845004 27
1622902295397 0.9348179173845004 28
1622902308814 0.9348179173845004 29
1622902320715 0.9348179173845004 30
1622902333758 0.9348179173845004 31
1622902346340 0.9348179173845004 32
1622902360096 0.9348179173845004 33
1622902373456 0.9348179173845004 34
1622902387159 0.9348179173845004 35
1622902401128 0.9348179173845004 36
1622902415551 0.9348179173845004 37
1622902430239 0.9348179173845004 38
1622902445417 0.9348179173845004 39
1622902460856 0.9348179173845004 40
1622902476580 0.9348179173845004 41
1622902492806 0.9348179173845004 42
1622902509216 0.9348179173845004 43
1622902526098 0.9348179173845004 44
1622902543662 0.9348179173845004 45
1622902561214 0.9348179173845004 46
1622902579210 0.9348179173845004 47
1622902597443 0.9348179173845004 48
1622902616177 0.9348179173845004 49
1622902637163 0.9348179173845004 50
1622902657451 0.9348179173845004 51
1622902681891 0.9348179173845004 52
1622902703407 0.9348179173845004 53
1622902724749 0.9348179173845004 54
1622902745384 0.9348179173845004 55
1622902766575 0.9348179173845004 56
1622902789945 0.9348179173845004 57
1622902812966 0.9348179173845004 58
1622902837725 0.9348179173845004 59
1622902860286 0.9348179173845004 60
1622902883088 0.9348179173845004 61
1622902907422 0.9348179173845004 62
1622902931231 0.9348179173845004 63
1622902958145 0.9348179173845004 64
1622902985189 0.9348179173845004 65
1622903011173 0.9348179173845004 66
1622903038818 0.9348179173845004 67
1622903066087 0.9348179173845004 68
1622903091866 0.9348179173845004 69
1622903117908 0.9348179173845004 70
1622903144237 0.9348179173845004 71
1622903170943 0.9348179173845004 72
1622903198259 0.9348179173845004 73
1622903226901 0.9348179173845004 74
1622903254715 0.9348179173845004 75
1622903282586 0.9348179173845004 76
1622903310948 0.9348179173845004 77
1622903340782 0.9348179173845004 78
1622903369963 0.9348179173845004 79
1622903398790 0.9348179173845004 80
1622903428181 0.9348179173845004 81
1622903458376 0.9348179173845004 82
1622903488256 0.9348179173845004 83
1622903518513 0.9348179173845004 84
1622903550041 0.9348179173845004 85
1622903583417 0.9348179173845004 86
1622903618290 0.9348179173845004 87
1622903652677 0.9348179173845004 88
1622903684871 0.9348179173845004 89
1622903717372 0.9348179173845004 90
1622903751178 0.9348179173845004 91
1622903784475 0.9348179173845004 92
1622903818128 0.9348179173845004 93
1622903854789 0.9348179173845004 94
1622903889226 0.9348179173845004 95
1622903923946 0.9348179173845004 96
1622903959948 0.9348179173845004 97
1622903998855 0.9348179173845004 98
1622904040519 0.9348179173845004 99
1622904076546 0.9348179173845004 100
1622904113277 0.9348179173845004 101
1622904149961 0.9348179173845004 102
1622904187076 0.9348179173845004 103
1622904224543 0.9348179173845004 104
1622904263594 0.9348179173845004 105
1622904306182 0.9348179173845004 106
1622904347994 0.9348179173845004 107
1622904387122 0.9348179173845004 108
1622904427520 0.9348179173845004 109
1622904470716 0.9348179173845004 110
1622904511610 0.9348179173845004 111
1622904553694 0.9348179173845004 112
1622904594915 0.9348179173845004 113
1622904639127 0.9348179173845004 114
1622904682502 0.9348179173845004 115
1622904727429 0.9348179173845004 116
1622904771662 0.9348179173845004 117
1622904817986 0.9348179173845004 118
1622904863623 0.9348179173845004 119
1622904906936 0.9348179173845004 120
1622904950634 0.9348179173845004 121
1622904995578 0.9348179173845004 122
1622905042125 0.9348179173845004 123
1622905086858 0.9348179173845004 124
1622905132108 0.9348179173845004 125
1622905179029 0.9348179173845004 126
1622905229795 0.9348179173845004 127
1622905280772 0.9348179173845004 128
1622905329165 0.9348179173845004 129
1622905377055 0.9348179173845004 130
1622905425070 0.9348179173845004 131
1622905476070 0.9348179173845004 132
1622905531115 0.9348179173845004 133
1622905581978 0.9348179173845004 134
1622905631372 0.9348179173845004 135
1622905684770 0.9348179173845004 136
1622905734846 0.9348179173845004 137
1622905786860 0.9348179173845004 138
1622905838925 0.9348179173845004 139
1622905892358 0.9348179173845004 140
1622905946108 0.9348179173845004 141
1622905999968 0.9348179173845004 142
1622906052404 0.9348179173845004 143
1622906105744 0.9348179173845004 144
1622906160107 0.9348179173845004 145
1622906213582 0.9348179173845004 146
1622906267010 0.9348179173845004 147
1622906322796 0.9348179173845004 148
1622906378605 0.9348179173845004 149
1622906435641 0.9348179173845004 150
1622906492420 0.9348179173845004 151
1622906549645 0.9348179173845004 152
1622906606292 0.9348179173845004 153
1622906663580 0.9348179173845004 154
1622906722309 0.9348179173845004 155
1622906779052 0.9348179173845004 156
1622906835863 0.9348179173845004 157
1622906895239 0.9348179173845004 158
1622906956278 0.9348179173845004 159
1622907019550 0.9348179173845004 160
1622907082966 0.9348179173845004 161
1622907142546 0.9348179173845004 162
1622907203087 0.9348179173845004 163
1622907263966 0.9348179173845004 164
1622907325751 0.9348179173845004 165
1622907391517 0.9348179173845004 166
1622907452335 0.9348179173845004 167
1622907513565 0.9348179173845004 168
1622907576080 0.9348179173845004 169
1622907641462 0.9348179173845004 170
1622907705356 0.9348179173845004 171
1622907769443 0.9348179173845004 172
1622907832447 0.9348179173845004 173
1622907898973 0.9348179173845004 174
1622907963705 0.9348179173845004 175
1622908027254 0.9348179173845004 176
1622908091705 0.9348179173845004 177
1622908158139 0.9348179173845004 178
1622908223292 0.9348179173845004 179
1622908288562 0.9348179173845004 180
1622908354419 0.9348179173845004 181
1622908421668 0.9348179173845004 182
1622908493232 0.9348179173845004 183
1622908562824 0.9348179173845004 184
1622908635250 0.9348179173845004 185
1622908703994 0.9348179173845004 186
1622908775256 0.9348179173845004 187
1622908845372 0.9348179173845004 188
1622908916808 0.9348179173845004 189
1622908985721 0.9348179173845004 190
1622909056611 0.9348179173845004 191
1622909128816 0.9348179173845004 192
1622909200870 0.9348179173845004 193
1622909272259 0.9348179173845004 194
1622909345424 0.9348179173845004 195
1622909423977 0.9348179173845004 196
1622909497157 0.9348179173845004 197
1622909571504 0.9348179173845004 198
1622909645782 0.9348179173845004 199
1622909719978 0.9348179173845004 200
1622909799553 0.9348179173845004 201
1622909877283 0.9348179173845004 202
1622909958086 0.9348179173845004 203
1622910033799 0.9348179173845004 204
1622910109577 0.9348179173845004 205
1622910183915 0.9348179173845004 206
1622910261223 0.9348179173845004 207
1622910338435 0.9348179173845004 208
1622910415822 0.9348179173845004 209
1622910494283 0.9348179173845004 210
1622910576078 0.9348179173845004 211
1622910659628 0.9348179173845004 212
1622910739063 0.9348179173845004 213
1622910818139 0.9348179173845004 214
1622910901622 0.9348179173845004 215
1622910980219 0.9348179173845004 216
1622911068931 0.9348179173845004 217
1622911151606 0.9348179173845004 218
1622911236518 0.9348179173845004 219
1622911319757 0.9348179173845004 220
1622911401409 0.9348179173845004 221
1622911483416 0.9348179173845004 222
1622911566027 0.9348179173845004 223
1622911652408 0.9348179173845004 224
1622911736070 0.9348179173845004 225
1622911821423 0.9348179173845004 226
1622911907488 0.9348179173845004 227
1622911991174 0.9348179173845004 228
1622912074208 0.9348179173845004 229
1622912157386 0.9348179173845004 230
1622912240675 0.9348179173845004 231
1622912328131 0.9348179173845004 232
1622912410976 0.9348179173845004 233
1622912493219 0.9348179173845004 234
1622912580553 0.9348179173845004 235
1622912663521 0.9348179173845004 236
1622912751773 0.9348179173845004 237
1622912837422 0.9348179173845004 238
1622912925439 0.9348179173845004 239
1622913017205 0.9348179173845004 240
1622913103583 0.9348179173845004 241
1622913187294 0.9348179173845004 242
1622913272419 0.9348179173845004 243
1622913360446 0.9348179173845004 244
1622913444866 0.9348179173845004 245
1622913529543 0.9348179173845004 246
1622913616798 0.9348179173845004 247
1622913702731 0.9348179173845004 248
1622913792599 0.9348179173845004 249
1622913881615 0.9348179173845004 250
1622913971072 0.9348179173845004 251
1622914060252 0.9348179173845004 252
1622914150354 0.9348179173845004 253
1622914244314 0.9348179173845004 254
1622914338889 0.9348179173845004 255
1622914430960 0.9348179173845004 256
1622914520656 0.9348179173845004 257
1622914617161 0.9348179173845004 258
1622914710650 0.9348179173845004 259
1622914801442 0.9348179173845004 260
1622914893873 0.9348179173845004 261
1622914984981 0.9348179173845004 262
1622915079537 0.9348179173845004 263
1622915173630 0.9348179173845004 264
1622915269625 0.9348179173845004 265
1622915361930 0.9348179173845004 266
1622915454658 0.9348179173845004 267
1622915547366 0.9348179173845004 268
1622915643894 0.9348179173845004 269
1622915740082 0.9348179173845004 270
1622915838650 0.9348179173845004 271
1622915940228 0.9348179173845004 272
1622916035699 0.9348179173845004 273
1622916131302 0.9348179173845004 274
1622916228916 0.9348179173845004 275
1622916326149 0.9348179173845004 276
1622916432540 0.9348179173845004 277
1622916536079 0.9348179173845004 278
1622916636449 0.9348179173845004 279
1622916735285 0.9348179173845004 280
1622916835249 0.9348179173845004 281
1622916936855 0.9348179173845004 282
1622917035426 0.9348179173845004 283
1622917135285 0.9348179173845004 284
1622917241770 0.9348179173845004 285
1622917343414 0.9348179173845004 286
1622917445063 0.9348179173845004 287
1622917548937 0.9348179173845004 288
1622917650885 0.9348179173845004 289
1622917753262 0.9348179173845004 290
1622917856522 0.9348179173845004 291
1622917962788 0.9348179173845004 292
1622918064215 0.9348179173845004 293
1622918168956 0.9348179173845004 294
1622918275829 0.9348179173845004 295
1622918380998 0.9348179173845004 296
1622918486632 0.9348179173845004 297
1622918589531 0.9348179173845004 298
1622918695002 0.9348179173845004 299
1622918805030 0.9348179173845004 300
1622918911667 0.9348179173845004 301
1622919017277 0.9348179173845004 302
1622919121449 0.9348179173845004 303
1622919229710 0.9348179173845004 304
1622919336946 0.9348179173845004 305
1622919444656 0.9348179173845004 306
1622919552014 0.9348179173845004 307
1622919657111 0.9348179173845004 308
1622919769976 0.9348179173845004 309
1622919880139 0.9348179173845004 310
1622919989376 0.9348179173845004 311
1622920103532 0.9348179173845004 312
1622920212164 0.9348179173845004 313
1622920326365 0.9348179173845004 314
1622920436693 0.9348179173845004 315
1622920557096 0.9348179173845004 316
1622920671819 0.9348179173845004 317
1622920787517 0.9348179173845004 318
1622920899288 0.9348179173845004 319
1622921010052 0.9348179173845004 320
1622921119421 0.9348179173845004 321
1622921231462 0.9348179173845004 322
1622921346892 0.9348179173845004 323
1622921460486 0.9348179173845004 324
1622921573552 0.9348179173845004 325
1622921684261 0.9348179173845004 326
1622921795240 0.9348179173845004 327
1622921906884 0.9348179173845004 328
1622922024334 0.9348179173845004 329
1622922139843 0.9348179173845004 330
1622922257575 0.9348179173845004 331
1622922380581 0.9348179173845004 332
1622922497867 0.9348179173845004 333
1622922612449 0.9348179173845004 334
1622922732153 0.9348179173845004 335
1622922848796 0.9348179173845004 336
1622922966897 0.9348179173845004 337
1622923082974 0.9348179173845004 338
1622923201264 0.9348179173845004 339
1622923320425 0.9348179173845004 340
1622923444677 0.9348179173845004 341
1622923564932 0.9348179173845004 342
1622923690297 0.9348179173845004 343
1622923810549 0.9348179173845004 344
1622923929804 0.9348179173845004 345
1622924050677 0.9348179173845004 346
1622924168599 0.9348179173845004 347
1622924287072 0.9348179173845004 348
1622924406233 0.9348179173845004 349
1622924532070 0.9348179173845004 350
1622924655998 0.9348179173845004 351
1622924779503 0.9348179173845004 352
1622924901642 0.9348179173845004 353
1622925028741 0.9348179173845004 354
1622925155366 0.9348179173845004 355
1622925278834 0.9348179173845004 356
1622925403330 0.9348179173845004 357
1622925534635 0.9348179173845004 358
1622925659005 0.9348179173845004 359
1622925786382 0.9348179173845004 360
1622925916093 0.9348179173845004 361
1622926045071 0.9348179173845004 362
1622926171770 0.9348179173845004 363
1622926302801 0.9348179173845004 364
1622926432031 0.9348179173845004 365
1622926563125 0.9348179173845004 366
1622926690306 0.9348179173845004 367
1622926827902 0.9348179173845004 368
1622926962504 0.9348179173845004 369
1622927099257 0.9348179173845004 370
1622927232242 0.9348179173845004 371
1622927366890 0.9348179173845004 372
1622927503337 0.9348179173845004 373
1622927642181 0.9348179173845004 374
1622927782319 0.9348179173845004 375
1622927919345 0.9348179173845004 376
1622928057551 0.9348179173845004 377
1622928192626 0.9348179173845004 378
1622928330800 0.9348179173845004 379
1622928467140 0.9348179173845004 380
1622928610460 0.9348179173845004 381
1622928752077 0.9348179173845004 382
1622928890261 0.9348179173845004 383
1622929026471 0.9348179173845004 384
1622929165095 0.9348179173845004 385
1622929305560 0.9348179173845004 386
1622929451562 0.9348179173845004 387
1622929594038 0.9348179173845004 388
1622929737673 0.9348179173845004 389
1622929879675 0.9348179173845004 390
1622930023055 0.9348179173845004 391
1622930166218 0.9348179173845004 392
1622930312888 0.9348179173845004 393
1622930455786 0.9348179173845004 394
1622930602842 0.9348179173845004 395
1622930748944 0.9348179173845004 396
1622930897860 0.9348179173845004 397
1622931042498 0.9348179173845004 398
1622931190408 0.9348179173845004 399
1622931345746 0.9348179173845004 400
1622931493904 0.9348179173845004 401
1622931639284 0.9348179173845004 402
1622931790760 0.9348179173845004 403
1622931946878 0.9348179173845004 404
1622932098408 0.9348179173845004 405
1622932248859 0.9348179173845004 406
1622932395082 0.9348179173845004 407
1622932545017 0.9348179173845004 408
1622932697365 0.9348179173845004 409
1622932850286 0.9348179173845004 410
1622933006776 0.9348179173845004 411
1622933156491 0.9348179173845004 412
1622933313121 0.9348179173845004 413
1622933463607 0.9348179173845004 414
1622933619023 0.9348179173845004 415
1622933771407 0.9348179173845004 416
1622933922818 0.9348179173845004 417
1622934078344 0.9348179173845004 418
1622934235899 0.9348179173845004 419
1622934392136 0.9348179173845004 420
1622934545784 0.9348179173845004 421
1622934704760 0.9348179173845004 422
1622934869129 0.9348179173845004 423
1622935026103 0.9348179173845004 424
1622935182363 0.9348179173845004 425
1622935339457 0.9348179173845004 426
1622935505051 0.9348179173845004 427
1622935666681 0.9348179173845004 428
1622935825266 0.9348179173845004 429
1622935988063 0.9348179173845004 430
1622936149116 0.9348179173845004 431
1622936309637 0.9348179173845004 432
1622936473455 0.9348179173845004 433
1622936637670 0.9348179173845004 434
1622936795709 0.9348179173845004 435
1622936956996 0.9348179173845004 436
1622937126740 0.9348179173845004 437
1622937298692 0.9348179173845004 438
1622937460575 0.9348179173845004 439
1622937626986 0.9348179173845004 440
1622937796704 0.9348179173845004 441
1622937965050 0.9348179173845004 442
1622938134293 0.9348179173845004 443
1622938306954 0.9348179173845004 444
1622938474611 0.9348179173845004 445
1622938638593 0.9348179173845004 446
1622938805764 0.9348179173845004 447
1622938970511 0.9348179173845004 448
1622939137198 0.9348179173845004 449
1622939301828 0.9348179173845004 450
1622939466162 0.9348179173845004 451
1622939634504 0.9348179173845004 452
1622939804480 0.9348179173845004 453
1622939980716 0.9348179173845004 454
1622940148127 0.9348179173845004 455
1622940320852 0.9348179173845004 456
1622940487615 0.9348179173845004 457
1622940656478 0.9348179173845004 458
1622940832218 0.9348179173845004 459
1622941003201 0.9348179173845004 460
1622941177855 0.9348179173845004 461
1622941348497 0.9348179173845004 462
1622941524765 0.9348179173845004 463
1622941699896 0.9348179173845004 464
1622941870313 0.9348179173845004 465
1622942046277 0.9348179173845004 466
1622942226506 0.9348179173845004 467
1622942395931 0.9348179173845004 468
1622942570213 0.9348179173845004 469
1622942750409 0.9348179173845004 470
1622942928610 0.9348179173845004 471
1622943104814 0.9348179173845004 472
1622943277813 0.9348179173845004 473
1622943457287 0.9348179173845004 474
1622943629803 0.9348179173845004 475
1622943803311 0.9348179173845004 476
1622943975179 0.9348179173845004 477
1622944147768 0.9348179173845004 478
1622944320483 0.9348179173845004 479
1622944493597 0.9348179173845004 480
1622944667578 0.9348179173845004 481
1622944844210 0.9348179173845004 482
1622945021229 0.9348179173845004 483
1622945194940 0.9348179173845004 484
1622945374638 0.9348179173845004 485
1622945554227 0.9348179173845004 486
1622945731812 0.9348179173845004 487
1622945915669 0.9348179173845004 488
1622946097279 0.9348179173845004 489
1622946278571 0.9348179173845004 490
1622946459196 0.9348179173845004 491
1622946647505 0.9348179173845004 492
1622946832106 0.9348179173845004 493
1622947015206 0.9348179173845004 494
1622947195523 0.9348179173845004 495
1622947381740 0.9348179173845004 496
1622947567050 0.9348179173845004 497
1622947748053 0.9348179173845004 498
1622947934079 0.9348179173845004 499
1622948121551 0.9348179173845004 500
