1622902115055 -257.2609886890252 0
1622902117306 -257.2609886890252 1
1622902119060 -257.2609886890252 2
1622902121224 -257.2609886890252 3
1622902123743 -257.2609886890252 4
1622902126630 -257.2609886890252 5
1622902129832 -257.2609886890252 6
1622902133405 -257.2609886890252 7
1622902137366 -257.2609886890252 8
1622902141700 -257.2609886890252 9
1622902146358 -257.2609886890252 10
1622902151368 -257.2609886890252 11
1622902156800 -257.2609886890252 12
1622902162615 -257.2609886890252 13
1622902168762 -257.2609886890252 14
1622902175207 -257.2609886890252 15
1622902182079 -257.2609886890252 16
1622902189321 -257.2609886890252 17
1622902196982 -257.2609886890252 18
1622902206564 -257.2609886890252 19
1622902214830 -257.2609886890252 20
1622902223536 -257.2609886890252 21
1622902232534 -257.2609886890252 22
1622902241930 -257.2609886890252 23
1622902252736 -257.2609886890252 24
1622902262883 -257.2609886890252 25
1622902273321 -257.2609886890252 26
1622902284189 -257.2609886890252 27
1622902295390 -257.2609886890252 28
1622902308809 -257.2609886890252 29
1622902320708 -257.2609886890252 30
1622902333752 -257.2609886890252 31
1622902346333 -257.2609886890252 32
1622902360091 -257.2609886890252 33
1622902373451 -257.2609886890252 34
1622902387153 -257.2609886890252 35
1622902401122 -257.2609886890252 36
1622902415545 -257.2609886890252 37
1622902430234 -257.2609886890252 38
1622902445411 -257.2609886890252 39
1622902460849 -257.2609886890252 40
1622902476574 -257.2609886890252 41
1622902492801 -257.2609886890252 42
1622902509210 -257.2609886890252 43
1622902526091 -257.2609886890252 44
1622902543657 -257.2609886890252 45
1622902561209 -257.2609886890252 46
1622902579204 -257.2609886890252 47
1622902597437 -257.2609886890252 48
1622902616171 -257.2609886890252 49
1622902637156 -257.2609886890252 50
1622902657445 -257.2609886890252 51
1622902681885 -257.2609886890252 52
1622902703401 -257.2609886890252 53
1622902724742 -257.2609886890252 54
1622902745377 -257.2609886890252 55
1622902766569 -257.2609886890252 56
1622902789939 -257.2609886890252 57
1622902812959 -257.2609886890252 58
1622902837719 -257.2609886890252 59
1622902860280 -257.2609886890252 60
1622902883083 -257.2609886890252 61
1622902907416 -257.2609886890252 62
1622902931224 -257.2609886890252 63
1622902958138 -257.2609886890252 64
1622902985183 -257.2609886890252 65
1622903011167 -257.2609886890252 66
1622903038811 -257.2609886890252 67
1622903066081 -257.2609886890252 68
1622903091861 -257.2609886890252 69
1622903117901 -257.2609886890252 70
1622903144231 -257.2609886890252 71
1622903170938 -257.2609886890252 72
1622903198252 -257.2609886890252 73
1622903226894 -257.2609886890252 74
1622903254709 -257.2609886890252 75
1622903282580 -257.2609886890252 76
1622903310942 -257.2609886890252 77
1622903340776 -257.2609886890252 78
1622903369957 -257.2609886890252 79
1622903398784 -257.2609886890252 80
1622903428175 -257.2609886890252 81
1622903458370 -257.2609886890252 82
1622903488249 -257.2609886890252 83
1622903518506 -257.2609886890252 84
1622903550034 -257.2609886890252 85
1622903583411 -257.2609886890252 86
1622903618284 -257.2609886890252 87
1622903652671 -257.2609886890252 88
1622903684865 -257.2609886890252 89
1622903717365 -257.2609886890252 90
1622903751172 -257.2609886890252 91
1622903784468 -257.2609886890252 92
1622903818122 -257.2609886890252 93
1622903854782 -257.2609886890252 94
1622903889219 -257.2609886890252 95
1622903923939 -257.2609886890252 96
1622903959941 -257.2609886890252 97
1622903998849 -257.2609886890252 98
1622904040513 -257.2609886890252 99
1622904076539 -257.2609886890252 100
1622904113271 -257.2609886890252 101
1622904149954 -257.2609886890252 102
1622904187068 -257.2609886890252 103
1622904224536 -257.2609886890252 104
1622904263586 -257.2609886890252 105
1622904306175 -257.2609886890252 106
1622904347987 -257.2609886890252 107
1622904387115 -257.2609886890252 108
1622904427513 -257.2609886890252 109
1622904470710 -257.2609886890252 110
1622904511603 -257.2609886890252 111
1622904553687 -257.2609886890252 112
1622904594910 -257.2609886890252 113
1622904639120 -257.2609886890252 114
1622904682495 -257.2609886890252 115
1622904727422 -257.2609886890252 116
1622904771655 -257.2609886890252 117
1622904817978 -257.2609886890252 118
1622904863617 -257.2609886890252 119
1622904906929 -257.2609886890252 120
1622904950627 -257.2609886890252 121
1622904995572 -257.2609886890252 122
1622905042119 -257.2609886890252 123
1622905086852 -257.2609886890252 124
1622905132102 -257.2609886890252 125
1622905179023 -257.2609886890252 126
1622905229789 -257.2609886890252 127
1622905280766 -257.2609886890252 128
1622905329160 -257.2609886890252 129
1622905377049 -257.2609886890252 130
1622905425063 -257.2609886890252 131
1622905476064 -257.2609886890252 132
1622905531108 -257.2609886890252 133
1622905581971 -257.2609886890252 134
1622905631365 -257.2609886890252 135
1622905684764 -257.2609886890252 136
1622905734840 -257.2609886890252 137
1622905786854 -257.2609886890252 138
1622905838919 -257.2609886890252 139
1622905892351 -257.2609886890252 140
1622905946100 -257.2609886890252 141
1622905999961 -257.2609886890252 142
1622906052397 -257.2609886890252 143
1622906105738 -257.2609886890252 144
1622906160101 -257.2609886890252 145
1622906213575 -257.2609886890252 146
1622906267004 -257.2609886890252 147
1622906322789 -257.2609886890252 148
1622906378599 -257.2609886890252 149
1622906435635 -257.2609886890252 150
1622906492413 -257.2609886890252 151
1622906549638 -257.2609886890252 152
1622906606286 -257.2609886890252 153
1622906663573 -257.2609886890252 154
1622906722303 -257.2609886890252 155
1622906779046 -257.2609886890252 156
1622906835857 -257.2609886890252 157
1622906895232 -257.2609886890252 158
1622906956271 -257.2609886890252 159
1622907019525 -257.2609886890252 160
1622907082959 -257.2609886890252 161
1622907142541 -257.2609886890252 162
1622907203080 -257.2609886890252 163
1622907263960 -257.2609886890252 164
1622907325743 -257.2609886890252 165
1622907391509 -257.2609886890252 166
1622907452328 -257.2609886890252 167
1622907513559 -257.2609886890252 168
1622907576074 -257.2609886890252 169
1622907641454 -257.2609886890252 170
1622907705350 -257.2609886890252 171
1622907769437 -257.2609886890252 172
1622907832440 -257.2609886890252 173
1622907898967 -257.2609886890252 174
1622907963700 -257.2609886890252 175
1622908027247 -257.2609886890252 176
1622908091699 -257.2609886890252 177
1622908158133 -257.2609886890252 178
1622908223285 -257.2609886890252 179
1622908288555 -257.2609886890252 180
1622908354413 -257.2609886890252 181
1622908421660 -257.2609886890252 182
1622908493225 -257.2609886890252 183
1622908562817 -257.2609886890252 184
1622908635243 -257.2609886890252 185
1622908703986 -257.2609886890252 186
1622908775249 -257.2609886890252 187
1622908845364 -257.2609886890252 188
1622908916802 -257.2609886890252 189
1622908985712 -257.2609886890252 190
1622909056604 -257.2609886890252 191
1622909128808 -257.2609886890252 192
1622909200863 -257.2609886890252 193
1622909272252 -257.2609886890252 194
1622909345417 -257.2609886890252 195
1622909423970 -257.2609886890252 196
1622909497150 -257.2609886890252 197
1622909571498 -257.2609886890252 198
1622909645774 -257.2609886890252 199
1622909719969 -257.2609886890252 200
1622909799543 -257.2609886890252 201
1622909877274 -257.2609886890252 202
1622909958079 -257.2609886890252 203
1622910033792 -257.2609886890252 204
1622910109569 -257.2609886890252 205
1622910183906 -257.2609886890252 206
1622910261217 -257.2609886890252 207
1622910338428 -257.2609886890252 208
1622910415815 -257.2609886890252 209
1622910494275 -257.2609886890252 210
1622910576071 -257.2609886890252 211
1622910659622 -257.2609886890252 212
1622910739056 -257.2609886890252 213
1622910818130 -257.2609886890252 214
1622910901615 -257.2609886890252 215
1622910980211 -257.2609886890252 216
1622911068923 -257.2609886890252 217
1622911151599 -257.2609886890252 218
1622911236510 -257.2609886890252 219
1622911319750 -257.2609886890252 220
1622911401401 -257.2609886890252 221
1622911483409 -257.2609886890252 222
1622911566019 -257.2609886890252 223
1622911652402 -257.2609886890252 224
1622911736063 -257.2609886890252 225
1622911821417 -257.2609886890252 226
1622911907480 -257.2609886890252 227
1622911991167 -257.2609886890252 228
1622912074200 -257.2609886890252 229
1622912157379 -257.2609886890252 230
1622912240666 -257.2609886890252 231
1622912328124 -257.2609886890252 232
1622912410967 -257.2609886890252 233
1622912493212 -257.2609886890252 234
1622912580546 -257.2609886890252 235
1622912663512 -257.2609886890252 236
1622912751764 -257.2609886890252 237
1622912837414 -257.2609886890252 238
1622912925432 -257.2609886890252 239
1622913017197 -257.2609886890252 240
1622913103576 -257.2609886890252 241
1622913187287 -257.2609886890252 242
1622913272413 -257.2609886890252 243
1622913360439 -257.2609886890252 244
1622913444859 -257.2609886890252 245
1622913529537 -257.2609886890252 246
1622913616791 -257.2609886890252 247
1622913702724 -257.2609886890252 248
1622913792591 -257.2609886890252 249
1622913881608 -257.2609886890252 250
1622913971064 -257.2609886890252 251
1622914060245 -257.2609886890252 252
1622914150345 -257.2609886890252 253
1622914244307 -257.2609886890252 254
1622914338881 -257.2609886890252 255
1622914430953 -257.2609886890252 256
1622914520647 -257.2609886890252 257
1622914617154 -257.2609886890252 258
1622914710644 -257.2609886890252 259
1622914801435 -257.2609886890252 260
1622914893867 -257.2609886890252 261
1622914984972 -257.2609886890252 262
1622915079528 -257.2609886890252 263
1622915173622 -257.2609886890252 264
1622915269618 -257.2609886890252 265
1622915361921 -257.2609886890252 266
1622915454651 -257.2609886890252 267
1622915547358 -257.2609886890252 268
1622915643888 -257.2609886890252 269
1622915740073 -257.2609886890252 270
1622915838643 -257.2609886890252 271
1622915940221 -257.2609886890252 272
1622916035691 -257.2609886890252 273
1622916131296 -257.2609886890252 274
1622916228909 -257.2609886890252 275
1622916326143 -257.2609886890252 276
1622916432533 -257.2609886890252 277
1622916536071 -257.2609886890252 278
1622916636443 -257.2609886890252 279
1622916735277 -257.2609886890252 280
1622916835242 -257.2609886890252 281
1622916936848 -257.2609886890252 282
1622917035419 -257.2609886890252 283
1622917135279 -257.2609886890252 284
1622917241763 -257.2609886890252 285
1622917343406 -257.2609886890252 286
1622917445056 -257.2609886890252 287
1622917548932 -257.2609886890252 288
1622917650877 -257.2609886890252 289
1622917753254 -257.2609886890252 290
1622917856514 -257.2609886890252 291
1622917962780 -257.2609886890252 292
1622918064207 -257.2609886890252 293
1622918168950 -257.2609886890252 294
1622918275822 -257.2609886890252 295
1622918380992 -257.2609886890252 296
1622918486625 -257.2609886890252 297
1622918589523 -257.2609886890252 298
1622918694993 -257.2609886890252 299
1622918805022 -257.2609886890252 300
1622918911660 -257.2609886890252 301
1622919017270 -257.2609886890252 302
1622919121441 -257.2609886890252 303
1622919229701 -257.2609886890252 304
1622919336939 -257.2609886890252 305
1622919444646 -257.2609886890252 306
1622919552005 -257.2609886890252 307
1622919657104 -257.2609886890252 308
1622919769967 -257.2609886890252 309
1622919880130 -257.2609886890252 310
1622919989260 -257.2609886890252 311
1622920103523 -257.2609886890252 312
1622920212158 -257.2609886890252 313
1622920326358 -257.2609886890252 314
1622920436685 -257.2609886890252 315
1622920557088 -257.2609886890252 316
1622920671811 -257.2609886890252 317
1622920787510 -257.2609886890252 318
1622920899280 -257.2609886890252 319
1622921010043 -257.2609886890252 320
1622921119413 -257.2609886890252 321
1622921231454 -257.2609886890252 322
1622921346885 -257.2609886890252 323
1622921460478 -257.2609886890252 324
1622921573544 -257.2609886890252 325
1622921684252 -257.2609886890252 326
1622921795231 -257.2609886890252 327
1622921906875 -257.2609886890252 328
1622922024325 -257.2609886890252 329
1622922139834 -257.2609886890252 330
1622922257568 -257.2609886890252 331
1622922380573 -257.2609886890252 332
1622922497853 -257.2609886890252 333
1622922612442 -257.2609886890252 334
1622922732145 -257.2609886890252 335
1622922848789 -257.2609886890252 336
1622922966889 -257.2609886890252 337
1622923082966 -257.2609886890252 338
1622923201256 -257.2609886890252 339
1622923320418 -257.2609886890252 340
1622923444669 -257.2609886890252 341
1622923564923 -257.2609886890252 342
1622923690290 -257.2609886890252 343
1622923810540 -257.2609886890252 344
1622923929796 -257.2609886890252 345
1622924050670 -257.2609886890252 346
1622924168589 -257.2609886890252 347
1622924287063 -257.2609886890252 348
1622924406226 -257.2609886890252 349
1622924532062 -257.2609886890252 350
1622924655990 -257.2609886890252 351
1622924779494 -257.2609886890252 352
1622924901634 -257.2609886890252 353
1622925028734 -257.2609886890252 354
1622925155357 -257.2609886890252 355
1622925278826 -257.2609886890252 356
1622925403321 -257.2609886890252 357
1622925534626 -257.2609886890252 358
1622925658997 -257.2609886890252 359
1622925786374 -257.2609886890252 360
1622925916085 -257.2609886890252 361
1622926045064 -257.2609886890252 362
1622926171764 -257.2609886890252 363
1622926302792 -257.2609886890252 364
1622926432024 -257.2609886890252 365
1622926563117 -257.2609886890252 366
1622926690299 -257.2609886890252 367
1622926827894 -257.2609886890252 368
1622926962497 -257.2609886890252 369
1622927099250 -257.2609886890252 370
1622927232236 -257.2609886890252 371
1622927366881 -257.2609886890252 372
1622927503331 -257.2609886890252 373
1622927642174 -257.2609886890252 374
1622927782312 -257.2609886890252 375
1622927919337 -257.2609886890252 376
1622928057543 -257.2609886890252 377
1622928192617 -257.2609886890252 378
1622928330791 -257.2609886890252 379
1622928467131 -257.2609886890252 380
1622928610452 -257.2609886890252 381
1622928752071 -257.2609886890252 382
1622928890252 -257.2609886890252 383
1622929026463 -257.2609886890252 384
1622929165086 -257.2609886890252 385
1622929305553 -257.2609886890252 386
1622929451552 -257.2609886890252 387
1622929594031 -257.2609886890252 388
1622929737664 -257.2609886890252 389
1622929879666 -257.2609886890252 390
1622930023047 -257.2609886890252 391
1622930166211 -257.2609886890252 392
1622930312880 -257.2609886890252 393
1622930455778 -257.2609886890252 394
1622930602833 -257.2609886890252 395
1622930748937 -257.2609886890252 396
1622930897852 -257.2609886890252 397
1622931042491 -257.2609886890252 398
1622931190401 -257.2609886890252 399
1622931345737 -257.2609886890252 400
1622931493897 -257.2609886890252 401
1622931639276 -257.2609886890252 402
1622931790752 -257.2609886890252 403
1622931946871 -257.2609886890252 404
1622932098400 -257.2609886890252 405
1622932248851 -257.2609886890252 406
1622932395073 -257.2609886890252 407
1622932545011 -257.2609886890252 408
1622932697358 -257.2609886890252 409
1622932850279 -257.2609886890252 410
1622933006769 -257.2609886890252 411
1622933156485 -257.2609886890252 412
1622933313114 -257.2609886890252 413
1622933463600 -257.2609886890252 414
1622933619015 -257.2609886890252 415
1622933771399 -257.2609886890252 416
1622933922813 -257.2609886890252 417
1622934078337 -257.2609886890252 418
1622934235892 -257.2609886890252 419
1622934392129 -257.2609886890252 420
1622934545776 -257.2609886890252 421
1622934704751 -257.2609886890252 422
1622934869120 -257.2609886890252 423
1622935026095 -257.2609886890252 424
1622935182356 -257.2609886890252 425
1622935339449 -257.2609886890252 426
1622935505042 -257.2609886890252 427
1622935666673 -257.2609886890252 428
1622935825257 -257.2609886890252 429
1622935988054 -257.2609886890252 430
1622936149108 -257.2609886890252 431
1622936309628 -257.2609886890252 432
1622936473446 -257.2609886890252 433
1622936637661 -257.2609886890252 434
1622936795701 -257.2609886890252 435
1622936956987 -257.2609886890252 436
1622937126733 -257.2609886890252 437
1622937298684 -257.2609886890252 438
1622937460566 -257.2609886890252 439
1622937626978 -257.2609886890252 440
1622937796695 -257.2609886890252 441
1622937965041 -257.2609886890252 442
1622938134287 -257.2609886890252 443
1622938306946 -257.2609886890252 444
1622938474602 -257.2609886890252 445
1622938638585 -257.2609886890252 446
1622938805757 -257.2609886890252 447
1622938970502 -257.2609886890252 448
1622939137190 -257.2609886890252 449
1622939301821 -257.2609886890252 450
1622939466154 -257.2609886890252 451
1622939634497 -257.2609886890252 452
1622939804473 -257.2609886890252 453
1622939980710 -257.2609886890252 454
1622940148118 -257.2609886890252 455
1622940320845 -257.2609886890252 456
1622940487607 -257.2609886890252 457
1622940656471 -257.2609886890252 458
1622940832211 -257.2609886890252 459
1622941003193 -257.2609886890252 460
1622941177847 -257.2609886890252 461
1622941348490 -257.2609886890252 462
1622941524756 -257.2609886890252 463
1622941699886 -257.2609886890252 464
1622941870306 -257.2609886890252 465
1622942046269 -257.2609886890252 466
1622942226495 -257.2609886890252 467
1622942395923 -257.2609886890252 468
1622942570205 -257.2609886890252 469
1622942750401 -257.2609886890252 470
1622942928600 -257.2609886890252 471
1622943104808 -257.2609886890252 472
1622943277805 -257.2609886890252 473
1622943457279 -257.2609886890252 474
1622943629797 -257.2609886890252 475
1622943803302 -257.2609886890252 476
1622943975172 -257.2609886890252 477
1622944147759 -257.2609886890252 478
1622944320474 -257.2609886890252 479
1622944493588 -257.2609886890252 480
1622944667569 -257.2609886890252 481
1622944844203 -257.2609886890252 482
1622945021220 -257.2609886890252 483
1622945194932 -257.2609886890252 484
1622945374628 -257.2609886890252 485
1622945554218 -257.2609886890252 486
1622945731803 -257.2609886890252 487
1622945915661 -257.2609886890252 488
1622946097270 -257.2609886890252 489
1622946278563 -257.2609886890252 490
1622946459187 -257.2609886890252 491
1622946647496 -257.2609886890252 492
1622946832098 -257.2609886890252 493
1622947015197 -257.2609886890252 494
1622947195514 -257.2609886890252 495
1622947381731 -257.2609886890252 496
1622947567043 -257.2609886890252 497
1622947748045 -257.2609886890252 498
1622947934073 -257.2609886890252 499
1622948121543 -257.2609886890252 500
