1622689430066 50 0
1622689432252 60 1
1622689434393 70 2
1622689436655 80 3
1622689439102 90 4
1622689441680 100 5
1622689444430 110 6
1622689447276 120 7
1622689450334 130 8
1622689453502 140 9
1622689456854 150 10
1622689460411 160 11
1622689464022 170 12
1622689467873 180 13
1622689471865 190 14
1622689475966 200 15
1622689480295 210 16
1622689484714 220 17
1622689489348 230 18
1622689494084 240 19
1622689499022 250 20
1622689504120 260 21
1622689509337 270 22
1622689514707 280 23
1622689520203 290 24
1622689525881 300 25
1622689531785 310 26
1622689537872 320 27
1622689543978 330 28
1622689550216 340 29
1622689556720 350 30
1622689563269 360 31
1622689569959 370 32
1622689576868 380 33
1622689584015 390 34
1622689591249 400 35
1622689598662 410 36
1622689606130 420 37
1622689613882 430 38
1622689621764 440 39
1622689629768 450 40
1622689638042 460 41
1622689646416 470 42
1622689654907 480 43
1622689663572 490 44
1622689672379 500 45
1622689681259 510 46
1622689690320 520 47
1622689699633 530 48
1622689708937 540 49
1622689718472 550 50
1622689728249 560 51
1622689738154 570 52
1622689748085 580 53
1622689758248 590 54
1622689768574 600 55
1622689779007 610 56
1622689789688 620 57
1622689800537 630 58
1622689811404 640 59
1622689822440 650 60
1622689833802 660 61
1622689845196 670 62
1622689856699 680 63
1622689868460 690 64
1622689880228 700 65
1622689892183 710 66
1622689904518 720 67
1622689916914 730 68
1622689929493 740 69
1622689942083 750 70
1622689954712 760 71
1622689967632 770 72
1622689980727 780 73
1622689993899 790 74
1622690007377 800 75
1622690021043 810 76
1622690034902 820 77
1622690048771 830 78
1622690062845 840 79
1622690077100 850 80
1622690091399 860 81
1622690105865 870 82
1622690120484 880 83
1622690135362 890 84
1622690150287 900 85
1622690165370 910 86
1622690180708 920 87
1622690196145 930 88
1622690211697 940 89
1622690227338 950 90
1622690243434 960 91
1622690259453 970 92
1622690275787 980 93
1622690292211 990 94
1622690308762 1000 95
1622690325427 1010 96
1622690342381 1020 97
1622690359337 1030 98
1622690376432 1040 99
1622690393793 1050 100
1622690411192 1060 101
1622690428628 1070 102
1622690446261 1080 103
1622690464143 1090 104
1622690482031 1100 105
1622690500180 1110 106
1622690518459 1120 107
1622690537062 1130 108
1622690555951 1140 109
1622690574786 1150 110
1622690593683 1160 111
1622690612775 1170 112
1622690632095 1180 113
1622690651585 1190 114
1622690671134 1200 115
1622690690769 1210 116
1622690710788 1220 117
1622690730961 1230 118
1622690751138 1240 119
1622690771537 1250 120
1622690792116 1260 121
1622690812736 1270 122
1622690833489 1280 123
1622690854408 1290 124
1622690875654 1300 125
1622690896984 1310 126
1622690918638 1320 127
1622690940218 1330 128
1622690961914 1340 129
1622690983856 1350 130
1622691005788 1360 131
1622691027926 1370 132
1622691050251 1380 133
1622691072740 1390 134
1622691095538 1400 135
1622691118563 1410 136
1622691141574 1420 137
1622691164676 1430 138
1622691188038 1440 139
1622691211546 1450 140
1622691235051 1460 141
1622691258738 1470 142
1622691282469 1480 143
1622691306645 1490 144
1622691330865 1500 145
1622691355303 1510 146
1622691379888 1520 147
1622691404529 1530 148
1622691429436 1540 149
1622691454387 1550 150
1622691479850 1560 151
1622691505172 1570 152
1622691530337 1580 153
1622691555949 1590 154
1622691581726 1600 155
1622691607794 1610 156
1622691633805 1620 157
1622691660042 1630 158
1622691686455 1640 159
1622691713014 1650 160
1622691739488 1660 161
1622691766449 1670 162
1622691793412 1680 163
1622691820716 1690 164
1622691848115 1700 165
1622691875624 1710 166
1622691903339 1720 167
1622691930897 1730 168
1622691958908 1740 169
1622691986909 1750 170
1622692014967 1760 171
1622692043302 1770 172
1622692071887 1780 173
1622692100841 1790 174
1622692129845 1800 175
1622692158905 1810 176
1622692188192 1820 177
1622692217402 1830 178
1622692246808 1840 179
1622692276507 1850 180
1622692306313 1860 181
1622692336031 1870 182
1622692366267 1880 183
1622692396475 1890 184
1622692426921 1900 185
1622692457430 1910 186
1622692488120 1920 187
1622692519039 1930 188
1622692550022 1940 189
1622692581236 1950 190
1622692612780 1960 191
1622692644414 1970 192
1622692676239 1980 193
1622692708314 1990 194
1622692740343 2000 195
1622692772715 2010 196
1622692805410 2020 197
1622692837993 2030 198
1622692870714 2040 199
1622692903435 2050 200
1622692936254 2060 201
1622692969126 2070 202
1622693002474 2080 203
1622693035824 2090 204
1622693069190 2100 205
1622693102785 2110 206
1622693136528 2120 207
1622693170496 2130 208
1622693204629 2140 209
1622693239037 2150 210
1622693273479 2160 211
1622693307983 2170 212
1622693342668 2180 213
1622693377779 2190 214
1622693413089 2200 215
1622693448363 2210 216
1622693483886 2220 217
1622693519320 2230 218
1622693555046 2240 219
1622693591088 2250 220
1622693627129 2260 221
1622693663088 2270 222
1622693699310 2280 223
1622693735934 2290 224
1622693772858 2300 225
1622693809773 2310 226
1622693846994 2320 227
1622693884329 2330 228
1622693921768 2340 229
1622693959129 2350 230
1622693996553 2360 231
1622694034018 2370 232
1622694071886 2380 233
1622694109901 2390 234
1622694148270 2400 235
1622694186572 2410 236
1622694225241 2420 237
1622694264030 2430 238
1622694302876 2440 239
1622694341645 2450 240
1622694380994 2460 241
1622694420382 2470 242
1622694459812 2480 243
1622694499420 2490 244
1622694539112 2500 245
1622694579022 2510 246
1622694619303 2520 247
1622694659860 2530 248
1622694700164 2540 249
1622694740471 2550 250
1622694781097 2560 251
1622694821825 2570 252
1622694862791 2580 253
1622694903903 2590 254
1622694945148 2600 255
1622694986351 2610 256
1622695027809 2620 257
1622695069648 2630 258
1622695111346 2640 259
1622695153357 2650 260
1622695195458 2660 261
1622695237850 2670 262
1622695280191 2680 263
1622695322736 2690 264
1622695365195 2700 265
1622695407948 2710 266
1622695451157 2720 267
1622695494224 2730 268
1622695537750 2740 269
1622695581303 2750 270
1622695625425 2760 271
1622695669292 2770 272
1622695713373 2780 273
1622695757632 2790 274
1622695801791 2800 275
1622695846177 2810 276
1622695890704 2820 277
1622695935709 2830 278
1622695980616 2840 279
1622696025740 2850 280
1622696071085 2860 281
1622696116618 2870 282
1622696162098 2880 283
1622696207713 2890 284
1622696253934 2900 285
1622696299995 2910 286
1622696346357 2920 287
1622696392518 2930 288
1622696439450 2940 289
1622696486337 2950 290
1622696532814 2960 291
1622696579913 2970 292
1622696626963 2980 293
1622696674297 2990 294
1622696721336 3000 295
1622696768895 3010 296
1622696816641 3020 297
1622696864493 3030 298
1622696912549 3040 299
1622696960987 3050 300
1622697009552 3060 301
1622697057895 3070 302
1622697106759 3080 303
1622697155390 3090 304
1622697204360 3100 305
1622697253551 3110 306
1622697302887 3120 307
1622697352398 3130 308
1622697401914 3140 309
1622697451681 3150 310
1622697501369 3160 311
1622697551702 3170 312
1622697601984 3180 313
1622697652316 3190 314
1622697702792 3200 315
1622697753795 3210 316
1622697804222 3220 317
1622697855175 3230 318
1622697906351 3240 319
1622697957598 3250 320
1622698009011 3260 321
1622698060608 3270 322
1622698112612 3280 323
1622698164487 3290 324
1622698216114 3300 325
1622698268423 3310 326
1622698320906 3320 327
1622698373195 3330 328
1622698426072 3340 329
1622698478955 3350 330
1622698531754 3360 331
1622698585208 3370 332
1622698638981 3380 333
1622698692655 3390 334
1622698746348 3400 335
1622698800194 3410 336
1622698854244 3420 337
1622698908550 3430 338
1622698963122 3440 339
1622699017715 3450 340
1622699072433 3460 341
1622699127284 3470 342
1622699182229 3480 343
1622699237446 3490 344
1622699292516 3500 345
1622699347997 3510 346
1622699403391 3520 347
1622699459413 3530 348
1622699515524 3540 349
1622699571493 3550 350
1622699627562 3560 351
1622699683394 3570 352
1622699740031 3580 353
1622699796573 3590 354
1622699853612 3600 355
1622699910349 3610 356
1622699967290 3620 357
1622700024360 3630 358
1622700082109 3640 359
1622700139418 3650 360
1622700197025 3660 361
1622700255182 3670 362
1622700313312 3680 363
1622700371387 3690 364
1622700429646 3700 365
1622700487928 3710 366
1622700546415 3720 367
1622700605338 3730 368
1622700664185 3740 369
1622700723496 3750 370
1622700782649 3760 371
1622700842447 3770 372
1622700901958 3780 373
1622700961953 3790 374
1622701022186 3800 375
1622701082103 3810 376
1622701142676 3820 377
1622701202984 3830 378
1622701263426 3840 379
1622701323944 3850 380
1622701384681 3860 381
1622701445464 3870 382
1622701506637 3880 383
1622701567629 3890 384
1622701629113 3900 385
1622701690809 3910 386
1622701752467 3920 387
1622701814252 3930 388
1622701876206 3940 389
1622701938649 3950 390
1622702001085 3960 391
1622702063531 3970 392
1622702126234 3980 393
1622702189131 3990 394
1622702252064 4000 395
1622702315099 4010 396
1622702378526 4020 397
1622702442143 4030 398
1622702506005 4040 399
1622702569961 4050 400
1622702633615 4060 401
1622702697263 4070 402
1622702761515 4080 403
1622702826162 4090 404
1622702890887 4100 405
1622702955248 4110 406
1622703019898 4120 407
1622703085038 4130 408
1622703149897 4140 409
1622703215460 4150 410
1622703280809 4160 411
1622703346264 4170 412
1622703411765 4180 413
1622703477468 4190 414
1622703543701 4200 415
1622703609759 4210 416
1622703675967 4220 417
1622703742994 4230 418
1622703809434 4240 419
1622703876073 4250 420
1622703942943 4260 421
1622704009914 4270 422
1622704077273 4280 423
1622704145027 4290 424
1622704212651 4300 425
1622704280693 4310 426
1622704348670 4320 427
1622704416471 4330 428
1622704484963 4340 429
1622704553461 4350 430
1622704622116 4360 431
1622704691013 4370 432
1622704759710 4380 433
1622704828265 4390 434
1622704897112 4400 435
1622704966206 4410 436
1622705035811 4420 437
1622705104750 4430 438
1622705174097 4440 439
1622705244056 4450 440
1622705314198 4460 441
1622705384293 4470 442
1622705454378 4480 443
1622705525047 4490 444
1622705595883 4500 445
1622705666575 4510 446
1622705737431 4520 447
1622705808761 4530 448
1622705879966 4540 449
1622705951615 4550 450
1622706023109 4560 451
1622706094672 4570 452
1622706166843 4580 453
1622706238565 4590 454
1622706310103 4600 455
1622706382290 4610 456
1622706454575 4620 457
1622706527334 4630 458
1622706600532 4640 459
1622706673490 4650 460
1622706746811 4660 461
1622706820512 4670 462
1622706893768 4680 463
1622706967675 4690 464
1622707041454 4700 465
1622707115374 4710 466
1622707189105 4720 467
1622707262785 4730 468
1622707336834 4740 469
1622707411386 4750 470
1622707486330 4760 471
1622707561198 4770 472
1622707636187 4780 473
1622707711624 4790 474
1622707786519 4800 475
1622707861567 4810 476
1622707936818 4820 477
1622708012723 4830 478
1622708087913 4840 479
1622708163568 4850 480
1622708239459 4860 481
1622708315699 4870 482
1622708391538 4880 483
1622708468073 4890 484
1622708544561 4900 485
1622708621494 4910 486
1622708698494 4920 487
1622708775667 4930 488
1622708853201 4940 489
1622708930763 4950 490
1622709008170 4960 491
1622709086341 4970 492
1622709165156 4980 493
1622709243757 4990 494
1622709322862 5000 495
1622709401623 5010 496
1622709480765 5020 497
1622709559116 5030 498
1622709638697 5040 499
1622709718264 5050 500
