1622620974000 0.433 0
1622620974696 0.087 1
1622620975365 0.082 2
1622620976050 0.084 3
1622620976722 0.078 4
1622620977469 0.078 5
1622620978286 0.084 6
1622620979066 0.076 7
1622620979908 0.079 8
1622620980733 0.077 9
1622620981674 0.075 10
1622620982712 0.083 11
1622620983725 0.079 12
1622620984717 0.077 13
1622620985753 0.075 14
1622620987418 0.098 15
1622620988780 0.106 16
1622620989964 0.082 17
1622620991124 0.076 18
1622620992318 0.077 19
1622620993570 0.077 20
1622620995007 0.083 21
1622620996491 0.082 22
1622620997982 0.083 23
1622620999335 0.077 24
1622621000737 0.075 25
1622621002201 0.075 26
1622621003733 0.077 27
1622621005260 0.075 28
1622621006863 0.075 29
1622621008490 0.078 30
1622621010144 0.076 31
1622621011866 0.078 32
1622621013672 0.077 33
1622621015566 0.081 34
1622621017375 0.077 35
1622621019179 0.076 36
1622621021029 0.078 37
1622621022995 0.077 38
1622621025054 0.083 39
1622621027059 0.077 40
1622621029071 0.077 41
1622621031175 0.078 42
1622621033305 0.081 43
1622621035420 0.078 44
1622621037720 0.076 45
1622621040026 0.083 46
1622621042212 0.075 47
1622621044510 0.078 48
1622621046883 0.076 49
1622621049303 0.079 50
1622621051784 0.076 51
1622621054154 0.075 52
1622621056612 0.076 53
1622621059074 0.076 54
1622621062096 0.078 55
1622621064667 0.084 56
1622621067379 0.077 57
1622621070849 0.172 58
1622621073591 0.077 59
1622621076457 0.082 60
1622621079326 0.077 61
1622621082141 0.078 62
1622621085021 0.099 63
1622621087893 0.079 64
1622621090759 0.077 65
1622621093684 0.078 66
1622621096600 0.076 67
1622621099591 0.077 68
1622621102622 0.076 69
1622621105878 0.088 70
1622621108988 0.078 71
1622621112392 0.077 72
1622621115644 0.099 73
1622621118889 0.078 74
1622621122195 0.077 75
1622621125554 0.077 76
1622621128943 0.077 77
1622621132263 0.079 78
1622621135657 0.077 79
1622621139036 0.077 80
1622621142518 0.076 81
1622621146030 0.077 82
1622621149577 0.077 83
1622621153124 0.077 84
1622621156757 0.076 85
1622621160397 0.076 86
1622621164186 0.078 87
1622621167964 0.079 88
1622621171929 0.074 89
1622621176021 0.102 90
1622621180161 0.096 91
1622621184233 0.095 92
1622621188092 0.077 93
1622621192106 0.084 94
1622621196151 0.077 95
1622621200154 0.077 96
1622621205174 0.077 97
1622621209260 0.076 98
1622621213359 0.077 99
1622621217665 0.078 100
1622621222579 0.083 101
1622621226917 0.077 102
1622621231598 0.088 103
1622621236063 0.083 104
1622621240528 0.076 105
1622621245454 0.083 106
1622621250413 0.175 107
1622621255885 0.159 108
1622621260415 0.076 109
1622621265201 0.077 110
1622621269884 0.088 111
1622621274536 0.077 112
1622621279228 0.078 113
1622621283914 0.077 114
1622621289014 0.086 115
1622621293835 0.122 116
1622621298607 0.104 117
1622621303434 0.077 118
1622621308615 0.083 119
1622621313488 0.076 120
1622621318406 0.076 121
1622621323590 0.077 122
1622621328890 0.087 123
1622621334168 0.097 124
1622621339274 0.076 125
1622621344392 0.076 126
1622621350028 0.084 127
1622621355194 0.083 128
1622621360500 0.077 129
1622621365828 0.076 130
1622621371134 0.077 131
1622621376601 0.083 132
1622621381924 0.077 133
1622621387291 0.077 134
1622621392758 0.077 135
1622621398251 0.076 136
1622621403805 0.076 137
1622621409371 0.078 138
1622621414949 0.078 139
1622621420506 0.077 140
1622621426160 0.077 141
1622621431857 0.077 142
1622621437960 0.093 143
1622621444062 0.09 144
1622621449975 0.085 145
1622621455990 0.076 146
1622621462232 0.101 147
1622621468286 0.087 148
1622621474366 0.085 149
1622621480244 0.076 150
1622621486228 0.074 151
1622621492308 0.076 152
1622621498391 0.076 153
1622621504500 0.076 154
1622621511392 0.077 155
1622621517514 0.076 156
1622621523696 0.079 157
1622621530906 0.15 158
1622621537099 0.077 159
1622621543286 0.076 160
1622621549557 0.075 161
1622621555979 0.077 162
1622621562581 0.094 163
1622621570594 0.112 164
1622621577995 0.077 165
1622621584979 0.086 166
1622621591480 0.076 167
1622621598105 0.077 168
1622621604978 0.077 169
1622621611886 0.098 170
1622621619334 0.077 171
1622621626099 0.076 172
1622621633250 0.091 173
1622621640177 0.081 174
1622621647034 0.077 175
1622621653903 0.076 176
1622621660816 0.076 177
1622621667811 0.077 178
1622621674871 0.077 179
1622621681921 0.076 180
1622621689104 0.081 181
1622621696287 0.077 182
1622621703544 0.077 183
1622621711020 0.077 184
1622621718391 0.076 185
1622621726928 0.167 186
1622621735484 0.101 187
1622621742794 0.078 188
1622621750243 0.078 189
1622621757762 0.077 190
1622621765453 0.078 191
1622621773024 0.092 192
1622621780552 0.076 193
1622621788058 0.078 194
1622621795779 0.076 195
1622621803711 0.09 196
1622621811664 0.094 197
1622621819458 0.081 198
1622621827245 0.076 199
1622621835103 0.078 200
1622621842943 0.076 201
1622621850901 0.075 202
1622621858766 0.077 203
1622621866682 0.077 204
1622621874700 0.076 205
1622621882727 0.076 206
1622621890739 0.077 207
1622621899176 0.077 208
1622621907247 0.077 209
1622621915484 0.076 210
1622621924253 0.083 211
1622621932625 0.083 212
1622621941367 0.101 213
1622621949677 0.077 214
1622621958783 0.082 215
1622621967016 0.076 216
1622621975317 0.076 217
1622621983653 0.076 218
1622621992053 0.077 219
1622622000385 0.076 220
1622622008864 0.077 221
1622622017326 0.076 222
1622622025868 0.075 223
1622622034461 0.077 224
1622622043051 0.075 225
1622622051643 0.078 226
1622622060312 0.076 227
1622622069080 0.076 228
1622622077866 0.076 229
1622622086709 0.076 230
1622622095509 0.078 231
1622622104534 0.077 232
1622622113426 0.077 233
1622622122311 0.076 234
1622622131285 0.076 235
1622622140702 0.076 236
1622622149832 0.075 237
1622622158926 0.076 238
1622622168105 0.087 239
1622622177197 0.077 240
1622622186396 0.075 241
1622622195761 0.078 242
1622622205063 0.083 243
1622622214412 0.076 244
1622622224141 0.077 245
1622622233643 0.075 246
1622622243074 0.076 247
1622622252602 0.076 248
1622622262345 0.078 249
1622622271884 0.077 250
1622622281427 0.076 251
1622622291750 0.076 252
1622622301399 0.075 253
1622622311573 0.079 254
1622622321425 0.08 255
1622622331273 0.082 256
1622622341080 0.076 257
1622622350935 0.076 258
1622622360866 0.076 259
1622622370742 0.076 260
1622622380740 0.076 261
1622622390774 0.077 262
1622622400840 0.076 263
1622622411351 0.078 264
1622622421429 0.077 265
1622622431539 0.077 266
1622622442637 0.077 267
1622622453024 0.075 268
1622622463743 0.141 269
1622622473962 0.075 270
1622622484505 0.082 271
1622622495165 0.075 272
1622622506117 0.078 273
1622622516557 0.081 274
1622622528232 0.076 275
1622622538761 0.084 276
1622622549210 0.075 277
1622622559693 0.077 278
1622622570208 0.077 279
1622622580738 0.077 280
1622622591349 0.077 281
1622622601954 0.075 282
1622622612646 0.077 283
1622622623559 0.077 284
1622622635301 0.077 285
1622622646164 0.079 286
1622622657055 0.076 287
1622622668001 0.077 288
1622622678988 0.076 289
1622622690031 0.077 290
1622622701163 0.076 291
1622622712750 0.077 292
1622622723968 0.076 293
1622622735662 0.085 294
1622622747041 0.078 295
1622622758194 0.076 296
1622622769461 0.077 297
1622622781957 0.076 298
1622622794196 0.077 299
1622622805672 0.076 300
1622622819412 0.079 301
1622622832204 0.088 302
1622622843727 0.075 303
1622622856845 0.077 304
1622622868565 0.078 305
1622622881393 0.076 306
1622622893631 0.141 307
1622622906015 0.077 308
1622622918739 0.077 309
1622622931528 0.106 310
1622622943256 0.076 311
1622622955046 0.076 312
1622622969713 0.077 313
1622622983186 0.076 314
1622622995906 0.077 315
1622623010430 0.078 316
1622623022457 0.076 317
1622623034502 0.077 318
1622623046544 0.077 319
1622623060041 0.08 320
1622623072890 0.075 321
1622623086584 0.085 322
1622623098975 0.076 323
1622623111484 0.077 324
1622623125461 0.076 325
1622623139228 0.153 326
1622623151563 0.076 327
1622623164832 0.076 328
1622623177313 0.079 329
1622623189707 0.076 330
1622623203501 0.077 331
1622623216813 0.094 332
1622623230406 0.077 333
1622623242990 0.083 334
1622623255679 0.076 335
1622623269829 0.077 336
1622623284101 0.083 337
1622623296992 0.078 338
1622623311339 0.083 339
1622623324646 0.077 340
1622623338896 0.076 341
1622623351898 0.096 342
1622623365965 0.076 343
1622623380148 0.076 344
1622623395070 0.159 345
1622623408759 0.164 346
1622623422745 0.077 347
1622623436032 0.077 348
1622623449575 0.08 349
1622623464044 0.077 350
1622623478404 0.077 351
1622623491773 0.078 352
1622623505180 0.077 353
1622623518773 0.077 354
1622623535247 0.076 355
1622623550781 0.073 356
1622623565315 0.078 357
1622623580611 0.145 358
1622623595606 0.081 359
1622623609169 0.077 360
1622623622677 0.077 361
1622623636385 0.076 362
1622623651357 0.081 363
1622623665850 0.082 364
1622623679594 0.076 365
1622623693439 0.076 366
1622623707219 0.077 367
1622623722815 0.076 368
1622623737900 0.161 369
1622623752064 0.077 370
1622623767785 0.079 371
1622623782923 0.075 372
1622623797103 0.084 373
1622623811049 0.077 374
1622623825181 0.077 375
1622623839566 0.079 376
1622623857868 0.086 377
1622623876980 0.13 378
1622623892261 0.077 379
1622623907546 0.124 380
1622623921732 0.077 381
1622623936057 0.076 382
1622623951100 0.081 383
1622623965539 0.083 384
1622623980742 0.079 385
1622623995464 0.078 386
1622624010814 0.082 387
1622624026452 0.083 388
1622624044469 0.083 389
1622624060200 0.082 390
1622624074780 0.077 391
1622624089853 0.077 392
1622624105517 0.085 393
1622624120266 0.076 394
1622624136498 0.076 395
1622624152510 0.082 396
1622624170014 0.08 397
1622624186034 0.081 398
1622624201809 0.077 399
1622624218866 0.075 400
1622624236714 0.082 401
1622624253009 0.08 402
1622624268651 0.08 403
1622624284830 0.076 404
1622624299860 0.077 405
1622624316511 0.08 406
1622624332959 0.083 407
1622624348511 0.078 408
1622624364515 0.077 409
1622624380243 0.076 410
1622624395843 0.083 411
1622624411239 0.077 412
1622624426613 0.076 413
1622624442071 0.076 414
1622624458878 0.078 415
1622624475429 0.08 416
1622624492396 0.08 417
1622624509044 0.077 418
1622624524868 0.08 419
1622624541762 0.082 420
1622624558640 0.079 421
1622624575180 0.075 422
1622624591491 0.076 423
1622624608330 0.15 424
1622624624169 0.077 425
1622624642010 0.076 426
1622624659224 0.076 427
1622624675207 0.075 428
1622624691793 0.074 429
1622624707895 0.078 430
1622624724606 0.077 431
1622624741524 0.079 432
1622624759019 0.082 433
1622624775305 0.077 434
1622624791642 0.079 435
1622624808563 0.079 436
1622624825374 0.079 437
1622624841655 0.079 438
1622624857967 0.076 439
1622624874283 0.077 440
1622624890612 0.078 441
1622624907084 0.077 442
1622624923511 0.077 443
1622624940686 0.077 444
1622624957399 0.079 445
1622624974288 0.076 446
1622624991950 0.077 447
1622625008966 0.075 448
1622625027459 0.082 449
1622625045292 0.082 450
1622625063608 0.076 451
1622625081628 0.077 452
1622625098430 0.078 453
1622625118868 0.08 454
1622625137534 0.152 455
1622625154564 0.076 456
1622625172062 0.076 457
1622625191081 0.079 458
1622625209088 0.076 459
1622625227670 0.081 460
1622625245892 0.075 461
1622625265225 0.074 462
1622625282887 0.084 463
1622625301412 0.077 464
1622625320652 0.078 465
1622625340680 0.082 466
1622625358652 0.077 467
1622625378003 0.11 468
1622625396792 0.075 469
1622625415476 0.083 470
1622625433568 0.077 471
1622625452405 0.08 472
1622625471749 0.077 473
1622625489437 0.076 474
1622625507042 0.075 475
1622625525453 0.076 476
1622625543285 0.092 477
1622625561855 0.077 478
1622625581291 0.081 479
1622625599812 0.075 480
1622625617681 0.073 481
1622625635722 0.073 482
1622625654634 0.072 483
1622625674508 0.075 484
1622625695371 0.074 485
1622625716062 0.079 486
1622625736340 0.074 487
1622625757350 0.139 488
1622625776976 0.079 489
1622625795061 0.112 490
1622625814262 0.082 491
1622625833954 0.082 492
1622625853665 0.08 493
1622625873121 0.076 494
1622625895657 0.076 495
1622625919393 0.148 496
1622625943407 0.079 497
1622625963034 0.14 498
1622625982285 0.076 499
1622626000693 0.076 500
