1622608159696 0.02 0
1622608161829 1.858 1
1622608164096 1.993 2
1622608166549 2.176 3
1622608169093 2.271 4
1622608171775 2.408 5
1622608174614 2.567 6
1622608177694 2.809 7
1622608180892 2.92 8
1622608184182 3.019 9
1622608187681 3.229 10
1622608191388 3.432 11
1622608195210 3.549 12
1622608199167 3.681 13
1622608203260 3.82 14
1622608207538 4.007 15
1622608211891 4.081 16
1622608216523 4.36 17
1622608221253 4.46 18
1622608226184 4.66 19
1622608231279 4.825 20
1622608236468 4.917 21
1622608241905 5.162 22
1622608247624 5.437 23
1622608253591 5.68 24
1622608259635 5.759 25
1622608265894 5.975 26
1622608272211 6.033 27
1622608278832 6.339 28
1622608285630 6.514 29
1622608292429 6.516 30
1622608299451 6.74 31
1622608306657 6.923 32
1622608313980 7.041 33
1622608321367 7.107 34
1622608328767 7.131 35
1622608336544 7.506 36
1622608344487 7.669 37
1622608352436 7.679 38
1622608360472 7.766 39
1622608368661 7.918 40
1622608377080 8.147 41
1622608385535 8.185 42
1622608394373 8.562 43
1622608403271 8.627 44
1622608412316 8.775 45
1622608421458 8.872 46
1622608430858 9.124 47
1622608440450 9.323 48
1622608450314 9.593 49
1622608460438 9.838 50
1622608470713 9.989 51
1622608481175 10.177 52
1622608491847 10.389 53
1622608502575 10.447 54
1622608513551 10.691 55
1622608524720 10.884 56
1622608535943 10.939 57
1622608547377 11.15 58
1622608558628 10.979 59
1622608570038 11.139 60
1622608581606 11.299 61
1622608593160 11.284 62
1622608604961 11.531 63
1622608617335 12.099 64
1622608629897 12.279 65
1622608642666 12.484 66
1622608655663 12.716 67
1622608668633 12.684 68
1622608681815 12.902 69
1622608694875 12.777 70
1622608708028 12.884 71
1622608721314 13.017 72
1622608734738 13.15 73
1622608748238 13.229 74
1622608762042 13.534 75
1622608776214 13.902 76
1622608790857 14.359 77
1622608805531 14.394 78
1622608820546 14.725 79
1622608835727 14.897 80
1622608850693 14.68 81
1622608865757 14.783 82
1622608881251 15.209 83
1622608896491 14.967 84
1622608911941 15.173 85
1622608927307 15.096 86
1622608942788 15.211 87
1622608958508 15.45 88
1622608974743 15.963 89
1622608991304 16.279 90
1622609008088 16.503 91
1622609025067 16.695 92
1622609041940 16.593 93
1622609058732 16.522 94
1622609075548 16.547 95
1622609092598 16.776 96
1622609109798 16.926 97
1622609127463 17.388 98
1622609145667 17.916 99
1622609164073 18.122 100
1622609182443 18.084 101
1622609201023 18.298 102
1622609219812 18.506 103
1622609238305 18.223 104
1622609256748 18.174 105
1622609275280 18.261 106
1622609294030 18.481 107
1622609312794 18.492 108
1622609331917 18.851 109
1622609351826 19.627 110
1622609371688 19.579 111
1622609391984 20.014 112
1622609412356 20.089 113
1622609432447 19.81 114
1622609452375 19.648 115
1622609472409 19.761 116
1622609492564 19.883 117
1622609512983 20.151 118
1622609533368 20.115 119
1622609554111 20.473 120
1622609575068 20.687 121
1622609596946 21.595 122
1622609619008 21.777 123
1622609641163 21.871 124
1622609663429 21.979 125
1622609685791 22.093 126
1622609707754 21.692 127
1622609729643 21.619 128
1622609751840 21.924 129
1622609774088 21.976 130
1622609796356 21.994 131
1622609819643 23.012 132
1622609843436 23.51 133
1622609867173 23.455 134
1622609891122 23.669 135
1622609914568 23.163 136
1622609937844 23.007 137
1622609961382 23.265 138
1622609985016 23.363 139
1622610008903 23.614 140
1622610033024 23.85 141
1622610058075 24.769 142
1622610083319 24.959 143
1622610108753 25.15 144
1622610133797 24.764 145
1622610158813 24.746 146
1622610183518 24.434 147
1622610208733 24.944 148
1622610234651 25.635 149
1622610260983 26.048 150
1622610287333 26.069 151
1622610313290 25.687 152
1622610339012 25.453 153
1622610364950 25.665 154
1622610391178 25.956 155
1622610418064 26.616 156
1622610445568 27.22 157
1622610473401 27.55 158
1622610501084 27.399 159
1622610528712 27.346 160
1622610556043 27.056 161
1622610583095 26.784 162
1622610610335 26.97 163
1622610637913 27.309 164
1622610666122 27.939 165
1622610695114 28.71 166
1622610724250 28.848 167
1622610753568 29.032 168
1622610782410 28.561 169
1622610810956 28.275 170
1622610839719 28.493 171
1622610869023 29.034 172
1622610899128 29.822 173
1622610929291 29.882 174
1622610959397 29.826 175
1622610989202 29.522 176
1622611018673 29.197 177
1622611048739 29.791 178
1622611079925 30.903 179
1622611111302 31.096 180
1622611142833 31.25 181
1622611173372 30.259 182
1622611203859 30.217 183
1622611235191 31.059 184
1622611267517 32.035 185
1622611299819 32.019 186
1622611331475 31.374 187
1622611362806 31.058 188
1622611394658 31.582 189
1622611426639 31.71 190
1622611459523 32.607 191
1622611492891 33.082 192
1622611526250 33.077 193
1622611558665 32.145 194
1622611591106 32.171 195
1622611624849 33.468 196
1622611659161 34.033 197
1622611693671 34.224 198
1622611727618 33.662 199
1622611760938 33.05 200
1622611794292 33.083 201
1622611827914 33.348 202
1622611861858 33.672 203
1622611895356 33.225 204
1622611930529 34.896 205
1622611965835 35.022 206
1622612001534 35.416 207
1622612036395 34.577 208
1622612071128 34.46 209
1622612105933 34.537 210
1622612141727 35.522 211
1622612178120 36.11 212
1622612214973 36.569 213
1622612250363 35.105 214
1622612285616 34.978 215
1622612321466 35.576 216
1622612357933 36.195 217
1622612395402 37.186 218
1622612433026 37.34 219
1622612469595 36.282 220
1622612506070 36.205 221
1622612543103 36.761 222
1622612581216 37.841 223
1622612619410 37.911 224
1622612657940 38.248 225
1622612696210 37.987 226
1622612733871 37.389 227
1622612771522 37.378 228
1622612810271 38.478 229
1622612849690 39.139 230
1622612888568 38.594 231
1622612926960 38.121 232
1622612965488 38.255 233
1622613004568 38.807 234
1622613044608 39.758 235
1622613085177 40.286 236
1622613124767 39.309 237
1622613164116 39.075 238
1622613203820 39.433 239
1622613245047 40.945 240
1622613286195 40.856 241
1622613327624 41.148 242
1622613367711 39.815 243
1622613407993 40.009 244
1622613449195 40.931 245
1622613491483 42.005 246
1622613533572 41.809 247
1622613574661 40.806 248
1622613615463 40.53 249
1622613657802 42.061 250
1622613700670 42.583 251
1622613742895 41.944 252
1622613784565 41.395 253
1622613827975 43.127 254
1622613871531 43.275 255
1622613913800 41.983 256
1622613955806 41.737 257
1622613998412 42.336 258
1622614042317 43.621 259
1622614086669 44.067 260
1622614130071 43.121 261
1622614173123 42.777 262
1622614216150 42.749 263
1622614260150 43.727 264
1622614305387 44.952 265
1622614349769 44.099 266
1622614393386 43.342 267
1622614437108 43.451 268
1622614482323 44.944 269
1622614528555 45.951 270
1622614573385 44.548 271
1622614617833 44.178 272
1622614662443 44.338 273
1622614708833 46.121 274
1622614755158 46.04 275
1622614800672 45.228 276
1622614846282 45.334 277
1622614893271 46.706 278
1622614939427 45.871 279
1622614985329 45.629 280
1622615031585 45.984 281
1622615079096 47.238 282
1622615126583 47.205 283
1622615173176 46.311 284
1622615220446 47.0 285
1622615269163 48.436 286
1622615316469 47.025 287
1622615363305 46.565 288
1622615411841 48.263 289
1622615460682 48.56 290
1622615508655 47.691 291
1622615556100 47.176 292
1622615603836 47.464 293
1622615653733 49.614 294
1622615703592 49.577 295
1622615752207 48.341 296
1622615800726 48.25 297
1622615850591 49.594 298
1622615901462 50.588 299
1622615950945 49.2 300
1622616000128 48.912 301
1622616050830 50.426 302
1622616102148 51.033 303
1622616152199 49.764 304
1622616202019 49.546 305
1622616253902 51.605 306
1622616305561 51.375 307
1622616355582 49.73 308
1622616406816 50.96 309
1622616458861 51.764 310
1622616511487 52.341 311
1622616562395 50.637 312
1622616613234 50.569 313
1622616666013 52.497 314
1622616718251 51.956 315
1622616769423 50.903 316
1622616822239 52.545 317
1622616875713 53.193 318
1622616927668 51.67 319
1622616980346 52.408 320
1622617034339 53.71 321
1622617087517 52.896 322
1622617139587 51.798 323
1622617192212 52.354 324
1622617245867 53.386 325
1622617300533 54.384 326
1622617353931 53.118 327
1622617406641 52.436 328
1622617460899 53.986 329
1622617516046 54.867 330
1622617570373 54.046 331
1622617625087 54.442 332
1622617680908 55.53 333
1622617735336 54.145 334
1622617789377 53.768 335
1622617844754 55.105 336
1622617901155 56.117 337
1622617956173 54.734 338
1622618010917 54.471 339
1622618067474 56.285 340
1622618123881 56.126 341
1622618179652 55.502 342
1622618234952 55.027 343
1622618292627 57.404 344
1622618349744 56.835 345
1622618405482 55.469 346
1622618461784 56.027 347
1622618519788 57.718 348
1622618578126 58.054 349
1622618634443 56.033 350
1622618691050 56.338 351
1622618748577 57.256 352
1622618807548 58.694 353
1622618866101 58.273 354
1622618923098 56.729 355
1622618980366 56.995 356
1622619039616 58.97 357
1622619097865 57.968 358
1622619156395 58.257 359
1622619216466 59.791 360
1622619275244 58.495 361
1622619333753 58.236 362
1622619392093 58.07 363
1622619452575 60.21 364
1622619512367 59.511 365
1622619571095 58.458 366
1622619632400 61.021 367
1622619692552 59.872 368
1622619751504 58.681 369
1622619813164 61.389 370
1622619874178 60.731 371
1622619934076 59.629 372
1622619996142 61.796 373
1622620057895 61.471 374
1622620118595 60.43 375
1622620179992 61.128 376
1622620242849 62.578 377
1622620303713 60.58 378
1622620364753 60.769 379
1622620428172 63.138 380
1622620490815 62.358 381
1622620552537 61.45 382
1622620615027 62.219 383
1622620678781 63.472 384
1622620740833 61.78 385
1622620802981 61.878 386
1622620866757 63.503 387
1622620930763 63.722 388
1622620993743 62.71 389
1622621057803 63.787 390
1622621122724 64.64 391
1622621185708 62.712 392
1622621250429 64.447 393
1622621315594 64.874 394
1622621379245 63.373 395
1622621444258 64.742 396
1622621510435 65.895 397
1622621574905 64.196 398
1622621638888 63.71 399
1622621703442 64.285 400
1622621768002 64.288 401
1622621832143 63.868 402
1622621896867 64.452 403
1622621961437 64.296 404
1622622026691 64.983 405
1622622091556 64.594 406
1622622156871 65.044 407
1622622222461 65.318 408
1622622287719 64.987 409
1622622353219 65.229 410
1622622419191 65.7 411
1622622485070 65.608 412
1622622551484 66.136 413
1622622617609 65.854 414
1622622684126 66.243 415
1622622750881 66.484 416
1622622817919 66.768 417
1622622885060 66.869 418
1622622951946 66.615 419
1622623019040 66.824 420
1622623086345 67.036 421
1622623153881 67.266 422
1622623221675 67.523 423
1622623289468 67.521 424
1622623357220 67.476 425
1622623425198 67.708 426
1622623493559 68.09 427
1622623561986 68.156 428
1622623630657 68.401 429
1622623699523 68.594 430
1622623768555 68.762 431
1622623837590 68.765 432
1622623906657 68.796 433
1622623975974 69.049 434
1622624045494 69.25 435
1622624115112 69.345 436
1622624184561 69.18 437
1622624254707 69.874 438
1622624325310 70.332 439
1622624396150 70.569 440
1622624467354 70.933 441
1622624538605 70.98 442
1622624609943 71.065 443
1622624681286 71.071 444
1622624752964 71.407 445
1622624824039 70.802 446
1622624895658 71.346 447
1622624967656 71.725 448
1622625039705 71.777 449
1622625111785 71.809 450
1622625184032 71.975 451
1622625256373 72.07 452
1622625329088 72.443 453
1622625402039 72.681 454
1622625475046 72.736 455
1622625548128 72.812 456
1622625621339 72.939 457
1622625694378 72.768 458
1622625767745 73.095 459
1622625841406 73.389 460
1622625915628 73.95 461
1622625989724 73.824 462
1622626063954 73.959 463
1622626138024 73.797 464
1622626212626 74.329 465
1622626287480 74.583 466
1622626362429 74.677 467
1622626438673 75.972 468
1622626514747 75.8 469
1622626590973 75.954 470
1622626667363 76.12 471
1622626743756 76.12 472
1622626819140 75.114 473
1622626894855 75.446 474
1622626971245 76.119 475
1622627047119 75.603 476
1622627124148 76.76 477
1622627200492 76.073 478
1622627277546 76.783 479
1622627354109 76.292 480
1622627430749 76.372 481
1622627508091 77.069 482
1622627585323 76.958 483
1622627662378 76.783 484
1622627739389 76.738 485
1622627817090 77.432 486
1622627894721 77.358 487
1622627972487 77.496 488
1622628049868 77.108 489
1622628127857 77.719 490
1622628206512 78.385 491
1622628285455 78.674 492
1622628364408 78.683 493
1622628443611 78.934 494
1622628522591 78.711 495
1622628601321 78.459 496
1622628680524 78.933 497
1622628761659 80.868 498
1622628841645 79.719 499
1622628921659 79.747 500
