1622747316838 0.377 0
1622747317380 0.076 1
1622747317914 0.076 2
1622747318472 0.076 3
1622747319062 0.075 4
1622747319679 0.076 5
1622747320340 0.076 6
1622747321033 0.076 7
1622747321759 0.076 8
1622747322525 0.075 9
1622747323320 0.075 10
1622747324152 0.076 11
1622747325030 0.075 12
1622747325928 0.076 13
1622747326864 0.075 14
1622747327867 0.075 15
1622747328872 0.075 16
1622747329929 0.075 17
1622747331020 0.075 18
1622747332142 0.074 19
1622747333292 0.076 20
1622747334483 0.077 21
1622747335708 0.075 22
1622747336968 0.075 23
1622747338247 0.076 24
1622747339572 0.075 25
1622747340942 0.076 26
1622747342336 0.075 27
1622747343768 0.074 28
1622747345252 0.075 29
1622747346748 0.077 30
1622747348307 0.077 31
1622747349881 0.075 32
1622747351498 0.076 33
1622747353171 0.074 34
1622747354862 0.075 35
1622747356581 0.075 36
1622747358339 0.074 37
1622747360144 0.076 38
1622747361934 0.075 39
1622747363813 0.077 40
1622747365710 0.077 41
1622747367669 0.075 42
1622747369641 0.075 43
1622747371646 0.075 44
1622747373694 0.077 45
1622747375781 0.077 46
1622747377891 0.075 47
1622747380035 0.075 48
1622747382210 0.075 49
1622747384436 0.078 50
1622747386669 0.076 51
1622747388959 0.076 52
1622747391281 0.075 53
1622747393661 0.076 54
1622747396052 0.076 55
1622747398502 0.076 56
1622747400972 0.075 57
1622747403481 0.075 58
1622747406025 0.075 59
1622747408608 0.075 60
1622747411222 0.074 61
1622747413886 0.076 62
1622747416547 0.075 63
1622747419223 0.075 64
1622747421986 0.076 65
1622747424776 0.076 66
1622747427606 0.075 67
1622747430443 0.075 68
1622747433339 0.075 69
1622747436252 0.077 70
1622747439249 0.075 71
1622747442256 0.077 72
1622747445274 0.076 73
1622747448291 0.075 74
1622747451334 0.076 75
1622747454472 0.075 76
1622747457650 0.076 77
1622747460857 0.075 78
1622747464071 0.075 79
1622747467349 0.075 80
1622747470664 0.075 81
1622747474015 0.076 82
1622747477360 0.075 83
1622747480789 0.075 84
1622747484242 0.076 85
1622747487720 0.076 86
1622747491260 0.075 87
1622747494816 0.075 88
1622747498428 0.076 89
1622747502047 0.075 90
1622747505729 0.076 91
1622747509412 0.076 92
1622747513132 0.075 93
1622747516879 0.076 94
1622747520637 0.075 95
1622747524479 0.075 96
1622747528333 0.074 97
1622747532217 0.075 98
1622747536164 0.076 99
1622747540128 0.076 100
1622747544102 0.075 101
1622747548167 0.075 102
1622747552266 0.075 103
1622747556380 0.076 104
1622747560544 0.076 105
1622747564721 0.076 106
1622747568899 0.076 107
1622747573132 0.076 108
1622747577473 0.075 109
1622747581807 0.075 110
1622747586170 0.076 111
1622747590516 0.077 112
1622747594959 0.076 113
1622747599435 0.075 114
1622747603894 0.076 115
1622747608371 0.075 116
1622747612903 0.075 117
1622747617461 0.075 118
1622747622084 0.076 119
1622747626737 0.075 120
1622747631422 0.076 121
1622747636128 0.075 122
1622747640884 0.076 123
1622747645751 0.075 124
1622747650604 0.074 125
1622747655483 0.075 126
1622747660395 0.076 127
1622747665336 0.076 128
1622747670337 0.076 129
1622747675375 0.075 130
1622747680400 0.076 131
1622747685471 0.076 132
1622747690597 0.075 133
1622747695709 0.075 134
1622747700913 0.076 135
1622747706147 0.076 136
1622747711440 0.075 137
1622747716734 0.076 138
1622747721983 0.076 139
1622747727322 0.075 140
1622747732735 0.076 141
1622747738141 0.075 142
1622747743625 0.075 143
1622747749097 0.074 144
1622747754601 0.075 145
1622747760111 0.076 146
1622747765692 0.075 147
1622747771305 0.075 148
1622747776933 0.075 149
1622747782692 0.075 150
1622747788454 0.075 151
1622747794227 0.075 152
1622747799988 0.076 153
1622747805861 0.077 154
1622747811727 0.076 155
1622747817647 0.075 156
1622747823563 0.075 157
1622747829512 0.075 158
1622747835497 0.074 159
1622747841530 0.074 160
1622747847593 0.075 161
1622747853672 0.074 162
1622747859820 0.076 163
1622747865983 0.075 164
1622747872235 0.075 165
1622747878453 0.075 166
1622747884705 0.075 167
1622747890956 0.073 168
1622747897268 0.074 169
1622747903692 0.075 170
1622747910183 0.075 171
1622747916664 0.075 172
1622747923170 0.076 173
1622747929697 0.075 174
1622747936259 0.075 175
1622747942816 0.075 176
1622747949433 0.075 177
1622747956046 0.076 178
1622747962725 0.075 179
1622747969435 0.075 180
1622747976237 0.075 181
1622747983041 0.075 182
1622747989885 0.075 183
1622747996739 0.076 184
1622748003679 0.076 185
1622748010655 0.075 186
1622748017653 0.075 187
1622748024655 0.075 188
1622748031657 0.075 189
1622748038786 0.075 190
1622748045890 0.074 191
1622748053033 0.075 192
1622748060191 0.075 193
1622748067408 0.075 194
1622748074648 0.075 195
1622748081858 0.075 196
1622748089165 0.075 197
1622748096554 0.076 198
1622748103984 0.076 199
1622748111424 0.076 200
1622748118907 0.076 201
1622748126407 0.075 202
1622748133966 0.075 203
1622748141539 0.076 204
1622748149197 0.074 205
1622748156851 0.075 206
1622748164547 0.074 207
1622748172282 0.075 208
1622748180045 0.075 209
1622748187821 0.074 210
1622748195606 0.076 211
1622748203388 0.076 212
1622748211341 0.075 213
1622748219239 0.075 214
1622748227232 0.074 215
1622748235216 0.076 216
1622748243197 0.076 217
1622748251311 0.076 218
1622748259416 0.076 219
1622748267574 0.075 220
1622748275785 0.075 221
1622748284024 0.075 222
1622748292225 0.076 223
1622748300493 0.075 224
1622748308783 0.075 225
1622748317140 0.075 226
1622748325521 0.075 227
1622748333916 0.074 228
1622748342267 0.076 229
1622748350766 0.076 230
1622748359287 0.075 231
1622748367850 0.076 232
1622748376386 0.076 233
1622748385065 0.075 234
1622748393707 0.076 235
1622748402437 0.075 236
1622748411178 0.076 237
1622748419986 0.075 238
1622748428814 0.077 239
1622748437668 0.075 240
1622748446477 0.075 241
1622748455362 0.075 242
1622748464334 0.075 243
1622748473315 0.075 244
1622748482461 0.076 245
1622748491498 0.076 246
1622748500559 0.075 247
1622748509692 0.076 248
1622748518829 0.076 249
1622748528019 0.075 250
1622748537296 0.074 251
1622748546560 0.077 252
1622748555849 0.075 253
1622748565212 0.076 254
1622748574683 0.075 255
1622748584104 0.075 256
1622748593542 0.074 257
1622748602986 0.075 258
1622748612534 0.075 259
1622748622152 0.075 260
1622748631755 0.076 261
1622748641313 0.075 262
1622748650952 0.075 263
1622748660660 0.075 264
1622748670349 0.076 265
1622748680043 0.074 266
1622748689744 0.074 267
1622748699513 0.076 268
1622748709301 0.075 269
1622748719144 0.075 270
1622748729089 0.074 271
1622748739082 0.075 272
1622748749095 0.075 273
1622748759088 0.074 274
1622748769062 0.075 275
1622748779114 0.074 276
1622748789226 0.077 277
1622748799378 0.077 278
1622748809651 0.075 279
1622748819996 0.074 280
1622748830297 0.075 281
1622748840543 0.074 282
1622748850889 0.075 283
1622748861335 0.074 284
1622748871834 0.076 285
1622748882308 0.076 286
1622748892808 0.076 287
1622748903292 0.076 288
1622748913895 0.075 289
1622748924359 0.075 290
1622748935047 0.076 291
1622748945750 0.077 292
1622748956458 0.075 293
1622748967159 0.076 294
1622748978017 0.075 295
1622748988732 0.075 296
1622748999613 0.075 297
1622749010488 0.075 298
1622749021346 0.075 299
1622749032248 0.077 300
1622749043220 0.076 301
1622749054314 0.075 302
1622749065307 0.075 303
1622749076385 0.075 304
1622749087544 0.075 305
1622749098701 0.075 306
1622749109899 0.075 307
1622749121077 0.074 308
1622749132339 0.075 309
1622749143614 0.075 310
1622749154925 0.075 311
1622749166333 0.075 312
1622749177680 0.075 313
1622749189138 0.075 314
1622749200573 0.074 315
1622749212005 0.074 316
1622749223521 0.076 317
1622749235041 0.074 318
1622749246604 0.076 319
1622749258158 0.074 320
1622749269714 0.075 321
1622749281324 0.075 322
1622749293043 0.074 323
1622749304694 0.076 324
1622749316528 0.077 325
1622749328417 0.075 326
1622749340298 0.075 327
1622749352189 0.075 328
1622749364074 0.075 329
1622749375904 0.076 330
1622749387811 0.073 331
1622749399744 0.075 332
1622749411719 0.074 333
1622749423687 0.074 334
1622749435658 0.074 335
1622749447714 0.075 336
1622749459862 0.075 337
1622749472027 0.075 338
1622749484277 0.076 339
1622749496527 0.076 340
1622749508775 0.076 341
1622749521146 0.075 342
1622749533487 0.075 343
1622749545881 0.075 344
1622749558368 0.074 345
1622749570766 0.075 346
1622749583218 0.074 347
1622749595764 0.074 348
1622749608344 0.075 349
1622749620893 0.075 350
1622749633417 0.075 351
1622749646010 0.074 352
1622749658754 0.075 353
1622749671470 0.075 354
1622749684211 0.074 355
1622749696917 0.075 356
1622749709687 0.075 357
1622749722579 0.075 358
1622749735336 0.074 359
1622749748341 0.074 360
1622749761214 0.075 361
1622749774126 0.075 362
1622749787228 0.074 363
1622749800328 0.075 364
1622749813353 0.074 365
1622749826350 0.074 366
1622749839539 0.075 367
1622749852775 0.075 368
1622749865863 0.075 369
1622749879146 0.075 370
1622749892388 0.075 371
1622749905628 0.074 372
1622749919007 0.075 373
1622749932333 0.075 374
1622749945796 0.074 375
1622749959235 0.075 376
1622749972712 0.075 377
1622749986195 0.076 378
1622749999737 0.074 379
1622750013186 0.074 380
1622750026761 0.075 381
1622750040448 0.075 382
1622750054150 0.074 383
1622750068035 0.074 384
1622750081779 0.075 385
1622750095564 0.075 386
1622750109436 0.075 387
1622750123333 0.075 388
1622750137251 0.074 389
1622750151088 0.075 390
1622750165002 0.076 391
1622750179000 0.075 392
1622750193086 0.074 393
1622750207205 0.074 394
1622750221296 0.075 395
1622750235597 0.074 396
1622750249795 0.074 397
1622750264075 0.075 398
1622750278296 0.075 399
1622750292599 0.074 400
1622750306960 0.075 401
1622750321487 0.076 402
1622750336014 0.075 403
1622750350517 0.075 404
1622750365079 0.076 405
1622750379719 0.076 406
1622750394433 0.075 407
1622750409129 0.075 408
1622750423729 0.076 409
1622750438460 0.075 410
1622750453157 0.075 411
1622750467888 0.075 412
1622750482666 0.075 413
1622750497386 0.075 414
1622750512118 0.075 415
1622750526839 0.075 416
1622750541634 0.076 417
1622750556497 0.075 418
1622750571344 0.074 419
1622750586245 0.074 420
1622750601231 0.075 421
1622750616379 0.074 422
1622750631493 0.076 423
1622750646608 0.074 424
1622750661699 0.076 425
1622750676840 0.075 426
1622750692105 0.074 427
1622750707338 0.074 428
1622750722635 0.075 429
1622750737987 0.076 430
1622750753610 0.075 431
1622750769487 0.076 432
1622750784882 0.075 433
1622750800529 0.074 434
1622750816250 0.076 435
1622750832116 0.075 436
1622750847891 0.075 437
1622750863785 0.075 438
1622750879612 0.076 439
1622750895332 0.074 440
1622750911068 0.076 441
1622750926626 0.074 442
1622750942469 0.075 443
1622750958331 0.075 444
1622750974237 0.075 445
1622750990138 0.076 446
1622751006107 0.073 447
1622751021947 0.075 448
1622751037740 0.074 449
1622751053465 0.074 450
1622751069283 0.073 451
1622751085226 0.076 452
1622751101162 0.075 453
1622751117159 0.074 454
1622751133109 0.073 455
1622751149111 0.074 456
1622751165062 0.074 457
1622751181155 0.074 458
1622751197359 0.074 459
1622751213499 0.074 460
1622751229681 0.074 461
1622751245972 0.074 462
1622751262214 0.074 463
1622751278860 0.074 464
1622751295477 0.075 465
1622751312065 0.074 466
1622751328837 0.073 467
1622751345714 0.075 468
1622751362598 0.075 469
1622751379399 0.074 470
1622751396128 0.074 471
1622751413128 0.074 472
1622751429971 0.074 473
1622751446879 0.072 474
1622751463852 0.072 475
1622751480707 0.073 476
1622751497664 0.072 477
1622751514512 0.072 478
1622751531327 0.073 479
1622751548118 0.073 480
1622751564953 0.072 481
1622751581965 0.074 482
1622751599003 0.073 483
1622751616079 0.073 484
1622751633096 0.073 485
1622751650206 0.073 486
1622751667365 0.073 487
1622751684533 0.073 488
1622751701671 0.072 489
1622751718830 0.073 490
1622751736130 0.072 491
1622751753372 0.071 492
1622751770490 0.072 493
1622751787751 0.072 494
1622751805369 0.071 495
1622751822193 0.072 496
1622751839890 0.074 497
1622751856701 0.076 498
1622751874760 0.073 499
1622751891624 0.073 500
