1622747316850 0.005 0
1622747317390 0.422 1
1622747317923 0.417 2
1622747318481 0.445 3
1622747319070 0.479 4
1622747319687 0.506 5
1622747320349 0.55 6
1622747321041 0.582 7
1622747321768 0.615 8
1622747322533 0.656 9
1622747323330 0.684 10
1622747324160 0.716 11
1622747325039 0.761 12
1622747325937 0.783 13
1622747326872 0.824 14
1622747327875 0.891 15
1622747328880 0.892 16
1622747329938 0.946 17
1622747331028 0.978 18
1622747332151 1.012 19
1622747333300 1.04 20
1622747334492 1.08 21
1622747335716 1.114 22
1622747336976 1.15 23
1622747338256 1.168 24
1622747339581 1.213 25
1622747340950 1.256 26
1622747342345 1.283 27
1622747343776 1.32 28
1622747345261 1.373 29
1622747346756 1.381 30
1622747348315 1.445 31
1622747349889 1.463 32
1622747351506 1.504 33
1622747353180 1.562 34
1622747354871 1.58 35
1622747356589 1.607 36
1622747358347 1.646 37
1622747360153 1.693 38
1622747361943 1.68 39
1622747363821 1.765 40
1622747365719 1.784 41
1622747367678 1.848 42
1622747369650 1.861 43
1622747371655 1.892 44
1622747373703 1.935 45
1622747375789 1.973 46
1622747377900 1.998 47
1622747380045 2.033 48
1622747382219 2.062 49
1622747384445 2.112 50
1622747386677 2.119 51
1622747388967 2.177 52
1622747391289 2.211 53
1622747393670 2.268 54
1622747396060 2.279 55
1622747398511 2.339 56
1622747400980 2.356 57
1622747403490 2.397 58
1622747406033 2.432 59
1622747408616 2.47 60
1622747411231 2.504 61
1622747413895 2.551 62
1622747416555 2.548 63
1622747419231 2.564 64
1622747421995 2.649 65
1622747424785 2.676 66
1622747427614 2.716 67
1622747430453 2.725 68
1622747433348 2.782 69
1622747436260 2.799 70
1622747439258 2.885 71
1622747442264 2.894 72
1622747445283 2.906 73
1622747448299 2.906 74
1622747451342 2.931 75
1622747454481 3.029 76
1622747457659 3.056 77
1622747460865 3.095 78
1622747464079 3.103 79
1622747467358 3.168 80
1622747470673 3.203 81
1622747474023 3.24 82
1622747477369 3.234 83
1622747480798 3.319 84
1622747484250 3.34 85
1622747487728 3.366 86
1622747491269 3.428 87
1622747494824 3.444 88
1622747498436 3.5 89
1622747502056 3.508 90
1622747505738 3.57 91
1622747509420 3.57 92
1622747513140 3.609 93
1622747516888 3.636 94
1622747520646 3.647 95
1622747524488 3.729 96
1622747528342 3.743 97
1622747532225 3.77 98
1622747536173 3.833 99
1622747540137 3.848 100
1622747544111 3.86 101
1622747548176 3.95 102
1622747552275 3.986 103
1622747556390 3.998 104
1622747560554 4.046 105
1622747564729 4.06 106
1622747568909 4.065 107
1622747573142 4.117 108
1622747577483 4.226 109
1622747581815 4.22 110
1622747586180 4.249 111
1622747590525 4.229 112
1622747594969 4.328 113
1622747599443 4.361 114
1622747603903 4.346 115
1622747608380 4.363 116
1622747612912 4.42 117
1622747617469 4.444 118
1622747622094 4.509 119
1622747626746 4.538 120
1622747631431 4.569 121
1622747636137 4.592 122
1622747640895 4.642 123
1622747645760 4.751 124
1622747650613 4.741 125
1622747655492 4.765 126
1622747660404 4.798 127
1622747665344 4.828 128
1622747670346 4.89 129
1622747675383 4.924 130
1622747680409 4.911 131
1622747685479 4.956 132
1622747690605 5.014 133
1622747695718 5.002 134
1622747700922 5.092 135
1622747706157 5.109 136
1622747711448 5.181 137
1622747716743 5.183 138
1622747721993 5.137 139
1622747727329 5.226 140
1622747732743 5.301 141
1622747738150 5.294 142
1622747743634 5.371 143
1622747749106 5.359 144
1622747754609 5.393 145
1622747760119 5.398 146
1622747765701 5.472 147
1622747771313 5.503 148
1622747776941 5.516 149
1622747782700 5.648 150
1622747788463 5.651 151
1622747794236 5.66 152
1622747799996 5.648 153
1622747805869 5.759 154
1622747811736 5.753 155
1622747817656 5.807 156
1622747823571 5.802 157
1622747829520 5.837 158
1622747835505 5.875 159
1622747841538 5.923 160
1622747847601 5.953 161
1622747853682 5.967 162
1622747859829 6.034 163
1622747865991 6.052 164
1622747872243 6.138 165
1622747878461 6.107 166
1622747884714 6.141 167
1622747890965 6.139 168
1622747897276 6.201 169
1622747903700 6.313 170
1622747910192 6.379 171
1622747916673 6.369 172
1622747923179 6.392 173
1622747929706 6.415 174
1622747936268 6.448 175
1622747942824 6.444 176
1622747949441 6.505 177
1622747956055 6.501 178
1622747962733 6.567 179
1622747969444 6.598 180
1622747976245 6.69 181
1622747983049 6.694 182
1622747989893 6.734 183
1622747996747 6.742 184
1622748003688 6.828 185
1622748010663 6.863 186
1622748017661 6.886 187
1622748024663 6.893 188
1622748031665 6.892 189
1622748038794 7.021 190
1622748045898 6.994 191
1622748053042 7.033 192
1622748060199 7.047 193
1622748067416 7.107 194
1622748074656 7.13 195
1622748081866 7.1 196
1622748089173 7.198 197
1622748096562 7.278 198
1622748103992 7.319 199
1622748111432 7.329 200
1622748118915 7.373 201
1622748126415 7.393 202
1622748133974 7.45 203
1622748141547 7.464 204
1622748149205 7.549 205
1622748156859 7.546 206
1622748164557 7.589 207
1622748172291 7.624 208
1622748180053 7.653 209
1622748187829 7.667 210
1622748195615 7.675 211
1622748203396 7.671 212
1622748211349 7.845 213
1622748219248 7.787 214
1622748227240 7.884 215
1622748235225 7.872 216
1622748243206 7.87 217
1622748251320 8.003 218
1622748259424 7.993 219
1622748267581 8.048 220
1622748275793 8.102 221
1622748284033 8.125 222
1622748292233 8.087 223
1622748300502 8.158 224
1622748308792 8.179 225
1622748317150 8.247 226
1622748325530 8.271 227
1622748333925 8.285 228
1622748342276 8.24 229
1622748350774 8.388 230
1622748359296 8.409 231
1622748367859 8.45 232
1622748376395 8.425 233
1622748385075 8.567 234
1622748393716 8.528 235
1622748402446 8.581 236
1622748411186 8.628 237
1622748419993 8.697 238
1622748428822 8.718 239
1622748437677 8.745 240
1622748446485 8.696 241
1622748455371 8.774 242
1622748464342 8.861 243
1622748473324 8.871 244
1622748482470 9.032 245
1622748491506 8.925 246
1622748500567 8.951 247
1622748509701 9.022 248
1622748518837 9.025 249
1622748528028 9.079 250
1622748537306 9.162 251
1622748546568 9.148 252
1622748555858 9.179 253
1622748565221 9.252 254
1622748574692 9.36 255
1622748584112 9.309 256
1622748593551 9.328 257
1622748602995 9.333 258
1622748612543 9.435 259
1622748622161 9.506 260
1622748631764 9.491 261
1622748641321 9.445 262
1622748650961 9.528 263
1622748660669 9.597 264
1622748670358 9.574 265
1622748680052 9.58 266
1622748689753 9.589 267
1622748699521 9.656 268
1622748709309 9.678 269
1622748719153 9.732 270
1622748729097 9.835 271
1622748739089 9.882 272
1622748749103 9.905 273
1622748759096 9.884 274
1622748769070 9.865 275
1622748779122 9.943 276
1622748789234 10.001 277
1622748799386 10.04 278
1622748809660 10.16 279
1622748820004 10.234 280
1622748830305 10.189 281
1622748840552 10.136 282
1622748850898 10.235 283
1622748861344 10.333 284
1622748871842 10.388 285
1622748882317 10.363 286
1622748892817 10.388 287
1622748903301 10.372 288
1622748913903 10.493 289
1622748924367 10.352 290
1622748935056 10.575 291
1622748945759 10.587 292
1622748956467 10.595 293
1622748967169 10.587 294
1622748978026 10.744 295
1622748988741 10.602 296
1622748999621 10.769 297
1622749010497 10.764 298
1622749021354 10.749 299
1622749032256 10.788 300
1622749043228 10.859 301
1622749054323 10.981 302
1622749065315 10.881 303
1622749076393 10.967 304
1622749087551 11.05 305
1622749098710 11.048 306
1622749109907 11.087 307
1622749121086 11.067 308
1622749132346 11.152 309
1622749143622 11.166 310
1622749154933 11.2 311
1622749166341 11.298 312
1622749177689 11.237 313
1622749189147 11.345 314
1622749200582 11.323 315
1622749212014 11.321 316
1622749223530 11.404 317
1622749235050 11.408 318
1622749246613 11.451 319
1622749258167 11.444 320
1622749269723 11.445 321
1622749281333 11.499 322
1622749293052 11.607 323
1622749304702 11.54 324
1622749316536 11.722 325
1622749328426 11.778 326
1622749340306 11.771 327
1622749352197 11.781 328
1622749364083 11.777 329
1622749375912 11.719 330
1622749387818 11.8 331
1622749399753 11.821 332
1622749411727 11.863 333
1622749423696 11.86 334
1622749435666 11.861 335
1622749447722 11.947 336
1622749459870 12.039 337
1622749472035 12.054 338
1622749484285 12.14 339
1622749496536 12.138 340
1622749508784 12.135 341
1622749521155 12.261 342
1622749533495 12.23 343
1622749545890 12.283 344
1622749558378 12.376 345
1622749570776 12.286 346
1622749583228 12.34 347
1622749595774 12.435 348
1622749608352 12.469 349
1622749620901 12.438 350
1622749633424 12.414 351
1622749646018 12.486 352
1622749658762 12.633 353
1622749671478 12.607 354
1622749684220 12.632 355
1622749696926 12.595 356
1622749709695 12.658 357
1622749722588 12.781 358
1622749735344 12.647 359
1622749748349 12.896 360
1622749761223 12.763 361
1622749774135 12.8 362
1622749787236 12.991 363
1622749800337 12.989 364
1622749813362 12.914 365
1622749826359 12.885 366
1622749839548 13.076 367
1622749852785 13.124 368
1622749865871 12.976 369
1622749879154 13.172 370
1622749892396 13.131 371
1622749905637 13.131 372
1622749919015 13.267 373
1622749932342 13.216 374
1622749945804 13.351 375
1622749959243 13.329 376
1622749972721 13.367 377
1622749986203 13.371 378
1622749999745 13.432 379
1622750013195 13.338 380
1622750026769 13.465 381
1622750040456 13.578 382
1622750054158 13.595 383
1622750068043 13.775 384
1622750081787 13.633 385
1622750095572 13.675 386
1622750109444 13.762 387
1622750123342 13.787 388
1622750137259 13.808 389
1622750151096 13.725 390
1622750165010 13.803 391
1622750179009 13.888 392
1622750193096 13.974 393
1622750207214 14.007 394
1622750221305 13.978 395
1622750235605 14.189 396
1622750249804 14.088 397
1622750264084 14.168 398
1622750278305 14.109 399
1622750292608 14.193 400
1622750306968 14.248 401
1622750321495 14.414 402
1622750336023 14.417 403
1622750350525 14.392 404
1622750365088 14.45 405
1622750379728 14.527 406
1622750394442 14.602 407
1622750409138 14.584 408
1622750423738 14.488 409
1622750438469 14.62 410
1622750453166 14.584 411
1622750467897 14.619 412
1622750482675 14.665 413
1622750497395 14.608 414
1622750512126 14.619 415
1622750526847 14.61 416
1622750541643 14.682 417
1622750556506 14.75 418
1622750571352 14.736 419
1622750586254 14.791 420
1622750601240 14.875 421
1622750616388 15.038 422
1622750631502 15.002 423
1622750646616 15.003 424
1622750661708 14.979 425
1622750676849 15.029 426
1622750692114 15.154 427
1622750707347 15.121 428
1622750722643 15.185 429
1622750737996 15.24 430
1622750753618 15.511 431
1622750769495 15.765 432
1622750784891 15.283 433
1622750800537 15.535 434
1622750816259 15.609 435
1622750832124 15.754 436
1622750847900 15.665 437
1622750863794 15.783 438
1622750879621 15.713 439
1622750895341 15.608 440
1622750911076 15.623 441
1622750926635 15.447 442
1622750942478 15.73 443
1622750958339 15.749 444
1622750974246 15.793 445
1622750990148 15.788 446
1622751006115 15.858 447
1622751021956 15.73 448
1622751037748 15.681 449
1622751053474 15.615 450
1622751069292 15.709 451
1622751085235 15.83 452
1622751101171 15.825 453
1622751117168 15.886 454
1622751133118 15.84 455
1622751149120 15.887 456
1622751165070 15.839 457
1622751181164 15.984 458
1622751197368 16.092 459
1622751213508 16.029 460
1622751229690 16.07 461
1622751245981 16.181 462
1622751262224 16.131 463
1622751278868 16.533 464
1622751295485 16.505 465
1622751312074 16.474 466
1622751328845 16.661 467
1622751345723 16.767 468
1622751362607 16.77 469
1622751379408 16.691 470
1622751396137 16.617 471
1622751413138 16.888 472
1622751429978 16.731 473
1622751446888 16.8 474
1622751463860 16.865 475
1622751480716 16.746 476
1622751497673 16.849 477
1622751514520 16.738 478
1622751531335 16.705 479
1622751548127 16.683 480
1622751564962 16.727 481
1622751581973 16.901 482
1622751599012 16.929 483
1622751616088 16.966 484
1622751633104 16.906 485
1622751650215 17.0 486
1622751667373 17.048 487
1622751684541 17.058 488
1622751701679 17.03 489
1622751718839 17.049 490
1622751736138 17.19 491
1622751753381 17.136 492
1622751770499 17.008 493
1622751787760 17.151 494
1622751805377 17.508 495
1622751822202 16.716 496
1622751839900 17.585 497
1622751856710 16.695 498
1622751874769 17.948 499
1622751891632 16.753 500
