1622601466052 0.006 0
1622601466643 0.464 1
1622601467212 0.446 2
1622601467799 0.456 3
1622601468990 0.988 4
1622601469988 0.802 5
1622601470705 0.578 6
1622601471439 0.614 7
1622601472222 0.664 8
1622601473033 0.69 9
1622601473863 0.713 10
1622601474752 0.773 11
1622601475647 0.78 12
1622601477497 1.65 13
1622601478655 0.994 14
1622601479704 0.934 15
1622601480773 0.953 16
1622601481867 0.977 17
1622601482979 0.998 18
1622601484217 1.12 19
1622601485491 1.149 20
1622601486733 1.126 21
1622601488014 1.164 22
1622601489310 1.18 23
1622601490727 1.297 24
1622601492194 1.349 25
1622601493619 1.305 26
1622601495070 1.334 27
1622601497294 2.098 28
1622601498878 1.435 29
1622601500440 1.444 30
1622601502024 1.47 31
1622601503647 1.507 32
1622601505298 1.533 33
1622601506993 1.576 34
1622601508726 1.612 35
1622601510510 1.665 36
1622601512306 1.677 37
1622601514141 1.718 38
1622601516046 1.784 39
1622601517964 1.797 40
1622601519935 1.852 41
1622601521945 1.892 42
1622601524003 1.939 43
1622601526046 1.921 44
1622601528137 1.971 45
1622601530288 2.03 46
1622601532457 2.05 47
1622601534683 2.109 48
1622601536949 2.148 49
1622601539195 2.128 50
1622601541519 2.204 51
1622601543903 2.262 52
1622601546286 2.263 53
1622601548689 2.286 54
1622601551155 2.347 55
1622601553707 2.411 56
1622601556296 2.469 57
1622601559096 2.676 58
1622601562726 3.436 59
1622601565400 2.552 60
1622601568167 2.644 61
1622601570978 2.686 62
1622601573802 2.704 63
1622601576860 2.931 64
1622601579718 2.739 65
1622601582563 2.727 66
1622601585428 2.746 67
1622601588409 2.862 68
1622601591372 2.845 69
1622601594403 2.908 70
1622601597553 3.023 71
1622601600625 2.953 72
1622601603799 3.054 73
1622601607159 3.232 74
1622601610570 3.285 75
1622601613878 3.183 76
1622601617994 3.985 77
1622601621971 3.78 78
1622601625239 3.148 79
1622601629711 4.267 80
1622601633159 3.329 81
1622601636582 3.3 82
1622601640057 3.356 83
1622601643582 3.406 84
1622601647153 3.451 85
1622601650708 3.438 86
1622601654336 3.51 87
1622601657996 3.544 88
1622601661660 3.546 89
1622601665377 3.601 90
1622601669119 3.622 91
1622601672905 3.666 92
1622601676741 3.716 93
1622601680637 3.772 94
1622601684527 3.767 95
1622601688471 3.821 96
1622601692445 3.85 97
1622601696430 3.864 98
1622601700447 3.894 99
1622601704535 3.966 100
1622601708651 3.995 101
1622601712812 4.04 102
1622601717022 4.087 103
1622601721290 4.147 104
1622601725563 4.155 105
1622601729894 4.209 106
1622601734234 4.221 107
1622601738634 4.286 108
1622601743019 4.267 109
1622601747452 4.316 110
1622601751944 4.376 111
1622601756490 4.432 112
1622601761078 4.472 113
1622601765725 4.528 114
1622601770416 4.57 115
1622601775126 4.593 116
1622601779846 4.602 117
1622601784616 4.651 118
1622601789400 4.665 119
1622601794236 4.717 120
1622601799076 4.722 121
1622601803997 4.801 122
1622601808907 4.791 123
1622601813841 4.814 124
1622601818815 4.856 125
1622601823885 4.952 126
1622601828952 4.949 127
1622601833994 4.924 128
1622601839147 5.035 129
1622601844333 5.067 130
1622601849517 5.065 131
1622601854779 5.145 132
1622601860057 5.159 133
1622601865353 5.177 134
1622601870709 5.236 135
1622601876140 5.312 136
1622601881574 5.316 137
1622601886997 5.305 138
1622601892482 5.365 139
1622601898078 5.478 140
1622601903636 5.442 141
1622601909344 5.589 142
1622601915017 5.556 143
1622601920740 5.604 144
1622601926436 5.578 145
1622601932205 5.651 146
1622601937995 5.673 147
1622601943802 5.688 148
1622601949666 5.747 149
1622601955493 5.711 150
1622601961401 5.791 151
1622601967359 5.841 152
1622601973339 5.863 153
1622601979366 5.912 154
1622601985439 5.955 155
1622601991581 6.026 156
1622601997752 6.057 157
1622602003923 6.056 158
1622602010085 6.045 159
1622602016361 6.159 160
1622602022712 6.232 161
1622602029032 6.201 162
1622602035370 6.222 163
1622602041720 6.232 164
1622602048134 6.296 165
1622602054683 6.429 166
1622602061147 6.343 167
1622602067745 6.479 168
1622602074358 6.494 169
1622602081020 6.544 170
1622602087689 6.551 171
1622602094425 6.619 172
1622602101170 6.626 173
1622602108062 6.775 174
1622602115074 6.89 175
1622602122113 6.912 176
1622602129099 6.869 177
1622602136097 6.883 178
1622602143079 6.864 179
1622602150058 6.863 180
1622602157110 6.937 181
1622602164219 6.993 182
1622602171325 6.989 183
1622602178428 6.985 184
1622602185538 6.992 185
1622602192713 7.059 186
1622602199907 7.076 187
1622602207241 7.215 188
1622602214561 7.202 189
1622602221968 7.287 190
1622602229368 7.283 191
1622602236853 7.368 192
1622602244338 7.366 193
1622602251868 7.407 194
1622602259339 7.352 195
1622602266898 7.441 196
1622602274467 7.454 197
1622602282116 7.534 198
1622602289787 7.554 199
1622602297488 7.583 200
1622602305174 7.569 201
1622602312850 7.56 202
1622602320752 7.786 203
1622602328655 7.786 204
1622602336594 7.821 205
1622602344500 7.79 206
1622602352480 7.866 207
1622602360483 7.885 208
1622602368554 7.955 209
1622602376646 7.975 210
1622602384864 8.097 211
1622602393057 8.075 212
1622602401207 8.028 213
1622602409480 8.154 214
1622602417752 8.154 215
1622602426080 8.207 216
1622602434505 8.306 217
1622602442866 8.242 218
1622602451193 8.209 219
1622602459576 8.264 220
1622602468003 8.31 221
1622602476473 8.351 222
1622602485019 8.429 223
1622602493493 8.357 224
1622602502112 8.505 225
1622602510737 8.51 226
1622602519369 8.518 227
1622602528047 8.564 228
1622602536790 8.627 229
1622602545547 8.64 230
1622602554309 8.646 231
1622602563180 8.757 232
1622602572066 8.771 233
1622602580943 8.761 234
1622602589876 8.82 235
1622602598906 8.912 236
1622602608003 8.979 237
1622602617096 8.974 238
1622602626178 8.966 239
1622602635310 9.017 240
1622602644489 9.064 241
1622602653676 9.07 242
1622602662982 9.187 243
1622602672294 9.193 244
1622602681612 9.197 245
1622602691012 9.281 246
1622602700358 9.228 247
1622602709796 9.322 248
1622602719260 9.35 249
1622602728757 9.382 250
1622602738290 9.415 251
1622602747830 9.423 252
1622602757481 9.536 253
1622602767114 9.518 254
1622602776870 9.638 255
1622602786655 9.67 256
1622602796430 9.664 257
1622602806194 9.653 258
1622602815963 9.654 259
1622602825830 9.75 260
1622602835759 9.812 261
1622602845627 9.754 262
1622602855664 9.919 263
1622602865663 9.88 264
1622602875734 9.952 265
1622602885856 10.006 266
1622602896013 10.04 267
1622602906165 10.036 268
1622602916405 10.124 269
1622602926645 10.124 270
1622602936998 10.234 271
1622602947332 10.215 272
1622602957692 10.242 273
1622602968156 10.349 274
1622602978566 10.295 275
1622602989046 10.362 276
1622602999675 10.509 277
1622603010291 10.497 278
1622603020851 10.445 279
1622603031561 10.592 280
1622603042254 10.577 281
1622603052906 10.535 282
1622603063674 10.653 283
1622603074406 10.616 284
1622603085132 10.612 285
1622603095966 10.718 286
1622603106762 10.679 287
1622603117595 10.714 288
1622603128506 10.794 289
1622603139470 10.848 290
1622603150497 10.913 291
1622603161432 10.821 292
1622603172553 11.008 293
1622603183661 10.994 294
1622603194727 10.954 295
1622603205922 11.08 296
1622603217162 11.123 297
1622603228361 11.08 298
1622603239668 11.189 299
1622603250945 11.159 300
1622603262378 11.315 301
1622603273772 11.278 302
1622603285183 11.294 303
1622603296648 11.346 304
1622603308141 11.374 305
1622603319799 11.537 306
1622603331542 11.623 307
1622603343283 11.625 308
1622603355046 11.646 309
1622603366732 11.57 310
1622603378459 11.609 311
1622603390239 11.665 312
1622603402045 11.687 313
1622603413834 11.672 314
1622603425715 11.764 315
1622603438391 12.559 316
1622603450362 11.849 317
1622603462165 11.683 318
1622603474426 12.143 319
1622603486457 11.912 320
1622603498892 12.306 321
1622603511559 12.464 322
1622603523623 11.941 323
1622603535705 11.96 324
1622603547785 11.963 325
1622603559859 11.957 326
1622603572031 12.053 327
1622603584359 12.202 328
1622603596724 12.248 329
1622603608892 12.052 330
1622603621889 12.881 331
1622603635769 13.763 332
1622603648328 12.44 333
1622603661047 12.597 334
1622603673457 12.287 335
1622603685968 12.392 336
1622603699081 12.993 337
1622603712636 13.424 338
1622603725666 12.905 339
1622603739223 13.351 340
1622603751960 12.619 341
1622603764658 12.58 342
1622603777309 12.534 343
1622603790033 12.61 344
1622603802815 12.664 345
1622603815600 12.669 346
1622603828508 12.792 347
1622603841414 12.788 348
1622603854307 12.773 349
1622603867364 12.939 350
1622603880350 12.866 351
1622603893482 13.017 352
1622603906598 13.0 353
1622603919778 13.061 354
1622603933041 13.146 355
1622603946303 13.145 356
1622603959497 13.074 357
1622603972804 13.194 358
1622603986105 13.188 359
1622603999522 13.3 360
1622604012941 13.3 361
1622604027047 13.984 362
1622604041467 14.297 363
1622604055266 13.676 364
1622604068767 13.38 365
1622604082370 13.483 366
1622604096477 13.985 367
1622604110135 13.53 368
1622604123801 13.549 369
1622604137996 14.078 370
1622604151714 13.605 371
1622604165591 13.762 372
1622604179354 13.646 373
1622604193248 13.771 374
1622604207040 13.673 375
1622604221258 14.099 376
1622604235222 13.846 377
1622604249184 13.842 378
1622604263670 14.365 379
1622604278730 14.936 380
1622604292877 14.024 381
1622604307519 14.522 382
1622604321805 14.165 383
1622604336016 14.093 384
1622604350261 14.13 385
1622604364722 14.345 386
1622604379437 14.6 387
1622604394074 14.515 388
1622604408413 14.224 389
1622604422836 14.305 390
1622604437298 14.341 391
1622604452563 15.142 392
1622604467056 14.368 393
1622604481576 14.398 394
1622604496075 14.379 395
1622604511174 14.979 396
1622604526016 14.719 397
1622604540696 14.562 398
1622604556930 16.112 399
1622604571970 14.867 400
1622604586702 14.614 401
1622604601811 14.992 402
1622604616613 14.683 403
1622604631440 14.707 404
1622604646424 14.867 405
1622604661494 14.95 406
1622604676529 14.919 407
1622604692325 15.674 408
1622604708354 15.866 409
1622604724551 16.083 410
1622604739870 15.203 411
1622604755306 15.322 412
1622604771098 15.673 413
1622604786870 15.654 414
1622604803767 16.774 415
1622604819121 15.235 416
1622604834545 15.305 417
1622604849988 15.318 418
1622604865386 15.279 419
1622604880983 15.479 420
1622604896519 15.415 421
1622604912099 15.459 422
1622604927667 15.452 423
1622604943341 15.559 424
1622604960645 17.186 425
1622604976268 15.508 426
1622604991933 15.547 427
1622605007617 15.566 428
1622605023933 16.196 429
1622605039771 15.718 430
1622605056495 16.597 431
1622605072611 15.998 432
1622605088612 15.885 433
1622605104932 16.203 434
1622605120931 15.882 435
1622605136938 15.891 436
1622605152950 15.898 437
1622605168973 15.909 438
1622605184977 15.887 439
1622605201116 16.019 440
1622605217326 16.092 441
1622605233568 16.122 442
1622605249871 16.184 443
1622605266142 16.151 444
1622605282417 16.157 445
1622605299309 16.773 446
1622605315731 16.303 447
1622605332211 16.365 448
1622605348720 16.391 449
1622605365424 16.582 450
1622605381971 16.427 451
1622605398581 16.489 452
1622605415174 16.474 453
1622605431985 16.692 454
1622605449122 17.016 455
1622605466002 16.762 456
1622605483940 17.818 457
1622605501480 17.418 458
1622605519818 18.221 459
1622605536814 16.87 460
1622605553926 16.987 461
1622605571096 17.048 462
1622605588123 16.904 463
1622605606107 17.863 464
1622605623811 17.582 465
1622605641847 17.845 466
1622605658949 16.984 467
1622605676068 17.002 468
1622605693054 16.87 469
1622605710166 16.996 470
1622605728551 18.257 471
1622605745785 17.117 472
1622605762997 17.097 473
1622605780277 17.163 474
1622605797600 17.208 475
1622605815011 17.292 476
1622605832326 17.199 477
1622605849755 17.313 478
1622605867415 17.544 479
1622605884973 17.442 480
1622605902553 17.463 481
1622605920995 18.323 482
1622605938605 17.494 483
1622605956287 17.565 484
1622605973964 17.563 485
1622605991782 17.701 486
1622606009698 17.801 487
1622606027487 17.675 488
1622606045307 17.705 489
1622606063191 17.769 490
1622606081151 17.844 491
1622606099343 18.074 492
1622606117283 17.822 493
1622606135379 17.978 494
1622606153614 18.117 495
1622606171805 18.074 496
1622606191138 19.216 497
1622606209331 18.074 498
1622606227536 18.088 499
1622606245773 18.119 500
