1622620573229 0.005 0
1622620573781 0.429 1
1622620574326 0.849 2
1622620574902 1.298 3
1622620575490 1.76 4
1622620576123 2.27 5
1622620576780 2.807 6
1622620577473 3.372 7
1622620578733 4.428 8
1622620579510 5.08 9
1622620580305 5.758 10
1622620581139 6.473 11
1622620582034 7.25 12
1622620582960 8.057 13
1622620583901 8.878 14
1622620584900 9.757 15
1622620585937 10.679 16
1622620586977 11.604000000000001 17
1622620588054 12.565000000000001 18
1622620589218 13.611 19
1622620590490 14.757000000000001 20
1622620591723 15.867 21
1622620592944 16.971 22
1622620594200 18.11 23
1622620595485 19.278 24
1622620596811 20.483999999999998 25
1622620598793 22.34 26
1622620600484 23.844 27
1622620601891 25.137 28
1622620603369 26.503 29
1622620604904 27.918 30
1622620606448 29.346999999999998 31
1622620608134 30.915 32
1622620609921 32.577999999999996 33
1622620611578 34.111999999999995 34
1622620613260 35.675999999999995 35
1622620615003 37.297999999999995 36
1622620616764 38.94 37
1622620618584 40.64 38
1622620620416 42.351 39
1622620622297 44.115 40
1622620624191 45.894000000000005 41
1622620626139 47.72800000000001 42
1622620628136 49.60900000000001 43
1622620630156 51.51100000000001 44
1622620632229 53.46800000000001 45
1622620634314 55.43400000000001 46
1622620636442 57.445000000000014 47
1622620638596 59.484000000000016 48
1622620640764 61.53700000000001 49
1622620643030 63.68400000000001 50
1622620645281 65.82000000000001 51
1622620647654 68.075 52
1622620650892 71.193 53
1622620653279 73.454 54
1622620655669 75.731 55
1622620658081 78.02799999999999 56
1622620660546 80.37899999999999 57
1622620663013 82.72699999999999 58
1622620665548 85.142 59
1622620668138 87.615 60
1622620670754 90.11399999999999 61
1622620673395 92.63799999999999 62
1622620676080 95.202 63
1622620678759 97.764 64
1622620681550 100.438 65
1622620684336 103.108 66
1622620687136 105.792 67
1622620689963 108.498 68
1622620692855 111.272 69
1622620695778 114.07600000000001 70
1622620698732 116.911 71
1622620701975 120.033 72
1622620705049 122.978 73
1622620708129 125.934 74
1622620711247 128.933 75
1622620714412 131.97799999999998 76
1622620717818 135.26199999999997 77
1622620721355 138.67799999999997 78
1622620724659 141.85399999999996 79
1622620727983 145.05599999999995 80
1622620731363 148.31599999999995 81
1622620734725 151.55899999999994 82
1622620738102 154.81599999999995 83
1622620742772 159.28899999999996 84
1622620746240 162.63699999999997 85
1622620749760 166.03699999999998 86
1622620753922 170.07199999999997 87
1622620757765 173.74499999999998 88
1622620761397 177.26099999999997 89
1622620765063 180.80599999999995 90
1622620768750 184.36899999999994 91
1622620772480 187.97799999999995 92
1622620776208 191.58199999999997 93
1622620779976 195.23199999999997 94
1622620783789 198.92999999999998 95
1622620787668 202.688 96
1622620791660 206.55599999999998 97
1622620795739 210.515 98
1622620799921 214.565 99
1622620804673 219.119 100
1622620808702 223.028 101
1622620812771 226.977 102
1622620816914 231.005 103
1622620821085 235.05599999999998 104
1622620825371 239.225 105
1622620830575 244.305 106
1622620835109 248.717 107
1622620839814 253.29700000000003 108
1622620845418 258.77900000000005 109
1622620851432 264.67300000000006 110
1622620855895 269.02000000000004 111
1622620861215 274.22200000000004 112
1622620866055 278.937 113
1622620870732 283.498 114
1622620876215 288.863 115
1622620880797 293.326 116
1622620885379 297.793 117
1622620890053 302.35200000000003 118
1622620894743 306.92900000000003 119
1622620899429 311.499 120
1622620904198 316.151 121
1622620908991 320.827 122
1622620913780 325.497 123
1622620918588 330.18 124
1622620923492 334.968 125
1622620929557 340.861 126
1622620934685 345.844 127
1622620939678 350.685 128
1622620944785 355.575 129
1622620950060 360.461 130
1622620955328 365.527 131
1622620960509 370.543 132
1622620965740 375.605 133
1622620970944 380.665 134
1622620976281 385.86100000000005 135
1622620981663 391.064 136
1622620987020 396.23900000000003 137
1622620992412 401.487 138
1622620997934 406.81100000000004 139
1622621003460 412.14700000000005 140
1622621008986 417.44100000000003 141
1622621014476 422.778 142
1622621019992 428.149 143
1622621025740 433.596 144
1622621031376 439.07 145
1622621037107 444.617 146
1622621043073 450.44800000000004 147
1622621048810 456.03600000000006 148
1622621054572 461.65600000000006 149
1622621060691 467.6120000000001 150
1622621066608 473.2730000000001 151
1622621072628 479.04100000000005 152
1622621078564 484.8190000000001 153
1622621084532 490.61000000000007 154
1622621090642 496.51700000000005 155
1622621097807 503.44000000000005 156
1622621103866 509.32700000000006 157
1622621110133 515.445 158
1622621116508 521.423 159
1622621122952 527.528 160
1622621129233 533.625 161
1622621135471 539.688 162
1622621141811 545.804 163
1622621149114 552.6909999999999 164
1622621155455 558.896 165
1622621161824 565.087 166
1622621168248 571.342 167
1622621174937 577.66 168
1622621182082 584.341 169
1622621189033 591.085 170
1622621195875 597.7080000000001 171
1622621202940 604.4670000000001 172
1622621209612 610.9820000000001 173
1622621216402 617.5860000000001 174
1622621223163 624.1560000000002 175
1622621229860 630.7080000000002 176
1622621236675 637.3990000000002 177
1622621243673 644.2500000000002 178
1622621250613 650.9320000000002 179
1622621257786 657.9300000000003 180
1622621264835 664.7400000000002 181
1622621271886 671.6280000000003 182
1622621278926 678.5130000000003 183
1622621286772 686.2030000000003 184
1622621293932 693.1720000000004 185
1622621301189 700.1590000000003 186
1622621308363 707.1690000000003 187
1622621315866 714.3860000000003 188
1622621323290 721.4710000000003 189
1622621330943 728.9370000000004 190
1622621338618 736.4580000000003 191
1622621345961 743.6130000000003 192
1622621353556 750.8080000000003 193
1622621361130 758.1660000000003 194
1622621368704 765.5480000000002 195
1622621376238 772.8800000000002 196
1622621383726 780.1880000000002 197
1622621391297 787.6200000000002 198
1622621398961 795.1060000000002 199
1622621406707 802.5910000000002 200
1622621414405 810.1550000000002 201
1622621422144 817.6650000000002 202
1622621429821 825.1900000000002 203
1622621437873 832.8860000000002 204
1622621445860 840.5870000000002 205
1622621453992 848.2910000000002 206
1622621462269 856.1630000000001 207
1622621470636 864.3400000000001 208
1622621478718 872.2570000000002 209
1622621486867 880.2350000000001 210
1622621495286 888.5030000000002 211
1622621503707 896.5460000000002 212
1622621512246 904.9350000000002 213
1622621520419 912.9530000000002 214
1622621528846 921.2330000000002 215
1622621537109 929.3390000000002 216
1622621546164 938.2410000000002 217
1622621554473 946.4040000000002 218
1622621562916 954.5640000000002 219
1622621571304 962.7620000000002 220
1622621580750 971.9850000000001 221
1622621590283 981.2500000000001 222
1622621598803 989.6010000000001 223
1622621607381 997.9690000000002 224
1622621615925 1006.2840000000002 225
1622621624550 1014.7390000000003 226
1622621633370 1023.2900000000003 227
1622621641990 1031.6860000000004 228
1622621651690 1041.1620000000005 229
1622621660414 1049.7280000000005 230
1622621669317 1058.3850000000004 231
1622621679078 1067.9180000000003 232
1622621688071 1076.6730000000005 233
1622621696878 1085.2760000000005 234
1622621705718 1093.9770000000005 235
1622621714713 1102.7950000000005 236
1622621723786 1111.6340000000005 237
1622621732800 1120.4660000000006 238
1622621741768 1129.2130000000006 239
1622621750871 1138.1070000000007 240
1622621759950 1146.9990000000007 241
1622621769009 1155.9030000000007 242
1622621778348 1165.0650000000007 243
1622621788059 1174.4660000000008 244
1622621797794 1183.991000000001 245
1622621807112 1193.0130000000008 246
1622621816643 1202.1610000000007 247
1622621826159 1211.3690000000008 248
1622621835602 1220.6270000000009 249
1622621845119 1229.941000000001 250
1622621854583 1239.2330000000009 251
1622621864024 1248.5330000000008 252
1622621873606 1257.9530000000009 253
1622621883058 1267.279000000001 254
1622621894555 1278.5800000000008 255
1622621904210 1288.0590000000009 256
1622621914035 1297.564000000001 257
1622621924191 1307.523000000001 258
1622621934226 1317.390000000001 259
1622621945351 1328.379000000001 260
1622621956529 1339.4230000000011 261
1622621967084 1349.772000000001 262
1622621976817 1359.3850000000011 263
1622621986586 1369.0370000000012 264
1622621996446 1378.7790000000011 265
1622622006303 1388.5180000000012 266
1622622016233 1398.328000000001 267
1622622026121 1408.100000000001 268
1622622036050 1417.9130000000011 269
1622622046070 1427.809000000001 270
1622622056078 1437.697000000001 271
1622622066213 1447.713000000001 272
1622622076423 1457.802000000001 273
1622622086577 1467.833000000001 274
1622622096897 1478.029000000001 275
1622622107101 1488.111000000001 276
1622622117399 1498.2890000000011 277
1622622127669 1508.437000000001 278
1622622138036 1518.680000000001 279
1622622148453 1528.980000000001 280
1622622158954 1539.355000000001 281
1622622170305 1550.517000000001 282
1622622180839 1560.930000000001 283
1622622191421 1571.390000000001 284
1622622204057 1583.901000000001 285
1622622215046 1594.772000000001 286
1622622225652 1605.256000000001 287
1622622236312 1615.794000000001 288
1622622246998 1626.359000000001 289
1622622257743 1636.984000000001 290
1622622268542 1647.667000000001 291
1622622279251 1658.254000000001 292
1622622290159 1669.0380000000011 293
1622622301031 1679.7850000000012 294
1622622311889 1690.5180000000012 295
1622622323338 1701.8420000000012 296
1622622335191 1713.5730000000012 297
1622622346345 1724.6030000000012 298
1622622357539 1735.6760000000013 299
1622622369349 1747.3610000000012 300
1622622380572 1758.4590000000012 301
1622622391805 1769.569000000001 302
1622622403225 1780.8660000000011 303
1622622414788 1792.301000000001 304
1622622426036 1803.426000000001 305
1622622437294 1814.563000000001 306
1622622448778 1825.927000000001 307
1622622460870 1837.893000000001 308
1622622472700 1849.601000000001 309
1622622484614 1861.391000000001 310
1622622496361 1873.016000000001 311
1622622508562 1885.096000000001 312
1622622520475 1896.890000000001 313
1622622532177 1908.467000000001 314
1622622543971 1920.137000000001 315
1622622555661 1931.704000000001 316
1622622567464 1943.3830000000012 317
1622622579143 1954.9460000000013 318
1622622590880 1966.5610000000013 319
1622622602653 1978.2130000000013 320
1622622614548 1989.9860000000012 321
1622622626352 2001.6680000000013 322
1622622638347 2013.5430000000013 323
1622622651338 2026.4080000000013 324
1622622663360 2038.3080000000014 325
1622622675435 2050.258000000001 326
1622622687600 2062.298000000001 327
1622622703183 2077.673000000001 328
1622622716166 2090.5150000000012 329
1622622728719 2102.9400000000014 330
1622622741079 2115.1770000000015 331
1622622753382 2127.3590000000013 332
1622622765747 2139.597000000001 333
1622622778167 2151.892000000001 334
1622622790574 2164.1690000000012 335
1622622803063 2176.535000000001 336
1622622815562 2188.9110000000014 337
1622622828728 2201.9540000000015 338
1622622841317 2214.4170000000017 339
1622622855108 2228.0790000000015 340
1622622868968 2241.8070000000016 341
1622622881576 2254.290000000002 342
1622622894262 2266.849000000002 343
1622622907099 2279.562000000002 344
1622622919894 2292.234000000002 345
1622622932872 2305.088000000002 346
1622622947194 2319.283000000002 347
1622622959983 2331.9490000000023 348
1622622972816 2344.6550000000025 349
1622622985812 2357.5290000000023 350
1622622998849 2370.4430000000025 351
1622623012847 2384.3190000000027 352
1622623025830 2397.1800000000026 353
1622623041178 2412.4010000000026 354
1622623054713 2425.7650000000026 355
1622623069228 2440.1550000000025 356
1622623082437 2453.2470000000026 357
1622623096143 2466.8270000000025 358
1622623109276 2479.8380000000025 359
1622623122549 2492.9890000000023 360
1622623136908 2507.227000000002 361
1622623150532 2520.731000000002 362
1622623165337 2535.413000000002 363
1622623180740 2550.6850000000018 364
1622623196143 2565.967000000002 365
1622623210748 2580.450000000002 366
1622623225193 2594.774000000002 367
1622623240572 2610.032000000002 368
1622623256125 2625.456000000002 369
1622623270442 2639.586000000002 370
1622623285545 2654.564000000002 371
1622623300737 2669.629000000002 372
1622623315894 2684.658000000002 373
1622623329658 2698.300000000002 374
1622623345511 2714.031000000002 375
1622623360391 2728.789000000002 376
1622623374222 2742.496000000002 377
1622623388384 2756.532000000002 378
1622623403214 2771.230000000002 379
1622623418590 2786.3970000000018 380
1622623434548 2802.228000000002 381
1622623448849 2816.382000000002 382
1622623463596 2830.999000000002 383
1622623478546 2845.8260000000023 384
1622623494253 2861.401000000002 385
1622623510056 2877.005000000002 386
1622623526477 2893.298000000002 387
1622623540757 2907.4440000000022 388
1622623555007 2921.5700000000024 389
1622623569380 2935.8180000000025 390
1622623583776 2950.0900000000024 391
1622623598415 2964.6070000000022 392
1622623614001 2980.0630000000024 393
1622623630007 2995.9400000000023 394
1622623646655 3012.4610000000025 395
1622623661268 3026.9460000000026 396
1622623676713 3042.2680000000028 397
1622623691605 3057.0370000000025 398
1622623710710 3076.0200000000027 399
1622623725397 3090.5820000000026 400
1622623742985 3108.036000000003 401
1622623758668 3123.592000000003 402
1622623775156 3139.9570000000026 403
1622623790647 3155.3270000000025 404
1622623805489 3170.0500000000025 405
1622623822031 3186.4720000000025 406
1622623837379 3201.6970000000024 407
1622623854164 3218.3580000000024 408
1622623871809 3235.8830000000025 409
1622623888374 3252.3270000000025 410
1622623904244 3268.0730000000026 411
1622623920201 3283.8970000000027 412
1622623936314 3299.8860000000027 413
1622623952332 3315.782000000003 414
1622623968701 3332.0310000000027 415
1622623985440 3348.6490000000026 416
1622624000651 3363.7420000000025 417
1622624016561 3379.5300000000025 418
1622624032178 3395.0240000000026 419
1622624049744 3412.4640000000027 420
1622624065346 3427.9420000000027 421
1622624080880 3443.3540000000025 422
1622624096620 3458.9390000000026 423
1622624115355 3477.5440000000026 424
1622624131982 3494.0420000000026 425
1622624147637 3509.5770000000025 426
1622624165265 3527.0780000000027 427
1622624181764 3543.4550000000027 428
1622624197565 3559.1340000000027 429
1622624216025 3577.461000000003 430
1622624232618 3593.848000000003 431
1622624249397 3610.499000000003 432
1622624266230 3627.213000000003 433
1622624282305 3643.157000000003 434
1622624298214 3658.943000000003 435
1622624315210 3675.820000000003 436
1622624331127 3691.617000000003 437
1622624347156 3707.526000000003 438
1622624363229 3723.477000000003 439
1622624382112 3742.238000000003 440
1622624399828 3759.792000000003 441
1622624416960 3776.803000000003 442
1622624433221 3792.943000000003 443
1622624452776 3812.379000000003 444
1622624469073 3828.557000000003 445
1622624486068 3845.4310000000028 446
1622624506203 3865.432000000003 447
1622624522689 3881.795000000003 448
1622624541324 3900.3080000000027 449
1622624559343 3918.1960000000026 450
1622624578018 3936.7000000000025 451
1622624596021 3954.4510000000028 452
1622624613010 3971.3140000000026 453
1622624630842 3989.0210000000025 454
1622624647498 4005.5530000000026 455
1622624666950 4024.8840000000027 456
1622624685499 4043.3030000000026 457
1622624702206 4059.8890000000024 458
1622624718890 4076.4530000000022 459
1622624736684 4094.1250000000023 460
1622624756340 4113.656000000003 461
1622624773054 4130.248000000002 462
1622624792182 4149.252000000002 463
1622624810891 4167.832000000002 464
1622624830480 4187.292000000002 465
1622624848623 4205.274000000002 466
1622624867134 4223.663000000002 467
1622624886893 4243.295000000002 468
1622624905293 4261.558000000002 469
1622624923450 4279.582000000002 470
1622624941491 4297.495000000002 471
1622624960889 4316.767000000002 472
1622624980011 4335.757000000001 473
1622624998182 4353.807000000002 474
1622625017193 4372.697000000002 475
1622625036085 4391.463000000002 476
1622625054029 4409.283000000001 477
1622625072433 4427.566000000002 478
1622625092468 4447.475000000001 479
1622625111110 4465.988000000001 480
1622625129550 4484.300000000001 481
1622625148889 4503.491000000001 482
1622625167980 4522.461000000001 483
1622625185753 4540.106000000002 484
1622625203475 4557.706000000002 485
1622625222753 4576.863000000002 486
1622625241359 4595.349000000002 487
1622625260764 4614.629000000002 488
1622625279380 4633.123000000001 489
1622625297320 4650.942000000002 490
1622625315409 4668.910000000002 491
1622625334365 4687.743000000001 492
1622625355754 4709.011000000001 493
1622625374814 4727.9450000000015 494
1622625395187 4748.199000000001 495
1622625413939 4766.832000000001 496
1622625433324 4786.083000000001 497
1622625453778 4806.338000000002 498
1622625473692 4826.123000000001 499
1622625491947 4844.254000000002 500
