1622743663259 0.374 0
1622743663838 0.456 1
1622743664388 0.533 2
1622743664991 0.611 3
1622743665617 0.689 4
1622743666245 0.7659999999999999 5
1622743666899 0.8419999999999999 6
1622743667580 0.9179999999999998 7
1622743668306 0.9939999999999998 8
1622743669073 1.0679999999999998 9
1622743669872 1.1429999999999998 10
1622743671062 1.2169999999999999 11
1622743672460 1.3709999999999998 12
1622743673389 1.4489999999999998 13
1622743674327 1.525 14
1622743675325 1.599 15
1622743676364 1.674 16
1622743677409 1.7489999999999999 17
1622743678491 1.8239999999999998 18
1622743679626 1.8989999999999998 19
1622743680786 1.9739999999999998 20
1622743681976 2.049 21
1622743683203 2.124 22
1622743684466 2.1990000000000003 23
1622743685757 2.2750000000000004 24
1622743687086 2.3520000000000003 25
1622743688465 2.4270000000000005 26
1622743689871 2.5020000000000007 27
1622743691293 2.577000000000001 28
1622743692776 2.653000000000001 29
1622743694299 2.728000000000001 30
1622743695841 2.802000000000001 31
1622743697424 2.877000000000001 32
1622743699029 2.951000000000001 33
1622743700679 3.025000000000001 34
1622743702355 3.100000000000001 35
1622743704097 3.175000000000001 36
1622743705856 3.2500000000000013 37
1622743707665 3.3260000000000014 38
1622743709494 3.4020000000000015 39
1622743711374 3.4780000000000015 40
1622743713265 3.5530000000000017 41
1622743715220 3.628000000000002 42
1622743717226 3.703000000000002 43
1622743719246 3.7780000000000022 44
1622743721320 3.8530000000000024 45
1622743723403 3.9290000000000025 46
1622743725517 4.004000000000002 47
1622743727675 4.079000000000002 48
1622743729836 4.155000000000002 49
1622743732085 4.231000000000002 50
1622743734323 4.306000000000002 51
1622743736650 4.381000000000002 52
1622743738987 4.456000000000002 53
1622743741376 4.531000000000002 54
1622743743790 4.6060000000000025 55
1622743746218 4.681000000000003 56
1622743748717 4.756000000000003 57
1622743751172 4.8320000000000025 58
1622743753704 4.907000000000003 59
1622743756299 4.982000000000003 60
1622743758926 5.0580000000000025 61
1622743761580 5.133000000000003 62
1622743764308 5.209000000000002 63
1622743767019 5.2840000000000025 64
1622743770738 5.358000000000002 65
1622743773734 5.437000000000002 66
1622743776565 5.5180000000000025 67
1622743779408 5.593000000000003 68
1622743782309 5.668000000000003 69
1622743785846 5.744000000000002 70
1622743789837 5.8720000000000026 71
1622743792869 5.946000000000002 72
1622743796015 6.021000000000003 73
1622743799959 6.165000000000003 74
1622743803118 6.244000000000002 75
1622743807062 6.319000000000003 76
1622743811154 6.395000000000002 77
1622743814415 6.469000000000002 78
1622743817681 6.544000000000002 79
1622743821017 6.619000000000002 80
1622743824416 6.694000000000003 81
1622743827809 6.7680000000000025 82
1622743831214 6.844000000000002 83
1622743834686 6.919000000000002 84
1622743838150 6.996000000000002 85
1622743841658 7.070000000000002 86
1622743845223 7.145000000000002 87
1622743848800 7.220000000000002 88
1622743852444 7.295000000000003 89
1622743856617 7.3720000000000026 90
1622743861462 7.5100000000000025 91
1622743865237 7.585000000000003 92
1622743869365 7.662000000000003 93
1622743874522 7.8000000000000025 94
1622743878374 7.874000000000002 95
1622743882265 7.950000000000002 96
1622743886219 8.025000000000002 97
1622743890125 8.100000000000001 98
1622743894097 8.175 99
1622743898129 8.25 100
1622743902475 8.327 101
1622743907295 8.402 102
1622743913324 8.524 103
1622743917489 8.598999999999998 104
1622743921716 8.674999999999999 105
1622743925998 8.749999999999998 106
1622743930264 8.824999999999998 107
1622743934576 8.900999999999998 108
1622743939762 8.976999999999999 109
1622743944093 9.051999999999998 110
1622743948559 9.127999999999998 111
1622743953653 9.203999999999999 112
1622743958122 9.283999999999999 113
1622743962726 9.36 114
1622743967301 9.434999999999999 115
1622743971902 9.511 116
1622743977683 9.585999999999999 117
1622743982781 9.723999999999998 118
1622743988346 9.798999999999998 119
1622743993962 9.873999999999997 120
1622743998749 9.947999999999997 121
1622744003569 10.022999999999996 122
1622744009435 10.097999999999995 123
1622744014262 10.171999999999995 124
1622744019189 10.246999999999995 125
1622744024094 10.321999999999994 126
1622744029057 10.396999999999993 127
1622744034034 10.470999999999993 128
1622744039045 10.545999999999992 129
1622744044066 10.620999999999992 130
1622744049188 10.696999999999992 131
1622744055276 10.771999999999991 132
1622744061401 10.868999999999991 133
1622744066614 10.94399999999999 134
1622744071853 11.01899999999999 135
1622744077106 11.093999999999989 136
1622744082449 11.168999999999988 137
1622744087875 11.243999999999987 138
1622744093288 11.318999999999987 139
1622744098770 11.392999999999986 140
1622744104332 11.467999999999986 141
1622744109869 11.543999999999986 142
1622744115402 11.617999999999986 143
1622744121013 11.692999999999985 144
1622744126637 11.767999999999985 145
1622744132337 11.841999999999985 146
1622744138055 11.916999999999984 147
1622744143809 11.991999999999983 148
1622744149607 12.066999999999982 149
1622744155440 12.141999999999982 150
1622744161293 12.216999999999981 151
1622744167368 12.29199999999998 152
1622744173554 12.373999999999981 153
1622744179540 12.449999999999982 154
1622744185571 12.525999999999982 155
1622744191680 12.600999999999981 156
1622744197749 12.67599999999998 157
1622744203913 12.75099999999998 158
1622744210085 12.82599999999998 159
1622744216349 12.90199999999998 160
1622744222614 12.97799999999998 161
1622744228929 13.05499999999998 162
1622744235221 13.13099999999998 163
1622744241544 13.20799999999998 164
1622744247952 13.283999999999981 165
1622744255520 13.359999999999982 166
1622744261934 13.434999999999981 167
1622744268468 13.510999999999981 168
1622744274985 13.586999999999982 169
1622744281589 13.662999999999982 170
1622744288275 13.737999999999982 171
1622744295817 13.812999999999981 172
1622744302525 13.88799999999998 173
1622744309249 13.96299999999998 174
1622744316012 14.03999999999998 175
1622744322752 14.114999999999979 176
1622744330361 14.189999999999978 177
1622744338309 14.263999999999978 178
1622744345242 14.343999999999978 179
1622744352162 14.419999999999979 180
1622744359114 14.494999999999978 181
1622744366052 14.571999999999978 182
1622744373936 14.647999999999978 183
1622744380972 14.721999999999978 184
1622744388531 14.796999999999978 185
1622744398875 14.896999999999977 186
1622744406549 15.024999999999977 187
1622744413796 15.099999999999977 188
1622744421011 15.174999999999976 189
1622744428226 15.249999999999975 190
1622744435535 15.324999999999974 191
1622744442879 15.399999999999974 192
1622744451104 15.474999999999973 193
1622744458549 15.549999999999972 194
1622744466034 15.626999999999972 195
1622744473508 15.700999999999972 196
1622744482066 15.776999999999973 197
1622744490521 15.855999999999973 198
1622744500108 15.930999999999973 199
1622744508094 16.01099999999997 200
1622744516226 16.08599999999997 201
1622744524973 16.16699999999997 202
1622744533032 16.30599999999997 203
1622744540885 16.38099999999997 204
1622744549626 16.45699999999997 205
1622744558047 16.53299999999997 206
1622744568359 16.60799999999997 207
1622744576778 16.746999999999968 208
1622744585507 16.821999999999967 209
1622744593555 16.896999999999966 210
1622744601632 16.971999999999966 211
1622744609732 17.046999999999965 212
1622744617846 17.122999999999966 213
1622744626883 17.198999999999966 214
1622744636480 17.272999999999968 215
1622744646400 17.41299999999997 216
1622744654645 17.487999999999968 217
1622744662948 17.563999999999968 218
1622744671313 17.638999999999967 219
1622744679629 17.714999999999968 220
1622744688048 17.789999999999967 221
1622744696483 17.86399999999997 222
1622744704921 17.938999999999968 223
1622744713441 18.01499999999997 224
1622744722912 18.09099999999997 225
1622744732639 18.16899999999997 226
1622744742153 18.24499999999997 227
1622744750725 18.31999999999997 228
1622744760359 18.394999999999968 229
1622744770288 18.469999999999967 230
1622744780795 18.552999999999965 231
1622744789576 18.627999999999965 232
1622744798435 18.702999999999964 233
1622744807218 18.777999999999963 234
1622744816111 18.852999999999962 235
1622744825146 18.92799999999996 236
1622744834170 19.003999999999962 237
1622744843146 19.07899999999996 238
1622744853214 19.15399999999996 239
1622744862709 19.22999999999996 240
1622744871843 19.305999999999962 241
1622744880893 19.38099999999996 242
1622744890071 19.45699999999996 243
1622744900663 19.530999999999963 244
1622744912206 19.611999999999963 245
1622744921452 19.686999999999962 246
1622744931685 19.76199999999996 247
1622744941089 19.83699999999996 248
1622744950499 19.91199999999996 249
1622744960006 19.98699999999996 250
1622744969698 20.06299999999996 251
1622744979783 20.20299999999996 252
1622744989291 20.27799999999996 253
1622744998873 20.35299999999996 254
1622745009444 20.42899999999996 255
1622745020102 20.50599999999996 256
1622745029969 20.58199999999996 257
1622745039931 20.66299999999996 258
1622745050628 20.73799999999996 259
1622745060434 20.81299999999996 260
1622745070266 20.88699999999996 261
1622745080148 20.962999999999962 262
1622745090005 21.03799999999996 263
1622745099911 21.11299999999996 264
1622745109920 21.18899999999996 265
1622745119957 21.26399999999996 266
1622745130006 21.33999999999996 267
1622745140000 21.413999999999962 268
1622745150038 21.48899999999996 269
1622745160167 21.56399999999996 270
1622745170268 21.63899999999996 271
1622745180468 21.71499999999996 272
1622745190774 21.788999999999962 273
1622745201100 21.86399999999996 274
1622745213240 21.940999999999963 275
1622745224893 22.025999999999964 276
1622745235373 22.100999999999964 277
1622745245822 22.176999999999964 278
1622745257312 22.253999999999966 279
1622745267913 22.333999999999964 280
1622745278482 22.409999999999965 281
1622745290787 22.484999999999964 282
1622745301910 22.625999999999962 283
1622745312566 22.70099999999996 284
1622745323256 22.77599999999996 285
1622745334564 22.85199999999996 286
1622745346534 22.99099999999996 287
1622745357504 23.06699999999996 288
1622745368456 23.143999999999963 289
1622745379439 23.219999999999963 290
1622745390610 23.295999999999964 291
1622745401712 23.375999999999962 292
1622745412836 23.451999999999963 293
1622745423924 23.527999999999963 294
1622745434966 23.603999999999964 295
1622745446414 23.677999999999965 296
1622745458412 23.816999999999965 297
1622745470406 23.893999999999966 298
1622745482844 23.968999999999966 299
1622745494097 24.042999999999967 300
1622745505464 24.120999999999967 301
1622745518579 24.195999999999966 302
1622745530118 24.271999999999966 303
1622745541523 24.347999999999967 304
1622745552930 24.422999999999966 305
1622745564407 24.498999999999967 306
1622745577950 24.57299999999997 307
1622745589407 24.64899999999997 308
1622745601009 24.72299999999997 309
1622745614287 24.79799999999997 310
1622745626097 24.88799999999997 311
1622745638686 24.96299999999997 312
1622745650366 25.03899999999997 313
1622745662067 25.11599999999997 314
1622745674802 25.19099999999997 315
1622745687502 25.26699999999997 316
1622745699403 25.340999999999973 317
1622745711222 25.415999999999972 318
1622745723054 25.49099999999997 319
1622745734953 25.56599999999997 320
1622745746941 25.639999999999972 321
1622745761153 25.715999999999973 322
1622745775389 25.82799999999997 323
1622745787468 25.904999999999973 324
1622745799579 25.980999999999973 325
1622745811703 26.055999999999973 326
1622745823918 26.130999999999972 327
1622745836182 26.204999999999973 328
1622745848483 26.278999999999975 329
1622745860778 26.352999999999977 330
1622745873086 26.427999999999976 331
1622745885452 26.502999999999975 332
1622745897849 26.579999999999977 333
1622745910349 26.65399999999998 334
1622745922805 26.728999999999978 335
1622745935327 26.80499999999998 336
1622745947912 26.879999999999978 337
1622745960558 26.95399999999998 338
1622745973240 27.02899999999998 339
1622745985874 27.103999999999978 340
1622745998570 27.17999999999998 341
1622746011275 27.25399999999998 342
1622746024038 27.32899999999998 343
1622746036882 27.40299999999998 344
1622746049789 27.47799999999998 345
1622746062717 27.55299999999998 346
1622746075603 27.62799999999998 347
1622746089692 27.702999999999978 348
1622746102629 27.777999999999977 349
1622746115747 27.852999999999977 350
1622746128852 27.927999999999976 351
1622746141964 28.002999999999975 352
1622746156045 28.077999999999975 353
1622746169191 28.152999999999974 354
1622746183515 28.227999999999973 355
1622746197664 28.302999999999972 356
1622746210996 28.37799999999997 357
1622746224351 28.453999999999972 358
1622746239058 28.52899999999997 359
1622746252498 28.60399999999997 360
1622746265859 28.67899999999997 361
1622746279257 28.75299999999997 362
1622746292755 28.82799999999997 363
1622746306209 28.90299999999997 364
1622746319804 28.976999999999972 365
1622746333370 29.05199999999997 366
1622746347013 29.12699999999997 367
1622746360727 29.20199999999997 368
1622746374432 29.27699999999997 369
1622746388193 29.35099999999997 370
1622746402779 29.424999999999972 371
1622746417570 29.498999999999974 372
1622746431542 29.574999999999974 373
1622746445448 29.648999999999976 374
1622746459300 29.724999999999977 375
1622746473332 29.798999999999978 376
1622746489149 29.873999999999977 377
1622746503182 29.955999999999978 378
1622746518039 30.030999999999977 379
1622746532154 30.106999999999978 380
1622746547231 30.181999999999977 381
1622746561937 30.320999999999977 382
1622746576205 30.39499999999998 383
1622746590541 30.469999999999978 384
1622746604802 30.544999999999977 385
1622746619105 30.619999999999976 386
1622746634328 30.694999999999975 387
1622746648759 30.770999999999976 388
1622746664376 30.845999999999975 389
1622746678902 30.921999999999976 390
1622746693389 30.996999999999975 391
1622746707848 31.070999999999977 392
1622746722389 31.145999999999976 393
1622746738183 31.220999999999975 394
1622746753376 31.307999999999975 395
1622746768125 31.383999999999975 396
1622746783809 31.459999999999976 397
1622746798646 31.534999999999975 398
1622746814636 31.608999999999977 399
1622746829591 31.70899999999998 400
1622746844588 31.812999999999978 401
1622746859544 31.88699999999998 402
1622746874509 31.96099999999998 403
1622746889411 32.03499999999998 404
1622746904478 32.10899999999998 405
1622746919572 32.18399999999998 406
1622746934714 32.258999999999986 407
1622746951236 32.33399999999999 408
1622746966450 32.40999999999999 409
1622746981689 32.48499999999999 410
1622746996944 32.55899999999999 411
1622747013735 32.63299999999999 412
1622747029031 32.70899999999999 413
1622747044462 32.78399999999999 414
1622747059921 32.85799999999999 415
1622747075272 32.93299999999999 416
1622747090729 33.007999999999996 417
1622747106177 33.083 418
1622747121716 33.158 419
1622747137291 33.233000000000004 420
1622747154780 33.30800000000001 421
1622747172324 33.38300000000001 422
1622747188152 33.45800000000001 423
1622747203908 33.53400000000001 424
1622747219773 33.60800000000001 425
1622747235615 33.68400000000001 426
1622747251410 33.76000000000001 427
1622747267316 33.83600000000001 428
1622747283234 33.911000000000016 429
1622747299220 33.985000000000014 430
1622747315201 34.061000000000014 431
1622747331928 34.13600000000002 432
1622747348628 34.250000000000014 433
1622747365457 34.32400000000001 434
1622747381536 34.39800000000001 435
1622747397655 34.47300000000001 436
1622747413805 34.548000000000016 437
1622747430058 34.62300000000002 438
1622747446386 34.69800000000002 439
1622747464572 34.77400000000002 440
1622747480852 34.849000000000025 441
1622747497174 34.92400000000003 442
1622747513594 34.99900000000003 443
1622747532523 35.074000000000034 444
1622747550020 35.15400000000003 445
1622747566841 35.28800000000003 446
1622747584982 35.36200000000003 447
1622747604985 35.43800000000003 448
1622747622044 35.513000000000034 449
1622747639228 35.65200000000004 450
1622747656323 35.72700000000004 451
1622747673179 35.80500000000004 452
1622747689817 35.880000000000045 453
1622747706571 35.95500000000005 454
1622747723329 36.029000000000046 455
1622747741028 36.103000000000044 456
1622747758819 36.18100000000005 457
1622747778148 36.25600000000005 458
1622747794960 36.33100000000005 459
1622747812013 36.40500000000005 460
1622747829040 36.480000000000054 461
1622747847130 36.556000000000054 462
1622747864148 36.632000000000055 463
1622747881278 36.70700000000006 464
1622747898389 36.781000000000056 465
1622747915631 36.85600000000006 466
1622747932967 36.93000000000006 467
1622747950207 37.004000000000055 468
1622747968198 37.07800000000005 469
1622747987496 37.214000000000055 470
1622748004965 37.28900000000006 471
1622748022396 37.36400000000006 472
1622748040134 37.43800000000006 473
1622748057692 37.51400000000006 474
1622748076916 37.58900000000006 475
1622748095265 37.66600000000006 476
1622748112850 37.74000000000006 477
1622748130327 37.81500000000006 478
1622748148824 37.890000000000065 479
1622748166462 37.963000000000065 480
1622748184185 38.03700000000006 481
1622748202803 38.11100000000006 482
1622748222099 38.26300000000006 483
1622748240963 38.34000000000006 484
1622748258764 38.41400000000006 485
1622748276815 38.488000000000056 486
1622748296501 38.62500000000006 487
1622748314495 38.70000000000006 488
1622748332517 38.77500000000006 489
1622748350619 38.850000000000065 490
1622748368795 38.92500000000007 491
1622748386945 38.999000000000066 492
1622748405963 39.073000000000064 493
1622748424072 39.14700000000006 494
1622748442965 39.22000000000006 495
1622748461144 39.29400000000006 496
1622748479310 39.36800000000006 497
1622748497473 39.44300000000006 498
1622748515839 39.51700000000006 499
1622748534042 39.59100000000006 500
