1622762495522 57 0
1622762497055 57 1
1622762498958 57 2
1622762501197 57 3
1622762503788 57 4
1622762506725 57 5
1622762510017 57 6
1622762513677 57 7
1622762517690 57 8
1622762522047 57 9
1622762526736 57 10
1622762531891 57 11
1622762537309 57 12
1622762543120 57 13
1622762549241 57 14
1622762555760 57 15
1622762562646 57 16
1622762569910 57 17
1622762577523 57 18
1622762585455 57 19
1622762593733 57 20
1622762602382 57 21
1622762611479 57 22
1622762620924 57 23
1622762630699 57 24
1622762640924 57 25
1622762651482 57 26
1622762662405 57 27
1622762673698 57 28
1622762685354 57 29
1622762697332 57 30
1622762709685 57 31
1622762722318 57 32
1622762735331 57 33
1622762748705 57 34
1622762762403 57 35
1622762776487 57 36
1622762790935 57 37
1622762805640 57 38
1622762820812 57 39
1622762836264 57 40
1622762852138 57 41
1622762868317 57 42
1622762884921 57 43
1622762901888 57 44
1622762919182 57 45
1622762936842 57 46
1622762954906 57 47
1622762973381 57 48
1622762992192 57 49
1622763011365 57 50
1622763030841 57 51
1622763050610 57 52
1622763070846 57 53
1622763091407 57 54
1622763112272 57 55
1622763133567 57 56
1622763155421 57 57
1622763177534 57 58
1622763199825 57 59
1622763222562 57 60
1622763245621 57 61
1622763269062 57 62
1622763292980 57 63
1622763317221 57 64
1622763341985 57 65
1622763366991 57 66
1622763392288 57 67
1622763417987 57 68
1622763443827 57 69
1622763470167 57 70
1622763496991 57 71
1622763524113 57 72
1622763551539 57 73
1622763579310 57 74
1622763607347 57 75
1622763635833 57 76
1622763664779 57 77
1622763694328 57 78
1622763724064 57 79
1622763754182 57 80
1622763784506 57 81
1622763815410 57 82
1622763846787 57 83
1622763878328 57 84
1622763910255 57 85
1622763942661 57 86
1622763975258 57 87
1622764008426 57 88
1622764041911 57 89
1622764075612 57 90
1622764109444 57 91
1622764143928 57 92
1622764178841 57 93
1622764214261 57 94
1622764249767 57 95
1622764285788 57 96
1622764322353 57 97
1622764359471 57 98
1622764396926 57 99
1622764434274 57 100
1622764472027 57 101
1622764510034 57 102
1622764548406 57 103
1622764587062 57 104
1622764626112 57 105
1622764665629 57 106
1622764705455 57 107
1622764745563 57 108
1622764785920 57 109
1622764826833 57 110
1622764868056 57 111
1622764909475 57 112
1622764951462 57 113
1622764993820 57 114
1622765036712 57 115
1622765079463 57 116
1622765122730 57 117
1622765166438 57 118
1622765210816 57 119
1622765255044 57 120
1622765299658 57 121
1622765344710 57 122
1622765390425 57 123
1622765436488 57 124
1622765482689 57 125
1622765529615 57 126
1622765577089 57 127
1622765624733 57 128
1622765672595 57 129
1622765720827 57 130
1622765769407 57 131
1622765818460 57 132
1622765867693 57 133
1622765917264 57 134
1622765967009 57 135
1622766017183 57 136
1622766068003 57 137
1622766119000 57 138
1622766170268 57 139
1622766221968 57 140
1622766274031 57 141
1622766326603 57 142
1622766380311 57 143
1622766433490 57 144
1622766487068 57 145
1622766540994 57 146
1622766595217 57 147
1622766649753 57 148
1622766705074 57 149
1622766760634 57 150
1622766816255 57 151
1622766872432 57 152
1622766929011 57 153
1622766985634 57 154
1622767042945 57 155
1622767100670 57 156
1622767158620 57 157
1622767216925 57 158
1622767275925 57 159
1622767335342 57 160
1622767395003 57 161
1622767455118 57 162
1622767515716 57 163
1622767576718 57 164
1622767637849 57 165
1622767699293 57 166
1622767760929 57 167
1622767822955 57 168
1622767885379 57 169
1622767948251 57 170
1622768011385 57 171
1622768075062 57 172
1622768138983 57 173
1622768203270 57 174
1622768268027 57 175
1622768333600 57 176
1622768398771 57 177
1622768464221 57 178
1622768530437 57 179
1622768596823 57 180
1622768663258 57 181
1622768729929 57 182
1622768797198 57 183
1622768864902 57 184
1622768933019 57 185
1622769001322 57 186
1622769070167 57 187
1622769139401 57 188
1622769208884 57 189
1622769279488 57 190
1622769349904 57 191
1622769420540 57 192
1622769491640 57 193
1622769562911 57 194
1622769634660 57 195
1622769706459 57 196
1622769778712 57 197
1622769851414 57 198
1622769924291 57 199
1622769998033 57 200
1622770072071 57 201
1622770146622 57 202
1622770222221 57 203
1622770297255 57 204
1622770372338 57 205
1622770447645 57 206
1622770523698 57 207
1622770599817 57 208
1622770676695 57 209
1622770754002 57 210
1622770831429 57 211
1622770909680 57 212
1622770988033 57 213
1622771066541 57 214
1622771145506 57 215
1622771224827 57 216
1622771304785 57 217
1622771385332 57 218
1622771465366 57 219
1622771546305 57 220
1622771626988 57 221
1622771708154 57 222
1622771789538 57 223
1622771871303 57 224
1622771954051 57 225
1622772037378 57 226
1622772120033 57 227
1622772203448 57 228
1622772287284 57 229
1622772371827 57 230
1622772456786 57 231
1622772541763 57 232
1622772627544 57 233
1622772713323 57 234
1622772799352 57 235
1622772885669 57 236
1622772972128 57 237
1622773059000 57 238
1622773146277 57 239
1622773234302 57 240
1622773322609 57 241
1622773411480 57 242
1622773500875 57 243
1622773591725 57 244
1622773681365 57 245
1622773771343 57 246
1622773861767 57 247
1622773952687 57 248
1622774044403 57 249
1622774136083 57 250
1622774229037 57 251
1622774321069 57 252
1622774413626 57 253
1622774506820 57 254
1622774599835 57 255
1622774693614 57 256
1622774787951 57 257
1622774882512 57 258
1622774977846 57 259
1622775073565 57 260
1622775169680 57 261
1622775267234 57 262
1622775363773 57 263
1622775460690 57 264
1622775558170 57 265
1622775655547 57 266
1622775753543 57 267
1622775851856 57 268
1622775950550 57 269
1622776049262 57 270
1622776148350 57 271
1622776247677 57 272
1622776347259 57 273
1622776447938 57 274
1622776548434 57 275
1622776649127 57 276
1622776750832 57 277
1622776852924 57 278
1622776955437 57 279
1622777058518 57 280
1622777161032 57 281
1622777264527 57 282
1622777368436 57 283
1622777472626 57 284
1622777577535 57 285
1622777682493 57 286
1622777787856 57 287
1622777893245 57 288
1622777999320 57 289
1622778106004 57 290
1622778213024 57 291
1622778320372 57 292
1622778428061 57 293
1622778536393 57 294
1622778645613 57 295
1622778753403 57 296
1622778861525 57 297
1622778970377 57 298
1622779079665 57 299
1622779189539 57 300
1622779299651 57 301
1622779409739 57 302
1622779521439 57 303
1622779632601 57 304
1622779744372 57 305
1622779855987 57 306
1622779967865 57 307
1622780080370 57 308
1622780192794 57 309
1622780305921 57 310
1622780419400 57 311
1622780533325 57 312
1622780647694 57 313
1622780763116 57 314
1622780877744 57 315
1622780993112 57 316
1622781109775 57 317
1622781225744 57 318
1622781343507 57 319
1622781460278 57 320
1622781577906 57 321
1622781695885 57 322
1622781814346 57 323
1622781932841 57 324
1622782051956 57 325
1622782171125 57 326
1622782291297 57 327
1622782410954 57 328
1622782530500 57 329
1622782650413 57 330
1622782771143 57 331
1622782891844 57 332
1622783012817 57 333
1622783134578 57 334
1622783256915 57 335
1622783379771 57 336
1622783502668 57 337
1622783625306 57 338
1622783748943 57 339
1622783873797 57 340
1622783998908 57 341
1622784123444 57 342
1622784248010 57 343
1622784372623 57 344
1622784497889 57 345
1622784623185 57 346
1622784749849 57 347
1622784876714 57 348
1622785005049 57 349
1622785133793 57 350
1622785262256 57 351
1622785390743 57 352
1622785519978 57 353
1622785649388 57 354
1622785779285 57 355
1622785909512 57 356
1622786039743 57 357
1622786171113 57 358
1622786302180 57 359
1622786433620 57 360
1622786565625 57 361
1622786698053 57 362
1622786833120 57 363
1622786968324 57 364
1622787103465 57 365
1622787239478 57 366
1622787375287 57 367
1622787511393 57 368
1622787647519 57 369
1622787783932 57 370
1622787920401 57 371
1622788056739 57 372
1622788194015 57 373
1622788331169 57 374
1622788467583 57 375
1622788605527 57 376
1622788742996 57 377
1622788881171 57 378
1622789019758 57 379
1622789158695 57 380
1622789298197 57 381
1622789437992 57 382
1622789578269 57 383
1622789719276 57 384
1622789860362 57 385
1622790001862 57 386
1622790144284 57 387
1622790286399 57 388
1622790429098 57 389
1622790572477 57 390
1622790716669 57 391
1622790860328 57 392
1622791003892 57 393
1622791148746 57 394
1622791292290 57 395
1622791436300 57 396
1622791580282 57 397
1622791726632 57 398
1622791872860 57 399
1622792019710 57 400
1622792167501 57 401
1622792314292 57 402
1622792461965 57 403
1622792609450 57 404
1622792757518 57 405
1622792905631 57 406
1622793053412 57 407
1622793203402 57 408
1622793354096 57 409
1622793504702 57 410
1622793654750 57 411
1622793805580 57 412
1622793957554 57 413
1622794110764 57 414
1622794264261 57 415
1622794416350 57 416
1622794568673 57 417
1622794720666 57 418
1622794874741 57 419
1622795027637 57 420
1622795181503 57 421
1622795335008 57 422
1622795489811 57 423
1622795645043 57 424
1622795801562 57 425
1622795957424 57 426
1622796114212 57 427
1622796271643 57 428
1622796429236 57 429
1622796586658 57 430
1622796745220 57 431
1622796904241 57 432
1622797062470 57 433
1622797222090 57 434
1622797381105 57 435
1622797540913 57 436
1622797700536 57 437
1622797860396 57 438
1622798021189 57 439
1622798183621 57 440
1622798344821 57 441
1622798506225 57 442
1622798668287 57 443
1622798830328 57 444
1622798993361 57 445
1622799156267 57 446
1622799319756 57 447
1622799483293 57 448
1622799647033 57 449
1622799811143 57 450
1622799975888 57 451
1622800140824 57 452
1622800303898 57 453
1622800467473 57 454
1622800633698 57 455
1622800800532 57 456
1622800967685 57 457
1622801135854 57 458
1622801304180 57 459
1622801472949 57 460
1622801642096 57 461
1622801812050 57 462
1622801982565 57 463
1622802153819 57 464
1622802324412 57 465
1622802495425 57 466
1622802666878 57 467
1622802838229 57 468
1622803011451 57 469
1622803183170 57 470
1622803353549 57 471
1622803525043 57 472
1622803697871 57 473
1622803871491 57 474
1622804044793 57 475
1622804218178 57 476
1622804391985 57 477
1622804566331 57 478
1622804741898 57 479
1622804917970 57 480
1622805092924 57 481
1622805268093 57 482
1622805444974 57 483
1622805622057 57 484
1622805799381 57 485
1622805977109 57 486
1622806155502 57 487
1622806333443 57 488
1622806513861 57 489
1622806694197 57 490
1622806874386 57 491
1622807056292 57 492
1622807238458 57 493
1622807419200 57 494
1622807600183 57 495
1622807781154 57 496
1622807962871 57 497
1622808144838 57 498
1622808327168 57 499
1622808510114 57 500
