1622803297581 0.02 0
1622803299759 1.905 1
1622803302028 1.991 2
1622803304518 2.21 3
1622803307144 2.344 4
1622803309876 2.457 5
1622803312761 2.609 6
1622803315825 2.786 7
1622803318974 2.874 8
1622803322320 3.069 9
1622803325894 3.298 10
1622803329594 3.426 11
1622803333457 3.588 12
1622803337436 3.702 13
1622803341587 3.873 14
1622803345943 4.079 15
1622803350432 4.212 16
1622803355062 4.351 17
1622803359844 4.506 18
1622803364873 4.752 19
1622803369916 4.767 20
1622803375284 5.094 21
1622803380882 5.319 22
1622803386453 5.294 23
1622803392325 5.597 24
1622803398170 5.568 25
1622803404327 5.881 26
1622803410585 5.982 27
1622803416964 6.103 28
1622803423518 6.277 29
1622803430297 6.503 30
1622803437242 6.67 31
1622803444485 6.966 32
1622803451677 6.917 33
1622803459032 7.079 34
1622803466547 7.237 35
1622803474282 7.457 36
1622803482106 7.547 37
1622803490079 7.698 38
1622803498196 7.84 39
1622803506518 8.047 40
1622803515058 8.264 41
1622803523722 8.388 42
1622803532651 8.653 43
1622803541796 8.87 44
1622803550939 8.866 45
1622803560086 8.869 46
1622803569714 9.349 47
1622803579477 9.488 48
1622803589281 9.528 49
1622803599229 9.672 50
1622803609371 9.866 51
1622803619618 9.97 52
1622803629940 10.047 53
1622803640641 10.425 54
1622803651342 10.423 55
1622803662337 10.718 56
1622803673528 10.915 57
1622803684685 10.88 58
1622803695870 10.911 59
1622803707127 10.982 60
1622803718621 11.22 61
1622803730391 11.497 62
1622803742344 11.679 63
1622803754445 11.827 64
1622803766724 11.998 65
1622803779047 12.048 66
1622803791589 12.268 67
1622803804313 12.448 68
1622803817241 12.653 69
1622803830478 12.962 70
1622803843577 12.825 71
1622803856979 13.127 72
1622803870586 13.333 73
1622803884087 13.226 74
1622803897817 13.456 75
1622803911891 13.8 76
1622803925827 13.662 77
1622803940065 13.963 78
1622803954467 14.13 79
1622803969129 14.387 80
1622803983797 14.396 81
1622803998793 14.72 82
1622804013774 14.707 83
1622804028945 14.895 84
1622804044348 15.128 85
1622804059770 15.15 86
1622804075511 15.468 87
1622804091357 15.571 88
1622804107307 15.675 89
1622804123644 16.063 90
1622804140013 16.095 91
1622804156528 16.241 92
1622804173234 16.429 93
1622804190077 16.57 94
1622804207039 16.686 95
1622804224082 16.768 96
1622804241313 16.955 97
1622804258887 17.301 98
1622804276359 17.196 99
1622804294144 17.513 100
1622804311991 17.569 101
1622804330022 17.757 102
1622804348161 17.865 103
1622804366532 18.097 104
1622804384740 17.936 105
1622804403459 18.441 106
1622804422261 18.527 107
1622804441275 18.739 108
1622804460401 18.85 109
1622804479757 19.081 110
1622804499455 19.42 111
1622804519214 19.485 112
1622804538877 19.389 113
1622804558897 19.745 114
1622804579152 19.981 115
1622804599331 19.905 116
1622804619541 19.937 117
1622804640118 20.304 118
1622804660879 20.487 119
1622804681762 20.607 120
1622804703071 21.034 121
1622804724213 20.869 122
1622804745817 21.33 123
1622804767348 21.258 124
1622804789148 21.527 125
1622804811133 21.709 126
1622804833150 21.742 127
1622804855427 22.002 128
1622804877812 22.109 129
1622804900447 22.359 130
1622804923047 22.324 131
1622804945946 22.624 132
1622804969015 22.795 133
1622804992248 22.958 134
1622805015546 23.025 135
1622805039019 23.198 136
1622805062739 23.445 137
1622805086683 23.669 138
1622805110609 23.65 139
1622805134650 23.764 140
1622805159137 24.212 141
1622805183559 24.146 142
1622805208090 24.257 143
1622805232886 24.522 144
1622805258002 24.841 145
1622805283023 24.742 146
1622805308279 24.981 147
1622805333703 25.149 148
1622805359218 25.241 149
1622805384866 25.373 150
1622805410518 25.378 151
1622805436400 25.604 152
1622805462555 25.881 153
1622805488948 26.121 154
1622805515129 25.908 155
1622805541625 26.221 156
1622805568522 26.621 157
1622805595399 26.601 158
1622805622551 26.877 159
1622805649612 26.788 160
1622805677122 27.234 161
1622805704578 27.181 162
1622805732431 27.577 163
1622805760571 27.864 164
1622805788525 27.68 165
1622805816601 27.801 166
1622805844977 28.102 167
1622805873625 28.373 168
1622805902096 28.198 169
1622805930909 28.536 170
1622805959870 28.684 171
1622805989124 28.979 172
1622806018406 29.008 173
1622806047921 29.242 174
1622806077377 29.182 175
1622806107232 29.581 176
1622806137348 29.841 177
1622806167753 30.131 178
1622806198048 30.02 179
1622806228734 30.41 180
1622806259299 30.291 181
1622806289793 30.221 182
1622806320803 30.736 183
1622806351733 30.655 184
1622806382625 30.619 185
1622806414212 31.31 186
1622806445796 31.308 187
1622806477507 31.436 188
1622806509461 31.681 189
1622806541320 31.585 190
1622806573598 32.004 191
1622806606065 32.192 192
1622806638718 32.38 193
1622806671265 32.273 194
1622806704151 32.612 195
1622806737145 32.718 196
1622806770267 32.847 197
1622806803577 33.036 198
1622806837233 33.381 199
1622806871118 33.61 200
1622806904808 33.415 201
1622806938720 33.637 202
1622806972699 33.705 203
1622807007000 34.028 204
1622807041379 34.104 205
1622807076010 34.357 206
1622807110849 34.567 207
1622807145796 34.675 208
1622807180743 34.672 209
1622807215826 34.807 210
1622807251178 35.078 211
1622807286557 35.105 212
1622807322167 35.336 213
1622807357940 35.497 214
1622807393939 35.724 215
1622807430081 35.866 216
1622807466212 35.856 217
1622807502847 36.358 218
1622807539483 36.362 219
1622807576314 36.554 220
1622807613104 36.517 221
1622807650503 37.124 222
1622807687936 37.157 223
1622807725757 37.545 224
1622807763478 37.446 225
1622807801471 37.719 226
1622807839750 38.003 227
1622807877892 37.868 228
1622807916243 38.075 229
1622807954723 38.207 230
1622807993459 38.46 231
1622808032061 38.326 232
1622808070992 38.655 233
1622808109998 38.731 234
1622808149206 38.93 235
1622808188314 38.83 236
1622808227797 39.21 237
1622808267323 39.251 238
1622808307280 39.681 239
1622808347254 39.698 240
1622808387341 39.812 241
1622808427892 40.274 242
1622808468383 40.218 243
1622808509178 40.518 244
1622808549885 40.433 245
1622808591235 41.076 246
1622808632290 40.781 247
1622808673391 40.824 248
1622808714567 40.902 249
1622808756108 41.267 250
1622808797933 41.551 251
1622808839981 41.771 252
1622808881921 41.665 253
1622808924095 41.898 254
1622808966314 41.944 255
1622809008947 42.358 256
1622809051844 42.622 257
1622809095007 42.886 258
1622809138143 42.86 259
1622809181127 42.708 260
1622809224432 43.03 261
1622809268364 43.658 262
1622809311825 43.187 263
1622809355983 43.885 264
1622809399996 43.738 265
1622809444067 43.792 266
1622809488172 43.83 267
1622809532471 44.024 268
1622809577111 44.366 269
1622809621976 44.589 270
1622809666956 44.704 271
1622809711833 44.603 272
1622809757298 45.19 273
1622809802546 44.973 274
1622809847929 45.109 275
1622809893426 45.223 276
1622809939209 45.508 277
1622809985148 45.665 278
1622810031280 45.855 279
1622810077657 46.104 280
1622810124336 46.403 281
1622810170912 46.3 282
1622810217557 46.37 283
1622810264700 46.869 284
1622810311603 46.629 285
1622810359037 47.157 286
1622810406546 47.235 287
1622810454165 47.344 288
1622810501723 47.283 289
1622810549583 47.584 290
1622810597528 47.668 291
1622810645570 47.766 292
1622810693765 47.918 293
1622810742138 48.098 294
1622810790598 48.185 295
1622810839163 48.291 296
1622810888172 48.735 297
1622810937090 48.644 298
1622810986230 48.866 299
1622811035684 49.178 300
1622811085150 49.19 301
1622811134840 49.415 302
1622811184580 49.466 303
1622811234864 50.006 304
1622811285328 50.188 305
1622811335689 50.087 306
1622811386141 50.177 307
1622811436825 50.411 308
1622811487654 50.555 309
1622811538427 50.5 310
1622811589684 50.98 311
1622811641051 51.095 312
1622811692636 51.309 313
1622811744375 51.464 314
1622811796046 51.397 315
1622811848059 51.736 316
1622811900185 51.851 317
1622811952314 51.853 318
1622812004941 52.352 319
1622812057484 52.268 320
1622812110252 52.493 321
1622812163113 52.587 322
1622812216216 52.827 323
1622812269790 53.3 324
1622812323185 53.12 325
1622812376728 53.269 326
1622812430425 53.422 327
1622812484448 53.749 328
1622812538539 53.811 329
1622812593245 54.433 330
1622812647806 54.285 331
1622812701888 53.807 332
1622812756350 54.189 333
1622812811120 54.496 334
1622812866282 54.884 335
1622812921357 54.8 336
1622812976694 55.062 337
1622813032239 55.271 338
1622813087759 55.246 339
1622813143348 55.316 340
1622813199411 55.788 341
1622813255757 56.07 342
1622813312275 56.243 343
1622813368772 56.223 344
1622813425432 56.386 345
1622813481921 56.216 346
1622813538939 56.743 347
1622813596069 56.852 348
1622813653611 57.269 349
1622813710927 57.039 350
1622813768511 57.309 351
1622813826485 57.698 352
1622813884678 57.92 353
1622813942773 57.82 354
1622814001486 58.436 355
1622814059776 58.014 356
1622814118463 58.412 357
1622814176955 58.217 358
1622814235617 58.388 359
1622814294674 58.778 360
1622814353787 58.838 361
1622814413171 59.109 362
1622814472591 59.145 363
1622814532298 59.432 364
1622814592107 59.535 365
1622814652166 59.785 366
1622814712345 59.904 367
1622814772762 60.145 368
1622814832881 59.847 369
1622814893429 60.274 370
1622814954023 60.32 371
1622815014724 60.425 372
1622815075810 60.81 373
1622815136756 60.67 374
1622815197949 60.917 375
1622815259465 61.242 376
1622815321304 61.562 377
1622815383067 61.489 378
1622815444898 61.556 379
1622815506880 61.706 380
1622815569314 62.16 381
1622815631907 62.315 382
1622815694615 62.431 383
1622815757250 62.36 384
1622815820433 62.908 385
1622815883543 62.836 386
1622815946786 62.969 387
1622816010078 63.018 388
1622816073621 63.269 389
1622816137521 63.626 390
1622816201486 63.689 391
1622816265638 63.876 392
1622816329871 63.959 393
1622816394414 64.271 394
1622816458889 64.196 395
1622816523300 64.137 396
1622816588147 64.571 397
1622816652942 64.52 398
1622816718160 64.94 399
1622816781750 63.32 400
1622816845365 63.342 401
1622816908728 63.092 402
1622816972513 63.514 403
1622817036456 63.671 404
1622817100226 63.501 405
1622817164391 63.892 406
1622817228622 63.951 407
1622817293122 64.229 408
1622817357355 63.962 409
1622817421712 64.085 410
1622817486537 64.555 411
1622817551307 64.499 412
1622817616504 64.926 413
1622817681931 65.156 414
1622817747293 65.092 415
1622817813111 65.548 416
1622817879174 65.792 417
1622817944970 65.522 418
1622818010949 65.709 419
1622818076894 65.673 420
1622818143414 66.248 421
1622818210194 66.511 422
1622818276974 66.507 423
1622818343977 66.732 424
1622818410858 66.611 425
1622818477958 66.828 426
1622818544853 66.625 427
1622818612205 67.081 428
1622818679494 67.019 429
1622818746842 67.08 430
1622818815066 67.95 431
1622818882781 67.444 432
1622818951077 68.026 433
1622819019221 67.873 434
1622819087771 68.281 435
1622819156461 68.421 436
1622819225044 68.312 437
1622819293960 68.647 438
1622819362852 68.615 439
1622819431859 68.737 440
1622819501049 68.919 441
1622819571022 69.704 442
1622819640902 69.61 443
1622819710902 69.73 444
1622819781068 69.895 445
1622819851235 69.896 446
1622819921630 70.126 447
1622819991742 69.841 448
1622820062376 70.363 449
1622820133607 70.959 450
1622820204530 70.654 451
1622820275477 70.679 452
1622820346906 71.156 453
1622820418691 71.513 454
1622820490462 71.5 455
1622820562402 71.667 456
1622820634524 71.851 457
1622820706541 71.746 458
1622820778929 72.118 459
1622820851323 72.123 460
1622820923802 72.208 461
1622820996168 72.095 462
1622821069338 72.897 463
1622821142527 72.921 464
1622821215273 72.474 465
1622821288307 72.763 466
1622821361797 73.219 467
1622821435133 73.064 468
1622821509105 73.702 469
1622821582474 73.099 470
1622821656285 73.541 471
1622821730264 73.71 472
1622821804778 74.245 473
1622821878951 73.902 474
1622821953300 74.078 475
1622822028292 74.721 476
1622822102967 74.402 477
1622822178140 74.902 478
1622822252920 74.508 479
1622822328175 74.981 480
1622822403868 75.424 481
1622822479565 75.426 482
1622822555588 75.749 483
1622822631447 75.589 484
1622822707415 75.697 485
1622822783959 76.272 486
1622822860386 76.156 487
1622822937223 76.567 488
1622823013965 76.471 489
1622823092793 78.552 490
1622823170823 77.757 491
1622823250480 79.385 492
1622823329600 78.848 493
1622823409487 79.614 494
1622823488014 78.257 495
1622823567817 79.533 496
1622823646957 78.87 497
1622823727226 79.996 498
1622823806401 78.903 499
1622823886742 80.068 500
