1622615818547 0.94313587677067 0
1622615819154 0.9417462178342805 1
1622615819729 0.9418582949428659 2
1622615820313 0.9418582949428659 3
1622615820947 0.9418582949428659 4
1622615821607 0.9418582949428659 5
1622615822307 0.9418582949428659 6
1622615823049 0.9418582949428659 7
1622615823846 0.9418582949428659 8
1622615824668 0.9418582949428659 9
1622615825509 0.9418582949428659 10
1622615826413 0.9418582949428659 11
1622615827322 0.9418582949428659 12
1622615828297 0.9418582949428659 13
1622615829286 0.9418582949428659 14
1622615830323 0.9418582949428659 15
1622615831402 0.9418582949428659 16
1622615832498 0.9418582949428659 17
1622615833627 0.9418582949428659 18
1622615834860 0.9418582949428659 19
1622615836150 0.9418582949428659 20
1622615837458 0.9418582949428659 21
1622615838803 0.9418582949428659 22
1622615840201 0.9418582949428659 23
1622615841644 0.9418582949428659 24
1622615843074 0.9418582949428659 25
1622615844544 0.9418582949428659 26
1622615846126 0.9418582949428659 27
1622615847712 0.9418582949428659 28
1622615849248 0.9418582949428659 29
1622615850812 0.9418582949428659 30
1622615852407 0.9418582949428659 31
1622615854068 0.9418582949428659 32
1622615855837 0.9418582949428659 33
1622615857608 0.9418582949428659 34
1622615859430 0.9418582949428659 35
1622615861304 0.9418582949428659 36
1622615863808 0.9418582949428659 37
1622615865640 0.9418582949428659 38
1622615867515 0.9418582949428659 39
1622615869410 0.9418582949428659 40
1622615871392 0.9418582949428659 41
1622615873368 0.9418582949428659 42
1622615875401 0.9418582949428659 43
1622615878298 0.9418582949428659 44
1622615880379 0.9418582949428659 45
1622615882511 0.9418582949428659 46
1622615884665 0.9418582949428659 47
1622615886863 0.9418582949428659 48
1622615889108 0.9418582949428659 49
1622615891329 0.9418582949428659 50
1622615893622 0.9418582949428659 51
1622615895964 0.9418582949428659 52
1622615898316 0.9418582949428659 53
1622615900678 0.9418582949428659 54
1622615903122 0.9418582949428659 55
1622615905719 0.9418582949428659 56
1622615908242 0.9418582949428659 57
1622615910797 0.9418582949428659 58
1622615913374 0.9418582949428659 59
1622615915997 0.9418582949428659 60
1622615918646 0.9418582949428659 61
1622615922219 0.9418582949428659 62
1622615924989 0.9418582949428659 63
1622615927803 0.9418582949428659 64
1622615930663 0.9418582949428659 65
1622615933500 0.9418582949428659 66
1622615936353 0.9418582949428659 67
1622615939261 0.9418582949428659 68
1622615942210 0.9418582949428659 69
1622615945165 0.9418582949428659 70
1622615948194 0.9418582949428659 71
1622615951267 0.9418582949428659 72
1622615954359 0.9418582949428659 73
1622615957483 0.9418582949428659 74
1622615960667 0.9418582949428659 75
1622615963862 0.9418582949428659 76
1622615967061 0.9418582949428659 77
1622615970341 0.9418582949428659 78
1622615973615 0.9418582949428659 79
1622615977012 0.9418582949428659 80
1622615980420 0.9418582949428659 81
1622615983804 0.9418582949428659 82
1622615987273 0.9418582949428659 83
1622615990781 0.9418582949428659 84
1622615994314 0.9418582949428659 85
1622615997839 0.9418582949428659 86
1622616001440 0.9418582949428659 87
1622616005082 0.9418582949428659 88
1622616008723 0.9418582949428659 89
1622616012434 0.9418582949428659 90
1622616016149 0.9418582949428659 91
1622616019911 0.9418582949428659 92
1622616023728 0.9418582949428659 93
1622616027598 0.9418582949428659 94
1622616031465 0.9418582949428659 95
1622616035379 0.9418582949428659 96
1622616039317 0.9418582949428659 97
1622616043277 0.9418582949428659 98
1622616047273 0.9418582949428659 99
1622616051338 0.9418582949428659 100
1622616055438 0.9418582949428659 101
1622616059563 0.9418582949428659 102
1622616063928 0.9418582949428659 103
1622616068322 0.9418582949428659 104
1622616072675 0.9418582949428659 105
1622616076946 0.9418582949428659 106
1622616081212 0.9418582949428659 107
1622616085545 0.9418582949428659 108
1622616089890 0.9418582949428659 109
1622616094283 0.9418582949428659 110
1622616098745 0.9418582949428659 111
1622616103263 0.9418582949428659 112
1622616107786 0.9418582949428659 113
1622616112325 0.9418582949428659 114
1622616116916 0.9418582949428659 115
1622616121487 0.9418582949428659 116
1622616126110 0.9418582949428659 117
1622616130811 0.9418582949428659 118
1622616135501 0.9418582949428659 119
1622616140281 0.9418582949428659 120
1622616145049 0.9418582949428659 121
1622616149924 0.9418582949428659 122
1622616154816 0.9418582949428659 123
1622616159745 0.9418582949428659 124
1622616164653 0.9418582949428659 125
1622616169650 0.9418582949428659 126
1622616174683 0.9418582949428659 127
1622616179682 0.9418582949428659 128
1622616184814 0.9418582949428659 129
1622616190118 0.9418582949428659 130
1622616195550 0.9418582949428659 131
1622616200981 0.9418582949428659 132
1622616206269 0.9418582949428659 133
1622616211536 0.9418582949428659 134
1622616217027 0.9418582949428659 135
1622616222412 0.9418582949428659 136
1622616227806 0.9418582949428659 137
1622616233166 0.9418582949428659 138
1622616239031 0.9418582949428659 139
1622616245041 0.9418582949428659 140
1622616250653 0.9418582949428659 141
1622616256264 0.9418582949428659 142
1622616261824 0.9418582949428659 143
1622616267449 0.9418582949428659 144
1622616273082 0.9418582949428659 145
1622616278771 0.9418582949428659 146
1622616284494 0.9418582949428659 147
1622616290237 0.9418582949428659 148
1622616296205 0.9418582949428659 149
1622616302721 0.9418582949428659 150
1622616308871 0.9418582949428659 151
1622616315196 0.9418582949428659 152
1622616322185 0.9418582949428659 153
1622616328125 0.9418582949428659 154
1622616334108 0.9418582949428659 155
1622616340212 0.9418582949428659 156
1622616346300 0.9418582949428659 157
1622616352416 0.9418582949428659 158
1622616358515 0.9418582949428659 159
1622616364775 0.9418582949428659 160
1622616371012 0.9418582949428659 161
1622616377221 0.9418582949428659 162
1622616383500 0.9418582949428659 163
1622616389798 0.9418582949428659 164
1622616396161 0.9418582949428659 165
1622616402588 0.9418582949428659 166
1622616408968 0.9418582949428659 167
1622616415458 0.9418582949428659 168
1622616421974 0.9418582949428659 169
1622616428520 0.9418582949428659 170
1622616435131 0.9418582949428659 171
1622616442733 0.9418582949428659 172
1622616449394 0.9418582949428659 173
1622616456147 0.9418582949428659 174
1622616463015 0.9418582949428659 175
1622616469774 0.9418582949428659 176
1622616476563 0.9418582949428659 177
1622616483529 0.9418582949428659 178
1622616490837 0.9418582949428659 179
1622616497885 0.9418582949428659 180
1622616504753 0.9418582949428659 181
1622616511682 0.9418582949428659 182
1622616518678 0.9418582949428659 183
1622616525680 0.9418582949428659 184
1622616532982 0.9418582949428659 185
1622616540121 0.9418582949428659 186
1622616547203 0.9418582949428659 187
1622616554385 0.9418582949428659 188
1622616561515 0.9418582949428659 189
1622616568776 0.9418582949428659 190
1622616576082 0.9418582949428659 191
1622616583394 0.9418582949428659 192
1622616591165 0.9418582949428659 193
1622616599081 0.9418582949428659 194
1622616607030 0.9418582949428659 195
1622616615816 0.9418582949428659 196
1622616623430 0.9418582949428659 197
1622616631355 0.9418582949428659 198
1622616638940 0.9418582949428659 199
1622616646614 0.9418582949428659 200
1622616654179 0.9418582949428659 201
1622616662891 0.9418582949428659 202
1622616670792 0.9418582949428659 203
1622616678566 0.9418582949428659 204
1622616686400 0.9418582949428659 205
1622616694163 0.9418582949428659 206
1622616702000 0.9418582949428659 207
1622616709849 0.9418582949428659 208
1622616717735 0.9418582949428659 209
1622616725648 0.9418582949428659 210
1622616733676 0.9418582949428659 211
1622616741717 0.9418582949428659 212
1622616749708 0.9418582949428659 213
1622616757827 0.9418582949428659 214
1622616765946 0.9418582949428659 215
1622616774099 0.9418582949428659 216
1622616782343 0.9418582949428659 217
1622616790549 0.9418582949428659 218
1622616798870 0.9418582949428659 219
1622616807509 0.9418582949428659 220
1622616815967 0.9418582949428659 221
1622616824413 0.9418582949428659 222
1622616833471 0.9418582949428659 223
1622616841865 0.9418582949428659 224
1622616850415 0.9418582949428659 225
1622616859313 0.9418582949428659 226
1622616868085 0.9418582949428659 227
1622616877135 0.9418582949428659 228
1622616885835 0.9418582949428659 229
1622616894493 0.9418582949428659 230
1622616903206 0.9418582949428659 231
1622616912161 0.9418582949428659 232
1622616921083 0.9418582949428659 233
1622616930915 0.9418582949428659 234
1622616939773 0.9418582949428659 235
1622616948615 0.9418582949428659 236
1622616957563 0.9418582949428659 237
1622616966536 0.9418582949428659 238
1622616975470 0.9418582949428659 239
1622616984419 0.9418582949428659 240
1622616993460 0.9418582949428659 241
1622617002487 0.9418582949428659 242
1622617011641 0.9418582949428659 243
1622617020812 0.9418582949428659 244
1622617030021 0.9418582949428659 245
1622617039701 0.9418582949428659 246
1622617049061 0.9418582949428659 247
1622617058544 0.9418582949428659 248
1622617068354 0.9418582949428659 249
1622617077729 0.9418582949428659 250
1622617087159 0.9418582949428659 251
1622617096571 0.9418582949428659 252
1622617106108 0.9418582949428659 253
1622617115601 0.9418582949428659 254
1622617125232 0.9418582949428659 255
1622617135336 0.9418582949428659 256
1622617145156 0.9418582949428659 257
1622617155248 0.9418582949428659 258
1622617165493 0.9418582949428659 259
1622617175188 0.9418582949428659 260
1622617184948 0.9418582949428659 261
1622617194680 0.9418582949428659 262
1622617204548 0.9418582949428659 263
1622617214420 0.9418582949428659 264
1622617224855 0.9418582949428659 265
1622617234859 0.9418582949428659 266
1622617244853 0.9418582949428659 267
1622617254831 0.9418582949428659 268
1622617264880 0.9418582949428659 269
1622617275052 0.9418582949428659 270
1622617285225 0.9418582949428659 271
1622617295323 0.9418582949428659 272
1622617305469 0.9418582949428659 273
1622617315707 0.9418582949428659 274
1622617325890 0.9418582949428659 275
1622617336138 0.9418582949428659 276
1622617346509 0.9418582949428659 277
1622617356895 0.9418582949428659 278
1622617367265 0.9418582949428659 279
1622617377772 0.9418582949428659 280
1622617388265 0.9418582949428659 281
1622617398707 0.9418582949428659 282
1622617409271 0.9418582949428659 283
1622617419845 0.9418582949428659 284
1622617431041 0.9418582949428659 285
1622617443385 0.9418582949428659 286
1622617453983 0.9418582949428659 287
1622617466201 0.9418582949428659 288
1622617477017 0.9418582949428659 289
1622617487852 0.9418582949428659 290
1622617498680 0.9418582949428659 291
1622617509911 0.9418582949428659 292
1622617521347 0.9418582949428659 293
1622617533382 0.9418582949428659 294
1622617544362 0.9418582949428659 295
1622617555586 0.9418582949428659 296
1622617566740 0.9418582949428659 297
1622617578442 0.9418582949428659 298
1622617589615 0.9418582949428659 299
1622617600781 0.9418582949428659 300
1622617612094 0.9418582949428659 301
1622617623359 0.9418582949428659 302
1622617634688 0.9418582949428659 303
1622617645999 0.9418582949428659 304
1622617657265 0.9418582949428659 305
1622617668664 0.9418582949428659 306
1622617680137 0.9418582949428659 307
1622617691794 0.9418582949428659 308
1622617704234 0.9418582949428659 309
1622617716095 0.9418582949428659 310
1622617728136 0.9418582949428659 311
1622617740083 0.9418582949428659 312
1622617751792 0.9418582949428659 313
1622617763429 0.9418582949428659 314
1622617775123 0.9418582949428659 315
1622617786946 0.9418582949428659 316
1622617798778 0.9418582949428659 317
1622617810602 0.9418582949428659 318
1622617823042 0.9418582949428659 319
1622617835009 0.9418582949428659 320
1622617846966 0.9418582949428659 321
1622617858906 0.9418582949428659 322
1622617870953 0.9418582949428659 323
1622617882994 0.9418582949428659 324
1622617895075 0.9418582949428659 325
1622617907170 0.9418582949428659 326
1622617919316 0.9418582949428659 327
1622617931513 0.9418582949428659 328
1622617944723 0.9418582949428659 329
1622617956895 0.9418582949428659 330
1622617969152 0.9418582949428659 331
1622617981538 0.9418582949428659 332
1622617994635 0.9418582949428659 333
1622618007008 0.9418582949428659 334
1622618019350 0.9418582949428659 335
1622618031774 0.9418582949428659 336
1622618044232 0.9418582949428659 337
1622618056685 0.9418582949428659 338
1622618069223 0.9418582949428659 339
1622618082715 0.9418582949428659 340
1622618095402 0.9418582949428659 341
1622618108056 0.9418582949428659 342
1622618120736 0.9418582949428659 343
1622618133486 0.9418582949428659 344
1622618146525 0.9418582949428659 345
1622618159331 0.9418582949428659 346
1622618172280 0.9418582949428659 347
1622618185181 0.9418582949428659 348
1622618198058 0.9418582949428659 349
1622618211080 0.9418582949428659 350
1622618224084 0.9418582949428659 351
1622618237122 0.9418582949428659 352
1622618250184 0.9418582949428659 353
1622618264197 0.9418582949428659 354
1622618277466 0.9418582949428659 355
1622618290670 0.9418582949428659 356
1622618303861 0.9418582949428659 357
1622618317161 0.9418582949428659 358
1622618330413 0.9418582949428659 359
1622618343839 0.9418582949428659 360
1622618357272 0.9418582949428659 361
1622618370754 0.9418582949428659 362
1622618384165 0.9418582949428659 363
1622618397680 0.9418582949428659 364
1622618411191 0.9418582949428659 365
1622618424775 0.9418582949428659 366
1622618438641 0.9418582949428659 367
1622618452356 0.9418582949428659 368
1622618466078 0.9418582949428659 369
1622618479817 0.9418582949428659 370
1622618494654 0.9418582949428659 371
1622618508470 0.9418582949428659 372
1622618522432 0.9418582949428659 373
1622618536906 0.9418582949428659 374
1622618550836 0.9418582949428659 375
1622618564760 0.9418582949428659 376
1622618578756 0.9418582949428659 377
1622618592714 0.9418582949428659 378
1622618606766 0.9418582949428659 379
1622618620770 0.9418582949428659 380
1622618634820 0.9418582949428659 381
1622618648954 0.9418582949428659 382
1622618663859 0.9418582949428659 383
1622618678642 0.9418582949428659 384
1622618693002 0.9418582949428659 385
1622618707924 0.9418582949428659 386
1622618724343 0.9418582949428659 387
1622618739311 0.9418582949428659 388
1622618754504 0.9418582949428659 389
1622618769614 0.9418582949428659 390
1622618784417 0.9418582949428659 391
1622618798946 0.9418582949428659 392
1622618813439 0.9418582949428659 393
1622618828343 0.9418582949428659 394
1622618842819 0.9418582949428659 395
1622618857424 0.9418582949428659 396
1622618872098 0.9418582949428659 397
1622618887234 0.9418582949428659 398
1622618902012 0.9418582949428659 399
1622618916846 0.9418582949428659 400
1622618931636 0.9418582949428659 401
1622618947413 0.9418582949428659 402
1622618962322 0.9418582949428659 403
1622618977331 0.9418582949428659 404
1622618992525 0.9418582949428659 405
1622619008091 0.9418582949428659 406
1622619023118 0.9418582949428659 407
1622619038214 0.9418582949428659 408
1622619053333 0.9418582949428659 409
1622619068461 0.9418582949428659 410
1622619084365 0.9418582949428659 411
1622619100038 0.9418582949428659 412
1622619115212 0.9418582949428659 413
1622619130593 0.9418582949428659 414
1622619145826 0.9418582949428659 415
1622619161204 0.9418582949428659 416
1622619176770 0.9418582949428659 417
1622619192870 0.9418582949428659 418
1622619208620 0.9418582949428659 419
1622619224300 0.9418582949428659 420
1622619239850 0.9418582949428659 421
1622619255397 0.9418582949428659 422
1622619270953 0.9418582949428659 423
1622619286707 0.9418582949428659 424
1622619302409 0.9418582949428659 425
1622619318153 0.9418582949428659 426
1622619334186 0.9418582949428659 427
1622619350881 0.9418582949428659 428
1622619366654 0.9418582949428659 429
1622619382530 0.9418582949428659 430
1622619398314 0.9418582949428659 431
1622619414190 0.9418582949428659 432
1622619430024 0.9418582949428659 433
1622619445981 0.9418582949428659 434
1622619462014 0.9418582949428659 435
1622619478078 0.9418582949428659 436
1622619494313 0.9418582949428659 437
1622619510398 0.9418582949428659 438
1622619526581 0.9418582949428659 439
1622619542895 0.9418582949428659 440
1622619559488 0.9418582949428659 441
1622619575766 0.9418582949428659 442
1622619592239 0.9418582949428659 443
1622619608555 0.9418582949428659 444
1622619624906 0.9418582949428659 445
1622619641369 0.9418582949428659 446
1622619659445 0.9418582949428659 447
1622619675951 0.9418582949428659 448
1622619694253 0.9418582949428659 449
1622619710680 0.9418582949428659 450
1622619727323 0.9418582949428659 451
1622619744030 0.9418582949428659 452
1622619760974 0.9418582949428659 453
1622619778421 0.9418582949428659 454
1622619795161 0.9418582949428659 455
1622619812162 0.9418582949428659 456
1622619829089 0.9418582949428659 457
1622619845828 0.9418582949428659 458
1622619862722 0.9418582949428659 459
1622619879555 0.9418582949428659 460
1622619896513 0.9418582949428659 461
1622619913793 0.9418582949428659 462
1622619930784 0.9418582949428659 463
1622619947801 0.9418582949428659 464
1622619964772 0.9418582949428659 465
1622619981883 0.9418582949428659 466
1622619999118 0.9418582949428659 467
1622620017027 0.9418582949428659 468
1622620034122 0.9418582949428659 469
1622620051327 0.9418582949428659 470
1622620068596 0.9418582949428659 471
1622620086040 0.9418582949428659 472
1622620103378 0.9418582949428659 473
1622620122318 0.9418582949428659 474
1622620140780 0.9418582949428659 475
1622620158684 0.9418582949428659 476
1622620176864 0.9418582949428659 477
1622620194614 0.9418582949428659 478
1622620212290 0.9418582949428659 479
1622620229882 0.9418582949428659 480
1622620248094 0.9418582949428659 481
1622620266145 0.9418582949428659 482
1622620283801 0.9418582949428659 483
1622620301742 0.9418582949428659 484
1622620319518 0.9418582949428659 485
1622620337422 0.9418582949428659 486
1622620355380 0.9418582949428659 487
1622620373371 0.9418582949428659 488
1622620393293 0.9418582949428659 489
1622620411600 0.9418582949428659 490
1622620430004 0.9418582949428659 491
1622620448373 0.9418582949428659 492
1622620466387 0.9418582949428659 493
1622620484447 0.9418582949428659 494
1622620502589 0.9418582949428659 495
1622620521483 0.9418582949428659 496
1622620539472 0.9418582949428659 497
1622620557579 0.9418582949428659 498
1622620576200 0.9418582949428659 499
1622620594678 0.9418582949428659 500
