1622631445123 0.006 0
1622631445928 0.657 1
1622631446879 1.46 2
1622631448042 2.4699999999999998 3
1622631449348 3.631 4
1622631450861 4.997999999999999 5
1622631452533 6.5249999999999995 6
1622631454372 8.216999999999999 7
1622631456413 10.11 8
1622631458621 12.174999999999999 9
1622631461043 14.451999999999998 10
1622631463599 16.86 11
1622631466395 19.506999999999998 12
1622631469313 22.279999999999998 13
1622631472404 25.226999999999997 14
1622631475677 28.354999999999997 15
1622631479152 31.681999999999995 16
1622631482814 35.202999999999996 17
1622631486648 38.855999999999995 18
1622631490618 42.684999999999995 19
1622631494760 46.687999999999995 20
1622631499096 50.885 21
1622631503611 55.259 22
1622631508323 59.831 23
1622631513207 64.575 24
1622631518323 69.548 25
1622631523517 74.6 26
1622631528951 79.89099999999999 27
1622631534536 85.335 28
1622631540288 90.943 29
1622631546250 96.765 30
1622631552406 102.777 31
1622631558747 108.973 32
1622631565300 115.382 33
1622631572027 121.968 34
1622631578947 128.746 35
1622631586007 135.663 36
1622631593270 142.781 37
1622631600635 150.005 38
1622631608205 157.432 39
1622631616025 165.10999999999999 40
1622631623965 172.90699999999998 41
1622631632094 180.89499999999998 42
1622631640449 189.10799999999998 43
1622631648973 197.48699999999997 44
1622631657597 205.96299999999997 45
1622631666467 214.68899999999996 46
1622631675489 223.56399999999996 47
1622631684707 232.63499999999996 48
1622631694097 241.87799999999996 49
1622631703682 251.31899999999996 50
1622631713481 260.96899999999994 51
1622631723403 270.7459999999999 52
1622631733541 280.7399999999999 53
1622631743807 290.8519999999999 54
1622631754296 301.1959999999999 55
1622631764918 311.67099999999994 56
1622631775745 322.35599999999994 57
1622631786780 333.24699999999996 58
1622631797983 344.30299999999994 59
1622631809372 355.55099999999993 60
1622631820921 366.9559999999999 61
1622631832651 378.5439999999999 62
1622631844578 390.3299999999999 63
1622631856702 402.3059999999999 64
1622631868946 414.40399999999994 65
1622631881452 426.76399999999995 66
1622631894146 439.31499999999994 67
1622631907017 452.04099999999994 68
1622631920061 464.9429999999999 69
1622631933270 478.00699999999995 70
1622631946612 491.2049999999999 71
1622631960112 504.5619999999999 72
1622631973848 518.1519999999999 73
1622631987777 531.9369999999999 74
1622632001851 545.8649999999999 75
1622632016071 559.9409999999999 76
1622632030494 574.2189999999999 77
1622632045166 588.7429999999999 78
1622632059997 603.424 79
1622632074988 618.2669999999999 80
1622632090192 633.3209999999999 81
1622632105593 648.5749999999999 82
1622632121120 663.959 83
1622632136897 679.593 84
1622632152795 695.343 85
1622632168906 711.307 86
1622632185212 727.466 87
1622632201706 743.802 88
1622632219319 761.184 89
1622632236408 778.1279999999999 90
1622632253557 795.1059999999999 91
1622632270818 812.2189999999998 92
1622632288334 829.5719999999998 93
1622632305887 846.9749999999998 94
1622632323684 864.6239999999998 95
1622632341624 882.4139999999998 96
1622632359769 900.4109999999997 97
1622632378159 918.6529999999997 98
1622632396659 937.0089999999997 99
1622632416157 956.3589999999997 100
1622632434864 974.8619999999997 101
1622632454652 994.5059999999997 102
1622632473724 1013.3999999999997 103
1622632493080 1032.6099999999997 104
1622632512615 1051.9979999999996 105
1622632532367 1071.6039999999996 106
1622632552195 1091.2899999999995 107
1622632572297 1111.2509999999995 108
1622632592477 1131.2869999999996 109
1622632612750 1151.4189999999996 110
1622632633260 1171.7859999999996 111
1622632654017 1192.3329999999996 112
1622632675050 1213.2079999999996 113
1622632696087 1234.0999999999997 114
1622632717425 1255.2909999999997 115
1622632738983 1276.7029999999997 116
1622632760687 1298.2659999999998 117
1622632782444 1319.877 118
1622632806756 1344.038 119
1622632830088 1367.181 120
1622632852348 1389.301 121
1622632874857 1411.6689999999999 122
1622632897485 1434.155 123
1622632920265 1456.79 124
1622632943225 1479.608 125
1622632967569 1503.811 126
1622632991100 1527.196 127
1622633014880 1550.807 128
1622633038824 1574.607 129
1622633062948 1598.588 130
1622633087286 1622.782 131
1622633111785 1647.139 132
1622633136495 1671.7079999999999 133
1622633161410 1696.4759999999999 134
1622633186364 1721.2859999999998 135
1622633211692 1746.4689999999998 136
1622633236920 1771.5579999999998 137
1622633262353 1796.8489999999997 138
1622633288183 1822.5319999999997 139
1622633314118 1848.3239999999996 140
1622633340160 1874.2259999999997 141
1622633366450 1900.3739999999996 142
1622633392907 1926.6879999999996 143
1622633419522 1953.1559999999997 144
1622633446323 1979.8059999999998 145
1622633476395 2009.7199999999998 146
1622633507728 2040.8259999999998 147
1622633536808 2069.7599999999998 148
1622633564266 2097.078 149
1622633591893 2124.559 150
1622633619802 2152.3190000000004 151
1622633647769 2180.1380000000004 152
1622633676773 2208.992 153
1622633705047 2237.121 154
1622633733458 2265.388 155
1622633762166 2293.95 156
1622633790940 2322.575 157
1622633819867 2351.354 158
1622633849121 2380.4669999999996 159
1622633878558 2409.7569999999996 160
1622633907965 2439.0179999999996 161
1622633937780 2468.6879999999996 162
1622633967899 2498.6499999999996 163
1622633998109 2528.7069999999994 164
1622634028450 2558.9039999999995 165
1622634059036 2589.3429999999994 166
1622634089711 2619.8739999999993 167
1622634120608 2650.6219999999994 168
1622634151674 2681.5459999999994 169
1622634182888 2712.6159999999995 170
1622634214231 2743.8159999999993 171
1622634245837 2775.276999999999 172
1622634277903 2807.197999999999 173
1622634309726 2838.878999999999 174
1622634341604 2870.610999999999 175
1622634373609 2902.471999999999 176
1622634406067 2934.790999999999 177
1622634438719 2967.2969999999987 178
1622634471224 2999.6609999999987 179
1622634504059 3032.357999999999 180
1622634537352 3065.511999999999 181
1622634570592 3098.6069999999986 182
1622634604177 3132.0459999999985 183
1622634637831 3165.5569999999984 184
1622634671678 3199.2629999999986 185
1622634705759 3233.1989999999987 186
1622634739981 3267.277999999999 187
1622634774438 3301.588999999999 188
1622634808861 3335.875999999999 189
1622634843643 3370.435999999999 190
1622634878569 3405.1989999999987 191
1622634915730 3442.2119999999986 192
1622634950943 3477.272999999999 193
1622634986579 3512.7629999999986 194
1622635022307 3548.3389999999986 195
1622635058222 3584.1069999999986 196
1622635094432 3620.174999999999 197
1622635130739 3656.3369999999986 198
1622635167117 3692.5729999999985 199
1622635203747 3729.0579999999986 200
1622635240368 3765.5279999999984 201
1622635278210 3803.2239999999983 202
1622635315137 3840.0079999999984 203
1622635352426 3877.1559999999986 204
1622635389865 3914.4499999999985 205
1622635429917 3954.3549999999987 206
1622635469573 3993.8659999999986 207
1622635509642 4033.7919999999986 208
1622635551309 4075.3099999999986 209
1622635593097 4116.9479999999985 210
1622635635589 4159.289999999998 211
1622635678400 4201.945999999998 212
1622635717594 4240.9879999999985 213
1622635756687 4279.936999999998 214
1622635795756 4318.858999999998 215
1622635836822 4359.779999999998 216
1622635876386 4399.196999999998 217
1622635916336 4439.006999999999 218
1622635956362 4478.888999999998 219
1622635996642 4519.018999999998 220
1622636036979 4559.211999999999 221
1622636077469 4599.559999999999 222
1622636118604 4640.550999999999 223
1622636159312 4681.1129999999985 224
1622636199991 4721.638999999998 225
1622636241407 4762.863999999999 226
1622636282883 4804.187999999998 227
1622636324496 4845.658999999998 228
1622636366087 4887.109999999998 229
1622636409202 4930.081999999998 230
1622636451327 4972.063999999998 231
1622636493750 5014.343999999997 232
1622636536281 5056.731999999997 233
1622636578863 5099.170999999998 234
1622636621826 5141.987999999998 235
1622636664695 5184.708999999997 236
1622636708291 5228.159999999997 237
1622636751659 5271.381999999997 238
1622636795584 5315.164999999997 239
1622636839292 5358.726999999997 240
1622636883310 5402.599999999997 241
1622636927158 5446.304999999997 242
1622636971025 5490.027999999997 243
1622637015136 5533.993999999997 244
1622637059569 5578.280999999997 245
1622637104494 5623.060999999997 246
1622637149416 5667.836999999997 247
1622637194512 5712.783999999997 248
1622637239606 5757.730999999997 249
1622637284711 5802.686999999997 250
1622637329992 5847.823999999997 251
1622637375779 5893.462999999997 252
1622637421750 5939.285999999997 253
1622637468256 5985.645999999997 254
1622637514420 6031.663999999997 255
1622637560826 6077.926999999997 256
1622637607518 6124.478999999997 257
1622637654303 6171.084999999996 258
1622637701309 6217.947999999997 259
1622637748521 6265.016999999997 260
1622637796022 6312.368999999997 261
1622637843599 6359.801999999997 262
1622637891462 6407.519999999997 263
1622637939124 6455.039999999997 264
1622637987139 6502.913999999997 265
1622638035499 6551.132999999997 266
1622638083923 6599.410999999997 267
1622638132512 6647.8539999999975 268
1622638181481 6696.677999999997 269
1622638230777 6745.8269999999975 270
1622638280120 6795.026999999997 271
1622638329878 6844.632999999997 272
1622638379734 6894.341999999997 273
1622638429756 6944.220999999997 274
1622638479564 6993.885999999997 275
1622638529783 7043.963999999997 276
1622638580523 7094.557999999997 277
1622638631181 7144.997999999997 278
1622638682223 7195.891999999997 279
1622638733183 7246.699999999997 280
1622638784394 7297.762999999997 281
1622638835723 7348.940999999997 282
1622638886927 7399.998999999997 283
1622638938489 7451.412999999997 284
1622638990269 7503.043999999997 285
1622639042179 7554.809999999997 286
1622639094172 7606.652999999997 287
1622639146592 7658.922999999997 288
1622639199042 7711.223999999997 289
1622639251870 7763.901999999997 290
1622639304671 7816.557999999997 291
1622639357589 7869.325999999997 292
1622639410986 7922.575999999997 293
1622639464458 7975.899999999997 294
1622639518164 8029.457999999997 295
1622639571956 8083.101999999997 296
1622639626088 8137.004999999997 297
1622639680216 8190.988999999998 298
1622639734746 8245.375999999998 299
1622639789285 8299.764999999998 300
1622639843901 8354.235999999997 301
1622639898674 8408.860999999997 302
1622639953597 8463.584999999997 303
1622640008547 8518.376999999997 304
1622640063823 8573.507999999996 305
1622640119418 8628.956999999997 306
1622640175157 8684.546999999997 307
1622640231348 8740.587999999996 308
1622640287635 8796.728999999996 309
1622640344054 8853.001999999995 310
1622640400700 8909.500999999995 311
1622640457651 8966.303999999995 312
1622640514422 9022.927999999994 313
1622640571436 9079.789999999994 314
1622640631534 9139.744999999994 315
1622640695568 9203.621999999994 316
1622640756931 9264.757999999994 317
1622640817888 9325.570999999994 318
1622640878640 9386.177999999994 319
1622640937135 9444.525999999994 320
1622640997116 9504.361999999994 321
1622641055532 9562.627999999993 322
1622641115791 9622.742999999993 323
1622641174688 9681.486999999994 324
1622641235543 9742.200999999994 325
1622641298624 9805.142999999993 326
1622641359451 9865.825999999994 327
1622641422115 9928.343999999994 328
1622641487648 9993.737999999994 329
1622641553590 10059.539999999994 330
1622641618240 10124.047999999993 331
1622641680008 10185.658999999994 332
1622641742980 10248.403999999995 333
1622641807662 10312.937999999995 334
1622641872521 10377.643999999995 335
1622641936672 10441.646999999995 336
1622642002513 10507.338999999994 337
1622642064451 10569.128999999995 338
1622642129696 10634.227999999996 339
1622642192068 10696.453999999996 340
1622642254616 10758.847999999996 341
1622642324406 10828.483999999997 342
1622642391214 10895.149999999996 343
1622642543353 10959.269999999997 344
1622642609741 11025.433999999997 345
1622642675683 11091.230999999998 346
1622642741386 11156.786999999998 347
1622642808652 11223.904999999999 348
1622642873376 11288.481999999998 349
1622642939308 11354.263999999997 350
1622643005033 11419.840999999997 351
1622643070337 11484.994999999997 352
1622643135105 11549.617999999997 353
1622643199857 11614.199999999997 354
1622643264593 11678.787999999997 355
1622643330955 11744.998999999996 356
1622643397381 11811.261999999997 357
1622643464587 11878.232999999997 358
1622643532853 11946.334999999997 359
1622643600000 12013.335999999998 360
1622643667021 12080.207999999997 361
1622643733964 12146.631999999998 362
1622643803613 12215.937999999998 363
1622643876781 12288.915999999997 364
1622643946641 12358.630999999998 365
1622644016932 12428.775999999998 366
1622644087230 12498.928999999998 367
1622644161718 12573.265999999998 368
1622644233563 12644.961999999998 369
1622644308837 12720.085999999998 370
1622644376438 12787.538999999997 371
1622644445088 12856.043999999996 372
1622644516295 12927.101999999997 373
1622644584570 12995.234999999997 374
1622644653970 13064.489999999996 375
1622644728187 13138.551999999996 376
1622644799506 13209.642999999996 377
1622644872390 13282.375999999997 378
1622644943307 13353.136999999997 379
1622645014887 13424.563999999997 380
1622645085865 13495.394999999997 381
1622645155645 13565.026999999996 382
1622645227237 13636.469999999996 383
1622645297675 13706.758999999996 384
1622645367817 13776.751999999997 385
1622645441187 13849.970999999996 386
1622645512021 13920.655999999995 387
1622645584462 13992.937999999995 388
1622645655220 14063.547999999995 389
1622645728283 14136.462999999996 390
1622645800261 14208.294999999996 391
1622645871038 14278.924999999996 392
1622645946826 14354.567999999996 393
1622646020809 14428.409999999996 394
1622646094027 14501.485999999995 395
1622646167656 14574.966999999995 396
1622646239906 14647.067999999996 397
1622646312595 14719.607999999997 398
1622646387000 14793.858999999997 399
1622646463241 14869.949999999997 400
1622646540133 14946.692999999997 401
1622646615236 15021.643999999997 402
1622646695972 15102.225999999997 403
1622646770339 15176.445999999996 404
1622646848218 15254.176999999996 405
1622646924991 15330.801999999996 406
1622647001531 15407.190999999995 407
1622647079551 15485.052999999994 408
1622647156634 15561.988999999994 409
1622647234175 15639.377999999993 410
1622647309068 15714.116999999993 411
1622647390047 15794.946999999993 412
1622647469029 15873.772999999992 413
1622647549048 15953.642999999993 414
1622647625016 16029.458999999993 415
1622647706668 16110.961999999994 416
1622647786486 16190.628999999994 417
1622647866431 16270.426999999994 418
1622647944295 16348.049999999994 419
1622648024907 16428.513999999996 420
1622648107326 16510.781999999996 421
1622648186140 16589.449999999997 422
1622648267309 16670.474 423
1622648345309 16748.329999999998 424
1622648425462 16828.339999999997 425
1622648508712 16911.442999999996 426
1622648590623 16993.201999999994 427
1622648667981 17070.411999999993 428
1622648752668 17154.953999999994 429
1622648830857 17232.994999999995 430
1622648912202 17314.195999999996 431
1622648994046 17395.890999999996 432
1622649080148 17481.843999999997 433
1622649162528 17564.074999999997 434
1622649241710 17643.1 435
1622649324743 17725.990999999998 436
1622649407170 17808.252999999997 437
1622649490503 17891.358999999997 438
1622649569989 17970.701999999997 439
1622649655641 18056.207 440
1622649735958 18136.378999999997 441
1622649816458 18216.721999999998 442
1622649896719 18296.838999999996 443
1622649982378 18382.348999999995 444
1622650064629 18464.456999999995 445
1622650150675 18550.357999999997 446
1622650235900 18635.436999999998 447
1622650319361 18718.751999999997 448
1622650400779 18800.021999999997 449
1622650486210 18885.307999999997 450
1622650571962 18970.918999999998 451
1622650657084 19055.897999999997 452
1622650741975 19140.635 453
1622650830837 19229.343999999997 454
1622650917259 19315.621999999996 455
1622651004446 19402.651999999995 456
1622651087597 19485.650999999994 457
1622651174688 19572.579999999994 458
1622651262426 19660.156999999996 459
1622651348828 19746.406999999996 460
1622651440386 19837.818999999996 461
1622651527081 19924.361999999997 462
1622651615475 20012.603 463
1622651701062 20098.041999999998 464
1622651790578 20187.403 465
1622651878305 20274.978 466
1622651965953 20362.476 467
1622652057891 20454.270999999997 468
1622652147101 20543.329999999998 469
1622652236938 20633.014 470
1622652324974 20720.907 471
1622652411396 20807.18 472
1622652498578 20894.212 473
1622652587187 20982.676 474
1622652677376 21072.722999999998 475
1622652765431 21160.624999999996 476
1622652857379 21252.426999999996 477
1622652947451 21342.305999999997 478
1622653034957 21429.667999999998 479
1622653124607 21519.168999999998 480
1622653218320 21612.725 481
1622653307980 21702.233999999997 482
1622653398696 21792.800999999996 483
1622653488644 21882.600999999995 484
1622653586135 21979.938999999995 485
1622653675384 22069.036999999997 486
1622653768402 22161.905999999995 487
1622653860248 22253.597999999994 488
1622653959536 22352.721999999994 489
1622654054476 22447.514999999996 490
1622654146260 22539.009999999995 491
1622654243069 22635.675999999996 492
1622654334523 22726.989999999994 493
1622654427261 22819.576999999994 494
1622654517340 22909.514999999992 495
1622654615403 23007.429999999993 496
1622654710158 23102.027999999995 497
1622654808002 23199.722999999994 498
1622654903359 23294.919999999995 499
1622655000718 23392.050999999996 500
