1622753393714 50 0
1622753394253 60 1
1622753394778 70 2
1622753395353 80 3
1622753395951 90 4
1622753396578 100 5
1622753397241 110 6
1622753397931 120 7
1622753398667 130 8
1622753399445 140 9
1622753400258 150 10
1622753401099 160 11
1622753402006 170 12
1622753402940 180 13
1622753403892 190 14
1622753404902 200 15
1622753405958 210 16
1622753407063 220 17
1622753408241 230 18
1622753409436 240 19
1622753410615 250 20
1622753411819 260 21
1622753413065 270 22
1622753414353 280 23
1622753415663 290 24
1622753417010 300 25
1622753418405 310 26
1622753419827 320 27
1622753421263 330 28
1622753422955 340 29
1622753425325 350 30
1622753426966 360 31
1622753428658 370 32
1622753430441 380 33
1622753432153 390 34
1622753433852 400 35
1622753435621 410 36
1622753438344 420 37
1622753440208 430 38
1622753442056 440 39
1622753443955 450 40
1622753445866 460 41
1622753447837 470 42
1622753450776 480 43
1622753453775 490 44
1622753455868 500 45
1622753457976 510 46
1622753460121 520 47
1622753462304 530 48
1622753464495 540 49
1622753466767 550 50
1622753469023 560 51
1622753471382 570 52
1622753473746 580 53
1622753477089 590 54
1622753479735 600 55
1622753482336 610 56
1622753484974 620 57
1622753487676 630 58
1622753490881 640 59
1622753493515 650 60
1622753496177 660 61
1622753498882 670 62
1622753501633 680 63
1622753504374 690 64
1622753507195 700 65
1622753510030 710 66
1622753513738 720 67
1622753517152 730 68
1622753520748 740 69
1622753523840 750 70
1622753526853 760 71
1622753529913 770 72
1622753532987 780 73
1622753536100 790 74
1622753539264 800 75
1622753542420 810 76
1622753545642 820 77
1622753548931 830 78
1622753552266 840 79
1622753555647 850 80
1622753559064 860 81
1622753562471 870 82
1622753565888 880 83
1622753569412 890 84
1622753572922 900 85
1622753576475 910 86
1622753580071 920 87
1622753583682 930 88
1622753587353 940 89
1622753591045 950 90
1622753594785 960 91
1622753598569 970 92
1622753602360 980 93
1622753606199 990 94
1622753610071 1000 95
1622753613999 1010 96
1622753617980 1020 97
1622753623239 1030 98
1622753628066 1040 99
1622753632392 1050 100
1622753636828 1060 101
1622753641205 1070 102
1622753645404 1080 103
1622753651243 1090 104
1622753655737 1100 105
1622753660060 1110 106
1622753664363 1120 107
1622753668712 1130 108
1622753673104 1140 109
1622753677488 1150 110
1622753682022 1160 111
1622753686537 1170 112
1622753691009 1180 113
1622753695636 1190 114
1622753700244 1200 115
1622753704915 1210 116
1622753709601 1220 117
1622753714364 1230 118
1622753719142 1240 119
1622753723901 1250 120
1622753729460 1260 121
1622753734628 1270 122
1622753739540 1280 123
1622753744428 1290 124
1622753749434 1300 125
1622753754415 1310 126
1622753759435 1320 127
1622753764478 1330 128
1622753769556 1340 129
1622753774680 1350 130
1622753779874 1360 131
1622753785091 1370 132
1622753790375 1380 133
1622753795713 1390 134
1622753801066 1400 135
1622753807031 1410 136
1622753812966 1420 137
1622753818500 1430 138
1622753824885 1440 139
1622753830497 1450 140
1622753836110 1460 141
1622753841677 1470 142
1622753847257 1480 143
1622753854200 1490 144
1622753860153 1500 145
1622753866757 1510 146
1622753872609 1520 147
1622753879233 1530 148
1622753885077 1540 149
1622753890941 1550 150
1622753896808 1560 151
1622753902777 1570 152
1622753908774 1580 153
1622753914781 1590 154
1622753920820 1600 155
1622753926939 1610 156
1622753933023 1620 157
1622753939169 1630 158
1622753945352 1640 159
1622753951596 1650 160
1622753957850 1660 161
1622753964107 1670 162
1622753970426 1680 163
1622753978345 1690 164
1622753985105 1700 165
1622753991491 1710 166
1622753997930 1720 167
1622754004458 1730 168
1622754010969 1740 169
1622754017546 1750 170
1622754024146 1760 171
1622754030774 1770 172
1622754038349 1780 173
1622754045602 1790 174
1622754052592 1800 175
1622754060061 1810 176
1622754067780 1820 177
1622754075792 1830 178
1622754083025 1840 179
1622754089951 1850 180
1622754096954 1860 181
1622754103893 1870 182
1622754110958 1880 183
1622754117982 1890 184
1622754125102 1900 185
1622754132248 1910 186
1622754139409 1920 187
1622754146628 1930 188
1622754153846 1940 189
1622754161081 1950 190
1622754168408 1960 191
1622754177480 1970 192
1622754185831 1980 193
1622754193272 1990 194
1622754200721 2000 195
1622754208161 2010 196
1622754215610 2020 197
1622754223146 2030 198
1622754230713 2040 199
1622754238360 2050 200
1622754246081 2060 201
1622754254578 2070 202
1622754262236 2080 203
1622754270025 2090 204
1622754277788 2100 205
1622754285607 2110 206
1622754293502 2120 207
1622754301398 2130 208
1622754309313 2140 209
1622754317518 2150 210
1622754325541 2160 211
1622754333568 2170 212
1622754341687 2180 213
1622754349850 2190 214
1622754358031 2200 215
1622754366323 2210 216
1622754375065 2220 217
1622754385115 2230 218
1622754393483 2240 219
1622754401789 2250 220
1622754410180 2260 221
1622754418555 2270 222
1622754426941 2280 223
1622754435396 2290 224
1622754443885 2300 225
1622754452442 2310 226
1622754461065 2320 227
1622754469622 2330 228
1622754478295 2340 229
1622754486976 2350 230
1622754495722 2360 231
1622754506129 2370 232
1622754514961 2380 233
1622754523738 2390 234
1622754532650 2400 235
1622754542409 2410 236
1622754552579 2420 237
1622754561559 2430 238
1622754573217 2440 239
1622754582288 2450 240
1622754591373 2460 241
1622754600428 2470 242
1622754609601 2480 243
1622754618873 2490 244
1622754628168 2500 245
1622754638418 2510 246
1622754649279 2520 247
1622754658719 2530 248
1622754668116 2540 249
1622754677583 2550 250
1622754687036 2560 251
1622754696540 2570 252
1622754706060 2580 253
1622754715611 2590 254
1622754726571 2600 255
1622754738996 2610 256
1622754750048 2620 257
1622754759765 2630 258
1622754769486 2640 259
1622754779308 2650 260
1622754789146 2660 261
1622754799019 2670 262
1622754808845 2680 263
1622754818759 2690 264
1622754828775 2700 265
1622754841010 2710 266
1622754851072 2720 267
1622754861101 2730 268
1622754871183 2740 269
1622754882146 2750 270
1622754892266 2760 271
1622754902524 2770 272
1622754912844 2780 273
1622754923367 2790 274
1622754933743 2800 275
1622754944036 2810 276
1622754954403 2820 277
1622754964769 2830 278
1622754975214 2840 279
1622754985649 2850 280
1622754996163 2860 281
1622755006687 2870 282
1622755017336 2880 283
1622755027977 2890 284
1622755038618 2900 285
1622755049299 2910 286
1622755059999 2920 287
1622755070754 2930 288
1622755081554 2940 289
1622755092347 2950 290
1622755103240 2960 291
1622755114095 2970 292
1622755125057 2980 293
1622755135994 2990 294
1622755146955 3000 295
1622755158007 3010 296
1622755169057 3020 297
1622755180188 3030 298
1622755191353 3040 299
1622755202469 3050 300
1622755213772 3060 301
1622755225123 3070 302
1622755236497 3080 303
1622755247812 3090 304
1622755259165 3100 305
1622755270540 3110 306
1622755282135 3120 307
1622755293596 3130 308
1622755305189 3140 309
1622755316757 3150 310
1622755328334 3160 311
1622755340836 3170 312
1622755352550 3180 313
1622755364314 3190 314
1622755376096 3200 315
1622755387897 3210 316
1622755399806 3220 317
1622755411627 3230 318
1622755423517 3240 319
1622755435418 3250 320
1622755447375 3260 321
1622755459262 3270 322
1622755471360 3280 323
1622755484276 3290 324
1622755496423 3300 325
1622755508574 3310 326
1622755520791 3320 327
1622755534214 3330 328
1622755547305 3340 329
1622755559557 3350 330
1622755573526 3360 331
1622755586216 3370 332
1622755598642 3380 333
1622755611106 3390 334
1622755627068 3400 335
1622755639578 3410 336
1622755653222 3420 337
1622755665790 3430 338
1622755678464 3440 339
1622755691148 3450 340
1622755703855 3460 341
1622755716639 3470 342
1622755729465 3480 343
1622755742391 3490 344
1622755756302 3500 345
1622755769269 3510 346
1622755782159 3520 347
1622755795041 3530 348
1622755807946 3540 349
1622755821021 3550 350
1622755834116 3560 351
1622755847257 3570 352
1622755860451 3580 353
1622755873638 3590 354
1622755886851 3600 355
1622755900051 3610 356
1622755913350 3620 357
1622755926687 3630 358
1622755939972 3640 359
1622755953325 3650 360
1622755966652 3660 361
1622755980039 3670 362
1622755993566 3680 363
1622756007036 3690 364
1622756020606 3700 365
1622756034144 3710 366
1622756049503 3720 367
1622756063933 3730 368
1622756080276 3740 369
1622756094695 3750 370
1622756109641 3760 371
1622756123679 3770 372
1622756137670 3780 373
1622756151600 3790 374
1622756165502 3800 375
1622756179555 3810 376
1622756193620 3820 377
1622756207655 3830 378
1622756221758 3840 379
1622756235920 3850 380
1622756250166 3860 381
1622756264346 3870 382
1622756280072 3880 383
1622756294807 3890 384
1622756309049 3900 385
1622756323303 3910 386
1622756337661 3920 387
1622756352000 3930 388
1622756366392 3940 389
1622756380891 3950 390
1622756395443 3960 391
1622756410928 3970 392
1622756425495 3980 393
1622756440214 3990 394
1622756454883 4000 395
1622756469629 4010 396
1622756484355 4020 397
1622756499212 4030 398
1622756513977 4040 399
1622756528824 4050 400
1622756543757 4060 401
1622756558813 4070 402
1622756573859 4080 403
1622756590287 4090 404
1622756605338 4100 405
1622756620441 4110 406
1622756635616 4120 407
1622756651917 4130 408
1622756667092 4140 409
1622756683879 4150 410
1622756700411 4160 411
1622756715791 4170 412
1622756731109 4180 413
1622756748424 4190 414
1622756763842 4200 415
1622756779165 4210 416
1622756794623 4220 417
1622756810038 4230 418
1622756825568 4240 419
1622756841068 4250 420
1622756857428 4260 421
1622756873817 4270 422
1622756891616 4280 423
1622756907490 4290 424
1622756924244 4300 425
1622756940037 4310 426
1622756955813 4320 427
1622756971644 4330 428
1622756987602 4340 429
1622757006198 4350 430
1622757022786 4360 431
1622757038787 4370 432
1622757054929 4380 433
1622757071038 4390 434
1622757087155 4400 435
1622757103330 4410 436
1622757119514 4420 437
1622757135786 4430 438
1622757152141 4440 439
1622757168596 4450 440
1622757186632 4460 441
1622757203080 4470 442
1622757219578 4480 443
1622757236005 4490 444
1622757252494 4500 445
1622757269019 4510 446
1622757285535 4520 447
1622757302678 4530 448
1622757321535 4540 449
1622757339035 4550 450
1622757355713 4560 451
1622757372345 4570 452
1622757388979 4580 453
1622757406677 4590 454
1622757423468 4600 455
1622757440361 4610 456
1622757457249 4620 457
1622757474110 4630 458
1622757491756 4640 459
1622757509674 4650 460
1622757527823 4660 461
1622757545848 4670 462
1622757563780 4680 463
1622757582129 4690 464
1622757599273 4700 465
1622757616454 4710 466
1622757633753 4720 467
1622757651015 4730 468
1622757668365 4740 469
1622757685780 4750 470
1622757703204 4760 471
1622757720543 4770 472
1622757738060 4780 473
1622757755503 4790 474
1622757773072 4800 475
1622757790609 4810 476
1622757808170 4820 477
1622757829087 4830 478
1622757846906 4840 479
1622757864543 4850 480
1622757883076 4860 481
1622757900835 4870 482
1622757918734 4880 483
1622757938973 4890 484
1622757958951 4900 485
1622757977833 4910 486
1622757998356 4920 487
1622758016554 4930 488
1622758034758 4940 489
1622758053801 4950 490
1622758071944 4960 491
1622758090084 4970 492
1622758109156 4980 493
1622758129401 4990 494
1622758147516 5000 495
1622758165656 5010 496
1622758184089 5020 497
1622758202328 5030 498
1622758220673 5040 499
1622758240074 5050 500
