1622601556619 50 0
1622601557170 60 1
1622601557704 70 2
1622601558278 80 3
1622601558873 90 4
1622601559506 100 5
1622601560179 110 6
1622601560875 120 7
1622601561604 130 8
1622601562394 140 9
1622601563219 150 10
1622601564146 160 11
1622601565158 170 12
1622601566106 180 13
1622601567051 190 14
1622601568058 200 15
1622601569095 210 16
1622601570164 220 17
1622601571281 230 18
1622601572499 240 19
1622601573711 250 20
1622601574918 260 21
1622601576160 270 22
1622601577461 280 23
1622601578789 290 24
1622601580156 300 25
1622601581551 310 26
1622601583010 320 27
1622601584500 330 28
1622601586028 340 29
1622601587569 350 30
1622601589147 360 31
1622601590769 370 32
1622601592410 380 33
1622601594095 390 34
1622601595819 400 35
1622601597602 410 36
1622601599384 420 37
1622601601216 430 38
1622601603077 440 39
1622601604986 450 40
1622601606909 460 41
1622601608903 470 42
1622601610904 480 43
1622601612982 490 44
1622601615031 500 45
1622601617173 510 46
1622601619338 520 47
1622601621552 530 48
1622601623810 540 49
1622601626051 550 50
1622601628337 560 51
1622601630678 570 52
1622601633069 580 53
1622601635493 590 54
1622601637964 600 55
1622601640409 610 56
1622601642879 620 57
1622601645446 630 58
1622601648047 640 59
1622601650677 650 60
1622601653317 660 61
1622601656010 670 62
1622601658694 680 63
1622601661478 690 64
1622601664279 700 65
1622601667077 710 66
1622601669958 720 67
1622601672871 730 68
1622601675844 740 69
1622601678834 750 70
1622601681894 760 71
1622601684979 770 72
1622601688081 780 73
1622601691225 790 74
1622601694407 800 75
1622601697617 810 76
1622601700861 820 77
1622601704118 830 78
1622601707417 840 79
1622601710752 850 80
1622601714103 860 81
1622601717540 870 82
1622601720999 880 83
1622601724672 890 84
1622601728523 900 85
1622601732087 910 86
1622601735710 920 87
1622601739365 930 88
1622601743046 940 89
1622601746759 950 90
1622601750486 960 91
1622601754297 970 92
1622601758142 980 93
1622601761933 990 94
1622601765834 1000 95
1622601769813 1010 96
1622601774596 1020 97
1622601778548 1030 98
1622601782586 1040 99
1622601786699 1050 100
1622601790843 1060 101
1622601794991 1070 102
1622601799157 1080 103
1622601803383 1090 104
1622601807664 1100 105
1622601811962 1110 106
1622601816279 1120 107
1622601820614 1130 108
1622601824989 1140 109
1622601829388 1150 110
1622601833875 1160 111
1622601838338 1170 112
1622601842890 1180 113
1622601847460 1190 114
1622601852070 1200 115
1622601856722 1210 116
1622601861473 1220 117
1622601866220 1230 118
1622601870992 1240 119
1622601875770 1250 120
1622601880612 1260 121
1622601885483 1270 122
1622601890409 1280 123
1622601895292 1290 124
1622601900286 1300 125
1622601905280 1310 126
1622601910326 1320 127
1622601915441 1330 128
1622601920547 1340 129
1622601925674 1350 130
1622601931166 1360 131
1622601936449 1370 132
1622601941688 1380 133
1622601946968 1390 134
1622601952268 1400 135
1622601957653 1410 136
1622601963086 1420 137
1622601968549 1430 138
1622601974066 1440 139
1622601979606 1450 140
1622601985131 1460 141
1622601990711 1470 142
1622601996458 1480 143
1622602002126 1490 144
1622602007824 1500 145
1622602013581 1510 146
1622602019317 1520 147
1622602025153 1530 148
1622602031010 1540 149
1622602036938 1550 150
1622602042890 1560 151
1622602048917 1570 152
1622602054955 1580 153
1622602060985 1590 154
1622602067028 1600 155
1622602073129 1610 156
1622602079269 1620 157
1622602085516 1630 158
1622602091804 1640 159
1622602098071 1650 160
1622602104440 1660 161
1622602110736 1670 162
1622602117128 1680 163
1622602123461 1690 164
1622602130000 1700 165
1622602136483 1710 166
1622602142924 1720 167
1622602149429 1730 168
1622602156078 1740 169
1622602162674 1750 170
1622602169319 1760 171
1622602176259 1770 172
1622602182979 1780 173
1622602189721 1790 174
1622602196501 1800 175
1622602203315 1810 176
1622602210961 1820 177
1622602217856 1830 178
1622602224992 1840 179
1622602231959 1850 180
1622602239039 1860 181
1622602246177 1870 182
1622602253251 1880 183
1622602260373 1890 184
1622602267561 1900 185
1622602274776 1910 186
1622602281939 1920 187
1622602289182 1930 188
1622602296439 1940 189
1622602303717 1950 190
1622602311046 1960 191
1622602318396 1970 192
1622602325829 1980 193
1622602333305 1990 194
1622602340863 2000 195
1622602348357 2010 196
1622602355890 2020 197
1622602363476 2030 198
1622602371719 2040 199
1622602379401 2050 200
1622602387126 2060 201
1622602394824 2070 202
1622602402630 2080 203
1622602410489 2090 204
1622602418349 2100 205
1622602426225 2110 206
1622602434113 2120 207
1622602442004 2130 208
1622602450221 2140 209
1622602458357 2150 210
1622602466471 2160 211
1622602475086 2170 212
1622602483921 2180 213
1622602492599 2190 214
1622602502430 2200 215
1622602511170 2210 216
1622602519410 2220 217
1622602527729 2230 218
1622602536035 2240 219
1622602544412 2250 220
1622602552854 2260 221
1622602561360 2270 222
1622602569868 2280 223
1622602578421 2290 224
1622602586963 2300 225
1622602595576 2310 226
1622602604277 2320 227
1622602613025 2330 228
1622602621744 2340 229
1622602630773 2350 230
1622602639775 2360 231
1622602649126 2370 232
1622602658522 2380 233
1622602667872 2390 234
1622602677201 2400 235
1622602687004 2410 236
1622602696074 2420 237
1622602705188 2430 238
1622602714291 2440 239
1622602723506 2450 240
1622602733621 2460 241
1622602742779 2470 242
1622602751897 2480 243
1622602761648 2490 244
1622602770939 2500 245
1622602780205 2510 246
1622602789571 2520 247
1622602798933 2530 248
1622602808322 2540 249
1622602818155 2550 250
1622602827755 2560 251
1622602837273 2570 252
1622602847167 2580 253
1622602856922 2590 254
1622602866552 2600 255
1622602876167 2610 256
1622602885986 2620 257
1622602895794 2630 258
1622602905729 2640 259
1622602915525 2650 260
1622602925431 2660 261
1622602935703 2670 262
1622602945978 2680 263
1622602956374 2690 264
1622602966315 2700 265
1622602976604 2710 266
1622602986720 2720 267
1622602996882 2730 268
1622603007048 2740 269
1622603017234 2750 270
1622603027856 2760 271
1622603038083 2770 272
1622603048421 2780 273
1622603058738 2790 274
1622603069113 2800 275
1622603079447 2810 276
1622603089843 2820 277
1622603100349 2830 278
1622603110875 2840 279
1622603121712 2850 280
1622603132313 2860 281
1622603143545 2870 282
1622603154572 2880 283
1622603166210 2890 284
1622603176983 2900 285
1622603188447 2910 286
1622603199575 2920 287
1622603211156 2930 288
1622603222030 2940 289
1622603232845 2950 290
1622603244347 2960 291
1622603255709 2970 292
1622603266767 2980 293
1622603278680 2990 294
1622603289927 3000 295
1622603301144 3010 296
1622603312458 3020 297
1622603323731 3030 298
1622603335048 3040 299
1622603346339 3050 300
1622603357699 3060 301
1622603369095 3070 302
1622603380614 3080 303
1622603392139 3090 304
1622603403699 3100 305
1622603415593 3110 306
1622603427215 3120 307
1622603438901 3130 308
1622603450544 3140 309
1622603462545 3150 310
1622603474298 3160 311
1622603486265 3170 312
1622603498220 3180 313
1622603510102 3190 314
1622603522020 3200 315
1622603534563 3210 316
1622603546545 3220 317
1622603558556 3230 318
1622603570567 3240 319
1622603582775 3250 320
1622603594850 3260 321
1622603606908 3270 322
1622603619048 3280 323
1622603631297 3290 324
1622603643844 3300 325
1622603656120 3310 326
1622603668527 3320 327
1622603680780 3330 328
1622603693160 3340 329
1622603705567 3350 330
1622603718057 3360 331
1622603730538 3370 332
1622603743102 3380 333
1622603755681 3390 334
1622603768304 3400 335
1622603780970 3410 336
1622603793645 3420 337
1622603806539 3430 338
1622603819228 3440 339
1622603831992 3450 340
1622603844757 3460 341
1622603857618 3470 342
1622603870462 3480 343
1622603883692 3490 344
1622603896747 3500 345
1622603909717 3510 346
1622603922714 3520 347
1622603935799 3530 348
1622603948838 3540 349
1622603962132 3550 350
1622603975276 3560 351
1622603988511 3570 352
1622604001840 3580 353
1622604015366 3590 354
1622604028795 3600 355
1622604042194 3610 356
1622604055638 3620 357
1622604069279 3630 358
1622604082880 3640 359
1622604096349 3650 360
1622604109984 3660 361
1622604123635 3670 362
1622604137225 3680 363
1622604150771 3690 364
1622604164709 3700 365
1622604178495 3710 366
1622604192280 3720 367
1622604206291 3730 368
1622604220166 3740 369
1622604233965 3750 370
1622604247893 3760 371
1622604261847 3770 372
1622604275842 3780 373
1622604289841 3790 374
1622604303811 3800 375
1622604317940 3810 376
1622604332041 3820 377
1622604346289 3830 378
1622604360516 3840 379
1622604374765 3850 380
1622604389823 3860 381
1622604404011 3870 382
1622604418391 3880 383
1622604432911 3890 384
1622604447171 3900 385
1622604461545 3910 386
1622604475937 3920 387
1622604490397 3930 388
1622604504948 3940 389
1622604519565 3950 390
1622604534380 3960 391
1622604548916 3970 392
1622604563696 3980 393
1622604578404 3990 394
1622604593220 4000 395
1622604608094 4010 396
1622604623035 4020 397
1622604637853 4030 398
1622604653016 4040 399
1622604667862 4050 400
1622604682793 4060 401
1622604698498 4070 402
1622604713652 4080 403
1622604728647 4090 404
1622604743978 4100 405
1622604759194 4110 406
1622604774407 4120 407
1622604790508 4130 408
1622604806075 4140 409
1622604821363 4150 410
1622604836651 4160 411
1622604851932 4170 412
1622604867252 4180 413
1622604882621 4190 414
1622604898211 4200 415
1622604913716 4210 416
1622604929198 4220 417
1622604945147 4230 418
1622604960663 4240 419
1622604977315 4250 420
1622604993025 4260 421
1622605008769 4270 422
1622605024572 4280 423
1622605040494 4290 424
1622605056670 4300 425
1622605073574 4310 426
1622605089621 4320 427
1622605105635 4330 428
1622605121903 4340 429
1622605138074 4350 430
1622605154267 4360 431
1622605170988 4370 432
1622605187234 4380 433
1622605203473 4390 434
1622605219751 4400 435
1622605236013 4410 436
1622605252607 4420 437
1622605268998 4430 438
1622605285513 4440 439
1622605302215 4450 440
1622605318703 4460 441
1622605335519 4470 442
1622605352095 4480 443
1622605368807 4490 444
1622605386387 4500 445
1622605404195 4510 446
1622605421700 4520 447
1622605438422 4530 448
1622605455265 4540 449
1622605471965 4550 450
1622605488727 4560 451
1622605505446 4570 452
1622605522755 4580 453
1622605539504 4590 454
1622605557253 4600 455
1622605574245 4610 456
1622605591321 4620 457
1622605608372 4630 458
1622605625431 4640 459
1622605642511 4650 460
1622605659664 4660 461
1622605676771 4670 462
1622605694153 4680 463
1622605711429 4690 464
1622605728951 4700 465
1622605746402 4710 466
1622605763903 4720 467
1622605781365 4730 468
1622605799281 4740 469
1622605816756 4750 470
1622605834318 4760 471
1622605851919 4770 472
1622605869590 4780 473
1622605887688 4790 474
1622605905741 4800 475
1622605923631 4810 476
1622605941412 4820 477
1622605959301 4830 478
1622605977056 4840 479
1622605994848 4850 480
1622606012625 4860 481
1622606030653 4870 482
1622606049458 4880 483
1622606067511 4890 484
1622606085601 4900 485
1622606104999 4910 486
1622606123178 4920 487
1622606141489 4930 488
1622606159827 4940 489
1622606178006 4950 490
1622606196235 4960 491
1622606214505 4970 492
1622606232704 4980 493
1622606251079 4990 494
1622606269482 5000 495
1622606287923 5010 496
1622606306339 5020 497
1622606324763 5030 498
1622606343227 5040 499
1622606361796 5050 500
