1622601556606 0.9415880874966737 0
1622601557160 0.9477311231165187 1
1622601557693 0.9469728490297391 2
1622601558267 0.9469728490297391 3
1622601558864 0.9469728490297391 4
1622601559497 0.9469728490297391 5
1622601560170 0.9469728490297391 6
1622601560866 0.9469728490297391 7
1622601561594 0.9469728490297391 8
1622601562385 0.9469728490297391 9
1622601563210 0.9469728490297391 10
1622601564136 0.9469728490297391 11
1622601565147 0.9469728490297391 12
1622601566096 0.9469728490297391 13
1622601567041 0.9469728490297391 14
1622601568048 0.9469728490297391 15
1622601569085 0.9469728490297391 16
1622601570153 0.9469728490297391 17
1622601571270 0.9469728490297391 18
1622601572489 0.9469728490297391 19
1622601573702 0.9469728490297391 20
1622601574908 0.9469728490297391 21
1622601576150 0.9469728490297391 22
1622601577451 0.9469728490297391 23
1622601578780 0.9469728490297391 24
1622601580146 0.9469728490297391 25
1622601581531 0.9469728490297391 26
1622601583001 0.9469728490297391 27
1622601584490 0.9469728490297391 28
1622601586018 0.9469728490297391 29
1622601587559 0.9469728490297391 30
1622601589137 0.9469728490297391 31
1622601590759 0.9469728490297391 32
1622601592401 0.9469728490297391 33
1622601594086 0.9469728490297391 34
1622601595808 0.9469728490297391 35
1622601597592 0.9469728490297391 36
1622601599369 0.9469728490297391 37
1622601601207 0.9469728490297391 38
1622601603067 0.9469728490297391 39
1622601604976 0.9469728490297391 40
1622601606899 0.9469728490297391 41
1622601608892 0.9469728490297391 42
1622601610893 0.9469728490297391 43
1622601612972 0.9469728490297391 44
1622601615021 0.9469728490297391 45
1622601617163 0.9469728490297391 46
1622601619328 0.9469728490297391 47
1622601621542 0.9469728490297391 48
1622601623800 0.9469728490297391 49
1622601626041 0.9469728490297391 50
1622601628328 0.9469728490297391 51
1622601630668 0.9469728490297391 52
1622601633059 0.9469728490297391 53
1622601635483 0.9469728490297391 54
1622601637954 0.9469728490297391 55
1622601640399 0.9469728490297391 56
1622601642870 0.9469728490297391 57
1622601645436 0.9469728490297391 58
1622601648037 0.9469728490297391 59
1622601650667 0.9469728490297391 60
1622601653307 0.9469728490297391 61
1622601656000 0.9469728490297391 62
1622601658685 0.9469728490297391 63
1622601661468 0.9469728490297391 64
1622601664269 0.9469728490297391 65
1622601667067 0.9469728490297391 66
1622601669947 0.9469728490297391 67
1622601672860 0.9469728490297391 68
1622601675834 0.9469728490297391 69
1622601678823 0.9469728490297391 70
1622601681884 0.9469728490297391 71
1622601684967 0.9469728490297391 72
1622601688071 0.9469728490297391 73
1622601691214 0.9469728490297391 74
1622601694397 0.9469728490297391 75
1622601697606 0.9469728490297391 76
1622601700851 0.9469728490297391 77
1622601704108 0.9469728490297391 78
1622601707406 0.9469728490297391 79
1622601710742 0.9469728490297391 80
1622601714093 0.9469728490297391 81
1622601717529 0.9469728490297391 82
1622601720989 0.9469728490297391 83
1622601724662 0.9469728490297391 84
1622601728513 0.9469728490297391 85
1622601732078 0.9469728490297391 86
1622601735700 0.9469728490297391 87
1622601739356 0.9469728490297391 88
1622601743036 0.9469728490297391 89
1622601746750 0.9469728490297391 90
1622601750477 0.9469728490297391 91
1622601754289 0.9469728490297391 92
1622601758133 0.9469728490297391 93
1622601761923 0.9469728490297391 94
1622601765824 0.9469728490297391 95
1622601769803 0.9469728490297391 96
1622601774586 0.9469728490297391 97
1622601778538 0.9469728490297391 98
1622601782576 0.9469728490297391 99
1622601786689 0.9469728490297391 100
1622601790833 0.9469728490297391 101
1622601794981 0.9469728490297391 102
1622601799147 0.9469728490297391 103
1622601803373 0.9469728490297391 104
1622601807654 0.9469728490297391 105
1622601811952 0.9469728490297391 106
1622601816269 0.9469728490297391 107
1622601820604 0.9469728490297391 108
1622601824979 0.9469728490297391 109
1622601829378 0.9469728490297391 110
1622601833865 0.9469728490297391 111
1622601838328 0.9469728490297391 112
1622601842879 0.9469728490297391 113
1622601847450 0.9469728490297391 114
1622601852060 0.9469728490297391 115
1622601856713 0.9469728490297391 116
1622601861463 0.9469728490297391 117
1622601866210 0.9469728490297391 118
1622601870982 0.9469728490297391 119
1622601875760 0.9469728490297391 120
1622601880603 0.9469728490297391 121
1622601885474 0.9469728490297391 122
1622601890399 0.9469728490297391 123
1622601895281 0.9469728490297391 124
1622601900277 0.9469728490297391 125
1622601905272 0.9469728490297391 126
1622601910317 0.9469728490297391 127
1622601915433 0.9469728490297391 128
1622601920536 0.9469728490297391 129
1622601925665 0.9469728490297391 130
1622601931156 0.9469728490297391 131
1622601936439 0.9469728490297391 132
1622601941679 0.9469728490297391 133
1622601946958 0.9469728490297391 134
1622601952258 0.9469728490297391 135
1622601957643 0.9469728490297391 136
1622601963077 0.9469728490297391 137
1622601968540 0.9469728490297391 138
1622601974057 0.9469728490297391 139
1622601979597 0.9469728490297391 140
1622601985122 0.9469728490297391 141
1622601990702 0.9469728490297391 142
1622601996449 0.9469728490297391 143
1622602002117 0.9469728490297391 144
1622602007816 0.9469728490297391 145
1622602013571 0.9469728490297391 146
1622602019307 0.9469728490297391 147
1622602025142 0.9469728490297391 148
1622602031000 0.9469728490297391 149
1622602036928 0.9469728490297391 150
1622602042880 0.9469728490297391 151
1622602048908 0.9469728490297391 152
1622602054946 0.9469728490297391 153
1622602060976 0.9469728490297391 154
1622602067019 0.9469728490297391 155
1622602073120 0.9469728490297391 156
1622602079260 0.9469728490297391 157
1622602085506 0.9469728490297391 158
1622602091794 0.9469728490297391 159
1622602098061 0.9469728490297391 160
1622602104430 0.9469728490297391 161
1622602110727 0.9469728490297391 162
1622602117119 0.9469728490297391 163
1622602123452 0.9469728490297391 164
1622602129991 0.9469728490297391 165
1622602136474 0.9469728490297391 166
1622602142915 0.9469728490297391 167
1622602149420 0.9469728490297391 168
1622602156068 0.9469728490297391 169
1622602162665 0.9469728490297391 170
1622602169310 0.9469728490297391 171
1622602176250 0.9469728490297391 172
1622602182971 0.9469728490297391 173
1622602189711 0.9469728490297391 174
1622602196492 0.9469728490297391 175
1622602203305 0.9469728490297391 176
1622602210951 0.9469728490297391 177
1622602217846 0.9469728490297391 178
1622602224983 0.9469728490297391 179
1622602231950 0.9469728490297391 180
1622602239030 0.9469728490297391 181
1622602246167 0.9469728490297391 182
1622602253242 0.9469728490297391 183
1622602260363 0.9469728490297391 184
1622602267550 0.9469728490297391 185
1622602274767 0.9469728490297391 186
1622602281929 0.9469728490297391 187
1622602289173 0.9469728490297391 188
1622602296430 0.9469728490297391 189
1622602303708 0.9469728490297391 190
1622602311037 0.9469728490297391 191
1622602318387 0.9469728490297391 192
1622602325819 0.9469728490297391 193
1622602333295 0.9469728490297391 194
1622602340854 0.9469728490297391 195
1622602348348 0.9469728490297391 196
1622602355880 0.9469728490297391 197
1622602363468 0.9469728490297391 198
1622602371709 0.9469728490297391 199
1622602379391 0.9469728490297391 200
1622602387116 0.9469728490297391 201
1622602394815 0.9469728490297391 202
1622602402620 0.9469728490297391 203
1622602410480 0.9469728490297391 204
1622602418339 0.9469728490297391 205
1622602426215 0.9469728490297391 206
1622602434104 0.9469728490297391 207
1622602441994 0.9469728490297391 208
1622602450211 0.9469728490297391 209
1622602458347 0.9469728490297391 210
1622602466461 0.9469728490297391 211
1622602475076 0.9469728490297391 212
1622602483911 0.9469728490297391 213
1622602492590 0.9469728490297391 214
1622602502421 0.9469728490297391 215
1622602511162 0.9469728490297391 216
1622602519401 0.9469728490297391 217
1622602527720 0.9469728490297391 218
1622602536025 0.9469728490297391 219
1622602544403 0.9469728490297391 220
1622602552845 0.9469728490297391 221
1622602561351 0.9469728490297391 222
1622602569859 0.9469728490297391 223
1622602578411 0.9469728490297391 224
1622602586955 0.9469728490297391 225
1622602595568 0.9469728490297391 226
1622602604267 0.9469728490297391 227
1622602613016 0.9469728490297391 228
1622602621734 0.9469728490297391 229
1622602630764 0.9469728490297391 230
1622602639767 0.9469728490297391 231
1622602649117 0.9469728490297391 232
1622602658512 0.9469728490297391 233
1622602667862 0.9469728490297391 234
1622602677192 0.9469728490297391 235
1622602686996 0.9469728490297391 236
1622602696065 0.9469728490297391 237
1622602705178 0.9469728490297391 238
1622602714282 0.9469728490297391 239
1622602723497 0.9469728490297391 240
1622602733613 0.9469728490297391 241
1622602742769 0.9469728490297391 242
1622602751887 0.9469728490297391 243
1622602761640 0.9469728490297391 244
1622602770930 0.9469728490297391 245
1622602780196 0.9469728490297391 246
1622602789563 0.9469728490297391 247
1622602798925 0.9469728490297391 248
1622602808314 0.9469728490297391 249
1622602818146 0.9469728490297391 250
1622602827745 0.9469728490297391 251
1622602837264 0.9469728490297391 252
1622602847157 0.9469728490297391 253
1622602856912 0.9469728490297391 254
1622602866543 0.9469728490297391 255
1622602876159 0.9469728490297391 256
1622602885977 0.9469728490297391 257
1622602895784 0.9469728490297391 258
1622602905720 0.9469728490297391 259
1622602915516 0.9469728490297391 260
1622602925422 0.9469728490297391 261
1622602935693 0.9469728490297391 262
1622602945968 0.9469728490297391 263
1622602956365 0.9469728490297391 264
1622602966307 0.9469728490297391 265
1622602976595 0.9469728490297391 266
1622602986712 0.9469728490297391 267
1622602996871 0.9469728490297391 268
1622603007038 0.9469728490297391 269
1622603017226 0.9469728490297391 270
1622603027846 0.9469728490297391 271
1622603038074 0.9469728490297391 272
1622603048413 0.9469728490297391 273
1622603058729 0.9469728490297391 274
1622603069103 0.9469728490297391 275
1622603079438 0.9469728490297391 276
1622603089834 0.9469728490297391 277
1622603100340 0.9469728490297391 278
1622603110866 0.9469728490297391 279
1622603121704 0.9469728490297391 280
1622603132303 0.9469728490297391 281
1622603143537 0.9469728490297391 282
1622603154563 0.9469728490297391 283
1622603166201 0.9469728490297391 284
1622603176973 0.9469728490297391 285
1622603188437 0.9469728490297391 286
1622603199566 0.9469728490297391 287
1622603211147 0.9469728490297391 288
1622603222021 0.9469728490297391 289
1622603232835 0.9469728490297391 290
1622603244337 0.9469728490297391 291
1622603255699 0.9469728490297391 292
1622603266756 0.9469728490297391 293
1622603278670 0.9469728490297391 294
1622603289917 0.9469728490297391 295
1622603301134 0.9469728490297391 296
1622603312448 0.9469728490297391 297
1622603323721 0.9469728490297391 298
1622603335039 0.9469728490297391 299
1622603346330 0.9469728490297391 300
1622603357690 0.9469728490297391 301
1622603369087 0.9469728490297391 302
1622603380605 0.9469728490297391 303
1622603392130 0.9469728490297391 304
1622603403690 0.9469728490297391 305
1622603415584 0.9469728490297391 306
1622603427206 0.9469728490297391 307
1622603438892 0.9469728490297391 308
1622603450534 0.9469728490297391 309
1622603462535 0.9469728490297391 310
1622603474288 0.9469728490297391 311
1622603486255 0.9469728490297391 312
1622603498210 0.9469728490297391 313
1622603510092 0.9469728490297391 314
1622603522009 0.9469728490297391 315
1622603534553 0.9469728490297391 316
1622603546536 0.9469728490297391 317
1622603558547 0.9469728490297391 318
1622603570558 0.9469728490297391 319
1622603582765 0.9469728490297391 320
1622603594841 0.9469728490297391 321
1622603606900 0.9469728490297391 322
1622603619039 0.9469728490297391 323
1622603631289 0.9469728490297391 324
1622603643834 0.9469728490297391 325
1622603656110 0.9469728490297391 326
1622603668517 0.9469728490297391 327
1622603680770 0.9469728490297391 328
1622603693150 0.9469728490297391 329
1622603705556 0.9469728490297391 330
1622603718047 0.9469728490297391 331
1622603730529 0.9469728490297391 332
1622603743092 0.9469728490297391 333
1622603755672 0.9469728490297391 334
1622603768294 0.9469728490297391 335
1622603780961 0.9469728490297391 336
1622603793636 0.9469728490297391 337
1622603806530 0.9469728490297391 338
1622603819219 0.9469728490297391 339
1622603831983 0.9469728490297391 340
1622603844747 0.9469728490297391 341
1622603857607 0.9469728490297391 342
1622603870452 0.9469728490297391 343
1622603883683 0.9469728490297391 344
1622603896738 0.9469728490297391 345
1622603909708 0.9469728490297391 346
1622603922705 0.9469728490297391 347
1622603935790 0.9469728490297391 348
1622603948829 0.9469728490297391 349
1622603962123 0.9469728490297391 350
1622603975267 0.9469728490297391 351
1622603988502 0.9469728490297391 352
1622604001830 0.9469728490297391 353
1622604015355 0.9469728490297391 354
1622604028785 0.9469728490297391 355
1622604042184 0.9469728490297391 356
1622604055628 0.9469728490297391 357
1622604069269 0.9469728490297391 358
1622604082871 0.9469728490297391 359
1622604096340 0.9469728490297391 360
1622604109975 0.9469728490297391 361
1622604123626 0.9469728490297391 362
1622604137216 0.9469728490297391 363
1622604150763 0.9469728490297391 364
1622604164701 0.9469728490297391 365
1622604178486 0.9469728490297391 366
1622604192271 0.9469728490297391 367
1622604206282 0.9469728490297391 368
1622604220157 0.9469728490297391 369
1622604233956 0.9469728490297391 370
1622604247883 0.9469728490297391 371
1622604261837 0.9469728490297391 372
1622604275832 0.9469728490297391 373
1622604289832 0.9469728490297391 374
1622604303801 0.9469728490297391 375
1622604317930 0.9469728490297391 376
1622604332031 0.9469728490297391 377
1622604346281 0.9469728490297391 378
1622604360507 0.9469728490297391 379
1622604374756 0.9469728490297391 380
1622604389815 0.9469728490297391 381
1622604404003 0.9469728490297391 382
1622604418381 0.9469728490297391 383
1622604432902 0.9469728490297391 384
1622604447161 0.9469728490297391 385
1622604461534 0.9469728490297391 386
1622604475927 0.9469728490297391 387
1622604490387 0.9469728490297391 388
1622604504938 0.9469728490297391 389
1622604519556 0.9469728490297391 390
1622604534370 0.9469728490297391 391
1622604548908 0.9469728490297391 392
1622604563687 0.9469728490297391 393
1622604578395 0.9469728490297391 394
1622604593210 0.9469728490297391 395
1622604608084 0.9469728490297391 396
1622604623025 0.9469728490297391 397
1622604637843 0.9469728490297391 398
1622604653007 0.9469728490297391 399
1622604667853 0.9469728490297391 400
1622604682784 0.9469728490297391 401
1622604698489 0.9469728490297391 402
1622604713643 0.9469728490297391 403
1622604728639 0.9469728490297391 404
1622604743970 0.9469728490297391 405
1622604759184 0.9469728490297391 406
1622604774399 0.9469728490297391 407
1622604790498 0.9469728490297391 408
1622604806065 0.9469728490297391 409
1622604821353 0.9469728490297391 410
1622604836641 0.9469728490297391 411
1622604851922 0.9469728490297391 412
1622604867243 0.9469728490297391 413
1622604882612 0.9469728490297391 414
1622604898200 0.9469728490297391 415
1622604913705 0.9469728490297391 416
1622604929188 0.9469728490297391 417
1622604945138 0.9469728490297391 418
1622604960654 0.9469728490297391 419
1622604977306 0.9469728490297391 420
1622604993016 0.9469728490297391 421
1622605008759 0.9469728490297391 422
1622605024562 0.9469728490297391 423
1622605040484 0.9469728490297391 424
1622605056659 0.9469728490297391 425
1622605073565 0.9469728490297391 426
1622605089613 0.9469728490297391 427
1622605105626 0.9469728490297391 428
1622605121894 0.9469728490297391 429
1622605138066 0.9469728490297391 430
1622605154259 0.9469728490297391 431
1622605170980 0.9469728490297391 432
1622605187225 0.9469728490297391 433
1622605203463 0.9469728490297391 434
1622605219742 0.9469728490297391 435
1622605236003 0.9469728490297391 436
1622605252598 0.9469728490297391 437
1622605268989 0.9469728490297391 438
1622605285504 0.9469728490297391 439
1622605302206 0.9469728490297391 440
1622605318694 0.9469728490297391 441
1622605335510 0.9469728490297391 442
1622605352085 0.9469728490297391 443
1622605368797 0.9469728490297391 444
1622605386376 0.9469728490297391 445
1622605404186 0.9469728490297391 446
1622605421691 0.9469728490297391 447
1622605438413 0.9469728490297391 448
1622605455257 0.9469728490297391 449
1622605471957 0.9469728490297391 450
1622605488718 0.9469728490297391 451
1622605505436 0.9469728490297391 452
1622605522746 0.9469728490297391 453
1622605539493 0.9469728490297391 454
1622605557243 0.9469728490297391 455
1622605574234 0.9469728490297391 456
1622605591310 0.9469728490297391 457
1622605608362 0.9469728490297391 458
1622605625421 0.9469728490297391 459
1622605642502 0.9469728490297391 460
1622605659655 0.9469728490297391 461
1622605676762 0.9469728490297391 462
1622605694144 0.9469728490297391 463
1622605711421 0.9469728490297391 464
1622605728942 0.9469728490297391 465
1622605746392 0.9469728490297391 466
1622605763894 0.9469728490297391 467
1622605781356 0.9469728490297391 468
1622605799272 0.9469728490297391 469
1622605816746 0.9469728490297391 470
1622605834310 0.9469728490297391 471
1622605851910 0.9469728490297391 472
1622605869581 0.9469728490297391 473
1622605887680 0.9469728490297391 474
1622605905731 0.9469728490297391 475
1622605923622 0.9469728490297391 476
1622605941403 0.9469728490297391 477
1622605959291 0.9469728490297391 478
1622605977046 0.9469728490297391 479
1622605994839 0.9469728490297391 480
1622606012615 0.9469728490297391 481
1622606030643 0.9469728490297391 482
1622606049449 0.9469728490297391 483
1622606067503 0.9469728490297391 484
1622606085590 0.9469728490297391 485
1622606104989 0.9469728490297391 486
1622606123168 0.9469728490297391 487
1622606141479 0.9469728490297391 488
1622606159817 0.9469728490297391 489
1622606177997 0.9469728490297391 490
1622606196224 0.9469728490297391 491
1622606214494 0.9469728490297391 492
1622606232694 0.9469728490297391 493
1622606251070 0.9469728490297391 494
1622606269473 0.9469728490297391 495
1622606287913 0.9469728490297391 496
1622606306329 0.9469728490297391 497
1622606324753 0.9469728490297391 498
1622606343217 0.9469728490297391 499
1622606361786 0.9469728490297391 500
