1622601556648 0.005 0
1622601557194 0.428 1
1622601557729 0.839 2
1622601558302 1.29 3
1622601558894 1.764 4
1622601559528 2.2800000000000002 5
1622601560200 2.8360000000000003 6
1622601560895 3.4160000000000004 7
1622601561625 4.0280000000000005 8
1622601562414 4.703 9
1622601563241 5.412 10
1622601564171 6.221 11
1622601565182 7.1 12
1622601566128 7.914999999999999 13
1622601567073 8.741 14
1622601568080 9.629999999999999 15
1622601569117 10.549999999999999 16
1622601570186 11.499999999999998 17
1622601571305 12.497999999999998 18
1622601572524 13.593999999999998 19
1622601573733 14.676999999999998 20
1622601574939 15.766999999999998 21
1622601576183 16.891 22
1622601577484 18.072999999999997 23
1622601578811 19.280999999999995 24
1622601580178 20.528999999999996 25
1622601581589 21.791999999999994 26
1622601583033 23.116999999999994 27
1622601584522 24.487999999999992 28
1622601586050 25.897999999999993 29
1622601587590 27.322999999999993 30
1622601589168 28.783999999999992 31
1622601590790 30.28899999999999 32
1622601592432 31.81299999999999 33
1622601594118 33.38099999999999 34
1622601595843 34.98299999999999 35
1622601597623 36.64499999999999 36
1622601599406 38.29799999999999 37
1622601601236 40.01299999999999 38
1622601603099 41.75699999999999 39
1622601605010 43.54699999999999 40
1622601606931 45.34699999999999 41
1622601608927 47.22099999999999 42
1622601610929 49.09899999999999 43
1622601613005 51.05399999999999 44
1622601615053 52.98099999999999 45
1622601617196 55.00399999999999 46
1622601619362 57.04799999999999 47
1622601621575 59.13899999999999 48
1622601623833 61.27799999999999 49
1622601626073 63.398999999999994 50
1622601628360 65.567 51
1622601630701 67.78899999999999 52
1622601633090 70.05899999999998 53
1622601635516 72.36599999999999 54
1622601637987 74.71599999999998 55
1622601640431 77.04099999999998 56
1622601642902 79.39299999999999 57
1622601645469 81.84099999999998 58
1622601648070 84.32099999999998 59
1622601650698 86.82999999999998 60
1622601653341 89.35199999999999 61
1622601656032 91.92399999999999 62
1622601658717 94.49 63
1622601661499 97.155 64
1622601664301 99.838 65
1622601667099 102.51899999999999 66
1622601669980 105.27999999999999 67
1622601672895 108.07099999999998 68
1622601675867 110.92299999999999 69
1622601678859 113.79099999999998 70
1622601681919 116.72699999999998 71
1622601685003 119.68699999999997 72
1622601688104 122.66899999999997 73
1622601691248 125.69099999999997 74
1622601694431 128.75399999999996 75
1622601697641 131.83999999999997 76
1622601700885 134.96299999999997 77
1622601704142 138.09799999999996 78
1622601707441 141.27399999999994 79
1622601710775 144.48699999999994 80
1622601714126 147.71499999999995 81
1622601717564 151.02999999999994 82
1622601721022 154.36899999999994 83
1622601724696 157.91999999999993 84
1622601728547 161.64999999999992 85
1622601732107 165.0879999999999 86
1622601735733 168.5949999999999 87
1622601739388 172.1289999999999 88
1622601743070 175.69099999999992 89
1622601746782 179.2839999999999 90
1622601750507 182.8919999999999 91
1622601754318 186.5869999999999 92
1622601758162 190.3169999999999 93
1622601761955 193.9919999999999 94
1622601765857 197.7749999999999 95
1622601769835 201.6349999999999 96
1622601774618 206.2999999999999 97
1622601778571 210.1329999999999 98
1622601782609 214.0499999999999 99
1622601786722 218.0439999999999 100
1622601790865 222.0679999999999 101
1622601795013 226.0969999999999 102
1622601799180 230.1459999999999 103
1622601803407 234.2519999999999 104
1622601807687 238.4119999999999 105
1622601811984 242.58899999999988 106
1622601816304 246.78899999999987 107
1622601820638 251.00199999999987 108
1622601825011 255.25599999999986 109
1622601829410 259.53499999999985 110
1622601833897 263.9039999999999 111
1622601838361 268.2479999999999 112
1622601842914 272.6779999999999 113
1622601847483 277.12599999999986 114
1622601852093 281.61399999999986 115
1622601856744 286.14499999999987 116
1622601861496 290.77599999999984 117
1622601866242 295.4019999999998 118
1622601871016 300.0539999999998 119
1622601875793 304.7089999999998 120
1622601880634 309.4319999999998 121
1622601885505 314.1859999999998 122
1622601890431 318.9929999999998 123
1622601895314 323.75699999999983 124
1622601900308 328.63399999999984 125
1622601905302 333.51199999999983 126
1622601910346 338.4409999999998 127
1622601915463 343.4399999999998 128
1622601920570 348.4239999999998 129
1622601925696 353.42999999999984 130
1622601931188 358.80199999999985 131
1622601936471 363.95799999999986 132
1622601941710 369.07599999999985 133
1622601946991 374.23799999999983 134
1622601952289 379.4189999999998 135
1622601957673 384.68499999999983 136
1622601963107 390.00199999999984 137
1622601968568 395.34699999999987 138
1622601974087 400.75099999999986 139
1622601979626 406.1759999999999 140
1622601985154 411.58499999999987 141
1622601990731 417.0459999999999 142
1622601996478 422.6799999999999 143
1622602002146 428.23399999999987 144
1622602007844 433.8169999999999 145
1622602013604 439.4589999999999 146
1622602019340 445.07299999999987 147
1622602025176 450.7859999999999 148
1622602031033 456.5219999999999 149
1622602036961 462.3289999999999 150
1622602042912 468.1619999999999 151
1622602048939 474.0709999999999 152
1622602054978 479.9919999999999 153
1622602061007 485.9029999999999 154
1622602067051 491.8279999999999 155
1622602073151 497.8119999999999 156
1622602079291 503.8329999999999 157
1622602085539 509.96199999999993 158
1622602091826 516.1239999999999 159
1622602098093 522.2729999999999 160
1622602104462 528.5229999999999 161
1622602110757 534.6999999999999 162
1622602117148 540.9759999999999 163
1622602123483 547.1929999999999 164
1622602130021 553.6149999999999 165
1622602136505 559.9809999999999 166
1622602142945 566.3039999999999 167
1622602149449 572.6919999999999 168
1622602156100 579.2239999999999 169
1622602162696 585.7009999999999 170
1622602169341 592.228 171
1622602176280 599.0519999999999 172
1622602183000 605.656 173
1622602189743 612.2819999999999 174
1622602196523 618.944 175
1622602203342 625.641 176
1622602210983 633.083 177
1622602217877 639.8589999999999 178
1622602225014 646.8789999999999 179
1622602231981 653.7289999999999 180
1622602239061 660.6919999999999 181
1622602246200 667.7109999999999 182
1622602253272 674.6649999999998 183
1622602260395 681.6699999999998 184
1622602267582 688.7379999999998 185
1622602274796 695.8369999999999 186
1622602281961 702.8859999999999 187
1622602289204 710.0109999999999 188
1622602296459 717.1499999999999 189
1622602303738 724.3139999999999 190
1622602311067 731.5269999999998 191
1622602318417 738.7619999999998 192
1622602325851 746.0789999999998 193
1622602333326 753.4369999999998 194
1622602340883 760.8789999999998 195
1622602348378 768.2569999999998 196
1622602355911 775.6739999999999 197
1622602363495 783.1439999999999 198
1622602371742 791.2729999999999 199
1622602379424 798.8269999999999 200
1622602387148 806.4299999999998 201
1622602394847 814.0099999999999 202
1622602402654 821.6939999999998 203
1622602410512 829.4329999999999 204
1622602418372 837.1719999999999 205
1622602426248 844.9269999999999 206
1622602434137 852.6919999999999 207
1622602442025 860.4609999999999 208
1622602450243 868.56 209
1622602458379 876.577 210
1622602466494 884.571 211
1622602475108 893.066 212
1622602483944 901.7810000000001 213
1622602492632 910.3340000000001 214
1622602502451 919.9540000000001 215
1622602511191 928.575 216
1622602519430 936.6980000000001 217
1622602527749 944.902 218
1622602536056 953.091 219
1622602544433 961.352 220
1622602552875 969.679 221
1622602561381 978.068 222
1622602569888 986.459 223
1622602578443 994.896 224
1622602586982 1003.3209999999999 225
1622602595597 1011.8219999999999 226
1622602604298 1020.4059999999998 227
1622602613047 1029.0399999999997 228
1622602621765 1037.6399999999996 229
1622602630794 1046.5529999999997 230
1622602639797 1055.4409999999996 231
1622602649147 1064.6689999999996 232
1622602658544 1073.9469999999997 233
1622602667896 1083.1739999999998 234
1622602677224 1092.3779999999997 235
1622602687025 1102.0609999999997 236
1622602696097 1111.0149999999996 237
1622602705212 1120.0109999999997 238
1622602714311 1128.9919999999997 239
1622602723528 1138.0909999999997 240
1622602733642 1148.0909999999997 241
1622602742802 1157.1309999999996 242
1622602751919 1166.1299999999997 243
1622602761669 1175.7649999999996 244
1622602770959 1184.9409999999996 245
1622602780227 1194.0909999999997 246
1622602789589 1203.3409999999997 247
1622602798952 1212.5919999999996 248
1622602808341 1221.8699999999997 249
1622602818176 1231.5889999999997 250
1622602827778 1241.0699999999997 251
1622602837296 1250.4699999999998 252
1622602847189 1260.2419999999997 253
1622602856942 1269.8789999999997 254
1622602866574 1279.3939999999998 255
1622602876189 1288.8939999999998 256
1622602886007 1298.5969999999998 257
1622602895816 1308.2849999999999 258
1622602905751 1318.1049999999998 259
1622602915547 1327.7759999999998 260
1622602925453 1337.562 261
1622602935725 1347.716 262
1622602946001 1357.868 263
1622602956397 1368.1419999999998 264
1622602966336 1377.966 265
1622602976625 1388.1399999999999 266
1622602986741 1398.1409999999998 267
1622602996907 1408.1839999999997 268
1622603007071 1418.2289999999998 269
1622603017254 1428.2979999999998 270
1622603027879 1438.8049999999998 271
1622603038102 1448.908 272
1622603048442 1459.1309999999999 273
1622603058760 1469.3319999999999 274
1622603069137 1479.589 275
1622603079467 1489.8039999999999 276
1622603089864 1500.0829999999999 277
1622603100370 1510.473 278
1622603110897 1520.883 279
1622603121733 1531.604 280
1622603132334 1542.089 281
1622603143566 1553.205 282
1622603154592 1564.117 283
1622603166230 1575.636 284
1622603177007 1586.289 285
1622603188471 1597.631 286
1622603199596 1608.576 287
1622603211176 1619.97 288
1622603222053 1630.729 289
1622603232866 1641.424 290
1622603244371 1652.807 291
1622603255731 1664.049 292
1622603266794 1674.9859999999999 293
1622603278702 1686.6819999999998 294
1622603289950 1697.8099999999997 295
1622603301166 1708.9069999999997 296
1622603312480 1720.1029999999996 297
1622603323754 1731.2579999999996 298
1622603335071 1742.4549999999995 299
1622603346361 1753.6259999999995 300
1622603357720 1764.8689999999995 301
1622603369116 1776.1479999999995 302
1622603380636 1787.5499999999995 303
1622603392159 1798.9549999999995 304
1622603403721 1810.3989999999994 305
1622603415614 1822.1739999999995 306
1622603427236 1833.6799999999996 307
1622603438920 1845.2509999999995 308
1622603450569 1856.7789999999995 309
1622603462568 1868.6569999999995 310
1622603474320 1880.2899999999995 311
1622603486287 1892.1389999999994 312
1622603498241 1903.9749999999995 313
1622603510124 1915.7399999999996 314
1622603522043 1927.5369999999996 315
1622603534586 1939.9599999999996 316
1622603546566 1951.8159999999996 317
1622603558577 1963.7109999999996 318
1622603570588 1975.6049999999996 319
1622603582795 1987.6969999999997 320
1622603594870 1999.6559999999997 321
1622603606929 2011.5999999999997 322
1622603619070 2023.6239999999996 323
1622603631316 2035.7579999999996 324
1622603643866 2048.191 325
1622603656142 2060.3489999999997 326
1622603668550 2072.638 327
1622603680802 2084.7709999999997 328
1622603693182 2097.033 329
1622603705588 2109.321 330
1622603718082 2121.694 331
1622603730560 2134.053 332
1622603743123 2146.498 333
1622603755701 2158.9610000000002 334
1622603768327 2171.4680000000003 335
1622603780991 2184.014 336
1622603793665 2196.5730000000003 337
1622603806559 2209.3530000000005 338
1622603819247 2221.9270000000006 339
1622603832013 2234.5770000000007 340
1622603844780 2247.2260000000006 341
1622603857643 2259.9650000000006 342
1622603870484 2272.6880000000006 343
1622603883715 2285.8000000000006 344
1622603896769 2298.7350000000006 345
1622603909739 2311.5870000000004 346
1622603922737 2324.4650000000006 347
1622603935819 2337.4310000000005 348
1622603948859 2350.3560000000007 349
1622603962152 2363.533000000001 350
1622603975294 2376.562000000001 351
1622603988531 2389.683000000001 352
1622604001863 2402.895000000001 353
1622604015389 2416.300000000001 354
1622604028817 2429.608000000001 355
1622604042217 2442.889000000001 356
1622604055662 2456.213000000001 357
1622604069301 2469.733000000001 358
1622604082900 2483.2160000000013 359
1622604096368 2496.570000000001 360
1622604110004 2510.090000000001 361
1622604123656 2523.626000000001 362
1622604137245 2537.1000000000013 363
1622604150790 2550.5340000000015 364
1622604164729 2564.3580000000015 365
1622604178516 2578.0290000000014 366
1622604192302 2591.6980000000012 367
1622604206314 2605.5910000000013 368
1622604220187 2619.3460000000014 369
1622604233987 2633.028000000001 370
1622604247915 2646.838000000001 371
1622604261868 2660.673000000001 372
1622604275863 2674.5510000000013 373
1622604289864 2688.4330000000014 374
1622604303833 2702.2830000000013 375
1622604317962 2716.2930000000015 376
1622604332063 2730.2740000000017 377
1622604346310 2744.4070000000015 378
1622604360539 2758.5190000000016 379
1622604374787 2772.6500000000015 380
1622604389842 2787.5910000000013 381
1622604404032 2801.6670000000013 382
1622604418413 2815.930000000001 383
1622604432934 2830.3320000000012 384
1622604447194 2844.4730000000013 385
1622604461569 2858.727000000001 386
1622604475959 2872.997000000001 387
1622604490420 2887.338000000001 388
1622604504973 2901.766000000001 389
1622604519586 2916.2560000000008 390
1622604534401 2930.953000000001 391
1622604548936 2945.3740000000007 392
1622604563716 2960.040000000001 393
1622604578423 2974.625000000001 394
1622604593243 2989.326000000001 395
1622604608116 3004.080000000001 396
1622604623055 3018.8940000000007 397
1622604637874 3033.596000000001 398
1622604653037 3048.6440000000007 399
1622604667885 3063.3730000000005 400
1622604682813 3078.1860000000006 401
1622604698519 3093.7770000000005 402
1622604713672 3108.8150000000005 403
1622604728666 3123.6970000000006 404
1622604743997 3138.9150000000004 405
1622604759216 3154.0150000000003 406
1622604774427 3169.1120000000005 407
1622604790532 3185.0980000000004 408
1622604806099 3200.5410000000006 409
1622604821385 3215.7080000000005 410
1622604836674 3230.8770000000004 411
1622604851957 3246.039 412
1622604867274 3261.239 413
1622604882641 3276.491 414
1622604898233 3291.965 415
1622604913740 3307.3500000000004 416
1622604929220 3322.7100000000005 417
1622604945167 3338.5430000000006 418
1622604960685 3353.9450000000006 419
1622604977335 3370.4810000000007 420
1622604993048 3386.0760000000005 421
1622605008793 3401.7000000000003 422
1622605024596 3417.3810000000003 423
1622605040516 3433.1800000000003 424
1622605056694 3449.235 425
1622605073594 3466.02 426
1622605089642 3481.953 427
1622605105655 3497.85 428
1622605121924 3514.0029999999997 429
1622605138094 3530.0589999999997 430
1622605154286 3546.1389999999997 431
1622605171008 3562.749 432
1622605187254 3578.874 433
1622605203496 3594.997 434
1622605219773 3611.1549999999997 435
1622605236036 3627.2989999999995 436
1622605252629 3643.7659999999996 437
1622605269021 3660.0389999999998 438
1622605285535 3676.428 439
1622605302237 3693.0119999999997 440
1622605318724 3709.383 441
1622605335539 3726.0829999999996 442
1622605352118 3742.5409999999997 443
1622605368829 3759.1319999999996 444
1622605386411 3776.5919999999996 445
1622605404218 3794.2159999999994 446
1622605421722 3811.6029999999996 447
1622605438444 3828.2069999999994 448
1622605455286 3844.9329999999995 449
1622605471986 3861.5199999999995 450
1622605488747 3878.1679999999997 451
1622605505469 3894.7709999999997 452
1622605522778 3911.9619999999995 453
1622605539526 3928.5909999999994 454
1622605557275 3946.2209999999995 455
1622605574269 3963.0929999999994 456
1622605591345 3980.0459999999994 457
1622605608394 3996.975999999999 458
1622605625454 4013.916999999999 459
1622605642531 4030.877999999999 460
1622605659686 4047.9149999999986 461
1622605676792 4064.9049999999984 462
1622605694173 4082.1729999999984 463
1622605711449 4099.335999999998 464
1622605728974 4116.742999999999 465
1622605746424 4134.074999999999 466
1622605763926 4151.4569999999985 467
1622605781387 4168.799999999998 468
1622605799300 4186.597999999998 469
1622605816780 4203.957999999998 470
1622605834339 4221.399999999998 471
1622605851941 4238.8849999999975 472
1622605869610 4256.441999999997 473
1622605887708 4274.424999999997 474
1622605905763 4292.360999999997 475
1622605923652 4310.135999999997 476
1622605941432 4327.801999999997 477
1622605959324 4345.574999999997 478
1622605977077 4363.2109999999975 479
1622605994870 4380.886999999998 480
1622606012646 4398.545999999998 481
1622606030674 4416.456999999998 482
1622606049478 4435.147999999997 483
1622606067530 4453.088999999997 484
1622606085626 4471.063999999998 485
1622606105022 4490.337999999998 486
1622606123200 4508.396999999998 487
1622606141511 4526.589999999998 488
1622606159850 4544.809999999999 489
1622606178028 4562.868999999999 490
1622606196258 4580.978999999998 491
1622606214529 4599.126999999999 492
1622606232725 4617.203999999999 493
1622606251101 4635.462999999999 494
1622606269504 4653.749999999999 495
1622606287948 4672.069999999999 496
1622606306362 4690.363999999999 497
1622606324786 4708.666999999999 498
1622606343251 4727.013999999998 499
1622606361818 4745.459999999998 500
