1622757733375 0.38 0
1622757733924 0.076 1
1622757734499 0.075 2
1622757735083 0.075 3
1622757735700 0.075 4
1622757736360 0.077 5
1622757737051 0.076 6
1622757737771 0.076 7
1622757738529 0.076 8
1622757739323 0.076 9
1622757740139 0.075 10
1622757741012 0.075 11
1622757741907 0.075 12
1622757742836 0.075 13
1622757743809 0.076 14
1622757744810 0.076 15
1622757745853 0.076 16
1622757746948 0.076 17
1622757748064 0.075 18
1622757749231 0.075 19
1622757750433 0.076 20
1622757751659 0.076 21
1622757752924 0.076 22
1622757754230 0.077 23
1622757755567 0.075 24
1622757756952 0.077 25
1622757758360 0.076 26
1622757759822 0.075 27
1622757761308 0.076 28
1622757762840 0.077 29
1622757764404 0.076 30
1622757765991 0.076 31
1622757767614 0.076 32
1622757769274 0.076 33
1622757770936 0.074 34
1622757772668 0.075 35
1622757774386 0.076 36
1622757776178 0.075 37
1622757778001 0.075 38
1622757779864 0.076 39
1622757781755 0.075 40
1622757783688 0.075 41
1622757785697 0.076 42
1622757787715 0.076 43
1622757789742 0.076 44
1622757791811 0.076 45
1622757793933 0.076 46
1622757796077 0.075 47
1622757798264 0.074 48
1622757800515 0.076 49
1622757802760 0.076 50
1622757806007 0.148 51
1622757808340 0.076 52
1622757810664 0.077 53
1622757813052 0.076 54
1622757815477 0.075 55
1622757817955 0.075 56
1622757820436 0.075 57
1622757822943 0.074 58
1622757825500 0.075 59
1622757828099 0.075 60
1622757830727 0.076 61
1622757833388 0.075 62
1622757836066 0.076 63
1622757838801 0.076 64
1622757841589 0.076 65
1622757844408 0.075 66
1622757847247 0.075 67
1622757850156 0.075 68
1622757853105 0.075 69
1622757856146 0.075 70
1622757859159 0.076 71
1622757862198 0.076 72
1622757865214 0.076 73
1622757868293 0.077 74
1622757871414 0.076 75
1622757874577 0.076 76
1622757877798 0.076 77
1622757881024 0.076 78
1622757884299 0.076 79
1622757887558 0.076 80
1622757890877 0.075 81
1622757894247 0.075 82
1622757897668 0.077 83
1622757901101 0.077 84
1622757904593 0.076 85
1622757908075 0.075 86
1622757911820 0.076 87
1622757915725 0.082 88
1622757919383 0.076 89
1622757923087 0.075 90
1622757926757 0.077 91
1622757930532 0.076 92
1622757934320 0.075 93
1622757938167 0.076 94
1622757942012 0.076 95
1622757945990 0.076 96
1622757949921 0.075 97
1622757953902 0.075 98
1622757957889 0.075 99
1622757961934 0.076 100
1622757966052 0.076 101
1622757970137 0.075 102
1622757974280 0.077 103
1622757978439 0.077 104
1622757982586 0.076 105
1622757986842 0.075 106
1622757991092 0.076 107
1622757995432 0.076 108
1622757999802 0.077 109
1622758004159 0.074 110
1622758008615 0.075 111
1622758013171 0.081 112
1622758017696 0.075 113
1622758022270 0.076 114
1622758026878 0.076 115
1622758031461 0.075 116
1622758036167 0.075 117
1622758040889 0.076 118
1622758045635 0.075 119
1622758050415 0.075 120
1622758055213 0.076 121
1622758060019 0.076 122
1622758064819 0.078 123
1622758069653 0.076 124
1622758074591 0.074 125
1622758079567 0.076 126
1622758084539 0.076 127
1622758089809 0.076 128
1622758095134 0.077 129
1622758100448 0.079 130
1622758105538 0.076 131
1622758110684 0.075 132
1622758115877 0.077 133
1622758121110 0.076 134
1622758126360 0.077 135
1622758131648 0.075 136
1622758136994 0.075 137
1622758142336 0.075 138
1622758147719 0.075 139
1622758153154 0.076 140
1622758158649 0.076 141
1622758164128 0.076 142
1622758169668 0.076 143
1622758175208 0.075 144
1622758180761 0.076 145
1622758186412 0.075 146
1622758192074 0.075 147
1622758197812 0.075 148
1622758203524 0.075 149
1622758209358 0.075 150
1622758215169 0.075 151
1622758221001 0.077 152
1622758226894 0.075 153
1622758232834 0.076 154
1622758238793 0.076 155
1622758244854 0.074 156
1622758251463 0.079 157
1622758257903 0.077 158
1622758264002 0.076 159
1622758270418 0.075 160
1622758276633 0.075 161
1622758282860 0.076 162
1622758289094 0.075 163
1622758295419 0.075 164
1622758301770 0.077 165
1622758308081 0.075 166
1622758314462 0.075 167
1622758320870 0.075 168
1622758327365 0.075 169
1622758333903 0.075 170
1622758340551 0.075 171
1622758347287 0.082 172
1622758353919 0.076 173
1622758360636 0.075 174
1622758367417 0.076 175
1622758374239 0.076 176
1622758381066 0.077 177
1622758387843 0.075 178
1622758394753 0.076 179
1622758401665 0.077 180
1622758408619 0.076 181
1622758415896 0.075 182
1622758423476 0.077 183
1622758430984 0.078 184
1622758438331 0.078 185
1622758445449 0.075 186
1622758452593 0.077 187
1622758459771 0.074 188
1622758467294 0.076 189
1622758474506 0.075 190
1622758481796 0.078 191
1622758489106 0.075 192
1622758496412 0.076 193
1622758503800 0.074 194
1622758511205 0.075 195
1622758518628 0.074 196
1622758526110 0.075 197
1622758533583 0.075 198
1622758541050 0.075 199
1622758548781 0.076 200
1622758556729 0.076 201
1622758564484 0.081 202
1622758572271 0.075 203
1622758580034 0.075 204
1622758587820 0.075 205
1622758595638 0.075 206
1622758603536 0.077 207
1622758611434 0.075 208
1622758619338 0.075 209
1622758627389 0.076 210
1622758635583 0.079 211
1622758643551 0.075 212
1622758651573 0.076 213
1622758659643 0.075 214
1622758667734 0.075 215
1622758675854 0.075 216
1622758684108 0.076 217
1622758692356 0.075 218
1622758700552 0.076 219
1622758708992 0.076 220
1622758717678 0.082 221
1622758726138 0.076 222
1622758734578 0.076 223
1622758742955 0.077 224
1622758751460 0.076 225
1622758759960 0.076 226
1622758768500 0.077 227
1622758777155 0.076 228
1622758785735 0.076 229
1622758794396 0.076 230
1622758803092 0.075 231
1622758811790 0.075 232
1622758820542 0.075 233
1622758829307 0.077 234
1622758839235 0.075 235
1622758848113 0.076 236
1622758857031 0.075 237
1622758865969 0.076 238
1622758874975 0.074 239
1622758884030 0.075 240
1622758893047 0.077 241
1622758902291 0.075 242
1622758911396 0.076 243
1622758920505 0.076 244
1622758929709 0.076 245
1622758939050 0.076 246
1622758948374 0.077 247
1622758957672 0.077 248
1622758967036 0.075 249
1622758976427 0.076 250
1622758985848 0.076 251
1622758995384 0.076 252
1622759004949 0.076 253
1622759014490 0.076 254
1622759024206 0.076 255
1622759033756 0.075 256
1622759043447 0.076 257
1622759053109 0.075 258
1622759062863 0.075 259
1622759072607 0.076 260
1622759082453 0.076 261
1622759092328 0.075 262
1622759102273 0.076 263
1622759112130 0.076 264
1622759122022 0.076 265
1622759131922 0.076 266
1622759141917 0.076 267
1622759151930 0.076 268
1622759162146 0.076 269
1622759172324 0.076 270
1622759182556 0.078 271
1622759192844 0.077 272
1622759203097 0.076 273
1622759213276 0.076 274
1622759223661 0.076 275
1622759234036 0.076 276
1622759244521 0.076 277
1622759254923 0.076 278
1622759265383 0.077 279
1622759275857 0.074 280
1622759286418 0.077 281
1622759296921 0.076 282
1622759307503 0.075 283
1622759318183 0.076 284
1622759328851 0.076 285
1622759339612 0.076 286
1622759350309 0.076 287
1622759361147 0.075 288
1622759371955 0.076 289
1622759382781 0.076 290
1622759393656 0.076 291
1622759404584 0.076 292
1622759415526 0.076 293
1622759426492 0.075 294
1622759437522 0.075 295
1622759448560 0.075 296
1622759459617 0.077 297
1622759470745 0.075 298
1622759481877 0.076 299
1622759493110 0.076 300
1622759504355 0.075 301
1622759515730 0.076 302
1622759527022 0.075 303
1622759538357 0.075 304
1622759549716 0.075 305
1622759561131 0.076 306
1622759572563 0.075 307
1622759584017 0.074 308
1622759595572 0.075 309
1622759607115 0.075 310
1622759618641 0.073 311
1622759630167 0.075 312
1622759641856 0.076 313
1622759653461 0.075 314
1622759665170 0.076 315
1622759676922 0.074 316
1622759688613 0.076 317
1622759700346 0.075 318
1622759712173 0.074 319
1622759724056 0.074 320
1622759735996 0.076 321
1622759747990 0.076 322
1622759760032 0.075 323
1622759772076 0.076 324
1622759784197 0.077 325
1622759796256 0.075 326
1622759808321 0.075 327
1622759820557 0.075 328
1622759832758 0.077 329
1622759845118 0.076 330
1622759857454 0.075 331
1622759869942 0.075 332
1622759882373 0.075 333
1622759894761 0.075 334
1622759907270 0.075 335
1622759919677 0.075 336
1622759932172 0.076 337
1622759944666 0.076 338
1622759957165 0.075 339
1622759969790 0.077 340
1622759982473 0.076 341
1622759995066 0.075 342
1622760007800 0.074 343
1622760020502 0.076 344
1622760033283 0.077 345
1622760046108 0.077 346
1622760059099 0.078 347
1622760072074 0.076 348
1622760085056 0.075 349
1622760098099 0.076 350
1622760111235 0.076 351
1622760124284 0.077 352
1622760137384 0.074 353
1622760150558 0.075 354
1622760163691 0.074 355
1622760176794 0.075 356
1622760189982 0.077 357
1622760203227 0.076 358
1622760216504 0.074 359
1622760229793 0.075 360
1622760243133 0.077 361
1622760256503 0.074 362
1622760269910 0.076 363
1622760283440 0.075 364
1622760296889 0.077 365
1622760310341 0.076 366
1622760323871 0.076 367
1622760337405 0.074 368
1622760350927 0.074 369
1622760364502 0.076 370
1622760378157 0.076 371
1622760391944 0.077 372
1622760405730 0.076 373
1622760419465 0.075 374
1622760433359 0.074 375
1622760447261 0.075 376
1622760461132 0.076 377
1622760475093 0.076 378
1622760489135 0.076 379
1622760503128 0.075 380
1622760517196 0.075 381
1622760531282 0.076 382
1622760545350 0.076 383
1622760559408 0.074 384
1622760573580 0.075 385
1622760587882 0.076 386
1622760602097 0.076 387
1622760616476 0.075 388
1622760630779 0.075 389
1622760645145 0.074 390
1622760659520 0.074 391
1622760673936 0.076 392
1622760688380 0.076 393
1622760702830 0.077 394
1622760717339 0.075 395
1622760731892 0.075 396
1622760746436 0.075 397
1622760761094 0.076 398
1622760775887 0.074 399
1622760790611 0.073 400
1622760805308 0.074 401
1622760820042 0.074 402
1622760834957 0.075 403
1622760849889 0.075 404
1622760864824 0.074 405
1622760879722 0.075 406
1622760894688 0.075 407
1622760909694 0.075 408
1622760924743 0.076 409
1622760939766 0.075 410
1622760954883 0.076 411
1622760969935 0.075 412
1622760985059 0.074 413
1622761000307 0.074 414
1622761015458 0.074 415
1622761030757 0.075 416
1622761046083 0.075 417
1622761061403 0.075 418
1622761076772 0.075 419
1622761092154 0.074 420
1622761107610 0.076 421
1622761123089 0.074 422
1622761138547 0.075 423
1622761154111 0.074 424
1622761169641 0.075 425
1622761185187 0.075 426
1622761200804 0.074 427
1622761216445 0.074 428
1622761232127 0.074 429
1622761247971 0.075 430
1622761263857 0.075 431
1622761279706 0.074 432
1622761295525 0.076 433
1622761311421 0.075 434
1622761327456 0.075 435
1622761343527 0.075 436
1622761359580 0.074 437
1622761375663 0.075 438
1622761391867 0.075 439
1622761408036 0.075 440
1622761424197 0.076 441
1622761440372 0.075 442
1622761456619 0.075 443
1622761472829 0.074 444
1622761489101 0.076 445
1622761505429 0.076 446
1622761521757 0.074 447
1622761538231 0.074 448
1622761554664 0.074 449
1622761571114 0.075 450
1622761587604 0.075 451
1622761604219 0.075 452
1622761620796 0.075 453
1622761637315 0.074 454
1622761654017 0.075 455
1622761670553 0.076 456
1622761687212 0.075 457
1622761703875 0.074 458
1622761720746 0.075 459
1622761737441 0.074 460
1622761754402 0.075 461
1622761771215 0.075 462
1622761788108 0.074 463
1622761805096 0.074 464
1622761821976 0.075 465
1622761839018 0.075 466
1622761856027 0.076 467
1622761873081 0.076 468
1622761890154 0.076 469
1622761907357 0.075 470
1622761924503 0.074 471
1622761941614 0.075 472
1622761958828 0.074 473
1622761976181 0.075 474
1622761993682 0.075 475
1622762010971 0.074 476
1622762028305 0.075 477
1622762045729 0.075 478
1622762063057 0.074 479
1622762080415 0.074 480
1622762097967 0.074 481
1622762115485 0.073 482
1622762133039 0.075 483
1622762150583 0.075 484
1622762168190 0.075 485
1622762185802 0.075 486
1622762203968 0.074 487
1622762221992 0.075 488
1622762240075 0.074 489
1622762258060 0.075 490
1622762276116 0.075 491
1622762294188 0.074 492
1622762312373 0.074 493
1622762330481 0.074 494
1622762348811 0.075 495
1622762367100 0.075 496
1622762385514 0.074 497
1622762403775 0.075 498
1622762422113 0.074 499
1622762440599 0.075 500
