1622724612525 0.9432340738172961 0
1622724613053 0.9477122243354337 1
1622724613579 0.9477122243354337 2
1622724614150 0.9477122243354337 3
1622724614763 0.9477122243354337 4
1622724615390 0.9477122243354337 5
1622724616056 0.9477122243354337 6
1622724616762 0.9477122243354337 7
1622724617518 0.9477122243354337 8
1622724618288 0.9477122243354337 9
1622724619105 0.9477122243354337 10
1622724619958 0.9477122243354337 11
1622724620828 0.9477122243354337 12
1622724621743 0.9477122243354337 13
1622724622713 0.9477122243354337 14
1622724623700 0.9477122243354337 15
1622724624728 0.9477122243354337 16
1622724625789 0.9477122243354337 17
1622724626886 0.9477122243354337 18
1622724627996 0.9477122243354337 19
1622724629150 0.9477122243354337 20
1622724630361 0.9477122243354337 21
1622724631624 0.9477122243354337 22
1622724632917 0.9477122243354337 23
1622724634241 0.9477122243354337 24
1622724635598 0.9477122243354337 25
1622724636983 0.9477122243354337 26
1622724638387 0.9477122243354337 27
1622724640777 0.9477122243354337 28
1622724642280 0.9477122243354337 29
1622724643819 0.9477122243354337 30
1622724645373 0.9477122243354337 31
1622724646957 0.9477122243354337 32
1622724648591 0.9477122243354337 33
1622724650228 0.9477122243354337 34
1622724652926 0.9477122243354337 35
1622724654651 0.9477122243354337 36
1622724656400 0.9477122243354337 37
1622724658165 0.9477122243354337 38
1622724659980 0.9477122243354337 39
1622724661804 0.9477122243354337 40
1622724663725 0.9477122243354337 41
1622724665695 0.9477122243354337 42
1622724667663 0.9477122243354337 43
1622724669669 0.9477122243354337 44
1622724671696 0.9477122243354337 45
1622724673791 0.9477122243354337 46
1622724675922 0.9477122243354337 47
1622724678083 0.9477122243354337 48
1622724680262 0.9477122243354337 49
1622724682521 0.9477122243354337 50
1622724684783 0.9477122243354337 51
1622724687066 0.9477122243354337 52
1622724689385 0.9477122243354337 53
1622724691751 0.9477122243354337 54
1622724694107 0.9477122243354337 55
1622724696540 0.9477122243354337 56
1622724699014 0.9477122243354337 57
1622724701532 0.9477122243354337 58
1622724704113 0.9477122243354337 59
1622724706712 0.9477122243354337 60
1622724709304 0.9477122243354337 61
1622724711957 0.9477122243354337 62
1622724714625 0.9477122243354337 63
1622724717347 0.9477122243354337 64
1622724720112 0.9477122243354337 65
1622724722903 0.9477122243354337 66
1622724725731 0.9477122243354337 67
1622724728595 0.9477122243354337 68
1622724731493 0.9477122243354337 69
1622724734440 0.9477122243354337 70
1622724737403 0.9477122243354337 71
1622724740382 0.9477122243354337 72
1622724743389 0.9477122243354337 73
1622724746481 0.9477122243354337 74
1622724749578 0.9477122243354337 75
1622724752694 0.9477122243354337 76
1622724755864 0.9477122243354337 77
1622724759068 0.9477122243354337 78
1622724762293 0.9477122243354337 79
1622724765591 0.9477122243354337 80
1622724768942 0.9477122243354337 81
1622724772310 0.9477122243354337 82
1622724775718 0.9477122243354337 83
1622724779151 0.9477122243354337 84
1622724782643 0.9477122243354337 85
1622724786180 0.9477122243354337 86
1622724789710 0.9477122243354337 87
1622724793313 0.9477122243354337 88
1622724796904 0.9477122243354337 89
1622724800587 0.9477122243354337 90
1622724804269 0.9477122243354337 91
1622724808018 0.9477122243354337 92
1622724811802 0.9477122243354337 93
1622724815596 0.9477122243354337 94
1622724819372 0.9477122243354337 95
1622724823211 0.9477122243354337 96
1622724827086 0.9477122243354337 97
1622724831009 0.9477122243354337 98
1622724834958 0.9477122243354337 99
1622724839025 0.9477122243354337 100
1622724843495 0.9477122243354337 101
1622724847617 0.9477122243354337 102
1622724851761 0.9477122243354337 103
1622724855957 0.9477122243354337 104
1622724860179 0.9477122243354337 105
1622724864407 0.9477122243354337 106
1622724868701 0.9477122243354337 107
1622724872976 0.9477122243354337 108
1622724877360 0.9477122243354337 109
1622724881765 0.9477122243354337 110
1622724886133 0.9477122243354337 111
1622724890573 0.9477122243354337 112
1622724895070 0.9477122243354337 113
1622724899577 0.9477122243354337 114
1622724904105 0.9477122243354337 115
1622724908689 0.9477122243354337 116
1622724913318 0.9477122243354337 117
1622724918053 0.9477122243354337 118
1622724922693 0.9477122243354337 119
1622724927408 0.9477122243354337 120
1622724932153 0.9477122243354337 121
1622724936954 0.9477122243354337 122
1622724941729 0.9477122243354337 123
1622724946571 0.9477122243354337 124
1622724951432 0.9477122243354337 125
1622724956393 0.9477122243354337 126
1622724961534 0.9477122243354337 127
1622724966606 0.9477122243354337 128
1622724971671 0.9477122243354337 129
1622724976755 0.9477122243354337 130
1622724981862 0.9477122243354337 131
1622724986987 0.9477122243354337 132
1622724992097 0.9477122243354337 133
1622724997377 0.9477122243354337 134
1622725002620 0.9477122243354337 135
1622725007953 0.9477122243354337 136
1622725013274 0.9477122243354337 137
1622725018642 0.9477122243354337 138
1622725024033 0.9477122243354337 139
1622725029430 0.9477122243354337 140
1622725034858 0.9477122243354337 141
1622725040369 0.9477122243354337 142
1622725045892 0.9477122243354337 143
1622725051453 0.9477122243354337 144
1622725057098 0.9477122243354337 145
1622725062693 0.9477122243354337 146
1622725068358 0.9477122243354337 147
1622725074080 0.9477122243354337 148
1622725079839 0.9477122243354337 149
1622725085644 0.9477122243354337 150
1622725091503 0.9477122243354337 151
1622725097325 0.9477122243354337 152
1622725103263 0.9477122243354337 153
1622725109206 0.9477122243354337 154
1622725115197 0.9477122243354337 155
1622725121177 0.9477122243354337 156
1622725127275 0.9477122243354337 157
1622725133410 0.9477122243354337 158
1622725139638 0.9477122243354337 159
1622725145857 0.9477122243354337 160
1622725152024 0.9477122243354337 161
1622725158271 0.9477122243354337 162
1622725164500 0.9477122243354337 163
1622725170784 0.9477122243354337 164
1622725177147 0.9477122243354337 165
1622725183509 0.9477122243354337 166
1622725189942 0.9477122243354337 167
1622725196341 0.9477122243354337 168
1622725202793 0.9477122243354337 169
1622725209284 0.9477122243354337 170
1622725216136 0.9477122243354337 171
1622725222671 0.9477122243354337 172
1622725229273 0.9477122243354337 173
1622725235915 0.9477122243354337 174
1622725242629 0.9477122243354337 175
1622725249322 0.9477122243354337 176
1622725256103 0.9477122243354337 177
1622725262885 0.9477122243354337 178
1622725269673 0.9477122243354337 179
1622725276582 0.9477122243354337 180
1622725283459 0.9477122243354337 181
1622725290397 0.9477122243354337 182
1622725297343 0.9477122243354337 183
1622725304329 0.9477122243354337 184
1622725311429 0.9477122243354337 185
1622725318505 0.9477122243354337 186
1622725325629 0.9477122243354337 187
1622725332793 0.9477122243354337 188
1622725339982 0.9477122243354337 189
1622725347192 0.9477122243354337 190
1622725354407 0.9477122243354337 191
1622725361673 0.9477122243354337 192
1622725369014 0.9477122243354337 193
1622725376388 0.9477122243354337 194
1622725383816 0.9477122243354337 195
1622725391229 0.9477122243354337 196
1622725398733 0.9477122243354337 197
1622725406193 0.9477122243354337 198
1622725413775 0.9477122243354337 199
1622725421300 0.9477122243354337 200
1622725428899 0.9477122243354337 201
1622725436525 0.9477122243354337 202
1622725444255 0.9477122243354337 203
1622725451995 0.9477122243354337 204
1622725459752 0.9477122243354337 205
1622725467533 0.9477122243354337 206
1622725475385 0.9477122243354337 207
1622725483190 0.9477122243354337 208
1622725491110 0.9477122243354337 209
1622725499004 0.9477122243354337 210
1622725506984 0.9477122243354337 211
1622725514898 0.9477122243354337 212
1622725522924 0.9477122243354337 213
1622725530979 0.9477122243354337 214
1622725539142 0.9477122243354337 215
1622725547290 0.9477122243354337 216
1622725555504 0.9477122243354337 217
1622725563737 0.9477122243354337 218
1622725572021 0.9477122243354337 219
1622725580315 0.9477122243354337 220
1622725588650 0.9477122243354337 221
1622725597026 0.9477122243354337 222
1622725605448 0.9477122243354337 223
1622725613835 0.9477122243354337 224
1622725622274 0.9477122243354337 225
1622725630840 0.9477122243354337 226
1622725639374 0.9477122243354337 227
1622725647958 0.9477122243354337 228
1622725656575 0.9477122243354337 229
1622725665272 0.9477122243354337 230
1622725673983 0.9477122243354337 231
1622725682759 0.9477122243354337 232
1622725691479 0.9477122243354337 233
1622725700261 0.9477122243354337 234
1622725709132 0.9477122243354337 235
1622725718041 0.9477122243354337 236
1622725726898 0.9477122243354337 237
1622725735841 0.9477122243354337 238
1622725744866 0.9477122243354337 239
1622725753938 0.9477122243354337 240
1622725762971 0.9477122243354337 241
1622725772071 0.9477122243354337 242
1622725781162 0.9477122243354337 243
1622725790323 0.9477122243354337 244
1622725799511 0.9477122243354337 245
1622725808689 0.9477122243354337 246
1622725817961 0.9477122243354337 247
1622725827215 0.9477122243354337 248
1622725836560 0.9477122243354337 249
1622725845957 0.9477122243354337 250
1622725855327 0.9477122243354337 251
1622725864736 0.9477122243354337 252
1622725874206 0.9477122243354337 253
1622725883657 0.9477122243354337 254
1622725893245 0.9477122243354337 255
1622725902761 0.9477122243354337 256
1622725912372 0.9477122243354337 257
1622725922004 0.9477122243354337 258
1622725931674 0.9477122243354337 259
1622725941387 0.9477122243354337 260
1622725951188 0.9477122243354337 261
1622725961031 0.9477122243354337 262
1622725970902 0.9477122243354337 263
1622725980763 0.9477122243354337 264
1622725990708 0.9477122243354337 265
1622726000687 0.9477122243354337 266
1622726010633 0.9477122243354337 267
1622726020666 0.9477122243354337 268
1622726030720 0.9477122243354337 269
1622726040815 0.9477122243354337 270
1622726050977 0.9477122243354337 271
1622726061125 0.9477122243354337 272
1622726071314 0.9477122243354337 273
1622726081582 0.9477122243354337 274
1622726091886 0.9477122243354337 275
1622726102233 0.9477122243354337 276
1622726112555 0.9477122243354337 277
1622726122950 0.9477122243354337 278
1622726133461 0.9477122243354337 279
1622726143917 0.9477122243354337 280
1622726154317 0.9477122243354337 281
1622726164802 0.9477122243354337 282
1622726175351 0.9477122243354337 283
1622726185920 0.9477122243354337 284
1622726196482 0.9477122243354337 285
1622726207179 0.9477122243354337 286
1622726217930 0.9477122243354337 287
1622726228732 0.9477122243354337 288
1622726239533 0.9477122243354337 289
1622726250355 0.9477122243354337 290
1622726261235 0.9477122243354337 291
1622726272133 0.9477122243354337 292
1622726283090 0.9477122243354337 293
1622726294040 0.9477122243354337 294
1622726305027 0.9477122243354337 295
1622726315982 0.9477122243354337 296
1622726327021 0.9477122243354337 297
1622726338086 0.9477122243354337 298
1622726349255 0.9477122243354337 299
1622726360377 0.9477122243354337 300
1622726371579 0.9477122243354337 301
1622726382759 0.9477122243354337 302
1622726394071 0.9477122243354337 303
1622726405296 0.9477122243354337 304
1622726416553 0.9477122243354337 305
1622726427945 0.9477122243354337 306
1622726439507 0.9477122243354337 307
1622726450939 0.9477122243354337 308
1622726462489 0.9477122243354337 309
1622726474069 0.9477122243354337 310
1622726485599 0.9477122243354337 311
1622726497274 0.9477122243354337 312
1622726508948 0.9477122243354337 313
1622726520665 0.9477122243354337 314
1622726532391 0.9477122243354337 315
1622726544233 0.9477122243354337 316
1622726556007 0.9477122243354337 317
1622726567799 0.9477122243354337 318
1622726579673 0.9477122243354337 319
1622726591546 0.9477122243354337 320
1622726603467 0.9477122243354337 321
1622726615427 0.9477122243354337 322
1622726627362 0.9477122243354337 323
1622726639397 0.9477122243354337 324
1622726651479 0.9477122243354337 325
1622726663600 0.9477122243354337 326
1622726675812 0.9477122243354337 327
1622726687996 0.9477122243354337 328
1622726700137 0.9477122243354337 329
1622726712416 0.9477122243354337 330
1622726724692 0.9477122243354337 331
1622726737110 0.9477122243354337 332
1622726749495 0.9477122243354337 333
1622726761826 0.9477122243354337 334
1622726774334 0.9477122243354337 335
1622726786763 0.9477122243354337 336
1622726799233 0.9477122243354337 337
1622726811657 0.9477122243354337 338
1622726824352 0.9477122243354337 339
1622726836965 0.9477122243354337 340
1622726849655 0.9477122243354337 341
1622726862332 0.9477122243354337 342
1622726875100 0.9477122243354337 343
1622726887834 0.9477122243354337 344
1622726900569 0.9477122243354337 345
1622726913452 0.9477122243354337 346
1622726926303 0.9477122243354337 347
1622726939266 0.9477122243354337 348
1622726952195 0.9477122243354337 349
1622726965178 0.9477122243354337 350
1622726978142 0.9477122243354337 351
1622726991173 0.9477122243354337 352
1622727004304 0.9477122243354337 353
1622727017454 0.9477122243354337 354
1622727030516 0.9477122243354337 355
1622727043694 0.9477122243354337 356
1622727056852 0.9477122243354337 357
1622727070105 0.9477122243354337 358
1622727083321 0.9477122243354337 359
1622727096631 0.9477122243354337 360
1622727109993 0.9477122243354337 361
1622727123269 0.9477122243354337 362
1622727136657 0.9477122243354337 363
1622727150103 0.9477122243354337 364
1622727163559 0.9477122243354337 365
1622727177078 0.9477122243354337 366
1622727190575 0.9477122243354337 367
1622727204100 0.9477122243354337 368
1622727217694 0.9477122243354337 369
1622727231347 0.9477122243354337 370
1622727245002 0.9477122243354337 371
1622727258755 0.9477122243354337 372
1622727272504 0.9477122243354337 373
1622727286273 0.9477122243354337 374
1622727300206 0.9477122243354337 375
1622727314094 0.9477122243354337 376
1622727328046 0.9477122243354337 377
1622727341967 0.9477122243354337 378
1622727355978 0.9477122243354337 379
1622727370066 0.9477122243354337 380
1622727384088 0.9477122243354337 381
1622727398134 0.9477122243354337 382
1622727412185 0.9477122243354337 383
1622727426293 0.9477122243354337 384
1622727440522 0.9477122243354337 385
1622727454777 0.9477122243354337 386
1622727468983 0.9477122243354337 387
1622727483346 0.9477122243354337 388
1622727497658 0.9477122243354337 389
1622727512014 0.9477122243354337 390
1622727526430 0.9477122243354337 391
1622727540903 0.9477122243354337 392
1622727555399 0.9477122243354337 393
1622727569922 0.9477122243354337 394
1622727584448 0.9477122243354337 395
1622727598984 0.9477122243354337 396
1622727613589 0.9477122243354337 397
1622727628233 0.9477122243354337 398
1622727642947 0.9477122243354337 399
1622727657576 0.9477122243354337 400
1622727672390 0.9477122243354337 401
1622727687228 0.9477122243354337 402
1622727702133 0.9477122243354337 403
1622727717043 0.9477122243354337 404
1622727731955 0.9477122243354337 405
1622727746897 0.9477122243354337 406
1622727761983 0.9477122243354337 407
1622727776975 0.9477122243354337 408
1622727791990 0.9477122243354337 409
1622727807085 0.9477122243354337 410
1622727822181 0.9477122243354337 411
1622727837379 0.9477122243354337 412
1622727852557 0.9477122243354337 413
1622727867740 0.9477122243354337 414
1622727883037 0.9477122243354337 415
1622727898348 0.9477122243354337 416
1622727913625 0.9477122243354337 417
1622727928943 0.9477122243354337 418
1622727944324 0.9477122243354337 419
1622727959796 0.9477122243354337 420
1622727975300 0.9477122243354337 421
1622727990794 0.9477122243354337 422
1622728006419 0.9477122243354337 423
1622728022068 0.9477122243354337 424
1622728037653 0.9477122243354337 425
1622728053184 0.9477122243354337 426
1622728068772 0.9477122243354337 427
1622728084553 0.9477122243354337 428
1622728100339 0.9477122243354337 429
1622728116222 0.9477122243354337 430
1622728131956 0.9477122243354337 431
1622728147789 0.9477122243354337 432
1622728163691 0.9477122243354337 433
1622728179608 0.9477122243354337 434
1622728195606 0.9477122243354337 435
1622728211575 0.9477122243354337 436
1622728227513 0.9477122243354337 437
1622728243528 0.9477122243354337 438
1622728259535 0.9477122243354337 439
1622728275720 0.9477122243354337 440
1622728292037 0.9477122243354337 441
1622728308310 0.9477122243354337 442
1622728324531 0.9477122243354337 443
1622728340762 0.9477122243354337 444
1622728357042 0.9477122243354337 445
1622728373375 0.9477122243354337 446
1622728389800 0.9477122243354337 447
1622728406160 0.9477122243354337 448
1622728422651 0.9477122243354337 449
1622728439151 0.9477122243354337 450
1622728455762 0.9477122243354337 451
1622728472371 0.9477122243354337 452
1622728489028 0.9477122243354337 453
1622728505725 0.9477122243354337 454
1622728522409 0.9477122243354337 455
1622728539142 0.9477122243354337 456
1622728555918 0.9477122243354337 457
1622728572783 0.9477122243354337 458
1622728589689 0.9477122243354337 459
1622728606599 0.9477122243354337 460
1622728623513 0.9477122243354337 461
1622728640426 0.9477122243354337 462
1622728657435 0.9477122243354337 463
1622728674478 0.9477122243354337 464
1622728691528 0.9477122243354337 465
1622728708664 0.9477122243354337 466
1622728725883 0.9477122243354337 467
1622728743115 0.9477122243354337 468
1622728760378 0.9477122243354337 469
1622728777732 0.9477122243354337 470
1622728795130 0.9477122243354337 471
1622728812501 0.9477122243354337 472
1622728829870 0.9477122243354337 473
1622728847507 0.9477122243354337 474
1622728865025 0.9477122243354337 475
1622728882546 0.9477122243354337 476
1622728900189 0.9477122243354337 477
1622728917820 0.9477122243354337 478
1622728935406 0.9477122243354337 479
1622728953045 0.9477122243354337 480
1622728970762 0.9477122243354337 481
1622728988470 0.9477122243354337 482
1622729006250 0.9477122243354337 483
1622729024069 0.9477122243354337 484
1622729041930 0.9477122243354337 485
1622729059831 0.9477122243354337 486
1622729077780 0.9477122243354337 487
1622729095709 0.9477122243354337 488
1622729113587 0.9477122243354337 489
1622729131522 0.9477122243354337 490
1622729149629 0.9477122243354337 491
1622729167762 0.9477122243354337 492
1622729185802 0.9477122243354337 493
1622729203909 0.9477122243354337 494
1622729222104 0.9477122243354337 495
1622729240276 0.9477122243354337 496
1622729258397 0.9477122243354337 497
1622729276694 0.9477122243354337 498
1622729294927 0.9477122243354337 499
1622729313323 0.9477122243354337 500
