1622724612552 0.38 0
1622724613075 0.456 1
1622724613601 0.531 2
1622724614174 0.607 3
1622724614787 0.6829999999999999 4
1622724615413 0.7589999999999999 5
1622724616080 0.8349999999999999 6
1622724616783 0.9099999999999998 7
1622724617538 0.9859999999999998 8
1622724618309 1.0619999999999998 9
1622724619124 1.1369999999999998 10
1622724619978 1.2129999999999999 11
1622724620848 1.289 12
1622724621764 1.365 13
1622724622733 1.44 14
1622724623720 1.515 15
1622724624748 1.5899999999999999 16
1622724625809 1.6669999999999998 17
1622724626906 1.7419999999999998 18
1622724628015 1.8179999999999998 19
1622724629170 1.8929999999999998 20
1622724630382 1.9689999999999999 21
1622724631643 2.044 22
1622724632936 2.12 23
1622724634260 2.196 24
1622724635619 2.273 25
1622724637001 2.349 26
1622724638411 2.4240000000000004 27
1622724640798 2.5730000000000004 28
1622724642300 2.6530000000000005 29
1622724643839 2.7280000000000006 30
1622724645394 2.803000000000001 31
1622724646979 2.879000000000001 32
1622724648611 2.954000000000001 33
1622724650252 3.0290000000000012 34
1622724652946 3.179000000000001 35
1622724654673 3.2550000000000012 36
1622724656420 3.3310000000000013 37
1622724658185 3.4080000000000013 38
1622724660000 3.485000000000001 39
1622724661825 3.5610000000000013 40
1622724663746 3.6370000000000013 41
1622724665715 3.7130000000000014 42
1622724667683 3.7890000000000015 43
1622724669689 3.8640000000000017 44
1622724671718 3.939000000000002 45
1622724673811 4.016000000000002 46
1622724675942 4.092000000000001 47
1622724678103 4.168000000000001 48
1622724680281 4.244000000000001 49
1622724682538 4.32 50
1622724684802 4.3950000000000005 51
1622724687085 4.471 52
1622724689406 4.547 53
1622724691772 4.622999999999999 54
1622724694128 4.698999999999999 55
1622724696561 4.774999999999999 56
1622724699035 4.850999999999998 57
1622724701567 4.926999999999998 58
1622724704141 5.0029999999999974 59
1622724706732 5.078999999999997 60
1622724709323 5.154999999999997 61
1622724711977 5.229999999999997 62
1622724714646 5.304999999999997 63
1622724717368 5.380999999999997 64
1622724720134 5.456999999999996 65
1622724722925 5.5319999999999965 66
1622724725752 5.607999999999996 67
1622724728616 5.684999999999996 68
1622724731513 5.759999999999996 69
1622724734461 5.836999999999996 70
1622724737424 5.912999999999996 71
1622724740402 5.987999999999996 72
1622724743410 6.063999999999996 73
1622724746501 6.138999999999996 74
1622724749598 6.213999999999996 75
1622724752715 6.289999999999996 76
1622724755885 6.365999999999995 77
1622724759088 6.442999999999995 78
1622724762315 6.519999999999995 79
1622724765613 6.595999999999995 80
1622724768962 6.671999999999994 81
1622724772330 6.747999999999994 82
1622724775737 6.822999999999994 83
1622724779172 6.899999999999994 84
1622724782665 6.975999999999994 85
1622724786201 7.051999999999993 86
1622724789730 7.126999999999994 87
1622724793335 7.2039999999999935 88
1622724796926 7.279999999999993 89
1622724800608 7.355999999999993 90
1622724804290 7.431999999999992 91
1622724808040 7.508999999999992 92
1622724811824 7.584999999999992 93
1622724815615 7.661999999999992 94
1622724819391 7.738999999999992 95
1622724823233 7.813999999999992 96
1622724827107 7.889999999999992 97
1622724831031 7.964999999999992 98
1622724834978 8.040999999999991 99
1622724839046 8.116999999999992 100
1622724843515 8.202999999999992 101
1622724847637 8.277999999999992 102
1622724851782 8.35299999999999 103
1622724855977 8.42799999999999 104
1622724860199 8.50299999999999 105
1622724864427 8.57899999999999 106
1622724868723 8.65599999999999 107
1622724872998 8.73199999999999 108
1622724877382 8.807999999999991 109
1622724881788 8.88299999999999 110
1622724886156 8.95899999999999 111
1622724890597 9.03399999999999 112
1622724895093 9.10899999999999 113
1622724899597 9.18499999999999 114
1622724904125 9.26099999999999 115
1622724908709 9.33599999999999 116
1622724913338 9.410999999999989 117
1622724918074 9.485999999999988 118
1622724922714 9.561999999999989 119
1622724927428 9.635999999999989 120
1622724932175 9.713999999999988 121
1622724936974 9.789999999999988 122
1622724941748 9.864999999999988 123
1622724946592 9.940999999999988 124
1622724951453 10.016999999999989 125
1622724956414 10.09299999999999 126
1622724961553 10.16899999999999 127
1622724966626 10.24399999999999 128
1622724971692 10.318999999999988 129
1622724976775 10.394999999999989 130
1622724981881 10.47099999999999 131
1622724987007 10.545999999999989 132
1622724992118 10.62199999999999 133
1622724997398 10.69799999999999 134
1622725002640 10.77399999999999 135
1622725007974 10.84999999999999 136
1622725013295 10.925999999999991 137
1622725018661 11.001999999999992 138
1622725024053 11.078999999999992 139
1622725029451 11.154999999999992 140
1622725034880 11.230999999999993 141
1622725040390 11.306999999999993 142
1622725045913 11.382999999999994 143
1622725051473 11.460999999999993 144
1622725057119 11.536999999999994 145
1622725062714 11.611999999999993 146
1622725068378 11.686999999999992 147
1622725074100 11.762999999999993 148
1622725079861 11.837999999999992 149
1622725085666 11.913999999999993 150
1622725091524 11.989999999999993 151
1622725097345 12.065999999999994 152
1622725103283 12.140999999999993 153
1622725109227 12.215999999999992 154
1622725115218 12.291999999999993 155
1622725121198 12.367999999999993 156
1622725127296 12.443999999999994 157
1622725133430 12.519999999999994 158
1622725139659 12.595999999999995 159
1622725145878 12.671999999999995 160
1622725152045 12.748999999999995 161
1622725158291 12.824999999999996 162
1622725164520 12.900999999999996 163
1622725170806 12.976999999999997 164
1622725177168 13.052999999999997 165
1622725183530 13.129999999999997 166
1622725189964 13.205999999999998 167
1622725196362 13.280999999999997 168
1622725202814 13.357999999999997 169
1622725209348 13.433999999999997 170
1622725216156 13.522999999999998 171
1622725222694 13.598999999999998 172
1622725229294 13.674999999999999 173
1622725235936 13.751 174
1622725242649 13.828 175
1622725249344 13.902999999999999 176
1622725256122 13.979999999999999 177
1622725262906 14.054999999999998 178
1622725269695 14.131999999999998 179
1622725276604 14.207999999999998 180
1622725283482 14.283999999999999 181
1622725290417 14.36 182
1622725297364 14.436 183
1622725304350 14.511 184
1622725311449 14.585999999999999 185
1622725318525 14.660999999999998 186
1622725325649 14.736999999999998 187
1622725332813 14.812999999999999 188
1622725340001 14.889 189
1622725347211 14.965 190
1622725354427 15.041 191
1622725361693 15.117 192
1622725369034 15.193000000000001 193
1622725376408 15.269000000000002 194
1622725383836 15.345000000000002 195
1622725391249 15.421000000000003 196
1622725398754 15.497000000000003 197
1622725406214 15.571000000000003 198
1622725413795 15.646000000000003 199
1622725421320 15.721000000000002 200
1622725428920 15.797000000000002 201
1622725436545 15.874000000000002 202
1622725444277 15.950000000000003 203
1622725452015 16.026000000000003 204
1622725459772 16.102000000000004 205
1622725467554 16.178000000000004 206
1622725475406 16.254000000000005 207
1622725483210 16.330000000000005 208
1622725491130 16.406000000000006 209
1622725499025 16.481000000000005 210
1622725507004 16.557000000000006 211
1622725514918 16.633000000000006 212
1622725522945 16.708000000000006 213
1622725531000 16.784000000000006 214
1622725539163 16.860000000000007 215
1622725547312 16.936000000000007 216
1622725555525 17.012000000000008 217
1622725563758 17.088000000000008 218
1622725572040 17.16400000000001 219
1622725580336 17.239000000000008 220
1622725588670 17.31600000000001 221
1622725597046 17.39200000000001 222
1622725605468 17.46800000000001 223
1622725613856 17.54400000000001 224
1622725622294 17.61900000000001 225
1622725630861 17.693000000000012 226
1622725639395 17.770000000000014 227
1622725647978 17.847000000000016 228
1622725656595 17.923000000000016 229
1622725665292 17.997000000000018 230
1622725674002 18.073000000000018 231
1622725682779 18.15000000000002 232
1622725691500 18.22600000000002 233
1622725700281 18.30200000000002 234
1622725709153 18.37800000000002 235
1622725718061 18.454000000000022 236
1622725726919 18.530000000000022 237
1622725735861 18.60500000000002 238
1622725744887 18.682000000000023 239
1622725753958 18.759000000000025 240
1622725762992 18.834000000000024 241
1622725772091 18.911000000000026 242
1622725781183 18.988000000000028 243
1622725790343 19.063000000000027 244
1622725799532 19.138000000000027 245
1622725808709 19.214000000000027 246
1622725817982 19.289000000000026 247
1622725827235 19.365000000000027 248
1622725836580 19.440000000000026 249
1622725845978 19.516000000000027 250
1622725855347 19.592000000000027 251
1622725864756 19.667000000000026 252
1622725874227 19.742000000000026 253
1622725883678 19.816000000000027 254
1622725893263 19.892000000000028 255
1622725902780 19.96800000000003 256
1622725912393 20.04400000000003 257
1622725922025 20.12000000000003 258
1622725931693 20.19500000000003 259
1622725941407 20.27200000000003 260
1622725951209 20.349000000000032 261
1622725961050 20.425000000000033 262
1622725970921 20.501000000000033 263
1622725980781 20.577000000000034 264
1622725990726 20.652000000000033 265
1622726000706 20.729000000000035 266
1622726010652 20.805000000000035 267
1622726020685 20.881000000000036 268
1622726030739 20.957000000000036 269
1622726040834 21.032000000000036 270
1622726050998 21.108000000000036 271
1622726061144 21.184000000000037 272
1622726071335 21.260000000000037 273
1622726081602 21.33700000000004 274
1622726091907 21.41400000000004 275
1622726102254 21.49000000000004 276
1622726112575 21.56600000000004 277
1622726122970 21.64100000000004 278
1622726133482 21.71700000000004 279
1622726143935 21.793000000000042 280
1622726154336 21.869000000000042 281
1622726164822 21.945000000000043 282
1622726175372 22.021000000000043 283
1622726185939 22.097000000000044 284
1622726196503 22.173000000000044 285
1622726207198 22.249000000000045 286
1622726217950 22.325000000000045 287
1622726228753 22.401000000000046 288
1622726239553 22.477000000000046 289
1622726250375 22.551000000000048 290
1622726261255 22.62700000000005 291
1622726272153 22.702000000000048 292
1622726283109 22.77900000000005 293
1622726294059 22.85500000000005 294
1622726305046 22.929000000000052 295
1622726316003 23.005000000000052 296
1622726327041 23.079000000000054 297
1622726338108 23.155000000000054 298
1622726349278 23.232000000000056 299
1622726360398 23.308000000000057 300
1622726371601 23.383000000000056 301
1622726382781 23.459000000000056 302
1622726394092 23.535000000000057 303
1622726405316 23.611000000000057 304
1622726416574 23.687000000000058 305
1622726427966 23.76400000000006 306
1622726439528 23.84000000000006 307
1622726450961 23.91800000000006 308
1622726462510 23.99400000000006 309
1622726474091 24.071000000000062 310
1622726485619 24.147000000000062 311
1622726497295 24.224000000000064 312
1622726508970 24.300000000000065 313
1622726520686 24.377000000000066 314
1622726532411 24.452000000000066 315
1622726544253 24.528000000000066 316
1622726556027 24.604000000000067 317
1622726567819 24.679000000000066 318
1622726579695 24.755000000000067 319
1622726591566 24.830000000000066 320
1622726603488 24.906000000000066 321
1622726615448 24.981000000000066 322
1622726627383 25.058000000000067 323
1622726639417 25.134000000000068 324
1622726651499 25.21100000000007 325
1622726663621 25.28800000000007 326
1622726675832 25.364000000000072 327
1622726688016 25.441000000000074 328
1622726700157 25.517000000000074 329
1622726712437 25.594000000000076 330
1622726724713 25.670000000000076 331
1622726737132 25.746000000000077 332
1622726749516 25.822000000000077 333
1622726761847 25.898000000000078 334
1622726774355 25.97200000000008 335
1622726786787 26.04700000000008 336
1622726799256 26.122000000000078 337
1622726811679 26.19800000000008 338
1622726824373 26.273000000000078 339
1622726836986 26.34900000000008 340
1622726849681 26.42500000000008 341
1622726862352 26.50100000000008 342
1622726875136 26.57700000000008 343
1622726887855 26.65200000000008 344
1622726900589 26.72800000000008 345
1622726913473 26.80400000000008 346
1622726926326 26.88200000000008 347
1622726939288 26.95800000000008 348
1622726952216 27.035000000000082 349
1622726965199 27.111000000000082 350
1622726978166 27.187000000000083 351
1622726991194 27.263000000000083 352
1622727004324 27.339000000000084 353
1622727017474 27.416000000000086 354
1622727030535 27.492000000000086 355
1622727043715 27.569000000000088 356
1622727056872 27.64600000000009 357
1622727070126 27.72200000000009 358
1622727083342 27.79800000000009 359
1622727096651 27.875000000000092 360
1622727110013 27.949000000000094 361
1622727123290 28.024000000000093 362
1622727136677 28.099000000000093 363
1622727150123 28.176000000000094 364
1622727163580 28.253000000000096 365
1622727177099 28.329000000000097 366
1622727190594 28.405000000000097 367
1622727204120 28.4820000000001 368
1622727217712 28.5580000000001 369
1622727231367 28.6340000000001 370
1622727245021 28.7110000000001 371
1622727258775 28.7860000000001 372
1622727272524 28.8620000000001 373
1622727286294 28.939000000000103 374
1622727300226 29.014000000000102 375
1622727314113 29.090000000000103 376
1622727328067 29.166000000000103 377
1622727341987 29.243000000000105 378
1622727355999 29.319000000000106 379
1622727370087 29.396000000000107 380
1622727384109 29.471000000000107 381
1622727398155 29.54800000000011 382
1622727412205 29.62400000000011 383
1622727426314 29.70100000000011 384
1622727440542 29.77700000000011 385
1622727454798 29.854000000000113 386
1622727469004 29.931000000000115 387
1622727483367 30.007000000000115 388
1622727497677 30.083000000000116 389
1622727512033 30.159000000000116 390
1622727526449 30.235000000000117 391
1622727540924 30.310000000000116 392
1622727555420 30.386000000000116 393
1622727569941 30.462000000000117 394
1622727584468 30.538000000000117 395
1622727599005 30.614000000000118 396
1622727613610 30.69000000000012 397
1622727628255 30.76600000000012 398
1622727642967 30.84100000000012 399
1622727657597 30.916000000000118 400
1622727672410 30.991000000000117 401
1622727687248 31.066000000000116 402
1622727702153 31.141000000000115 403
1622727717062 31.217000000000116 404
1622727731976 31.292000000000115 405
1622727746918 31.367000000000115 406
1622727762003 31.444000000000116 407
1622727776994 31.520000000000117 408
1622727792009 31.59700000000012 409
1622727807105 31.672000000000118 410
1622727822203 31.747000000000117 411
1622727837401 31.82400000000012 412
1622727852579 31.90100000000012 413
1622727867763 31.97700000000012 414
1622727883059 32.05300000000012 415
1622727898370 32.12800000000012 416
1622727913646 32.206000000000124 417
1622727928964 32.282000000000124 418
1622727944345 32.358000000000125 419
1622727959816 32.43600000000013 420
1622727975322 32.513000000000126 421
1622727990815 32.58900000000013 422
1622728006440 32.66400000000013 423
1622728022088 32.73800000000013 424
1622728037674 32.81300000000013 425
1622728053204 32.89000000000013 426
1622728068791 32.96600000000013 427
1622728084573 33.04100000000013 428
1622728100361 33.11700000000013 429
1622728116241 33.192000000000135 430
1622728131975 33.26600000000013 431
1622728147812 33.342000000000134 432
1622728163712 33.418000000000134 433
1622728179629 33.49500000000013 434
1622728195627 33.57100000000013 435
1622728211597 33.646000000000136 436
1622728227532 33.722000000000136 437
1622728243548 33.79800000000014 438
1622728259554 33.87400000000014 439
1622728275739 33.95000000000014 440
1622728292055 34.027000000000136 441
1622728308330 34.10300000000014 442
1622728324552 34.17800000000014 443
1622728340782 34.25400000000014 444
1622728357062 34.33000000000014 445
1622728373395 34.40600000000014 446
1622728389819 34.481000000000144 447
1622728406178 34.55600000000015 448
1622728422670 34.633000000000145 449
1622728439169 34.709000000000145 450
1622728455782 34.78600000000014 451
1622728472392 34.862000000000144 452
1622728489047 34.93900000000014 453
1622728505744 35.01500000000014 454
1622728522428 35.09100000000014 455
1622728539160 35.167000000000144 456
1622728555937 35.243000000000144 457
1622728572802 35.32000000000014 458
1622728589708 35.39700000000014 459
1622728606618 35.47400000000014 460
1622728623532 35.55000000000014 461
1622728640445 35.62600000000014 462
1622728657454 35.70200000000014 463
1622728674497 35.77800000000014 464
1622728691547 35.85400000000014 465
1622728708684 35.93000000000014 466
1622728725905 36.00600000000014 467
1622728743136 36.08200000000014 468
1622728760398 36.15800000000014 469
1622728777752 36.23500000000014 470
1622728795150 36.31100000000014 471
1622728812522 36.38700000000014 472
1622728829890 36.46400000000014 473
1622728847526 36.54000000000014 474
1622728865044 36.61700000000014 475
1622728882567 36.69300000000014 476
1622728900207 36.76900000000014 477
1622728917839 36.84500000000014 478
1622728935425 36.92100000000014 479
1622728953065 36.99800000000014 480
1622728970781 37.07400000000014 481
1622728988490 37.15000000000014 482
1622729006271 37.22700000000014 483
1622729024091 37.30300000000014 484
1622729041951 37.37900000000014 485
1622729059851 37.45500000000014 486
1622729077800 37.53100000000014 487
1622729095727 37.60700000000014 488
1622729113606 37.68300000000014 489
1622729131541 37.76000000000014 490
1622729149650 37.83600000000014 491
1622729167782 37.91200000000014 492
1622729185821 37.98800000000014 493
1622729203930 38.06500000000014 494
1622729222126 38.14100000000014 495
1622729240298 38.21700000000014 496
1622729258416 38.29300000000014 497
1622729276713 38.37000000000014 498
1622729294947 38.44600000000014 499
1622729313343 38.52200000000014 500
