1622724612564 0.006 0
1622724613085 0.40800000000000003 1
1622724613612 0.8160000000000001 2
1622724614185 1.2670000000000001 3
1622724614797 1.758 4
1622724615422 2.265 5
1622724616090 2.8120000000000003 6
1622724616792 3.398 7
1622724617546 4.038 8
1622724618318 4.695 9
1622724619133 5.397 10
1622724619987 6.1370000000000005 11
1622724620857 6.894 12
1622724621773 7.695 13
1622724622741 8.551 14
1622724623729 9.425 15
1622724624756 10.339 16
1622724625818 11.286 17
1622724626915 12.269 18
1622724628022 13.266 19
1622724629178 14.31 20
1622724630391 15.408000000000001 21
1622724631651 16.556 22
1622724632945 17.736 23
1622724634269 18.947 24
1622724635628 20.191 25
1622724637010 21.459999999999997 26
1622724638422 22.752999999999997 27
1622724640806 24.948999999999998 28
1622724642309 26.331999999999997 29
1622724643847 27.756999999999998 30
1622724645403 29.197 31
1622724646988 30.663999999999998 32
1622724648620 32.181999999999995 33
1622724650261 33.705 34
1622724652954 36.208999999999996 35
1622724654683 37.81999999999999 36
1622724656428 39.45099999999999 37
1622724658195 41.10099999999999 38
1622724660010 42.79899999999999 39
1622724661834 44.50899999999999 40
1622724663756 46.31399999999999 41
1622724665724 48.166999999999994 42
1622724667692 50.019999999999996 43
1622724669698 51.910999999999994 44
1622724671727 53.824999999999996 45
1622724673819 55.803 46
1622724675951 57.821 47
1622724678112 59.867999999999995 48
1622724680290 61.931999999999995 49
1622724682547 64.07799999999999 50
1622724684811 66.22999999999999 51
1622724687093 68.39899999999999 52
1622724689416 70.60499999999999 53
1622724691780 72.85399999999998 54
1622724694137 75.09399999999998 55
1622724696570 77.41099999999997 56
1622724699045 79.76999999999997 57
1622724701577 82.16899999999997 58
1622724704156 84.61799999999997 59
1622724706741 87.08799999999997 60
1622724709331 89.56599999999996 61
1622724711985 92.10799999999996 62
1622724714655 94.66399999999996 63
1622724717377 97.26999999999995 64
1622724720143 99.91899999999995 65
1622724722933 102.59399999999995 66
1622724725761 105.30499999999995 67
1622724728626 108.05099999999995 68
1622724731522 110.83299999999994 69
1622724734470 113.66399999999994 70
1622724737433 116.50999999999995 71
1622724740411 119.37399999999995 72
1622724743420 122.26499999999996 73
1622724746509 125.24199999999996 74
1622724749607 128.22599999999997 75
1622724752724 131.22799999999998 76
1622724755894 134.28199999999998 77
1622724759097 137.36899999999997 78
1622724762324 140.47799999999998 79
1622724765621 143.659 80
1622724768972 146.894 81
1622724772340 150.14600000000002 82
1622724775745 153.43900000000002 83
1622724779181 156.75700000000003 84
1622724782675 160.13300000000004 85
1622724786210 163.55200000000005 86
1622724789739 166.96600000000004 87
1622724793344 170.45300000000003 88
1622724796935 173.92700000000002 89
1622724800618 177.49200000000002 90
1622724804300 181.056 91
1622724808049 184.68800000000002 92
1622724811833 188.35500000000002 93
1622724815624 192.031 94
1622724819399 195.693 95
1622724823241 199.419 96
1622724827116 203.178 97
1622724831040 206.98499999999999 98
1622724834987 210.81699999999998 99
1622724839054 214.76799999999997 100
1622724843524 219.11299999999997 101
1622724847646 223.11999999999998 102
1622724851791 227.14899999999997 103
1622724855986 231.22999999999996 104
1622724860207 235.33699999999996 105
1622724864436 239.45099999999996 106
1622724868732 243.62799999999996 107
1622724873007 247.78599999999994 108
1622724877391 252.05199999999994 109
1622724881797 256.3399999999999 110
1622724886167 260.58899999999994 111
1622724890607 264.90899999999993 112
1622724895102 269.28599999999994 113
1622724899606 273.6739999999999 114
1622724904133 278.08699999999993 115
1622724908718 282.55799999999994 116
1622724913346 287.0729999999999 117
1622724918083 291.69499999999994 118
1622724922722 296.2199999999999 119
1622724927438 300.8229999999999 120
1622724932184 305.44999999999993 121
1622724936982 310.1329999999999 122
1622724941756 314.7949999999999 123
1622724946601 319.5239999999999 124
1622724951461 324.2689999999999 125
1622724956423 329.1139999999999 126
1622724961562 334.13699999999994 127
1622724966634 339.09599999999995 128
1622724971700 344.0489999999999 129
1622724976783 349.01899999999995 130
1622724981890 354.0129999999999 131
1622724987016 359.0249999999999 132
1622724992127 364.0199999999999 133
1622724997407 369.1839999999999 134
1622725002649 374.3109999999999 135
1622725007984 379.5279999999999 136
1622725013304 384.7329999999999 137
1622725018669 389.9859999999999 138
1622725024062 395.2639999999999 139
1622725029460 400.5469999999999 140
1622725034889 405.8589999999999 141
1622725040399 411.2519999999999 142
1622725045923 416.6579999999999 143
1622725051482 422.0999999999999 144
1622725057129 427.6289999999999 145
1622725062723 433.1079999999999 146
1622725068386 438.65699999999987 147
1622725074109 444.2639999999999 148
1622725079871 449.9089999999999 149
1622725085675 455.59499999999986 150
1622725091532 461.33599999999984 151
1622725097354 467.04299999999984 152
1622725103293 472.86699999999985 153
1622725109237 478.69399999999985 154
1622725115227 484.56699999999984 155
1622725121206 490.42999999999984 156
1622725127305 496.41199999999986 157
1622725133439 502.42999999999984 158
1622725139668 508.5409999999998 159
1622725145886 514.6419999999998 160
1622725152054 520.6919999999998 161
1622725158299 526.8229999999998 162
1622725164529 532.9389999999997 163
1622725170815 539.1089999999997 164
1622725177177 545.3539999999997 165
1622725183540 551.5989999999997 166
1622725189974 557.9139999999998 167
1622725196371 564.1949999999997 168
1622725202823 570.5269999999997 169
1622725209568 576.8919999999997 170
1622725216164 583.3609999999998 171
1622725222704 589.7819999999998 172
1622725229302 596.2649999999998 173
1622725235945 602.7919999999998 174
1622725242658 609.3889999999998 175
1622725249353 615.9669999999998 176
1622725256130 622.6309999999997 177
1622725262914 629.2999999999997 178
1622725269705 635.9709999999998 179
1622725276614 642.7609999999997 180
1622725283492 649.5179999999997 181
1622725290426 656.3349999999997 182
1622725297373 663.1659999999997 183
1622725304359 670.0359999999997 184
1622725311458 677.0199999999998 185
1622725318534 683.9819999999997 186
1622725325658 690.9909999999998 187
1622725332822 698.0399999999997 188
1622725340010 705.1139999999997 189
1622725347218 712.2109999999997 190
1622725354435 719.3129999999996 191
1622725361701 726.4649999999997 192
1622725369042 733.6919999999997 193
1622725376416 740.9519999999997 194
1622725383844 748.2649999999996 195
1622725391258 755.5639999999996 196
1622725398763 762.9529999999996 197
1622725406223 770.2989999999996 198
1622725413803 777.7659999999996 199
1622725421329 785.1769999999996 200
1622725428928 792.6619999999996 201
1622725436554 800.1719999999996 202
1622725444286 807.7869999999996 203
1622725452023 815.4089999999995 204
1622725459781 823.0509999999996 205
1622725467562 830.7169999999996 206
1622725475414 838.4539999999996 207
1622725483219 846.1439999999997 208
1622725491139 853.9489999999996 209
1622725499034 861.7289999999996 210
1622725507013 869.5919999999996 211
1622725514927 877.3899999999996 212
1622725522954 885.3009999999996 213
1622725531010 893.2399999999996 214
1622725539172 901.2859999999996 215
1622725547321 909.3179999999996 216
1622725555534 917.4139999999996 217
1622725563767 925.5299999999996 218
1622725572049 933.6969999999997 219
1622725580345 941.8769999999996 220
1622725588679 950.0939999999996 221
1622725597054 958.3539999999996 222
1622725605477 966.6609999999996 223
1622725613865 974.9329999999997 224
1622725622303 983.2569999999996 225
1622725630870 991.7099999999996 226
1622725639403 1000.1279999999996 227
1622725647987 1008.5949999999996 228
1622725656604 1017.0959999999995 229
1622725665301 1025.6799999999996 230
1622725674011 1034.2759999999996 231
1622725682789 1042.9369999999997 232
1622725691509 1051.5429999999997 233
1622725700289 1060.2089999999996 234
1622725709162 1068.9649999999997 235
1622725718069 1077.7569999999996 236
1622725726928 1086.4999999999995 237
1622725735870 1095.3269999999995 238
1622725744896 1104.2349999999994 239
1622725753967 1113.1899999999994 240
1622725763001 1122.1099999999994 241
1622725772100 1131.0929999999994 242
1622725781192 1140.0679999999993 243
1622725790351 1149.1139999999994 244
1622725799541 1158.1879999999994 245
1622725808718 1167.2499999999993 246
1622725817990 1176.4069999999992 247
1622725827243 1185.5459999999991 248
1622725836588 1194.7769999999991 249
1622725845986 1204.058999999999 250
1622725855355 1213.3139999999992 251
1622725864765 1222.6089999999992 252
1622725874235 1231.9649999999992 253
1622725883686 1241.3019999999992 254
1622725893271 1250.7749999999992 255
1622725902788 1260.1789999999992 256
1622725912401 1269.6769999999992 257
1622725922033 1279.1939999999993 258
1622725931702 1288.7489999999993 259
1622725941415 1298.3479999999993 260
1622725951217 1308.0339999999992 261
1622725961058 1317.758999999999 262
1622725970929 1327.5169999999991 263
1622725980789 1337.2649999999992 264
1622725990734 1347.0989999999993 265
1622726000714 1356.9669999999992 266
1622726010661 1366.7989999999993 267
1622726020694 1376.7189999999994 268
1622726030748 1386.6589999999994 269
1622726040843 1396.6409999999994 270
1622726051007 1406.6889999999994 271
1622726061153 1416.7209999999993 272
1622726071343 1426.7959999999994 273
1622726081611 1436.9489999999994 274
1622726091916 1447.1379999999995 275
1622726102263 1457.3679999999995 276
1622726112584 1467.5729999999994 277
1622726122979 1477.8529999999994 278
1622726133492 1488.2489999999993 279
1622726143944 1498.5889999999993 280
1622726154345 1508.8759999999993 281
1622726164831 1519.2459999999992 282
1622726175381 1529.6799999999992 283
1622726185947 1540.1329999999991 284
1622726196512 1550.5819999999992 285
1622726207207 1561.162999999999 286
1622726217959 1571.800999999999 287
1622726228762 1582.486999999999 288
1622726239562 1593.171999999999 289
1622726250383 1603.880999999999 290
1622726261264 1614.645999999999 291
1622726272161 1625.4299999999992 292
1622726283117 1636.2719999999993 293
1622726294068 1647.1089999999992 294
1622726305055 1657.9829999999993 295
1622726316012 1668.8239999999992 296
1622726327050 1679.7479999999991 297
1622726338117 1690.6979999999992 298
1622726349288 1701.7479999999991 299
1622726360407 1712.7489999999991 300
1622726371610 1723.8339999999992 301
1622726382790 1734.895999999999 302
1622726394101 1746.090999999999 303
1622726405325 1757.199999999999 304
1622726416583 1768.340999999999 305
1622726427976 1779.613999999999 306
1622726439537 1791.0579999999989 307
1622726450970 1802.370999999999 308
1622726462520 1813.800999999999 309
1622726474100 1825.262999999999 310
1622726485628 1836.674999999999 311
1622726497305 1848.231999999999 312
1622726508979 1859.788999999999 313
1622726520695 1871.386999999999 314
1622726532418 1882.996999999999 315
1622726544261 1894.725999999999 316
1622726556036 1906.385999999999 317
1622726567828 1918.062999999999 318
1622726579704 1929.821999999999 319
1622726591576 1941.578999999999 320
1622726603496 1953.383999999999 321
1622726615457 1965.2289999999991 322
1622726627391 1977.0469999999991 323
1622726639426 1988.9659999999992 324
1622726651507 2000.931999999999 325
1622726663630 2012.9379999999992 326
1622726675841 2025.0339999999992 327
1622726688026 2037.1019999999992 328
1622726700165 2049.126999999999 329
1622726712447 2061.289999999999 330
1622726724723 2073.447999999999 331
1622726737141 2085.747999999999 332
1622726749525 2098.014999999999 333
1622726761856 2110.227999999999 334
1622726774364 2122.619999999999 335
1622726786797 2134.932999999999 336
1622726799268 2147.282999999999 337
1622726811689 2159.585999999999 338
1622726824383 2172.161999999999 339
1622726836995 2184.656999999999 340
1622726849697 2197.2299999999987 341
1622726862362 2209.772999999999 342
1622726875145 2222.4199999999987 343
1622726887864 2235.022999999999 344
1622726900598 2247.6409999999987 345
1622726913482 2260.4089999999987 346
1622726926335 2273.141999999999 347
1622726939297 2285.985999999999 348
1622726952225 2298.794999999999 349
1622726965208 2311.660999999999 350
1622726978174 2324.508999999999 351
1622726991203 2337.421999999999 352
1622727004333 2350.436999999999 353
1622727017483 2363.469999999999 354
1622727030543 2376.4179999999988 355
1622727043724 2389.4819999999986 356
1622727056881 2402.5219999999986 357
1622727070135 2415.6609999999987 358
1622727083351 2428.759999999999 359
1622727096660 2441.952999999999 360
1622727110021 2455.199999999999 361
1622727123300 2468.362999999999 362
1622727136686 2481.634999999999 363
1622727150132 2494.964999999999 364
1622727163588 2508.3059999999987 365
1622727177108 2521.7089999999985 366
1622727190603 2535.0899999999983 367
1622727204129 2548.5009999999984 368
1622727217721 2561.9789999999985 369
1622727231375 2575.5199999999986 370
1622727245030 2589.0599999999986 371
1622727258783 2602.6999999999985 372
1622727272533 2616.3349999999987 373
1622727286302 2629.9869999999987 374
1622727300234 2643.804999999999 375
1622727314122 2657.577999999999 376
1622727328076 2671.414999999999 377
1622727341996 2685.218999999999 378
1622727356008 2699.112999999999 379
1622727370097 2713.083999999999 380
1622727384118 2726.988999999999 381
1622727398164 2740.917999999999 382
1622727412214 2754.852999999999 383
1622727426323 2768.8449999999993 384
1622727440551 2782.9569999999994 385
1622727454807 2797.0949999999993 386
1622727469012 2811.1829999999995 387
1622727483377 2825.4319999999993 388
1622727497685 2839.6239999999993 389
1622727512041 2853.8669999999993 390
1622727526458 2868.1709999999994 391
1622727540932 2882.5309999999995 392
1622727555428 2896.9119999999994 393
1622727569950 2911.3189999999995 394
1622727584476 2925.7309999999993 395
1622727599013 2940.1529999999993 396
1622727613618 2954.6419999999994 397
1622727628264 2969.1709999999994 398
1622727642976 2983.7669999999994 399
1622727657607 2998.2809999999995 400
1622727672418 3012.9779999999996 401
1622727687257 3027.7029999999995 402
1622727702162 3042.4949999999994 403
1622727717070 3057.2899999999995 404
1622727731985 3072.0909999999994 405
1622727746927 3086.9179999999997 406
1622727762012 3101.8869999999997 407
1622727777002 3116.765 408
1622727792018 3131.667 409
1622727807114 3146.65 410
1622727822212 3161.6310000000003 411
1622727837411 3176.7100000000005 412
1622727852589 3191.7670000000003 413
1622727867772 3206.8320000000003 414
1622727883068 3222.01 415
1622727898379 3237.204 416
1622727913655 3252.36 417
1622727928973 3267.561 418
1622727944354 3282.8250000000003 419
1622727959824 3298.179 420
1622727975332 3313.567 421
1622727990824 3328.942 422
1622728006450 3344.452 423
1622728022098 3359.985 424
1622728037682 3375.455 425
1622728053213 3390.869 426
1622728068800 3406.342 427
1622728084582 3422.009 428
1622728100370 3437.679 429
1622728116248 3453.445 430
1622728131984 3469.069 431
1622728147821 3484.788 432
1622728163722 3500.57 433
1622728179637 3516.368 434
1622728195636 3532.2509999999997 435
1622728211606 3548.1059999999998 436
1622728227540 3563.926 437
1622728243557 3579.828 438
1622728259563 3595.72 439
1622728275748 3611.79 440
1622728292063 3627.992 441
1622728308339 3644.154 442
1622728324560 3660.262 443
1622728340791 3676.378 444
1622728357071 3692.5420000000004 445
1622728373404 3708.76 446
1622728389828 3725.072 447
1622728406186 3741.32 448
1622728422679 3757.697 449
1622728439176 3774.0840000000003 450
1622728455791 3790.5840000000003 451
1622728472401 3807.0780000000004 452
1622728489054 3823.6170000000006 453
1622728505752 3840.2020000000007 454
1622728522435 3856.774000000001 455
1622728539168 3873.3960000000006 456
1622728555945 3890.060000000001 457
1622728572810 3906.811000000001 458
1622728589716 3923.603000000001 459
1622728606627 3940.399000000001 460
1622728623541 3957.2000000000007 461
1622728640454 3973.9990000000007 462
1622728657462 3990.8940000000007 463
1622728674505 4007.8240000000005 464
1622728691555 4024.7620000000006 465
1622728708694 4041.7840000000006 466
1622728725914 4058.8860000000004 467
1622728743146 4076.0000000000005 468
1622728760405 4093.1460000000006 469
1622728777760 4110.387000000001 470
1622728795159 4127.671 471
1622728812531 4144.927000000001 472
1622728829898 4162.179000000001 473
1622728847535 4179.702000000001 474
1622728865052 4197.104000000001 475
1622728882576 4214.5120000000015 476
1622728900215 4232.039000000002 477
1622728917847 4249.560000000001 478
1622728935433 4267.0340000000015 479
1622728953073 4284.560000000001 480
1622728970789 4302.162000000001 481
1622728988499 4319.758000000001 482
1622729006280 4337.4220000000005 483
1622729024100 4355.125000000001 484
1622729041960 4372.868000000001 485
1622729059860 4390.652000000001 486
1622729077808 4408.487000000001 487
1622729095735 4426.302000000001 488
1622729113614 4444.069 489
1622729131550 4461.8910000000005 490
1622729149660 4479.884000000001 491
1622729167790 4497.900000000001 492
1622729185830 4515.825000000001 493
1622729203938 4533.817000000001 494
1622729222135 4551.896000000001 495
1622729240307 4569.951000000001 496
1622729258423 4587.955000000001 497
1622729276721 4606.139000000001 498
1622729294956 4624.259000000001 499
1622729313352 4642.540000000001 500
