1622596736328 0.9415880874966737 0
1622596736871 0.9477311231165187 1
1622596737396 0.9469728490297391 2
1622596738005 0.9469728490297391 3
1622596738653 0.9469728490297391 4
1622596739284 0.9469728490297391 5
1622596739953 0.9469728490297391 6
1622596740637 0.9469728490297391 7
1622596741416 0.9469728490297391 8
1622596742229 0.9469728490297391 9
1622596743054 0.9469728490297391 10
1622596743907 0.9469728490297391 11
1622596744814 0.9469728490297391 12
1622596745745 0.9469728490297391 13
1622596746681 0.9469728490297391 14
1622596747680 0.9469728490297391 15
1622596748713 0.9469728490297391 16
1622596749801 0.9469728490297391 17
1622596750925 0.9469728490297391 18
1622596752078 0.9469728490297391 19
1622596753246 0.9469728490297391 20
1622596754457 0.9469728490297391 21
1622596755736 0.9469728490297391 22
1622596757072 0.9469728490297391 23
1622596758441 0.9469728490297391 24
1622596759854 0.9469728490297391 25
1622596761270 0.9469728490297391 26
1622596762727 0.9469728490297391 27
1622596764201 0.9469728490297391 28
1622596765724 0.9469728490297391 29
1622596767276 0.9469728490297391 30
1622596768952 0.9469728490297391 31
1622596770735 0.9469728490297391 32
1622596772377 0.9469728490297391 33
1622596774032 0.9469728490297391 34
1622596775865 0.9469728490297391 35
1622596777765 0.9469728490297391 36
1622596779687 0.9469728490297391 37
1622596781631 0.9469728490297391 38
1622596783671 0.9469728490297391 39
1622596785725 0.9469728490297391 40
1622596787793 0.9469728490297391 41
1622596789789 0.9469728490297391 42
1622596791775 0.9469728490297391 43
1622596793888 0.9469728490297391 44
1622596795945 0.9469728490297391 45
1622596798120 0.9469728490297391 46
1622596800303 0.9469728490297391 47
1622596802678 0.9469728490297391 48
1622596805073 0.9469728490297391 49
1622596807454 0.9469728490297391 50
1622596809869 0.9469728490297391 51
1622596812305 0.9469728490297391 52
1622596814941 0.9469728490297391 53
1622596817436 0.9469728490297391 54
1622596819903 0.9469728490297391 55
1622596822365 0.9469728490297391 56
1622596824850 0.9469728490297391 57
1622596827421 0.9469728490297391 58
1622596830018 0.9469728490297391 59
1622596832667 0.9469728490297391 60
1622596835325 0.9469728490297391 61
1622596837991 0.9469728490297391 62
1622596840686 0.9469728490297391 63
1622596843496 0.9469728490297391 64
1622596846313 0.9469728490297391 65
1622596849104 0.9469728490297391 66
1622596852039 0.9469728490297391 67
1622596855008 0.9469728490297391 68
1622596858064 0.9469728490297391 69
1622596861095 0.9469728490297391 70
1622596864174 0.9469728490297391 71
1622596867246 0.9469728490297391 72
1622596870362 0.9469728490297391 73
1622596873532 0.9469728490297391 74
1622596876740 0.9469728490297391 75
1622596879951 0.9469728490297391 76
1622596883161 0.9469728490297391 77
1622596886460 0.9469728490297391 78
1622596889752 0.9469728490297391 79
1622596893089 0.9469728490297391 80
1622596896418 0.9469728490297391 81
1622596899854 0.9469728490297391 82
1622596903303 0.9469728490297391 83
1622596906780 0.9469728490297391 84
1622596910300 0.9469728490297391 85
1622596913933 0.9469728490297391 86
1622596917544 0.9469728490297391 87
1622596921170 0.9469728490297391 88
1622596924826 0.9469728490297391 89
1622596928535 0.9469728490297391 90
1622596932332 0.9469728490297391 91
1622596936147 0.9469728490297391 92
1622596939998 0.9469728490297391 93
1622596943805 0.9469728490297391 94
1622596947758 0.9469728490297391 95
1622596951855 0.9469728490297391 96
1622596955882 0.9469728490297391 97
1622596959880 0.9469728490297391 98
1622596963914 0.9469728490297391 99
1622596968062 0.9469728490297391 100
1622596972222 0.9469728490297391 101
1622596976391 0.9469728490297391 102
1622596980586 0.9469728490297391 103
1622596984840 0.9469728490297391 104
1622596989164 0.9469728490297391 105
1622596993491 0.9469728490297391 106
1622596997885 0.9469728490297391 107
1622597002292 0.9469728490297391 108
1622597006730 0.9469728490297391 109
1622597011131 0.9469728490297391 110
1622597015637 0.9469728490297391 111
1622597020195 0.9469728490297391 112
1622597024842 0.9469728490297391 113
1622597029454 0.9469728490297391 114
1622597034111 0.9469728490297391 115
1622597038824 0.9469728490297391 116
1622597043545 0.9469728490297391 117
1622597048317 0.9469728490297391 118
1622597053361 0.9469728490297391 119
1622597058201 0.9469728490297391 120
1622597063081 0.9469728490297391 121
1622597067958 0.9469728490297391 122
1622597072881 0.9469728490297391 123
1622597077802 0.9469728490297391 124
1622597082810 0.9469728490297391 125
1622597087834 0.9469728490297391 126
1622597092962 0.9469728490297391 127
1622597098118 0.9469728490297391 128
1622597103214 0.9469728490297391 129
1622597108410 0.9469728490297391 130
1622597113676 0.9469728490297391 131
1622597118864 0.9469728490297391 132
1622597124113 0.9469728490297391 133
1622597129420 0.9469728490297391 134
1622597134833 0.9469728490297391 135
1622597140243 0.9469728490297391 136
1622597145680 0.9469728490297391 137
1622597151138 0.9469728490297391 138
1622597156701 0.9469728490297391 139
1622597162278 0.9469728490297391 140
1622597167848 0.9469728490297391 141
1622597173433 0.9469728490297391 142
1622597179177 0.9469728490297391 143
1622597184870 0.9469728490297391 144
1622597190596 0.9469728490297391 145
1622597196365 0.9469728490297391 146
1622597202112 0.9469728490297391 147
1622597207962 0.9469728490297391 148
1622597213804 0.9469728490297391 149
1622597219753 0.9469728490297391 150
1622597225713 0.9469728490297391 151
1622597231802 0.9469728490297391 152
1622597238041 0.9469728490297391 153
1622597244105 0.9469728490297391 154
1622597250204 0.9469728490297391 155
1622597256438 0.9469728490297391 156
1622597262816 0.9469728490297391 157
1622597269209 0.9469728490297391 158
1622597275486 0.9469728490297391 159
1622597281768 0.9469728490297391 160
1622597288046 0.9469728490297391 161
1622597294381 0.9469728490297391 162
1622597300762 0.9469728490297391 163
1622597307087 0.9469728490297391 164
1622597313514 0.9469728490297391 165
1622597320035 0.9469728490297391 166
1622597326510 0.9469728490297391 167
1622597333051 0.9469728490297391 168
1622597339936 0.9469728490297391 169
1622597347016 0.9469728490297391 170
1622597353789 0.9469728490297391 171
1622597360409 0.9469728490297391 172
1622597367150 0.9469728490297391 173
1622597373915 0.9469728490297391 174
1622597380717 0.9469728490297391 175
1622597388079 0.9469728490297391 176
1622597395761 0.9469728490297391 177
1622597403180 0.9469728490297391 178
1622597410195 0.9469728490297391 179
1622597417824 0.9469728490297391 180
1622597425542 0.9469728490297391 181
1622597433031 0.9469728490297391 182
1622597440463 0.9469728490297391 183
1622597447894 0.9469728490297391 184
1622597455610 0.9469728490297391 185
1622597463090 0.9469728490297391 186
1622597470539 0.9469728490297391 187
1622597477852 0.9469728490297391 188
1622597485175 0.9469728490297391 189
1622597492546 0.9469728490297391 190
1622597500637 0.9469728490297391 191
1622597508532 0.9469728490297391 192
1622597515962 0.9469728490297391 193
1622597523440 0.9469728490297391 194
1622597531244 0.9469728490297391 195
1622597538875 0.9469728490297391 196
1622597546554 0.9469728490297391 197
1622597554268 0.9469728490297391 198
1622597561958 0.9469728490297391 199
1622597569628 0.9469728490297391 200
1622597577411 0.9469728490297391 201
1622597585150 0.9469728490297391 202
1622597593013 0.9469728490297391 203
1622597600978 0.9469728490297391 204
1622597608956 0.9469728490297391 205
1622597616943 0.9469728490297391 206
1622597625016 0.9469728490297391 207
1622597633118 0.9469728490297391 208
1622597641142 0.9469728490297391 209
1622597649284 0.9469728490297391 210
1622597657467 0.9469728490297391 211
1622597665593 0.9469728490297391 212
1622597673796 0.9469728490297391 213
1622597682126 0.9469728490297391 214
1622597690376 0.9469728490297391 215
1622597698680 0.9469728490297391 216
1622597706972 0.9469728490297391 217
1622597715421 0.9469728490297391 218
1622597723754 0.9469728490297391 219
1622597732141 0.9469728490297391 220
1622597740601 0.9469728490297391 221
1622597749138 0.9469728490297391 222
1622597757718 0.9469728490297391 223
1622597766287 0.9469728490297391 224
1622597774896 0.9469728490297391 225
1622597784069 0.9469728490297391 226
1622597793024 0.9469728490297391 227
1622597802772 0.9469728490297391 228
1622597811510 0.9469728490297391 229
1622597820269 0.9469728490297391 230
1622597829792 0.9469728490297391 231
1622597838751 0.9469728490297391 232
1622597847529 0.9469728490297391 233
1622597856474 0.9469728490297391 234
1622597865360 0.9469728490297391 235
1622597874373 0.9469728490297391 236
1622597883607 0.9469728490297391 237
1622597893512 0.9469728490297391 238
1622597902590 0.9469728490297391 239
1622597911770 0.9469728490297391 240
1622597920948 0.9469728490297391 241
1622597930125 0.9469728490297391 242
1622597939413 0.9469728490297391 243
1622597949739 0.9469728490297391 244
1622597959431 0.9469728490297391 245
1622597969328 0.9469728490297391 246
1622597978839 0.9469728490297391 247
1622597988337 0.9469728490297391 248
1622597997897 0.9469728490297391 249
1622598007461 0.9469728490297391 250
1622598017120 0.9469728490297391 251
1622598027346 0.9469728490297391 252
1622598037277 0.9469728490297391 253
1622598047059 0.9469728490297391 254
1622598058016 0.9469728490297391 255
1622598067745 0.9469728490297391 256
1622598077705 0.9469728490297391 257
1622598087522 0.9469728490297391 258
1622598097402 0.9469728490297391 259
1622598107263 0.9469728490297391 260
1622598117585 0.9469728490297391 261
1622598127541 0.9469728490297391 262
1622598137720 0.9469728490297391 263
1622598147670 0.9469728490297391 264
1622598157763 0.9469728490297391 265
1622598167924 0.9469728490297391 266
1622598178102 0.9469728490297391 267
1622598188457 0.9469728490297391 268
1622598198821 0.9469728490297391 269
1622598209102 0.9469728490297391 270
1622598219395 0.9469728490297391 271
1622598229695 0.9469728490297391 272
1622598240064 0.9469728490297391 273
1622598250449 0.9469728490297391 274
1622598260990 0.9469728490297391 275
1622598271360 0.9469728490297391 276
1622598281884 0.9469728490297391 277
1622598292403 0.9469728490297391 278
1622598302997 0.9469728490297391 279
1622598313583 0.9469728490297391 280
1622598324263 0.9469728490297391 281
1622598334992 0.9469728490297391 282
1622598345743 0.9469728490297391 283
1622598356539 0.9469728490297391 284
1622598367400 0.9469728490297391 285
1622598378333 0.9469728490297391 286
1622598389391 0.9469728490297391 287
1622598400313 0.9469728490297391 288
1622598411284 0.9469728490297391 289
1622598422216 0.9469728490297391 290
1622598433251 0.9469728490297391 291
1622598445283 0.9469728490297391 292
1622598456917 0.9469728490297391 293
1622598468186 0.9469728490297391 294
1622598480289 0.9469728490297391 295
1622598491456 0.9469728490297391 296
1622598502662 0.9469728490297391 297
1622598513848 0.9469728490297391 298
1622598525284 0.9469728490297391 299
1622598536692 0.9469728490297391 300
1622598548028 0.9469728490297391 301
1622598559463 0.9469728490297391 302
1622598571046 0.9469728490297391 303
1622598582505 0.9469728490297391 304
1622598594066 0.9469728490297391 305
1622598605567 0.9469728490297391 306
1622598617236 0.9469728490297391 307
1622598629252 0.9469728490297391 308
1622598641039 0.9469728490297391 309
1622598653142 0.9469728490297391 310
1622598664881 0.9469728490297391 311
1622598676657 0.9469728490297391 312
1622598688492 0.9469728490297391 313
1622598700948 0.9469728490297391 314
1622598713143 0.9469728490297391 315
1622598724935 0.9469728490297391 316
1622598736942 0.9469728490297391 317
1622598749613 0.9469728490297391 318
1622598762449 0.9469728490297391 319
1622598774490 0.9469728490297391 320
1622598787105 0.9469728490297391 321
1622598800038 0.9469728490297391 322
1622598812460 0.9469728490297391 323
1622598825041 0.9469728490297391 324
1622598837193 0.9469728490297391 325
1622598849359 0.9469728490297391 326
1622598862139 0.9469728490297391 327
1622598876268 0.9469728490297391 328
1622598889943 0.9469728490297391 329
1622598903360 0.9469728490297391 330
1622598917028 0.9469728490297391 331
1622598929467 0.9469728490297391 332
1622598941963 0.9469728490297391 333
1622598954427 0.9469728490297391 334
1622598966951 0.9469728490297391 335
1622598980184 0.9469728490297391 336
1622598992909 0.9469728490297391 337
1622599006101 0.9469728490297391 338
1622599019086 0.9469728490297391 339
1622599032038 0.9469728490297391 340
1622599045052 0.9469728490297391 341
1622599057779 0.9469728490297391 342
1622599070471 0.9469728490297391 343
1622599084074 0.9469728490297391 344
1622599097552 0.9469728490297391 345
1622599110693 0.9469728490297391 346
1622599123583 0.9469728490297391 347
1622599137007 0.9469728490297391 348
1622599150426 0.9469728490297391 349
1622599163664 0.9469728490297391 350
1622599177172 0.9469728490297391 351
1622599191092 0.9469728490297391 352
1622599204733 0.9469728490297391 353
1622599218000 0.9469728490297391 354
1622599231422 0.9469728490297391 355
1622599244763 0.9469728490297391 356
1622599258479 0.9469728490297391 357
1622599272314 0.9469728490297391 358
1622599286126 0.9469728490297391 359
1622599299683 0.9469728490297391 360
1622599313881 0.9469728490297391 361
1622599327713 0.9469728490297391 362
1622599341184 0.9469728490297391 363
1622599354877 0.9469728490297391 364
1622599368466 0.9469728490297391 365
1622599382073 0.9469728490297391 366
1622599395707 0.9469728490297391 367
1622599409514 0.9469728490297391 368
1622599423288 0.9469728490297391 369
1622599437034 0.9469728490297391 370
1622599451016 0.9469728490297391 371
1622599464931 0.9469728490297391 372
1622599479659 0.9469728490297391 373
1622599493800 0.9469728490297391 374
1622599508605 0.9469728490297391 375
1622599523678 0.9469728490297391 376
1622599537678 0.9469728490297391 377
1622599551959 0.9469728490297391 378
1622599566227 0.9469728490297391 379
1622599580372 0.9469728490297391 380
1622599594477 0.9469728490297391 381
1622599608715 0.9469728490297391 382
1622599623322 0.9469728490297391 383
1622599637707 0.9469728490297391 384
1622599652209 0.9469728490297391 385
1622599667279 0.9469728490297391 386
1622599681690 0.9469728490297391 387
1622599697124 0.9469728490297391 388
1622599712427 0.9469728490297391 389
1622599727648 0.9469728490297391 390
1622599742148 0.9469728490297391 391
1622599757140 0.9469728490297391 392
1622599771859 0.9469728490297391 393
1622599786458 0.9469728490297391 394
1622599801191 0.9469728490297391 395
1622599816216 0.9469728490297391 396
1622599830969 0.9469728490297391 397
1622599845709 0.9469728490297391 398
1622599860518 0.9469728490297391 399
1622599875302 0.9469728490297391 400
1622599890333 0.9469728490297391 401
1622599905262 0.9469728490297391 402
1622599920206 0.9469728490297391 403
1622599935395 0.9469728490297391 404
1622599950393 0.9469728490297391 405
1622599965425 0.9469728490297391 406
1622599980460 0.9469728490297391 407
1622599995599 0.9469728490297391 408
1622600010649 0.9469728490297391 409
1622600025862 0.9469728490297391 410
1622600041069 0.9469728490297391 411
1622600056281 0.9469728490297391 412
1622600071517 0.9469728490297391 413
1622600086775 0.9469728490297391 414
1622600102088 0.9469728490297391 415
1622600117755 0.9469728490297391 416
1622600133227 0.9469728490297391 417
1622600149396 0.9469728490297391 418
1622600164839 0.9469728490297391 419
1622600180365 0.9469728490297391 420
1622600195863 0.9469728490297391 421
1622600211429 0.9469728490297391 422
1622600227012 0.9469728490297391 423
1622600242763 0.9469728490297391 424
1622600258391 0.9469728490297391 425
1622600274222 0.9469728490297391 426
1622600289990 0.9469728490297391 427
1622600306117 0.9469728490297391 428
1622600321891 0.9469728490297391 429
1622600337939 0.9469728490297391 430
1622600354243 0.9469728490297391 431
1622600370510 0.9469728490297391 432
1622600386574 0.9469728490297391 433
1622600402895 0.9469728490297391 434
1622600419155 0.9469728490297391 435
1622600435178 0.9469728490297391 436
1622600451429 0.9469728490297391 437
1622600467578 0.9469728490297391 438
1622600483831 0.9469728490297391 439
1622600500075 0.9469728490297391 440
1622600516382 0.9469728490297391 441
1622600532899 0.9469728490297391 442
1622600549899 0.9469728490297391 443
1622600566274 0.9469728490297391 444
1622600582695 0.9469728490297391 445
1622600599157 0.9469728490297391 446
1622600615724 0.9469728490297391 447
1622600632285 0.9469728490297391 448
1622600648774 0.9469728490297391 449
1622600665446 0.9469728490297391 450
1622600682301 0.9469728490297391 451
1622600699310 0.9469728490297391 452
1622600716048 0.9469728490297391 453
1622600732753 0.9469728490297391 454
1622600749551 0.9469728490297391 455
1622600766352 0.9469728490297391 456
1622600783439 0.9469728490297391 457
1622600800865 0.9469728490297391 458
1622600818494 0.9469728490297391 459
1622600836151 0.9469728490297391 460
1622600853517 0.9469728490297391 461
1622600871111 0.9469728490297391 462
1622600888320 0.9469728490297391 463
1622600905502 0.9469728490297391 464
1622600922992 0.9469728490297391 465
1622600940428 0.9469728490297391 466
1622600957890 0.9469728490297391 467
1622600975342 0.9469728490297391 468
1622600992817 0.9469728490297391 469
1622601010306 0.9469728490297391 470
1622601027962 0.9469728490297391 471
1622601045673 0.9469728490297391 472
1622601063277 0.9469728490297391 473
1622601080951 0.9469728490297391 474
1622601098611 0.9469728490297391 475
1622601116261 0.9469728490297391 476
1622601133978 0.9469728490297391 477
1622601151786 0.9469728490297391 478
1622601169745 0.9469728490297391 479
1622601187703 0.9469728490297391 480
1622601205611 0.9469728490297391 481
1622601223676 0.9469728490297391 482
1622601242847 0.9469728490297391 483
1622601261036 0.9469728490297391 484
1622601279179 0.9469728490297391 485
1622601298842 0.9469728490297391 486
1622601316947 0.9469728490297391 487
1622601335321 0.9469728490297391 488
1622601353409 0.9469728490297391 489
1622601371737 0.9469728490297391 490
1622601390306 0.9469728490297391 491
1622601408810 0.9469728490297391 492
1622601427090 0.9469728490297391 493
1622601445319 0.9469728490297391 494
1622601463718 0.9469728490297391 495
1622601482205 0.9469728490297391 496
1622601500578 0.9469728490297391 497
1622601519077 0.9469728490297391 498
1622601537504 0.9469728490297391 499
1622601556027 0.9469728490297391 500
