1622734135315 0.9451802000652179 0
1622734135851 0.9451093009667658 1
1622734136373 0.9441879591661844 2
1622734136944 0.9441879591661844 3
1622734137519 0.9441879591661844 4
1622734138141 0.9441879591661844 5
1622734138791 0.9441879591661844 6
1622734139469 0.9441879591661844 7
1622734140196 0.9441879591661844 8
1622734140960 0.9441879591661844 9
1622734141760 0.9441879591661844 10
1622734142594 0.9441879591661844 11
1622734143492 0.9441879591661844 12
1622734144423 0.9441879591661844 13
1622734145367 0.9441879591661844 14
1622734146367 0.9441879591661844 15
1622734147408 0.9441879591661844 16
1622734148457 0.9441879591661844 17
1622734149575 0.9441879591661844 18
1622734150704 0.9441879591661844 19
1622734151869 0.9441879591661844 20
1622734153059 0.9441879591661844 21
1622734154294 0.9441879591661844 22
1622734155567 0.9441879591661844 23
1622734156865 0.9441879591661844 24
1622734158198 0.9441879591661844 25
1622734159581 0.9441879591661844 26
1622734160994 0.9441879591661844 27
1622734162413 0.9441879591661844 28
1622734163903 0.9441879591661844 29
1622734165436 0.9441879591661844 30
1622734166981 0.9441879591661844 31
1622734168570 0.9441879591661844 32
1622734170178 0.9441879591661844 33
1622734171833 0.9441879591661844 34
1622734173509 0.9441879591661844 35
1622734175253 0.9441879591661844 36
1622734177018 0.9441879591661844 37
1622734179081 0.9441879591661844 38
1622734181093 0.9441879591661844 39
1622734182979 0.9441879591661844 40
1622734184879 0.9441879591661844 41
1622734186833 0.9441879591661844 42
1622734188839 0.9441879591661844 43
1622734190869 0.9441879591661844 44
1622734192951 0.9441879591661844 45
1622734195046 0.9441879591661844 46
1622734197172 0.9441879591661844 47
1622734199336 0.9441879591661844 48
1622734201503 0.9441879591661844 49
1622734203775 0.9441879591661844 50
1622734206017 0.9441879591661844 51
1622734208514 0.9441879591661844 52
1622734210862 0.9441879591661844 53
1622734213262 0.9441879591661844 54
1622734215686 0.9441879591661844 55
1622734218199 0.9441879591661844 56
1622734221067 0.9441879591661844 57
1622734223686 0.9441879591661844 58
1622734226232 0.9441879591661844 59
1622734228842 0.9441879591661844 60
1622734231472 0.9441879591661844 61
1622734234137 0.9441879591661844 62
1622734236851 0.9441879591661844 63
1622734239551 0.9441879591661844 64
1622734242339 0.9441879591661844 65
1622734245134 0.9441879591661844 66
1622734247948 0.9441879591661844 67
1622734250793 0.9441879591661844 68
1622734253696 0.9441879591661844 69
1622734256631 0.9441879591661844 70
1622734259582 0.9441879591661844 71
1622734262620 0.9441879591661844 72
1622734265662 0.9441879591661844 73
1622734268746 0.9441879591661844 74
1622734271878 0.9441879591661844 75
1622734275005 0.9441879591661844 76
1622734278197 0.9441879591661844 77
1622734281450 0.9441879591661844 78
1622734284716 0.9441879591661844 79
1622734288064 0.9441879591661844 80
1622734291443 0.9441879591661844 81
1622734294813 0.9441879591661844 82
1622734298425 0.9441879591661844 83
1622734302254 0.9441879591661844 84
1622734305737 0.9441879591661844 85
1622734309285 0.9441879591661844 86
1622734312846 0.9441879591661844 87
1622734316459 0.9441879591661844 88
1622734320112 0.9441879591661844 89
1622734323773 0.9441879591661844 90
1622734327483 0.9441879591661844 91
1622734331258 0.9441879591661844 92
1622734335019 0.9441879591661844 93
1622734338827 0.9441879591661844 94
1622734342864 0.9441879591661844 95
1622734346752 0.9441879591661844 96
1622734350682 0.9441879591661844 97
1622734354579 0.9441879591661844 98
1622734358540 0.9441879591661844 99
1622734362563 0.9441879591661844 100
1622734366612 0.9441879591661844 101
1622734370704 0.9441879591661844 102
1622734374850 0.9441879591661844 103
1622734379010 0.9441879591661844 104
1622734383222 0.9441879591661844 105
1622734387502 0.9441879591661844 106
1622734391766 0.9441879591661844 107
1622734396062 0.9441879591661844 108
1622734400405 0.9441879591661844 109
1622734404950 0.9441879591661844 110
1622734409462 0.9441879591661844 111
1622734413933 0.9441879591661844 112
1622734418376 0.9441879591661844 113
1622734422968 0.9441879591661844 114
1622734427520 0.9441879591661844 115
1622734432117 0.9441879591661844 116
1622734437267 0.9441879591661844 117
1622734442181 0.9441879591661844 118
1622734446931 0.9441879591661844 119
1622734451666 0.9441879591661844 120
1622734456479 0.9441879591661844 121
1622734461307 0.9441879591661844 122
1622734466129 0.9441879591661844 123
1622734470961 0.9441879591661844 124
1622734475904 0.9441879591661844 125
1622734480858 0.9441879591661844 126
1622734485833 0.9441879591661844 127
1622734490821 0.9441879591661844 128
1622734495835 0.9441879591661844 129
1622734500880 0.9441879591661844 130
1622734506010 0.9441879591661844 131
1622734511449 0.9441879591661844 132
1622734517506 0.9441879591661844 133
1622734522868 0.9441879591661844 134
1622734528909 0.9441879591661844 135
1622734534975 0.9441879591661844 136
1622734541111 0.9441879591661844 137
1622734546800 0.9441879591661844 138
1622734552224 0.9441879591661844 139
1622734557728 0.9441879591661844 140
1622734563178 0.9441879591661844 141
1622734568706 0.9441879591661844 142
1622734574251 0.9441879591661844 143
1622734579883 0.9441879591661844 144
1622734585510 0.9441879591661844 145
1622734591246 0.9441879591661844 146
1622734596973 0.9441879591661844 147
1622734602879 0.9441879591661844 148
1622734608728 0.9441879591661844 149
1622734614584 0.9441879591661844 150
1622734620416 0.9441879591661844 151
1622734626339 0.9441879591661844 152
1622734632285 0.9441879591661844 153
1622734638258 0.9441879591661844 154
1622734644486 0.9441879591661844 155
1622734650558 0.9441879591661844 156
1622734656606 0.9441879591661844 157
1622734662721 0.9441879591661844 158
1622734669167 0.9441879591661844 159
1622734676353 0.9441879591661844 160
1622734683126 0.9441879591661844 161
1622734689362 0.9441879591661844 162
1622734695789 0.9441879591661844 163
1622734702122 0.9441879591661844 164
1622734708494 0.9441879591661844 165
1622734715263 0.9441879591661844 166
1622734722373 0.9441879591661844 167
1622734728908 0.9441879591661844 168
1622734735395 0.9441879591661844 169
1622734741950 0.9441879591661844 170
1622734748553 0.9441879591661844 171
1622734755172 0.9441879591661844 172
1622734761866 0.9441879591661844 173
1622734768601 0.9441879591661844 174
1622734775383 0.9441879591661844 175
1622734782923 0.9441879591661844 176
1622734789712 0.9441879591661844 177
1622734796480 0.9441879591661844 178
1622734803295 0.9441879591661844 179
1622734810191 0.9441879591661844 180
1622734817139 0.9441879591661844 181
1622734824046 0.9441879591661844 182
1622734831070 0.9441879591661844 183
1622734838083 0.9441879591661844 184
1622734845166 0.9441879591661844 185
1622734852271 0.9441879591661844 186
1622734859401 0.9441879591661844 187
1622734866594 0.9441879591661844 188
1622734873773 0.9441879591661844 189
1622734880975 0.9441879591661844 190
1622734888265 0.9441879591661844 191
1622734895598 0.9441879591661844 192
1622734902954 0.9441879591661844 193
1622734910374 0.9441879591661844 194
1622734917813 0.9441879591661844 195
1622734925251 0.9441879591661844 196
1622734932708 0.9441879591661844 197
1622734940284 0.9441879591661844 198
1622734947873 0.9441879591661844 199
1622734955482 0.9441879591661844 200
1622734963164 0.9441879591661844 201
1622734970790 0.9441879591661844 202
1622734978450 0.9441879591661844 203
1622734986239 0.9441879591661844 204
1622734994028 0.9441879591661844 205
1622735001875 0.9441879591661844 206
1622735009732 0.9441879591661844 207
1622735017591 0.9441879591661844 208
1622735025478 0.9441879591661844 209
1622735033489 0.9441879591661844 210
1622735041503 0.9441879591661844 211
1622735049502 0.9441879591661844 212
1622735057560 0.9441879591661844 213
1622735065709 0.9441879591661844 214
1622735073873 0.9441879591661844 215
1622735082122 0.9441879591661844 216
1622735090363 0.9441879591661844 217
1622735098653 0.9441879591661844 218
1622735106999 0.9441879591661844 219
1622735115285 0.9441879591661844 220
1622735123673 0.9441879591661844 221
1622735132080 0.9441879591661844 222
1622735140494 0.9441879591661844 223
1622735149009 0.9441879591661844 224
1622735157470 0.9441879591661844 225
1622735166028 0.9441879591661844 226
1622735174646 0.9441879591661844 227
1622735183198 0.9441879591661844 228
1622735191874 0.9441879591661844 229
1622735200577 0.9441879591661844 230
1622735209337 0.9441879591661844 231
1622735218093 0.9441879591661844 232
1622735226908 0.9441879591661844 233
1622735235670 0.9441879591661844 234
1622735244547 0.9441879591661844 235
1622735253521 0.9441879591661844 236
1622735262481 0.9441879591661844 237
1622735271450 0.9441879591661844 238
1622735280399 0.9441879591661844 239
1622735289478 0.9441879591661844 240
1622735298608 0.9441879591661844 241
1622735307667 0.9441879591661844 242
1622735316828 0.9441879591661844 243
1622735326201 0.9441879591661844 244
1622735335459 0.9441879591661844 245
1622735344650 0.9441879591661844 246
1622735353978 0.9441879591661844 247
1622735363331 0.9441879591661844 248
1622735372701 0.9441879591661844 249
1622735382141 0.9441879591661844 250
1622735391601 0.9441879591661844 251
1622735401016 0.9441879591661844 252
1622735410517 0.9441879591661844 253
1622735420042 0.9441879591661844 254
1622735429680 0.9441879591661844 255
1622735439319 0.9441879591661844 256
1622735448974 0.9441879591661844 257
1622735458692 0.9441879591661844 258
1622735468429 0.9441879591661844 259
1622735478270 0.9441879591661844 260
1622735488065 0.9441879591661844 261
1622735497907 0.9441879591661844 262
1622735507685 0.9441879591661844 263
1622735518211 0.9441879591661844 264
1622735528222 0.9441879591661844 265
1622735538332 0.9441879591661844 266
1622735549766 0.9441879591661844 267
1622735559795 0.9441879591661844 268
1622735569831 0.9441879591661844 269
1622735580687 0.9441879591661844 270
1622735590866 0.9441879591661844 271
1622735601149 0.9441879591661844 272
1622735611500 0.9441879591661844 273
1622735621851 0.9441879591661844 274
1622735632291 0.9441879591661844 275
1622735642672 0.9441879591661844 276
1622735653110 0.9441879591661844 277
1622735663534 0.9441879591661844 278
1622735674052 0.9441879591661844 279
1622735684574 0.9441879591661844 280
1622735695124 0.9441879591661844 281
1622735705707 0.9441879591661844 282
1622735716646 0.9441879591661844 283
1622735727389 0.9441879591661844 284
1622735738232 0.9441879591661844 285
1622735749032 0.9441879591661844 286
1622735761087 0.9441879591661844 287
1622735771929 0.9441879591661844 288
1622735782870 0.9441879591661844 289
1622735793784 0.9441879591661844 290
1622735804800 0.9441879591661844 291
1622735815787 0.9441879591661844 292
1622735826897 0.9441879591661844 293
1622735837998 0.9441879591661844 294
1622735849119 0.9441879591661844 295
1622735860324 0.9441879591661844 296
1622735871491 0.9441879591661844 297
1622735882755 0.9441879591661844 298
1622735894059 0.9441879591661844 299
1622735905322 0.9441879591661844 300
1622735916731 0.9441879591661844 301
1622735928142 0.9441879591661844 302
1622735939597 0.9441879591661844 303
1622735951046 0.9441879591661844 304
1622735962501 0.9441879591661844 305
1622735973991 0.9441879591661844 306
1622735985688 0.9441879591661844 307
1622735997256 0.9441879591661844 308
1622736008941 0.9441879591661844 309
1622736020649 0.9441879591661844 310
1622736032339 0.9441879591661844 311
1622736044169 0.9441879591661844 312
1622736055951 0.9441879591661844 313
1622736067794 0.9441879591661844 314
1622736079637 0.9441879591661844 315
1622736091522 0.9441879591661844 316
1622736103559 0.9441879591661844 317
1622736115501 0.9441879591661844 318
1622736127476 0.9441879591661844 319
1622736139492 0.9441879591661844 320
1622736151573 0.9441879591661844 321
1622736163574 0.9441879591661844 322
1622736175773 0.9441879591661844 323
1622736187924 0.9441879591661844 324
1622736200142 0.9441879591661844 325
1622736212388 0.9441879591661844 326
1622736224738 0.9441879591661844 327
1622736237152 0.9441879591661844 328
1622736249605 0.9441879591661844 329
1622736262004 0.9441879591661844 330
1622736274523 0.9441879591661844 331
1622736287896 0.9441879591661844 332
1622736300361 0.9441879591661844 333
1622736312968 0.9441879591661844 334
1622736325473 0.9441879591661844 335
1622736338084 0.9441879591661844 336
1622736350720 0.9441879591661844 337
1622736363402 0.9441879591661844 338
1622736376129 0.9441879591661844 339
1622736388790 0.9441879591661844 340
1622736401513 0.9441879591661844 341
1622736414261 0.9441879591661844 342
1622736427019 0.9441879591661844 343
1622736439875 0.9441879591661844 344
1622736452783 0.9441879591661844 345
1622736465701 0.9441879591661844 346
1622736478596 0.9441879591661844 347
1622736491463 0.9441879591661844 348
1622736504414 0.9441879591661844 349
1622736517494 0.9441879591661844 350
1622736530678 0.9441879591661844 351
1622736543796 0.9441879591661844 352
1622736556956 0.9441879591661844 353
1622736570095 0.9441879591661844 354
1622736583302 0.9441879591661844 355
1622736596522 0.9441879591661844 356
1622736609840 0.9441879591661844 357
1622736623216 0.9441879591661844 358
1622736636531 0.9441879591661844 359
1622736649939 0.9441879591661844 360
1622736663298 0.9441879591661844 361
1622736676717 0.9441879591661844 362
1622736690240 0.9441879591661844 363
1622736703776 0.9441879591661844 364
1622736717415 0.9441879591661844 365
1622736730951 0.9441879591661844 366
1622736744629 0.9441879591661844 367
1622736758374 0.9441879591661844 368
1622736772099 0.9441879591661844 369
1622736785857 0.9441879591661844 370
1622736799625 0.9441879591661844 371
1622736813570 0.9441879591661844 372
1622736827474 0.9441879591661844 373
1622736841384 0.9441879591661844 374
1622736855198 0.9441879591661844 375
1622736869187 0.9441879591661844 376
1622736883191 0.9441879591661844 377
1622736897155 0.9441879591661844 378
1622736911211 0.9441879591661844 379
1622736925278 0.9441879591661844 380
1622736939455 0.9441879591661844 381
1622736953588 0.9441879591661844 382
1622736968602 0.9441879591661844 383
1622736982973 0.9441879591661844 384
1622736997210 0.9441879591661844 385
1622737012132 0.9441879591661844 386
1622737026553 0.9441879591661844 387
1622737040939 0.9441879591661844 388
1622737055428 0.9441879591661844 389
1622737069984 0.9441879591661844 390
1622737084528 0.9441879591661844 391
1622737099074 0.9441879591661844 392
1622737113652 0.9441879591661844 393
1622737128296 0.9441879591661844 394
1622737142958 0.9441879591661844 395
1622737158453 0.9441879591661844 396
1622737173405 0.9441879591661844 397
1622737188517 0.9441879591661844 398
1622737203247 0.9441879591661844 399
1622737218060 0.9441879591661844 400
1622737232885 0.9441879591661844 401
1622737247798 0.9441879591661844 402
1622737262724 0.9441879591661844 403
1622737277614 0.9441879591661844 404
1622737292650 0.9441879591661844 405
1622737307716 0.9441879591661844 406
1622737322814 0.9441879591661844 407
1622737337918 0.9441879591661844 408
1622737353084 0.9441879591661844 409
1622737368309 0.9441879591661844 410
1622737383495 0.9441879591661844 411
1622737398856 0.9441879591661844 412
1622737414163 0.9441879591661844 413
1622737429620 0.9441879591661844 414
1622737445089 0.9441879591661844 415
1622737460465 0.9441879591661844 416
1622737475927 0.9441879591661844 417
1622737491402 0.9441879591661844 418
1622737506981 0.9441879591661844 419
1622737522615 0.9441879591661844 420
1622737538270 0.9441879591661844 421
1622737553932 0.9441879591661844 422
1622737569698 0.9441879591661844 423
1622737585396 0.9441879591661844 424
1622737601075 0.9441879591661844 425
1622737616867 0.9441879591661844 426
1622737632697 0.9441879591661844 427
1622737648547 0.9441879591661844 428
1622737664453 0.9441879591661844 429
1622737680435 0.9441879591661844 430
1622737696379 0.9441879591661844 431
1622737712328 0.9441879591661844 432
1622737728383 0.9441879591661844 433
1622737744443 0.9441879591661844 434
1622737760471 0.9441879591661844 435
1622737776582 0.9441879591661844 436
1622737792701 0.9441879591661844 437
1622737808906 0.9441879591661844 438
1622737825251 0.9441879591661844 439
1622737841579 0.9441879591661844 440
1622737858827 0.9441879591661844 441
1622737875182 0.9441879591661844 442
1622737891671 0.9441879591661844 443
1622737908025 0.9441879591661844 444
1622737924500 0.9441879591661844 445
1622737941034 0.9441879591661844 446
1622737957528 0.9441879591661844 447
1622737974043 0.9441879591661844 448
1622737990641 0.9441879591661844 449
1622738007274 0.9441879591661844 450
1622738023963 0.9441879591661844 451
1622738040623 0.9441879591661844 452
1622738057324 0.9441879591661844 453
1622738074169 0.9441879591661844 454
1622738091009 0.9441879591661844 455
1622738107893 0.9441879591661844 456
1622738124750 0.9441879591661844 457
1622738141685 0.9441879591661844 458
1622738158565 0.9441879591661844 459
1622738175636 0.9441879591661844 460
1622738192818 0.9441879591661844 461
1622738209868 0.9441879591661844 462
1622738226936 0.9441879591661844 463
1622738244115 0.9441879591661844 464
1622738261341 0.9441879591661844 465
1622738278550 0.9441879591661844 466
1622738295904 0.9441879591661844 467
1622738313175 0.9441879591661844 468
1622738330539 0.9441879591661844 469
1622738347889 0.9441879591661844 470
1622738365303 0.9441879591661844 471
1622738382727 0.9441879591661844 472
1622738400427 0.9441879591661844 473
1622738417950 0.9441879591661844 474
1622738435526 0.9441879591661844 475
1622738453132 0.9441879591661844 476
1622738470748 0.9441879591661844 477
1622738488310 0.9441879591661844 478
1622738506089 0.9441879591661844 479
1622738523859 0.9441879591661844 480
1622738541577 0.9441879591661844 481
1622738559283 0.9441879591661844 482
1622738577133 0.9441879591661844 483
1622738594934 0.9441879591661844 484
1622738612745 0.9441879591661844 485
1622738630670 0.9441879591661844 486
1622738648698 0.9441879591661844 487
1622738666707 0.9441879591661844 488
1622738684756 0.9441879591661844 489
1622738702810 0.9441879591661844 490
1622738720972 0.9441879591661844 491
1622738739141 0.9441879591661844 492
1622738757307 0.9441879591661844 493
1622738775497 0.9441879591661844 494
1622738793713 0.9441879591661844 495
1622738811950 0.9441879591661844 496
1622738830206 0.9441879591661844 497
1622738849122 0.9441879591661844 498
1622738867484 0.9441879591661844 499
1622738885722 0.9441879591661844 500
