1622743577324 27 0
1622743577893 15 1
1622743578444 14 2
1622743579535 14 3
1622743580600 14 4
1622743581343 14 5
1622743582032 14 6
1622743582761 14 7
1622743583524 14 8
1622743584334 14 9
1622743585181 14 10
1622743586077 14 11
1622743586991 14 12
1622743587945 14 13
1622743588939 14 14
1622743589960 14 15
1622743591007 14 16
1622743592104 14 17
1622743593243 14 18
1622743594409 14 19
1622743595617 14 20
1622743596848 14 21
1622743598100 14 22
1622743599396 14 23
1622743600743 14 24
1622743602131 14 25
1622743603548 14 26
1622743604972 14 27
1622743606451 14 28
1622743607976 14 29
1622743609518 14 30
1622743611098 14 31
1622743612729 14 32
1622743614399 14 33
1622743616125 14 34
1622743617892 14 35
1622743619661 14 36
1622743621472 14 37
1622743623309 14 38
1622743625185 14 39
1622743627146 14 40
1622743629114 14 41
1622743631121 14 42
1622743633147 14 43
1622743635208 14 44
1622743637322 14 45
1622743639464 14 46
1622743641642 14 47
1622743643843 14 48
1622743646102 14 49
1622743648329 14 50
1622743650688 14 51
1622743653060 14 52
1622743655435 14 53
1622743657896 14 54
1622743660361 14 55
1622743662881 14 56
1622743665383 14 57
1622743667968 14 58
1622743670557 14 59
1622743673169 14 60
1622743675848 14 61
1622743678558 14 62
1622743681343 14 63
1622743684186 14 64
1622743686999 14 65
1622743689871 14 66
1622743692757 14 67
1622743695678 14 68
1622743698661 14 69
1622743701662 14 70
1622743704724 14 71
1622743707784 14 72
1622743710926 14 73
1622743714103 14 74
1622743717280 14 75
1622743720523 14 76
1622743723837 14 77
1622743727144 14 78
1622743730448 14 79
1622743733762 14 80
1622743737134 14 81
1622743740590 14 82
1622743744054 14 83
1622743747580 14 84
1622743751140 14 85
1622743754741 14 86
1622743758341 14 87
1622743761988 14 88
1622743765722 14 89
1622743769483 14 90
1622743773270 14 91
1622743777100 14 92
1622743780976 14 93
1622743784847 14 94
1622743788761 14 95
1622743792701 14 96
1622743796694 14 97
1622743800784 14 98
1622743804806 14 99
1622743808894 14 100
1622743813026 14 101
1622743817185 14 102
1622743821334 14 103
1622743825546 14 104
1622743829802 14 105
1622743834121 14 106
1622743838477 14 107
1622743842852 14 108
1622743847237 14 109
1622743851718 14 110
1622743856174 14 111
1622743860712 14 112
1622743865271 14 113
1622743869918 14 114
1622743874543 14 115
1622743879186 14 116
1622743883879 14 117
1622743888581 14 118
1622743893363 14 119
1622743898201 14 120
1622743903112 14 121
1622743907971 14 122
1622743912883 14 123
1622743917847 14 124
1622743922854 14 125
1622743927844 14 126
1622743932927 14 127
1622743937995 14 128
1622743943129 14 129
1622743948277 14 130
1622743953459 14 131
1622743958710 14 132
1622743964046 14 133
1622743969399 14 134
1622743974731 14 135
1622743980146 14 136
1622743985573 14 137
1622743991037 14 138
1622743996549 14 139
1622744002056 14 140
1622744007578 14 141
1622744013235 14 142
1622744018899 14 143
1622744024557 14 144
1622744030252 14 145
1622744035996 14 146
1622744041780 14 147
1622744047584 14 148
1622744053466 14 149
1622744059329 14 150
1622744065295 14 151
1622744071274 14 152
1622744077316 14 153
1622744083381 14 154
1622744089467 14 155
1622744095612 14 156
1622744101772 14 157
1622744107998 14 158
1622744114236 14 159
1622744120477 14 160
1622744126762 14 161
1622744133106 14 162
1622744139450 14 163
1622744145835 14 164
1622744152262 14 165
1622744158727 14 166
1622744165316 14 167
1622744171868 14 168
1622744178444 14 169
1622744185089 14 170
1622744191706 14 171
1622744198385 14 172
1622744205032 14 173
1622744211860 14 174
1622744218641 14 175
1622744225485 14 176
1622744232354 14 177
1622744239286 14 178
1622744246240 14 179
1622744253213 14 180
1622744260315 14 181
1622744267363 14 182
1622744274451 14 183
1622744281529 14 184
1622744288723 14 185
1622744295952 14 186
1622744303194 14 187
1622744310504 14 188
1622744317782 14 189
1622744325085 14 190
1622744332506 14 191
1622744339907 14 192
1622744347330 14 193
1622744354831 14 194
1622744362387 14 195
1622744369966 14 196
1622744377524 14 197
1622744385145 14 198
1622744392802 14 199
1622744400521 14 200
1622744408254 14 201
1622744416079 14 202
1622744423861 14 203
1622744431686 14 204
1622744439724 14 205
1622744447576 14 206
1622744455510 14 207
1622744463512 14 208
1622744471556 14 209
1622744479626 14 210
1622744487706 14 211
1622744495882 14 212
1622744504335 14 213
1622744512739 14 214
1622744521938 14 215
1622744530216 14 216
1622744538554 14 217
1622744546830 14 218
1622744555228 14 219
1622744563661 14 220
1622744572127 14 221
1622744580612 14 222
1622744589159 14 223
1622744597664 14 224
1622744606176 14 225
1622744614731 14 226
1622744623325 14 227
1622744632013 14 228
1622744640717 14 229
1622744649520 14 230
1622744658305 14 231
1622744667126 14 232
1622744676010 14 233
1622744684868 14 234
1622744693798 14 235
1622744702709 14 236
1622744711797 14 237
1622744720924 14 238
1622744730071 14 239
1622744739301 14 240
1622744748446 14 241
1622744757699 14 242
1622744766888 14 243
1622744776064 14 244
1622744785349 14 245
1622744794659 14 246
1622744804088 14 247
1622744813495 14 248
1622744822902 14 249
1622744832345 14 250
1622744841834 14 251
1622744851366 14 252
1622744860916 14 253
1622744870486 14 254
1622744880116 14 255
1622744889714 14 256
1622744899393 14 257
1622744909237 14 258
1622744919045 14 259
1622744928846 14 260
1622744938709 14 261
1622744948550 14 262
1622744958487 14 263
1622744968383 14 264
1622744978394 14 265
1622744988377 14 266
1622744998457 14 267
1622745008554 14 268
1622745018783 14 269
1622745028914 14 270
1622745039144 14 271
1622745049534 14 272
1622745059860 14 273
1622745070155 14 274
1622745080522 14 275
1622745090882 14 276
1622745101271 14 277
1622745111709 14 278
1622745122194 14 279
1622745132675 14 280
1622745143248 14 281
1622745153865 14 282
1622745164521 14 283
1622745175192 14 284
1622745185986 14 285
1622745196786 14 286
1622745207509 14 287
1622745218353 14 288
1622745229167 14 289
1622745240124 14 290
1622745251013 14 291
1622745261942 14 292
1622745272911 14 293
1622745283932 14 294
1622745294936 14 295
1622745306003 14 296
1622745317170 14 297
1622745328393 14 298
1622745339588 14 299
1622745350803 14 300
1622745362063 14 301
1622745373419 14 302
1622745384859 14 303
1622745396191 14 304
1622745407622 14 305
1622745419113 14 306
1622745430610 14 307
1622745442207 14 308
1622745453826 14 309
1622745465474 14 310
1622745477003 14 311
1622745488629 14 312
1622745500327 14 313
1622745512036 14 314
1622745523823 14 315
1622745535713 14 316
1622745547581 14 317
1622745559499 14 318
1622745571359 14 319
1622745583373 14 320
1622745595346 14 321
1622745607260 14 322
1622745619303 14 323
1622745631329 14 324
1622745643463 14 325
1622745655577 14 326
1622745667808 14 327
1622745680002 14 328
1622745692304 14 329
1622745704672 14 330
1622745717118 14 331
1622745729500 14 332
1622745741906 14 333
1622745754368 14 334
1622745766796 14 335
1622745779262 14 336
1622745791810 14 337
1622745804366 14 338
1622745816971 14 339
1622745829741 14 340
1622745842429 14 341
1622745855195 14 342
1622745868078 14 343
1622745880973 14 344
1622745893830 14 345
1622745906769 14 346
1622745919697 14 347
1622745932639 14 348
1622745945606 14 349
1622745958669 14 350
1622745971672 14 351
1622745984828 14 352
1622745997990 14 353
1622746011170 14 354
1622746024398 14 355
1622746037683 14 356
1622746051010 14 357
1622746064272 14 358
1622746077612 14 359
1622746091041 14 360
1622746104443 14 361
1622746117863 14 362
1622746131302 14 363
1622746144699 14 364
1622746158251 14 365
1622746171839 14 366
1622746185415 14 367
1622746199049 14 368
1622746212797 14 369
1622746226596 14 370
1622746240440 14 371
1622746254264 14 372
1622746268159 14 373
1622746282085 14 374
1622746296058 14 375
1622746310049 14 376
1622746324112 14 377
1622746338149 14 378
1622746352197 14 379
1622746366334 14 380
1622746380532 14 381
1622746394749 14 382
1622746408962 14 383
1622746423124 14 384
1622746437442 14 385
1622746451728 14 386
1622746466096 14 387
1622746480610 14 388
1622746494933 14 389
1622746509300 14 390
1622746523901 14 391
1622746538500 14 392
1622746553114 14 393
1622746567648 14 394
1622746582282 14 395
1622746597000 14 396
1622746611622 14 397
1622746626416 14 398
1622746641246 14 399
1622746656071 14 400
1622746671015 14 401
1622746685943 14 402
1622746700807 14 403
1622746715816 14 404
1622746730814 14 405
1622746745829 14 406
1622746760953 14 407
1622746776112 14 408
1622746791324 14 409
1622746806536 14 410
1622746821744 14 411
1622746836961 14 412
1622746852332 14 413
1622746867683 14 414
1622746883112 14 415
1622746898551 14 416
1622746914108 14 417
1622746929602 14 418
1622746945086 14 419
1622746960646 14 420
1622746976174 14 421
1622746991728 14 422
1622747007309 14 423
1622747023054 14 424
1622747038883 14 425
1622747054645 14 426
1622747070417 14 427
1622747086200 14 428
1622747102010 14 429
1622747117894 14 430
1622747133866 14 431
1622747149744 14 432
1622747165724 14 433
1622747181758 14 434
1622747197923 14 435
1622747213972 14 436
1622747230052 14 437
1622747246184 14 438
1622747262399 14 439
1622747278549 14 440
1622747294742 14 441
1622747310985 14 442
1622747327353 14 443
1622747343653 14 444
1622747360064 14 445
1622747376425 14 446
1622747392864 14 447
1622747409395 14 448
1622747425908 14 449
1622747442423 14 450
1622747458982 14 451
1622747475630 14 452
1622747492276 14 453
1622747509009 14 454
1622747525675 14 455
1622747542381 14 456
1622747559224 14 457
1622747576064 14 458
1622747593000 14 459
1622747609938 14 460
1622747626909 14 461
1622747644006 14 462
1622747661056 14 463
1622747678189 14 464
1622747695123 14 465
1622747712344 14 466
1622747729428 14 467
1622747746663 14 468
1622747763924 14 469
1622747782217 14 470
1622747799703 14 471
1622747817205 14 472
1622747834688 14 473
1622747852425 14 474
1622747870103 14 475
1622747887917 14 476
1622747905672 14 477
1622747923395 14 478
1622747941140 14 479
1622747958919 14 480
1622747976700 14 481
1622747994419 14 482
1622748012353 14 483
1622748030400 14 484
1622748048306 14 485
1622748066369 14 486
1622748084425 14 487
1622748102514 14 488
1622748120560 14 489
1622748138729 14 490
1622748156868 14 491
1622748175121 14 492
1622748193396 14 493
1622748211687 14 494
1622748230203 14 495
1622748248616 14 496
1622748267950 14 497
1622748286275 14 498
1622748304689 14 499
1622748323221 14 500
