1622675740266 50 0
1622675741027 100 1
1622675741980 150 2
1622675743129 200 3
1622675744461 250 4
1622675745969 300 5
1622675747687 350 6
1622675749559 400 7
1622675751611 450 8
1622675753849 500 9
1622675756244 550 10
1622675758815 600 11
1622675761585 650 12
1622675764583 700 13
1622675767713 750 14
1622675770986 800 15
1622675774499 850 16
1622675778153 900 17
1622675781986 950 18
1622675785997 1000 19
1622675790208 1050 20
1622675794628 1100 21
1622675799172 1150 22
1622675803878 1200 23
1622675808819 1250 24
1622675813967 1300 25
1622675819295 1350 26
1622675824802 1400 27
1622675830478 1450 28
1622675836324 1500 29
1622675842317 1550 30
1622675848517 1600 31
1622675854912 1650 32
1622675861440 1700 33
1622675868134 1750 34
1622675875071 1800 35
1622675882200 1850 36
1622675889499 1900 37
1622675897001 1950 38
1622675904707 2000 39
1622675912574 2050 40
1622675920565 2100 41
1622675928779 2150 42
1622675938043 2200 43
1622675946524 2250 44
1622675956307 2300 45
1622675965252 2350 46
1622675974440 2400 47
1622675983880 2450 48
1622675993460 2500 49
1622676003155 2550 50
1622676013106 2600 51
1622676023274 2650 52
1622676033499 2700 53
1622676043867 2750 54
1622676054431 2800 55
1622676065318 2850 56
1622676076222 2900 57
1622676087219 2950 58
1622676098473 3000 59
1622676109951 3050 60
1622676121573 3100 61
1622676133387 3150 62
1622676145382 3200 63
1622676157532 3250 64
1622676169965 3300 65
1622676182543 3350 66
1622676195359 3400 67
1622676208349 3450 68
1622676221499 3500 69
1622676234844 3550 70
1622676248371 3600 71
1622676262094 3650 72
1622676275978 3700 73
1622676290054 3750 74
1622676304331 3800 75
1622676318758 3850 76
1622676333428 3900 77
1622676348345 3950 78
1622676363475 4000 79
1622676378674 4050 80
1622676394065 4100 81
1622676409659 4150 82
1622676425335 4200 83
1622676441170 4250 84
1622676457199 4300 85
1622676473501 4350 86
1622676489831 4400 87
1622676506366 4450 88
1622676523099 4500 89
1622676540120 4550 90
1622676557356 4600 91
1622676574779 4650 92
1622676592332 4700 93
1622676610102 4750 94
1622676628115 4800 95
1622676646179 4850 96
1622676664484 4900 97
1622676682959 4950 98
1622676701555 5000 99
1622676720437 5050 100
1622676739479 5100 101
1622676758629 5150 102
1622676777910 5200 103
1622676797584 5250 104
1622676817335 5300 105
1622676837359 5350 106
1622676857473 5400 107
1622676877745 5450 108
1622676898120 5500 109
1622676918747 5550 110
1622676939478 5600 111
1622676960351 5650 112
1622676981410 5700 113
1622677002664 5750 114
1622677024095 5800 115
1622677045777 5850 116
1622677067646 5900 117
1622677089695 5950 118
1622677111956 6000 119
1622677135440 6050 120
1622677158049 6100 121
1622677180779 6150 122
1622677203728 6200 123
1622677226696 6250 124
1622677249862 6300 125
1622677273210 6350 126
1622677296960 6400 127
1622677321078 6450 128
1622677345041 6500 129
1622677369301 6550 130
1622677393712 6600 131
1622677418238 6650 132
1622677442954 6700 133
1622677467889 6750 134
1622677492724 6800 135
1622677517960 6850 136
1622677543396 6900 137
1622677569273 6950 138
1622677595230 7000 139
1622677621362 7050 140
1622677647487 7100 141
1622677673638 7150 142
1622677700251 7200 143
1622677726855 7250 144
1622677753888 7300 145
1622677781114 7350 146
1622677808645 7400 147
1622677836321 7450 148
1622677864077 7500 149
1622677892179 7550 150
1622677920388 7600 151
1622677948768 7650 152
1622677977413 7700 153
1622678006210 7750 154
1622678035131 7800 155
1622678064254 7850 156
1622678093407 7900 157
1622678122715 7950 158
1622678152086 8000 159
1622678181955 8050 160
1622678211766 8100 161
1622678241657 8150 162
1622678271980 8200 163
1622678302381 8250 164
1622678333071 8300 165
1622678364098 8350 166
1622678395266 8400 167
1622678426479 8450 168
1622678457777 8500 169
1622678489371 8550 170
1622678521363 8600 171
1622678553410 8650 172
1622678585575 8700 173
1622678617921 8750 174
1622678650586 8800 175
1622678683348 8850 176
1622678716294 8900 177
1622678749394 8950 178
1622678782454 9000 179
1622678815982 9050 180
1622678849456 9100 181
1622678883329 9150 182
1622678917239 9200 183
1622678951393 9250 184
1622678985729 9300 185
1622679019940 9350 186
1622679054085 9400 187
1622679088917 9450 188
1622679123671 9500 189
1622679158711 9550 190
1622679193546 9600 191
1622679228754 9650 192
1622679264253 9700 193
1622679299793 9750 194
1622679335632 9800 195
1622679371598 9850 196
1622679407644 9900 197
1622679444062 9950 198
1622679480867 10000 199
1622679517866 10050 200
1622679554629 10100 201
1622679591837 10150 202
1622679629138 10200 203
1622679666534 10250 204
1622679703880 10300 205
1622679741488 10350 206
1622679779291 10400 207
1622679817188 10450 208
1622679855222 10500 209
1622679893524 10550 210
1622679932031 10600 211
1622679970877 10650 212
1622680009521 10700 213
1622680048519 10750 214
1622680087983 10800 215
1622680127485 10850 216
1622680166829 10900 217
1622680206579 10950 218
1622680246473 11000 219
1622680286311 11050 220
1622680326317 11100 221
1622680366550 11150 222
1622680407046 11200 223
1622680447749 11250 224
1622680488595 11300 225
1622680529726 11350 226
1622680570949 11400 227
1622680612558 11450 228
1622680654196 11500 229
1622680695622 11550 230
1622680737477 11600 231
1622680779567 11650 232
1622680821917 11700 233
1622680864439 11750 234
1622680907303 11800 235
1622680950172 11850 236
1622680993229 11900 237
1622681036498 11950 238
1622681080081 12000 239
1622681123913 12050 240
1622681167437 12100 241
1622681211177 12150 242
1622681255294 12200 243
1622681299416 12250 244
1622681343991 12300 245
1622681389237 12350 246
1622681433757 12400 247
1622681478197 12450 248
1622681522905 12500 249
1622681568035 12550 250
1622681612982 12600 251
1622681657953 12650 252
1622681703265 12700 253
1622681749246 12750 254
1622681795499 12800 255
1622681841624 12850 256
1622681887837 12900 257
1622681934176 12950 258
1622681980758 13000 259
1622682027877 13050 260
1622682075302 13100 261
1622682122586 13150 262
1622682170439 13200 263
1622682218355 13250 264
1622682266046 13300 265
1622682313915 13350 266
1622682361864 13400 267
1622682410526 13450 268
1622682459771 13500 269
1622682508680 13550 270
1622682557922 13600 271
1622682607082 13650 272
1622682656919 13700 273
1622682706990 13750 274
1622682757257 13800 275
1622682807952 13850 276
1622682858825 13900 277
1622682911291 13950 278
1622682963158 14000 279
1622683014758 14050 280
1622683066262 14100 281
1622683118286 14150 282
1622683170407 14200 283
1622683222424 14250 284
1622683274834 14300 285
1622683327473 14350 286
1622683380248 14400 287
1622683433113 14450 288
1622683486349 14500 289
1622683539582 14550 290
1622683593631 14600 291
1622683647387 14650 292
1622683701180 14700 293
1622683755115 14750 294
1622683809028 14800 295
1622683863568 14850 296
1622683918217 14900 297
1622683973488 14950 298
1622684028545 15000 299
1622684083640 15050 300
1622684138830 15100 301
1622684194471 15150 302
1622684250292 15200 303
1622684306161 15250 304
1622684362089 15300 305
1622684420186 15350 306
1622684476778 15400 307
1622684533432 15450 308
1622684590364 15500 309
1622684647527 15550 310
1622684704925 15600 311
1622684762102 15650 312
1622684819501 15700 313
1622684877165 15750 314
1622684934891 15800 315
1622684992667 15850 316
1622685051138 15900 317
1622685109789 15950 318
1622685168270 16000 319
1622685227173 16050 320
1622685286139 16100 321
1622685345422 16150 322
1622685404843 16200 323
1622685464117 16250 324
1622685523840 16300 325
1622685583438 16350 326
1622685643909 16400 327
1622685705019 16450 328
1622685765528 16500 329
1622685826127 16550 330
1622685886795 16600 331
1622685948052 16650 332
1622686009695 16700 333
1622686072209 16750 334
1622686133327 16800 335
1622686194770 16850 336
1622686256075 16900 337
1622686317856 16950 338
1622686379591 17000 339
1622686441730 17050 340
1622686503492 17100 341
1622686565688 17150 342
1622686627966 17200 343
1622686690552 17250 344
1622686753135 17300 345
1622686816044 17350 346
1622686879128 17400 347
1622686942147 17450 348
1622687005581 17500 349
1622687069392 17550 350
1622687133443 17600 351
1622687197626 17650 352
1622687261646 17700 353
1622687325953 17750 354
1622687390281 17800 355
1622687455002 17850 356
1622687519778 17900 357
1622687584934 17950 358
1622687650190 18000 359
1622687714260 18050 360
1622687778463 18100 361
1622687844132 18150 362
1622687909835 18200 363
1622687974746 18250 364
1622688040071 18300 365
1622688103617 18350 366
1622688168623 18400 367
1622688233692 18450 368
1622688299334 18500 369
1622688365473 18550 370
1622688430306 18600 371
1622688494912 18650 372
1622688559308 18700 373
1622688624301 18750 374
1622688689051 18800 375
1622688753949 18850 376
1622688819979 18900 377
1622688885348 18950 378
1622688950875 19000 379
1622689016537 19050 380
1622689082456 19100 381
1622689148645 19150 382
1622689215090 19200 383
1622689281577 19250 384
1622689348464 19300 385
1622689415457 19350 386
1622689482579 19400 387
1622689549580 19450 388
1622689616896 19500 389
1622689684333 19550 390
1622689752367 19600 391
1622689820809 19650 392
1622689889995 19700 393
1622689959697 19750 394
1622690028727 19800 395
1622690097424 19850 396
1622690166264 19900 397
1622690235355 19950 398
1622690305010 20000 399
1622690375089 20050 400
1622690444983 20100 401
1622690515082 20150 402
1622690585228 20200 403
1622690655019 20250 404
1622690725608 20300 405
1622690796580 20350 406
1622690867894 20400 407
1622690939127 20450 408
1622691009970 20500 409
1622691081579 20550 410
1622691153044 20600 411
1622691224860 20650 412
1622691296834 20700 413
1622691368972 20750 414
1622691440976 20800 415
1622691513140 20850 416
1622691585912 20900 417
1622691658630 20950 418
1622691732035 21000 419
1622691805403 21050 420
1622691879593 21100 421
1622691953899 21150 422
1622692028409 21200 423
1622692102615 21250 424
1622692177606 21300 425
1622692253759 21350 426
1622692329378 21400 427
1622692404645 21450 428
1622692480079 21500 429
1622692555401 21550 430
1622692630927 21600 431
1622692707465 21650 432
1622692783418 21700 433
1622692860026 21750 434
1622692936798 21800 435
1622693013841 21850 436
1622693090808 21900 437
1622693168261 21950 438
1622693245545 22000 439
1622693323014 22050 440
1622693400775 22100 441
1622693478596 22150 442
1622693556695 22200 443
1622693634661 22250 444
1622693712970 22300 445
1622693791566 22350 446
1622693870460 22400 447
1622693950559 22450 448
1622694029470 22500 449
1622694108732 22550 450
1622694188103 22600 451
1622694267497 22650 452
1622694347163 22700 453
1622694426658 22750 454
1622694506886 22800 455
1622694587429 22850 456
1622694667718 22900 457
1622694748519 22950 458
1622694829209 23000 459
1622694910298 23050 460
1622694991633 23100 461
1622695073200 23150 462
1622695154997 23200 463
1622695236719 23250 464
1622695318951 23300 465
1622695401430 23350 466
1622695484174 23400 467
1622695566922 23450 468
1622695650102 23500 469
1622695733367 23550 470
1622695816512 23600 471
1622695899628 23650 472
1622695982855 23700 473
1622696065789 23750 474
1622696149387 23800 475
1622696233243 23850 476
1622696317513 23900 477
1622696401749 23950 478
1622696486549 24000 479
1622696571302 24050 480
1622696655807 24100 481
1622696740833 24150 482
1622696827212 24200 483
1622696914792 24250 484
1622697000245 24300 485
1622697086018 24350 486
1622697171813 24400 487
1622697259860 24450 488
1622697348629 24500 489
1622697437105 24550 490
1622697525828 24600 491
1622697614537 24650 492
1622697703622 24700 493
1622697794336 24750 494
1622697885545 24800 495
1622697976387 24850 496
1622698068305 24900 497
1622698159996 24950 498
1622698251798 25000 499
1622698343742 25050 500
