1622743538938 0.381 0
1622743539472 0.076 1
1622743540005 0.075 2
1622743540583 0.076 3
1622743541203 0.076 4
1622743541840 0.076 5
1622743542515 0.076 6
1622743543222 0.076 7
1622743543985 0.077 8
1622743544763 0.076 9
1622743545589 0.076 10
1622743546455 0.076 11
1622743547340 0.076 12
1622743548278 0.076 13
1622743549259 0.076 14
1622743550260 0.075 15
1622743551300 0.076 16
1622743552376 0.078 17
1622743553494 0.077 18
1622743554626 0.076 19
1622743555817 0.077 20
1622743557073 0.077 21
1622743558380 0.077 22
1622743559716 0.078 23
1622743561087 0.077 24
1622743562477 0.078 25
1622743563883 0.077 26
1622743565312 0.075 27
1622743566765 0.077 28
1622743568287 0.076 29
1622743569859 0.075 30
1622743571443 0.077 31
1622743573050 0.077 32
1622743574712 0.076 33
1622743576377 0.076 34
1622743578099 0.077 35
1622743579852 0.077 36
1622743581624 0.076 37
1622743583420 0.077 38
1622743585265 0.077 39
1622743587119 0.076 40
1622743589073 0.076 41
1622743591077 0.076 42
1622743593075 0.076 43
1622743595113 0.076 44
1622743597172 0.077 45
1622743599303 0.077 46
1622743601472 0.076 47
1622743603666 0.076 48
1622743605882 0.076 49
1622743608136 0.076 50
1622743610446 0.076 51
1622743612770 0.077 52
1622743615122 0.076 53
1622743617524 0.076 54
1622743619941 0.077 55
1622743622420 0.077 56
1622743624935 0.077 57
1622743627497 0.076 58
1622743630096 0.076 59
1622743632719 0.076 60
1622743635346 0.076 61
1622743638035 0.075 62
1622743640749 0.075 63
1622743644454 0.149 64
1622743647233 0.075 65
1622743650032 0.075 66
1622743652885 0.076 67
1622743655778 0.077 68
1622743658682 0.075 69
1622743661646 0.076 70
1622743664632 0.076 71
1622743667637 0.076 72
1622743670655 0.076 73
1622743673775 0.076 74
1622743676904 0.076 75
1622743680044 0.076 76
1622743683234 0.075 77
1622743686453 0.077 78
1622743689689 0.076 79
1622743693002 0.076 80
1622743696355 0.075 81
1622743699733 0.076 82
1622743703159 0.076 83
1622743706616 0.078 84
1622743710128 0.076 85
1622743713683 0.075 86
1622743717235 0.076 87
1622743720844 0.076 88
1622743724455 0.077 89
1622743728157 0.076 90
1622743731845 0.076 91
1622743735600 0.076 92
1622743739388 0.075 93
1622743743191 0.076 94
1622743747001 0.076 95
1622743750856 0.076 96
1622743754754 0.076 97
1622743758706 0.076 98
1622743762673 0.076 99
1622743766717 0.076 100
1622743770772 0.075 101
1622743774944 0.075 102
1622743779098 0.076 103
1622743783297 0.075 104
1622743787522 0.076 105
1622743791741 0.076 106
1622743796057 0.076 107
1622743800368 0.076 108
1622743804763 0.077 109
1622743809165 0.075 110
1622743813550 0.076 111
1622743818000 0.075 112
1622743822518 0.075 113
1622743827057 0.077 114
1622743831597 0.076 115
1622743836199 0.075 116
1622743840850 0.076 117
1622743845610 0.076 118
1622743850274 0.076 119
1622743855029 0.075 120
1622743859800 0.078 121
1622743864612 0.077 122
1622743869430 0.075 123
1622743874330 0.076 124
1622743879270 0.076 125
1622743884315 0.076 126
1622743889364 0.077 127
1622743894481 0.075 128
1622743899577 0.076 129
1622743904730 0.076 130
1622743909887 0.077 131
1622743915054 0.076 132
1622743920217 0.076 133
1622743925530 0.076 134
1622743930819 0.077 135
1622743936217 0.077 136
1622743941578 0.076 137
1622743946996 0.077 138
1622743952487 0.077 139
1622743957968 0.076 140
1622743963430 0.076 141
1622743968985 0.077 142
1622743974538 0.076 143
1622743980121 0.078 144
1622743985780 0.076 145
1622743991401 0.075 146
1622743997085 0.075 147
1622744002804 0.075 148
1622744008568 0.075 149
1622744014380 0.076 150
1622744020288 0.076 151
1622744026167 0.077 152
1622744032133 0.075 153
1622744038109 0.076 154
1622744044159 0.077 155
1622744050165 0.076 156
1622744056236 0.076 157
1622744062344 0.076 158
1622744068542 0.076 159
1622744074671 0.076 160
1622744080821 0.076 161
1622744087072 0.076 162
1622744093317 0.076 163
1622744099610 0.075 164
1622744105981 0.077 165
1622744112354 0.077 166
1622744118794 0.076 167
1622744125199 0.075 168
1622744131653 0.077 169
1622744138138 0.076 170
1622744144701 0.076 171
1622744151262 0.076 172
1622744157893 0.075 173
1622744164582 0.076 174
1622744171348 0.077 175
1622744178074 0.076 176
1622744184875 0.077 177
1622744191692 0.075 178
1622744198531 0.077 179
1622744205490 0.076 180
1622744212439 0.076 181
1622744219432 0.076 182
1622744226420 0.076 183
1622744233444 0.076 184
1622744240591 0.076 185
1622744247704 0.075 186
1622744254850 0.076 187
1622744262035 0.076 188
1622744269229 0.076 189
1622744276452 0.076 190
1622744283703 0.076 191
1622744291003 0.076 192
1622744298404 0.076 193
1622744305829 0.076 194
1622744313299 0.077 195
1622744320765 0.076 196
1622744328301 0.076 197
1622744335820 0.076 198
1622744343434 0.075 199
1622744351006 0.075 200
1622744358611 0.076 201
1622744366229 0.077 202
1622744373950 0.076 203
1622744381684 0.076 204
1622744389432 0.075 205
1622744397233 0.075 206
1622744405155 0.076 207
1622744412984 0.075 208
1622744420915 0.076 209
1622744428913 0.077 210
1622744436948 0.077 211
1622744444899 0.077 212
1622744452938 0.075 213
1622744461019 0.076 214
1622744469184 0.076 215
1622744477341 0.076 216
1622744485577 0.076 217
1622744493872 0.076 218
1622744502220 0.076 219
1622744510590 0.075 220
1622744519010 0.076 221
1622744527479 0.076 222
1622744535972 0.076 223
1622744544396 0.076 224
1622744552894 0.075 225
1622744562042 0.076 226
1622744570780 0.082 227
1622744579399 0.077 228
1622744588031 0.076 229
1622744596737 0.075 230
1622744605482 0.076 231
1622744614318 0.077 232
1622744623089 0.077 233
1622744631917 0.076 234
1622744640858 0.076 235
1622744649791 0.076 236
1622744658731 0.076 237
1622744667675 0.075 238
1622744676723 0.077 239
1622744685834 0.077 240
1622744694899 0.075 241
1622744704078 0.076 242
1622744713192 0.076 243
1622744722359 0.075 244
1622744731603 0.075 245
1622744740824 0.076 246
1622744750119 0.075 247
1622744759441 0.076 248
1622744768882 0.076 249
1622744778430 0.078 250
1622744787928 0.076 251
1622744797432 0.076 252
1622744806955 0.076 253
1622744816469 0.075 254
1622744826112 0.076 255
1622744835687 0.077 256
1622744845410 0.076 257
1622744855119 0.076 258
1622744864902 0.076 259
1622744874688 0.076 260
1622744884572 0.077 261
1622744894473 0.077 262
1622744904425 0.076 263
1622744914350 0.076 264
1622744924368 0.076 265
1622744934377 0.077 266
1622744944341 0.076 267
1622744954401 0.076 268
1622744964500 0.075 269
1622744974590 0.075 270
1622744984852 0.076 271
1622744995080 0.076 272
1622745005399 0.077 273
1622745015729 0.077 274
1622745026086 0.076 275
1622745036504 0.076 276
1622745046905 0.076 277
1622745057392 0.076 278
1622745067970 0.076 279
1622745078534 0.076 280
1622745089048 0.076 281
1622745099670 0.076 282
1622745110293 0.076 283
1622745120919 0.077 284
1622745131552 0.076 285
1622745142346 0.076 286
1622745153175 0.076 287
1622745164016 0.076 288
1622745174873 0.076 289
1622745185732 0.075 290
1622745196657 0.077 291
1622745207601 0.076 292
1622745218628 0.077 293
1622745229626 0.076 294
1622745240653 0.075 295
1622745251689 0.076 296
1622745262812 0.076 297
1622745273952 0.076 298
1622745285183 0.077 299
1622745296439 0.077 300
1622745307717 0.076 301
1622745318966 0.076 302
1622745330344 0.076 303
1622745341598 0.076 304
1622745352897 0.076 305
1622745365288 0.149 306
1622745376813 0.076 307
1622745388235 0.077 308
1622745399799 0.076 309
1622745411634 0.077 310
1622745423897 0.078 311
1622745435673 0.077 312
1622745447411 0.076 313
1622745459407 0.075 314
1622745471346 0.075 315
1622745483473 0.075 316
1622745495301 0.075 317
1622745507150 0.075 318
1622745519077 0.076 319
1622745530997 0.076 320
1622745542954 0.077 321
1622745554933 0.075 322
1622745566948 0.077 323
1622745579057 0.076 324
1622745591153 0.076 325
1622745604360 0.077 326
1622745616640 0.076 327
1622745628938 0.076 328
1622745641233 0.076 329
1622745653623 0.077 330
1622745666011 0.076 331
1622745678524 0.076 332
1622745691031 0.076 333
1622745703506 0.077 334
1622745716210 0.076 335
1622745728796 0.076 336
1622745741454 0.076 337
1622745754022 0.076 338
1622745766931 0.075 339
1622745779684 0.077 340
1622745792469 0.076 341
1622745805274 0.076 342
1622745818142 0.076 343
1622745831035 0.075 344
1622745843970 0.076 345
1622745857042 0.077 346
1622745870018 0.078 347
1622745883211 0.076 348
1622745896315 0.077 349
1622745909472 0.076 350
1622745922572 0.076 351
1622745935753 0.076 352
1622745949044 0.076 353
1622745962325 0.077 354
1622745975562 0.077 355
1622745988840 0.077 356
1622746002116 0.076 357
1622746015477 0.075 358
1622746028850 0.075 359
1622746042274 0.077 360
1622746055792 0.075 361
1622746069274 0.077 362
1622746082852 0.076 363
1622746096509 0.077 364
1622746110166 0.077 365
1622746123869 0.077 366
1622746137594 0.076 367
1622746151268 0.077 368
1622746164995 0.076 369
1622746178795 0.076 370
1622746192623 0.077 371
1622746206512 0.076 372
1622746220396 0.076 373
1622746234358 0.077 374
1622746248498 0.076 375
1622746262600 0.076 376
1622746276719 0.076 377
1622746290800 0.077 378
1622746304927 0.076 379
1622746319051 0.077 380
1622746333172 0.075 381
1622746347326 0.077 382
1622746361539 0.076 383
1622746375767 0.077 384
1622746390145 0.076 385
1622746404530 0.077 386
1622746418850 0.077 387
1622746433316 0.075 388
1622746447748 0.077 389
1622746462243 0.077 390
1622746476823 0.077 391
1622746491435 0.075 392
1622746506081 0.077 393
1622746520771 0.076 394
1622746535469 0.076 395
1622746550177 0.077 396
1622746564944 0.076 397
1622746579731 0.076 398
1622746594619 0.077 399
1622746609413 0.077 400
1622746624331 0.076 401
1622746639274 0.076 402
1622746654298 0.076 403
1622746669299 0.076 404
1622746684367 0.075 405
1622746699449 0.075 406
1622746714706 0.077 407
1622746729859 0.075 408
1622746745069 0.076 409
1622746760366 0.076 410
1622746775645 0.075 411
1622746791095 0.078 412
1622746806501 0.078 413
1622746821959 0.076 414
1622746837431 0.077 415
1622746852878 0.075 416
1622746868335 0.077 417
1622746883859 0.076 418
1622746899400 0.077 419
1622746915025 0.078 420
1622746930688 0.077 421
1622746946290 0.077 422
1622746962064 0.076 423
1622746977940 0.075 424
1622746993731 0.076 425
1622747009441 0.077 426
1622747025235 0.075 427
1622747041156 0.075 428
1622747057028 0.076 429
1622747072918 0.076 430
1622747088791 0.075 431
1622747104757 0.076 432
1622747120824 0.076 433
1622747136979 0.076 434
1622747153177 0.076 435
1622747169307 0.076 436
1622747185516 0.076 437
1622747201773 0.077 438
1622747218093 0.076 439
1622747234466 0.076 440
1622747250906 0.076 441
1622747267419 0.076 442
1622747283838 0.076 443
1622747300247 0.077 444
1622747316709 0.076 445
1622747333107 0.076 446
1622747349631 0.075 447
1622747366253 0.076 448
1622747382946 0.077 449
1622747399711 0.076 450
1622747416492 0.077 451
1622747433221 0.076 452
1622747449995 0.077 453
1622747466947 0.076 454
1622747483943 0.082 455
1622747500887 0.076 456
1622747517891 0.077 457
1622747534937 0.077 458
1622747551877 0.077 459
1622747568870 0.076 460
1622747585927 0.076 461
1622747603050 0.077 462
1622747620309 0.076 463
1622747637522 0.076 464
1622747654636 0.076 465
1622747671831 0.076 466
1622747689120 0.076 467
1622747706469 0.076 468
1622747723809 0.076 469
1622747741269 0.076 470
1622747758748 0.076 471
1622747776199 0.077 472
1622747793656 0.077 473
1622747811370 0.076 474
1622747828998 0.077 475
1622747846625 0.076 476
1622747864360 0.076 477
1622747882030 0.076 478
1622747899669 0.076 479
1622747917363 0.077 480
1622747935098 0.075 481
1622747952832 0.076 482
1622747970726 0.077 483
1622747988698 0.076 484
1622748006709 0.076 485
1622748024722 0.076 486
1622748042769 0.076 487
1622748060786 0.076 488
1622748078696 0.076 489
1622748096730 0.077 490
1622748114923 0.076 491
1622748133116 0.076 492
1622748151243 0.076 493
1622748169444 0.076 494
1622748187711 0.076 495
1622748205946 0.076 496
1622748224138 0.076 497
1622748242616 0.077 498
1622748260929 0.076 499
1622748279453 0.075 500
