1622743538945 0.381 0
1622743539478 0.457 1
1622743540011 0.532 2
1622743540588 0.608 3
1622743541209 0.6839999999999999 4
1622743541846 0.7599999999999999 5
1622743542520 0.8359999999999999 6
1622743543226 0.9119999999999998 7
1622743543989 0.9889999999999998 8
1622743544768 1.0649999999999997 9
1622743545594 1.1409999999999998 10
1622743546460 1.2169999999999999 11
1622743547345 1.293 12
1622743548283 1.369 13
1622743549264 1.445 14
1622743550265 1.52 15
1622743551304 1.596 16
1622743552381 1.6740000000000002 17
1622743553498 1.7510000000000001 18
1622743554631 1.8270000000000002 19
1622743555822 1.9040000000000001 20
1622743557078 1.981 21
1622743558385 2.0580000000000003 22
1622743559721 2.136 23
1622743561093 2.213 24
1622743562482 2.291 25
1622743563887 2.368 26
1622743565318 2.443 27
1622743566770 2.52 28
1622743568291 2.596 29
1622743569864 2.6710000000000003 30
1622743571447 2.748 31
1622743573055 2.825 32
1622743574717 2.9010000000000002 33
1622743576382 2.9770000000000003 34
1622743578104 3.0540000000000003 35
1622743579857 3.1310000000000002 36
1622743581628 3.2070000000000003 37
1622743583424 3.2840000000000003 38
1622743585270 3.361 39
1622743587124 3.4370000000000003 40
1622743589079 3.5130000000000003 41
1622743591082 3.5890000000000004 42
1622743593080 3.6650000000000005 43
1622743595118 3.7410000000000005 44
1622743597176 3.8180000000000005 45
1622743599307 3.8950000000000005 46
1622743601476 3.9710000000000005 47
1622743603671 4.047000000000001 48
1622743605887 4.123 49
1622743608140 4.199 50
1622743610450 4.2749999999999995 51
1622743612775 4.351999999999999 52
1622743615127 4.427999999999999 53
1622743617529 4.503999999999999 54
1622743619947 4.580999999999999 55
1622743622425 4.657999999999999 56
1622743624940 4.7349999999999985 57
1622743627501 4.810999999999998 58
1622743630099 4.886999999999998 59
1622743632724 4.962999999999997 60
1622743635351 5.038999999999997 61
1622743638041 5.113999999999997 62
1622743640754 5.188999999999997 63
1622743644459 5.337999999999997 64
1622743647237 5.412999999999998 65
1622743650038 5.487999999999998 66
1622743652890 5.563999999999997 67
1622743655783 5.640999999999997 68
1622743658687 5.7159999999999975 69
1622743661651 5.791999999999997 70
1622743664636 5.867999999999997 71
1622743667642 5.943999999999996 72
1622743670659 6.019999999999996 73
1622743673779 6.095999999999996 74
1622743676909 6.171999999999995 75
1622743680049 6.247999999999995 76
1622743683238 6.322999999999995 77
1622743686457 6.399999999999995 78
1622743689694 6.475999999999995 79
1622743693007 6.551999999999994 80
1622743696359 6.6269999999999945 81
1622743699738 6.702999999999994 82
1622743703164 6.778999999999994 83
1622743706620 6.856999999999994 84
1622743710132 6.932999999999994 85
1622743713687 7.007999999999994 86
1622743717239 7.083999999999993 87
1622743720848 7.159999999999993 88
1622743724460 7.236999999999993 89
1622743728161 7.312999999999993 90
1622743731850 7.388999999999992 91
1622743735604 7.464999999999992 92
1622743739392 7.539999999999992 93
1622743743196 7.615999999999992 94
1622743747005 7.691999999999991 95
1622743750860 7.767999999999991 96
1622743754759 7.8439999999999905 97
1622743758711 7.91999999999999 98
1622743762678 7.99599999999999 99
1622743766721 8.07199999999999 100
1622743770776 8.14699999999999 101
1622743774949 8.221999999999989 102
1622743779103 8.29799999999999 103
1622743783301 8.372999999999989 104
1622743787526 8.44899999999999 105
1622743791745 8.52499999999999 106
1622743796062 8.60099999999999 107
1622743800373 8.67699999999999 108
1622743804768 8.75399999999999 109
1622743809170 8.82899999999999 110
1622743813554 8.90499999999999 111
1622743818004 8.97999999999999 112
1622743822524 9.054999999999989 113
1622743827062 9.131999999999989 114
1622743831601 9.20799999999999 115
1622743836203 9.282999999999989 116
1622743840854 9.35899999999999 117
1622743845615 9.43499999999999 118
1622743850278 9.51099999999999 119
1622743855034 9.58599999999999 120
1622743859805 9.663999999999989 121
1622743864617 9.740999999999989 122
1622743869434 9.815999999999988 123
1622743874335 9.891999999999989 124
1622743879275 9.96799999999999 125
1622743884320 10.04399999999999 126
1622743889369 10.12099999999999 127
1622743894485 10.195999999999989 128
1622743899582 10.27199999999999 129
1622743904734 10.34799999999999 130
1622743909891 10.42499999999999 131
1622743915058 10.50099999999999 132
1622743920221 10.576999999999991 133
1622743925535 10.652999999999992 134
1622743930823 10.729999999999992 135
1622743936222 10.806999999999992 136
1622743941583 10.882999999999992 137
1622743947001 10.959999999999992 138
1622743952492 11.036999999999992 139
1622743957972 11.112999999999992 140
1622743963435 11.188999999999993 141
1622743968990 11.265999999999993 142
1622743974543 11.341999999999993 143
1622743980126 11.419999999999993 144
1622743985784 11.495999999999993 145
1622743991405 11.570999999999993 146
1622743997090 11.645999999999992 147
1622744002809 11.720999999999991 148
1622744008572 11.79599999999999 149
1622744014385 11.871999999999991 150
1622744020293 11.947999999999992 151
1622744026171 12.024999999999991 152
1622744032138 12.09999999999999 153
1622744038114 12.175999999999991 154
1622744044163 12.252999999999991 155
1622744050170 12.328999999999992 156
1622744056241 12.404999999999992 157
1622744062349 12.480999999999993 158
1622744068546 12.556999999999993 159
1622744074676 12.632999999999994 160
1622744080826 12.708999999999994 161
1622744087077 12.784999999999995 162
1622744093321 12.860999999999995 163
1622744099615 12.935999999999995 164
1622744105986 13.012999999999995 165
1622744112359 13.089999999999995 166
1622744118799 13.165999999999995 167
1622744125203 13.240999999999994 168
1622744131657 13.317999999999994 169
1622744138143 13.393999999999995 170
1622744144706 13.469999999999995 171
1622744151267 13.545999999999996 172
1622744157897 13.620999999999995 173
1622744164587 13.696999999999996 174
1622744171353 13.773999999999996 175
1622744178079 13.849999999999996 176
1622744184880 13.926999999999996 177
1622744191696 14.001999999999995 178
1622744198536 14.078999999999995 179
1622744205495 14.154999999999996 180
1622744212444 14.230999999999996 181
1622744219436 14.306999999999997 182
1622744226425 14.382999999999997 183
1622744233449 14.458999999999998 184
1622744240595 14.534999999999998 185
1622744247709 14.609999999999998 186
1622744254855 14.685999999999998 187
1622744262040 14.761999999999999 188
1622744269234 14.838 189
1622744276457 14.914 190
1622744283707 14.99 191
1622744291008 15.066 192
1622744298409 15.142000000000001 193
1622744305834 15.218000000000002 194
1622744313303 15.295000000000002 195
1622744320770 15.371000000000002 196
1622744328306 15.447000000000003 197
1622744335824 15.523000000000003 198
1622744343439 15.598000000000003 199
1622744351011 15.673000000000002 200
1622744358615 15.749000000000002 201
1622744366234 15.826000000000002 202
1622744373954 15.902000000000003 203
1622744381688 15.978000000000003 204
1622744389436 16.053000000000004 205
1622744397238 16.128000000000004 206
1622744405159 16.204000000000004 207
1622744412989 16.279000000000003 208
1622744420920 16.355000000000004 209
1622744428918 16.432000000000006 210
1622744436952 16.509000000000007 211
1622744444904 16.58600000000001 212
1622744452943 16.66100000000001 213
1622744461024 16.73700000000001 214
1622744469188 16.81300000000001 215
1622744477345 16.88900000000001 216
1622744485581 16.96500000000001 217
1622744493877 17.04100000000001 218
1622744502225 17.11700000000001 219
1622744510594 17.19200000000001 220
1622744519015 17.26800000000001 221
1622744527484 17.344000000000012 222
1622744535976 17.420000000000012 223
1622744544401 17.496000000000013 224
1622744552899 17.571000000000012 225
1622744562047 17.647000000000013 226
1622744570785 17.729000000000013 227
1622744579404 17.806000000000015 228
1622744588035 17.882000000000016 229
1622744596741 17.957000000000015 230
1622744605487 18.033000000000015 231
1622744614323 18.110000000000017 232
1622744623094 18.18700000000002 233
1622744631922 18.26300000000002 234
1622744640862 18.33900000000002 235
1622744649795 18.41500000000002 236
1622744658736 18.49100000000002 237
1622744667679 18.56600000000002 238
1622744676727 18.643000000000022 239
1622744685838 18.720000000000024 240
1622744694903 18.795000000000023 241
1622744704082 18.871000000000024 242
1622744713197 18.947000000000024 243
1622744722364 19.022000000000023 244
1622744731607 19.097000000000023 245
1622744740829 19.173000000000023 246
1622744750124 19.248000000000022 247
1622744759445 19.324000000000023 248
1622744768886 19.400000000000023 249
1622744778436 19.478000000000023 250
1622744787932 19.554000000000023 251
1622744797437 19.630000000000024 252
1622744806960 19.706000000000024 253
1622744816474 19.781000000000024 254
1622744826117 19.857000000000024 255
1622744835692 19.934000000000026 256
1622744845414 20.010000000000026 257
1622744855124 20.086000000000027 258
1622744864907 20.162000000000027 259
1622744874692 20.238000000000028 260
1622744884577 20.31500000000003 261
1622744894478 20.39200000000003 262
1622744904430 20.468000000000032 263
1622744914355 20.544000000000032 264
1622744924373 20.620000000000033 265
1622744934382 20.697000000000035 266
1622744944345 20.773000000000035 267
1622744954405 20.849000000000036 268
1622744964505 20.924000000000035 269
1622744974596 20.999000000000034 270
1622744984857 21.075000000000035 271
1622744995085 21.151000000000035 272
1622745005404 21.228000000000037 273
1622745015734 21.30500000000004 274
1622745026092 21.38100000000004 275
1622745036509 21.45700000000004 276
1622745046910 21.53300000000004 277
1622745057397 21.60900000000004 278
1622745067975 21.68500000000004 279
1622745078539 21.761000000000042 280
1622745089053 21.837000000000042 281
1622745099675 21.913000000000043 282
1622745110298 21.989000000000043 283
1622745120923 22.066000000000045 284
1622745131557 22.142000000000046 285
1622745142352 22.218000000000046 286
1622745153179 22.294000000000047 287
1622745164020 22.370000000000047 288
1622745174878 22.446000000000048 289
1622745185737 22.521000000000047 290
1622745196661 22.59800000000005 291
1622745207608 22.67400000000005 292
1622745218633 22.75100000000005 293
1622745229631 22.82700000000005 294
1622745240661 22.90200000000005 295
1622745251694 22.97800000000005 296
1622745262817 23.054000000000052 297
1622745273956 23.130000000000052 298
1622745285187 23.207000000000054 299
1622745296444 23.284000000000056 300
1622745307722 23.360000000000056 301
1622745318971 23.436000000000057 302
1622745330348 23.512000000000057 303
1622745341603 23.588000000000058 304
1622745352902 23.66400000000006 305
1622745365293 23.81300000000006 306
1622745376817 23.88900000000006 307
1622745388240 23.96600000000006 308
1622745399804 24.042000000000062 309
1622745411638 24.119000000000064 310
1622745423902 24.197000000000063 311
1622745435678 24.274000000000065 312
1622745447416 24.350000000000065 313
1622745459412 24.425000000000065 314
1622745471351 24.500000000000064 315
1622745483478 24.575000000000063 316
1622745495305 24.650000000000063 317
1622745507154 24.725000000000062 318
1622745519081 24.801000000000062 319
1622745531002 24.877000000000063 320
1622745542959 24.954000000000065 321
1622745554938 25.029000000000064 322
1622745566953 25.106000000000066 323
1622745579062 25.182000000000066 324
1622745591158 25.258000000000067 325
1622745604364 25.33500000000007 326
1622745616645 25.41100000000007 327
1622745628943 25.48700000000007 328
1622745641238 25.56300000000007 329
1622745653628 25.64000000000007 330
1622745666015 25.716000000000072 331
1622745678528 25.792000000000073 332
1622745691036 25.868000000000073 333
1622745703510 25.945000000000075 334
1622745716215 26.021000000000075 335
1622745728800 26.097000000000076 336
1622745741459 26.173000000000076 337
1622745754026 26.249000000000077 338
1622745766935 26.324000000000076 339
1622745779688 26.401000000000078 340
1622745792474 26.47700000000008 341
1622745805279 26.55300000000008 342
1622745818146 26.62900000000008 343
1622745831039 26.70400000000008 344
1622745843975 26.78000000000008 345
1622745857047 26.85700000000008 346
1622745870023 26.93500000000008 347
1622745883216 27.01100000000008 348
1622745896320 27.088000000000083 349
1622745909477 27.164000000000083 350
1622745922577 27.240000000000084 351
1622745935758 27.316000000000084 352
1622745949049 27.392000000000085 353
1622745962330 27.469000000000086 354
1622745975567 27.546000000000088 355
1622745988844 27.62300000000009 356
1622746002121 27.69900000000009 357
1622746015482 27.77400000000009 358
1622746028855 27.84900000000009 359
1622746042279 27.92600000000009 360
1622746055797 28.00100000000009 361
1622746069278 28.07800000000009 362
1622746082856 28.154000000000092 363
1622746096514 28.231000000000094 364
1622746110171 28.308000000000096 365
1622746123873 28.385000000000097 366
1622746137599 28.461000000000098 367
1622746151273 28.5380000000001 368
1622746165000 28.6140000000001 369
1622746178800 28.6900000000001 370
1622746192628 28.767000000000102 371
1622746206517 28.843000000000103 372
1622746220399 28.919000000000104 373
1622746234363 28.996000000000105 374
1622746248502 29.072000000000106 375
1622746262605 29.148000000000106 376
1622746276723 29.224000000000107 377
1622746290805 29.30100000000011 378
1622746304931 29.37700000000011 379
1622746319055 29.45400000000011 380
1622746333176 29.52900000000011 381
1622746347331 29.606000000000112 382
1622746361544 29.682000000000112 383
1622746375772 29.759000000000114 384
1622746390150 29.835000000000115 385
1622746404534 29.912000000000116 386
1622746418855 29.989000000000118 387
1622746433321 30.064000000000117 388
1622746447752 30.14100000000012 389
1622746462248 30.21800000000012 390
1622746476827 30.295000000000122 391
1622746491440 30.370000000000122 392
1622746506085 30.447000000000124 393
1622746520775 30.523000000000124 394
1622746535473 30.599000000000125 395
1622746550182 30.676000000000126 396
1622746564949 30.752000000000127 397
1622746579735 30.828000000000127 398
1622746594624 30.90500000000013 399
1622746609418 30.98200000000013 400
1622746624336 31.05800000000013 401
1622746639279 31.134000000000132 402
1622746654303 31.210000000000132 403
1622746669304 31.286000000000133 404
1622746684371 31.361000000000132 405
1622746699454 31.43600000000013 406
1622746714710 31.513000000000133 407
1622746729865 31.588000000000132 408
1622746745074 31.664000000000133 409
1622746760371 31.740000000000133 410
1622746775650 31.815000000000133 411
1622746791100 31.893000000000132 412
1622746806506 31.97100000000013 413
1622746821964 32.04700000000013 414
1622746837435 32.12400000000013 415
1622746852883 32.19900000000013 416
1622746868340 32.27600000000013 417
1622746883863 32.35200000000013 418
1622746899404 32.42900000000013 419
1622746915030 32.50700000000013 420
1622746930693 32.58400000000013 421
1622746946295 32.66100000000013 422
1622746962069 32.73700000000013 423
1622746977945 32.81200000000013 424
1622746993735 32.88800000000013 425
1622747009446 32.96500000000013 426
1622747025240 33.040000000000134 427
1622747041160 33.11500000000014 428
1622747057033 33.19100000000014 429
1622747072922 33.26700000000014 430
1622747088796 33.34200000000014 431
1622747104761 33.41800000000014 432
1622747120829 33.49400000000014 433
1622747136984 33.57000000000014 434
1622747153182 33.64600000000014 435
1622747169312 33.72200000000014 436
1622747185521 33.798000000000144 437
1622747201777 33.87500000000014 438
1622747218098 33.95100000000014 439
1622747234470 34.02700000000014 440
1622747250910 34.103000000000144 441
1622747267423 34.179000000000144 442
1622747283843 34.255000000000145 443
1622747300251 34.33200000000014 444
1622747316713 34.40800000000014 445
1622747333112 34.484000000000144 446
1622747349635 34.55900000000015 447
1622747366258 34.63500000000015 448
1622747382951 34.712000000000145 449
1622747399715 34.788000000000146 450
1622747416497 34.865000000000144 451
1622747433226 34.941000000000145 452
1622747450000 35.01800000000014 453
1622747466973 35.09400000000014 454
1622747483948 35.176000000000144 455
1622747500891 35.252000000000145 456
1622747517896 35.32900000000014 457
1622747534942 35.40600000000014 458
1622747551882 35.48300000000014 459
1622747568874 35.55900000000014 460
1622747585932 35.63500000000014 461
1622747603055 35.71200000000014 462
1622747620314 35.78800000000014 463
1622747637527 35.86400000000014 464
1622747654641 35.94000000000014 465
1622747671835 36.01600000000014 466
1622747689125 36.09200000000014 467
1622747706474 36.16800000000014 468
1622747723814 36.24400000000014 469
1622747741274 36.32000000000014 470
1622747758752 36.39600000000014 471
1622747776204 36.47300000000014 472
1622747793661 36.55000000000014 473
1622747811374 36.62600000000014 474
1622747829003 36.70300000000014 475
1622747846630 36.77900000000014 476
1622747864365 36.85500000000014 477
1622747882035 36.93100000000014 478
1622747899674 37.00700000000014 479
1622747917368 37.08400000000014 480
1622747935102 37.15900000000014 481
1622747952836 37.23500000000014 482
1622747970731 37.31200000000014 483
1622747988703 37.38800000000014 484
1622748006714 37.46400000000014 485
1622748024726 37.54000000000014 486
1622748042774 37.61600000000014 487
1622748060791 37.69200000000014 488
1622748078700 37.76800000000014 489
1622748096734 37.84500000000014 490
1622748114928 37.92100000000014 491
1622748133121 37.99700000000014 492
1622748151248 38.07300000000014 493
1622748169448 38.14900000000014 494
1622748187715 38.22500000000014 495
1622748205951 38.301000000000144 496
1622748224142 38.377000000000145 497
1622748242621 38.45400000000014 498
1622748260933 38.53000000000014 499
1622748279457 38.605000000000146 500
