1622601725291 -100.12477846972254 0
1622601726313 -58.32032539905646 1
1622601726985 -58.32032539905646 2
1622601728113 -42.020367084994916 3
1622601729072 -42.020367084994916 4
1622601729749 -42.020367084994916 5
1622601730444 -42.020367084994916 6
1622601731183 -42.020367084994916 7
1622601731965 -42.020367084994916 8
1622601732771 -42.020367084994916 9
1622601733614 -42.020367084994916 10
1622601734497 -42.020367084994916 11
1622601735497 -42.020367084994916 12
1622601736489 -42.020367084994916 13
1622601737498 -42.020367084994916 14
1622601739129 -42.020367084994916 15
1622601740175 -42.020367084994916 16
1622601741254 -42.020367084994916 17
1622601742372 -42.020367084994916 18
1622601743539 -42.020367084994916 19
1622601744709 -42.020367084994916 20
1622601745932 -42.020367084994916 21
1622601747178 -42.020367084994916 22
1622601748484 -42.020367084994916 23
1622601749789 -42.020367084994916 24
1622601751142 -42.020367084994916 25
1622601752554 -42.020367084994916 26
1622601753998 -42.020367084994916 27
1622601755519 -42.020367084994916 28
1622601757612 -42.020367084994916 29
1622601759219 -42.020367084994916 30
1622601760822 -42.020367084994916 31
1622601762413 -42.020367084994916 32
1622601764065 -42.020367084994916 33
1622601765783 -42.020367084994916 34
1622601767541 -42.020367084994916 35
1622601769323 -42.020367084994916 36
1622601771129 -42.020367084994916 37
1622601772963 -42.020367084994916 38
1622601774819 -42.020367084994916 39
1622601776727 -42.020367084994916 40
1622601778681 -42.020367084994916 41
1622601780670 -42.020367084994916 42
1622601782723 -42.020367084994916 43
1622601784788 -42.020367084994916 44
1622601786951 -42.020367084994916 45
1622601789094 -42.020367084994916 46
1622601791237 -42.020367084994916 47
1622601793439 -42.020367084994916 48
1622601795995 -42.020367084994916 49
1622601798477 -42.020367084994916 50
1622601800785 -42.020367084994916 51
1622601803221 -42.020367084994916 52
1622601805584 -42.020367084994916 53
1622601808592 -42.020367084994916 54
1622601811241 -42.020367084994916 55
1622601813726 -42.020367084994916 56
1622601816238 -42.020367084994916 57
1622601818797 -42.020367084994916 58
1622601821382 -42.020367084994916 59
1622601825165 -42.020367084994916 60
1622601828169 -42.020367084994916 61
1622601831713 -42.020367084994916 62
1622601834566 -42.020367084994916 63
1622601838113 -42.020367084994916 64
1622601840912 -42.020367084994916 65
1622601843766 -42.020367084994916 66
1622601846621 -42.020367084994916 67
1622601849534 -42.020367084994916 68
1622601852432 -42.020367084994916 69
1622601855438 -42.020367084994916 70
1622601858515 -42.020367084994916 71
1622601861576 -42.020367084994916 72
1622601864709 -42.020367084994916 73
1622601868009 -42.020367084994916 74
1622601871195 -42.020367084994916 75
1622601874416 -42.020367084994916 76
1622601877641 -42.020367084994916 77
1622601880925 -42.020367084994916 78
1622601884255 -42.020367084994916 79
1622601887622 -42.020367084994916 80
1622601891772 -42.020367084994916 81
1622601895353 -42.020367084994916 82
1622601899440 -42.020367084994916 83
1622601903241 -42.020367084994916 84
1622601906827 -42.020367084994916 85
1622601910392 -42.020367084994916 86
1622601914046 -42.020367084994916 87
1622601917784 -42.020367084994916 88
1622601921586 -42.020367084994916 89
1622601925363 -42.020367084994916 90
1622601930622 -42.020367084994916 91
1622601934498 -42.020367084994916 92
1622601938300 -42.020367084994916 93
1622601942863 -42.020367084994916 94
1622601946741 -42.020367084994916 95
1622601950955 -42.020367084994916 96
1622601954985 -42.020367084994916 97
1622601959041 -42.020367084994916 98
1622601963116 -42.020367084994916 99
1622601967258 -42.020367084994916 100
1622601971397 -42.020367084994916 101
1622601976461 -42.020367084994916 102
1622601980680 -42.020367084994916 103
1622601984890 -42.020367084994916 104
1622601989965 -42.020367084994916 105
1622601995248 -42.020367084994916 106
1622601999594 -42.020367084994916 107
1622602004619 -42.020367084994916 108
1622602011471 -42.020367084994916 109
1622602016496 -42.020367084994916 110
1622602020962 -42.020367084994916 111
1622602025574 -42.020367084994916 112
1622602030612 -42.020367084994916 113
1622602035344 -42.020367084994916 114
1622602039998 -42.020367084994916 115
1622602044654 -42.020367084994916 116
1622602049358 -42.020367084994916 117
1622602054155 -42.020367084994916 118
1622602058966 -42.020367084994916 119
1622602063776 -42.020367084994916 120
1622602068672 -42.020367084994916 121
1622602073522 -42.020367084994916 122
1622602078661 -42.020367084994916 123
1622602083640 -42.020367084994916 124
1622602088702 -42.020367084994916 125
1622602094370 -42.020367084994916 126
1622602099541 -42.020367084994916 127
1622602104928 -42.020367084994916 128
1622602110169 -42.020367084994916 129
1622602115552 -42.020367084994916 130
1622602121428 -42.020367084994916 131
1622602126724 -42.020367084994916 132
1622602132685 -42.020367084994916 133
1622602137965 -42.020367084994916 134
1622602143318 -42.020367084994916 135
1622602148743 -42.020367084994916 136
1622602154156 -42.020367084994916 137
1622602159559 -42.020367084994916 138
1622602165187 -42.020367084994916 139
1622602171258 -42.020367084994916 140
1622602177271 -42.020367084994916 141
1622602183992 -42.020367084994916 142
1622602189632 -42.020367084994916 143
1622602195519 -42.020367084994916 144
1622602201458 -42.020367084994916 145
1622602207658 -42.020367084994916 146
1622602213421 -42.020367084994916 147
1622602219991 -42.020367084994916 148
1622602225893 -42.020367084994916 149
1622602232192 -42.020367084994916 150
1622602238152 -42.020367084994916 151
1622602244100 -42.020367084994916 152
1622602250065 -42.020367084994916 153
1622602256100 -42.020367084994916 154
1622602262128 -42.020367084994916 155
1622602269629 -42.020367084994916 156
1622602275762 -42.020367084994916 157
1622602282729 -42.020367084994916 158
1622602288893 -42.020367084994916 159
1622602295076 -42.020367084994916 160
1622602301335 -42.020367084994916 161
1622602307616 -42.020367084994916 162
1622602314705 -42.020367084994916 163
1622602321053 -42.020367084994916 164
1622602327476 -42.020367084994916 165
1622602333877 -42.020367084994916 166
1622602340593 -42.020367084994916 167
1622602348147 -42.020367084994916 168
1622602354790 -42.020367084994916 169
1622602362160 -42.020367084994916 170
1622602368790 -42.020367084994916 171
1622602376110 -42.020367084994916 172
1622602382986 -42.020367084994916 173
1622602391294 -42.020367084994916 174
1622602397986 -42.020367084994916 175
1622602404761 -42.020367084994916 176
1622602411598 -42.020367084994916 177
1622602418437 -42.020367084994916 178
1622602426217 -42.020367084994916 179
1622602433834 -42.020367084994916 180
1622602441496 -42.020367084994916 181
1622602448550 -42.020367084994916 182
1622602456983 -42.020367084994916 183
1622602465519 -42.020367084994916 184
1622602472808 -42.020367084994916 185
1622602480840 -42.020367084994916 186
1622602488021 -42.020367084994916 187
1622602495242 -42.020367084994916 188
1622602502437 -42.020367084994916 189
1622602509689 -42.020367084994916 190
1622602516923 -42.020367084994916 191
1622602524479 -42.020367084994916 192
1622602532271 -42.020367084994916 193
1622602541116 -42.020367084994916 194
1622602548690 -42.020367084994916 195
1622602557318 -42.020367084994916 196
1622602565096 -42.020367084994916 197
1622602573234 -42.020367084994916 198
1622602580968 -42.020367084994916 199
1622602588877 -42.020367084994916 200
1622602597233 -42.020367084994916 201
1622602605067 -42.020367084994916 202
1622602613201 -42.020367084994916 203
1622602621134 -42.020367084994916 204
1622602629090 -42.020367084994916 205
1622602638574 -42.020367084994916 206
1622602647591 -42.020367084994916 207
1622602657045 -42.020367084994916 208
1622602665647 -42.020367084994916 209
1622602675088 -42.020367084994916 210
1622602683587 -42.020367084994916 211
1622602692918 -42.020367084994916 212
1622602701432 -42.020367084994916 213
1622602710048 -42.020367084994916 214
1622602718630 -42.020367084994916 215
1622602726941 -42.020367084994916 216
1622602735830 -42.020367084994916 217
1622602744363 -42.020367084994916 218
1622602753494 -42.020367084994916 219
1622602762121 -42.020367084994916 220
1622602770507 -42.020367084994916 221
1622602778921 -42.020367084994916 222
1622602787479 -42.020367084994916 223
1622602796079 -42.020367084994916 224
1622602805223 -42.020367084994916 225
1622602813996 -42.020367084994916 226
1622602822728 -42.020367084994916 227
1622602831569 -42.020367084994916 228
1622602840392 -42.020367084994916 229
1622602849271 -42.020367084994916 230
1622602858114 -42.020367084994916 231
1622602866922 -42.020367084994916 232
1622602876821 -42.020367084994916 233
1622602885909 -42.020367084994916 234
1622602895582 -42.020367084994916 235
1622602904866 -42.020367084994916 236
1622602914285 -42.020367084994916 237
1622602923851 -42.020367084994916 238
1622602933563 -42.020367084994916 239
1622602943023 -42.020367084994916 240
1622602952368 -42.020367084994916 241
1622602961906 -42.020367084994916 242
1622602971414 -42.020367084994916 243
1622602980708 -42.020367084994916 244
1622602990782 -42.020367084994916 245
1622603000775 -42.020367084994916 246
1622603010453 -42.020367084994916 247
1622603020383 -42.020367084994916 248
1622603029766 -42.020367084994916 249
1622603040086 -42.020367084994916 250
1622603050671 -42.020367084994916 251
1622603060953 -42.020367084994916 252
1622603070470 -42.020367084994916 253
1622603080160 -42.020367084994916 254
1622603089851 -42.020367084994916 255
1622603100510 -42.020367084994916 256
1622603110364 -42.020367084994916 257
1622603120208 -42.020367084994916 258
1622603130159 -42.020367084994916 259
1622603140120 -42.020367084994916 260
1622603150371 -42.020367084994916 261
1622603160296 -42.020367084994916 262
1622603170168 -42.020367084994916 263
1622603180077 -42.020367084994916 264
1622603190096 -42.020367084994916 265
1622603200103 -42.020367084994916 266
1622603210109 -42.020367084994916 267
1622603221335 -42.020367084994916 268
1622603232157 -42.020367084994916 269
1622603242376 -42.020367084994916 270
1622603253499 -42.020367084994916 271
1622603263751 -42.020367084994916 272
1622603275074 -42.020367084994916 273
1622603285728 -42.020367084994916 274
1622603298113 -42.020367084994916 275
1622603309496 -42.020367084994916 276
1622603322270 -42.020367084994916 277
1622603333710 -42.020367084994916 278
1622603344178 -42.020367084994916 279
1622603356315 -42.020367084994916 280
1622603367692 -42.020367084994916 281
1622603378894 -42.020367084994916 282
1622603390101 -42.020367084994916 283
1622603401557 -42.020367084994916 284
1622603413131 -42.020367084994916 285
1622603424349 -42.020367084994916 286
1622603435288 -42.020367084994916 287
1622603446111 -42.020367084994916 288
1622603457192 -42.020367084994916 289
1622603468465 -42.020367084994916 290
1622603479574 -42.020367084994916 291
1622603491422 -42.020367084994916 292
1622603502386 -42.020367084994916 293
1622603514046 -42.020367084994916 294
1622603525155 -42.020367084994916 295
1622603537997 -42.020367084994916 296
1622603550259 -42.020367084994916 297
1622603562621 -42.020367084994916 298
1622603574253 -42.020367084994916 299
1622603585838 -42.020367084994916 300
1622603598841 -42.020367084994916 301
1622603610241 -42.020367084994916 302
1622603621797 -42.020367084994916 303
1622603634237 -42.020367084994916 304
1622603645666 -42.020367084994916 305
1622603657578 -42.020367084994916 306
1622603669082 -42.020367084994916 307
1622603680562 -42.020367084994916 308
1622603692158 -42.020367084994916 309
1622603705388 -42.020367084994916 310
1622603717778 -42.020367084994916 311
1622603729488 -42.020367084994916 312
1622603742000 -42.020367084994916 313
1622603753840 -42.020367084994916 314
1622603765683 -42.020367084994916 315
1622603777855 -42.020367084994916 316
1622603791264 -42.020367084994916 317
1622603803464 -42.020367084994916 318
1622603816240 -42.020367084994916 319
1622603828865 -42.020367084994916 320
1622603842256 -42.020367084994916 321
1622603854303 -42.020367084994916 322
1622603866942 -42.020367084994916 323
1622603879734 -42.020367084994916 324
1622603892861 -42.020367084994916 325
1622603905195 -42.020367084994916 326
1622603919619 -42.020367084994916 327
1622603933339 -42.020367084994916 328
1622603945688 -42.020367084994916 329
1622603958731 -42.020367084994916 330
1622603971171 -42.020367084994916 331
1622603983619 -42.020367084994916 332
1622603996065 -42.020367084994916 333
1622604008537 -42.020367084994916 334
1622604021262 -42.020367084994916 335
1622604034777 -42.020367084994916 336
1622604048363 -42.020367084994916 337
1622604061079 -42.020367084994916 338
1622604073699 -42.020367084994916 339
1622604087228 -42.020367084994916 340
1622604100976 -42.020367084994916 341
1622604114755 -42.020367084994916 342
1622604127640 -42.020367084994916 343
1622604140635 -42.020367084994916 344
1622604155306 -42.020367084994916 345
1622604169062 -42.020367084994916 346
1622604182395 -42.020367084994916 347
1622604196031 -42.020367084994916 348
1622604209147 -42.020367084994916 349
1622604222826 -42.020367084994916 350
1622604236518 -42.020367084994916 351
1622604249705 -42.020367084994916 352
1622604262974 -42.020367084994916 353
1622604276187 -42.020367084994916 354
1622604289477 -42.020367084994916 355
1622604302732 -42.020367084994916 356
1622604316056 -42.020367084994916 357
1622604330398 -42.020367084994916 358
1622604344606 -42.020367084994916 359
1622604358962 -42.020367084994916 360
1622604374645 -42.020367084994916 361
1622604389158 -42.020367084994916 362
1622604403522 -42.020367084994916 363
1622604418212 -42.020367084994916 364
1622604431809 -42.020367084994916 365
1622604446397 -42.020367084994916 366
1622604460104 -42.020367084994916 367
1622604473792 -42.020367084994916 368
1622604487562 -42.020367084994916 369
1622604502290 -42.020367084994916 370
1622604516248 -42.020367084994916 371
1622604531469 -42.020367084994916 372
1622604548140 -42.020367084994916 373
1622604563225 -42.020367084994916 374
1622604577174 -42.020367084994916 375
1622604591914 -42.020367084994916 376
1622604606272 -42.020367084994916 377
1622604621022 -42.020367084994916 378
1622604635134 -42.020367084994916 379
1622604649345 -42.020367084994916 380
1622604663576 -42.020367084994916 381
1622604677902 -42.020367084994916 382
1622604692578 -42.020367084994916 383
1622604708349 -42.020367084994916 384
1622604723278 -42.020367084994916 385
1622604739011 -42.020367084994916 386
1622604754970 -42.020367084994916 387
1622604769980 -42.020367084994916 388
1622604784601 -42.020367084994916 389
1622604799872 -42.020367084994916 390
1622604814524 -42.020367084994916 391
1622604829029 -42.020367084994916 392
1622604843598 -42.020367084994916 393
1622604859641 -42.020367084994916 394
1622604874549 -42.020367084994916 395
1622604889273 -42.020367084994916 396
1622604904640 -42.020367084994916 397
1622604919446 -42.020367084994916 398
1622604934329 -42.020367084994916 399
1622604950401 -42.020367084994916 400
1622604965344 -42.020367084994916 401
1622604981134 -42.020367084994916 402
1622604996612 -42.020367084994916 403
1622605011571 -42.020367084994916 404
1622605028745 -42.020367084994916 405
1622605044812 -42.020367084994916 406
1622605060007 -42.020367084994916 407
1622605076783 -42.020367084994916 408
1622605093226 -42.020367084994916 409
1622605108898 -42.020367084994916 410
1622605124144 -42.020367084994916 411
1622605139760 -42.020367084994916 412
1622605155824 -42.020367084994916 413
1622605173145 -42.020367084994916 414
1622605188706 -42.020367084994916 415
1622605204198 -42.020367084994916 416
1622605221861 -42.020367084994916 417
1622605237262 -42.020367084994916 418
1622605254190 -42.020367084994916 419
1622605271663 -42.020367084994916 420
1622605287184 -42.020367084994916 421
1622605302822 -42.020367084994916 422
1622605318989 -42.020367084994916 423
1622605334952 -42.020367084994916 424
1622605352862 -42.020367084994916 425
1622605368559 -42.020367084994916 426
1622605387180 -42.020367084994916 427
1622605403213 -42.020367084994916 428
1622605419114 -42.020367084994916 429
1622605435945 -42.020367084994916 430
1622605452719 -42.020367084994916 431
1622605469309 -42.020367084994916 432
1622605486351 -42.020367084994916 433
1622605502496 -42.020367084994916 434
1622605519795 -42.020367084994916 435
1622605536048 -42.020367084994916 436
1622605552807 -42.020367084994916 437
1622605569690 -42.020367084994916 438
1622605585992 -42.020367084994916 439
1622605602466 -42.020367084994916 440
1622605618771 -42.020367084994916 441
1622605635081 -42.020367084994916 442
1622605651643 -42.020367084994916 443
1622605668140 -42.020367084994916 444
1622605684585 -42.020367084994916 445
1622605701177 -42.020367084994916 446
1622605718852 -42.020367084994916 447
1622605736100 -42.020367084994916 448
1622605752756 -42.020367084994916 449
1622605771917 -42.020367084994916 450
1622605788881 -42.020367084994916 451
1622605805536 -42.020367084994916 452
1622605822287 -42.020367084994916 453
1622605840659 -42.020367084994916 454
1622605857751 -42.020367084994916 455
1622605874627 -42.020367084994916 456
1622605891903 -42.020367084994916 457
1622605909830 -42.020367084994916 458
1622605926932 -42.020367084994916 459
1622605943921 -42.020367084994916 460
1622605960906 -42.020367084994916 461
1622605979233 -42.020367084994916 462
1622605997527 -42.020367084994916 463
1622606016455 -42.020367084994916 464
1622606034396 -42.020367084994916 465
1622606051656 -42.020367084994916 466
1622606069714 -42.020367084994916 467
1622606088216 -42.020367084994916 468
1622606106866 -42.020367084994916 469
1622606124645 -42.020367084994916 470
1622606143917 -42.020367084994916 471
1622606161254 -42.020367084994916 472
1622606179165 -42.020367084994916 473
1622606197024 -42.020367084994916 474
1622606215881 -42.020367084994916 475
1622606235369 -42.020367084994916 476
1622606255919 -42.020367084994916 477
1622606276008 -42.020367084994916 478
1622606293637 -42.020367084994916 479
1622606311591 -42.020367084994916 480
1622606329978 -42.020367084994916 481
1622606347757 -42.020367084994916 482
1622606365606 -42.020367084994916 483
1622606384579 -42.020367084994916 484
1622606404236 -42.020367084994916 485
1622606423026 -42.020367084994916 486
1622606442138 -42.020367084994916 487
1622606460437 -42.020367084994916 488
1622606478822 -42.020367084994916 489
1622606497649 -42.020367084994916 490
1622606515885 -42.020367084994916 491
1622606535040 -42.020367084994916 492
1622606553476 -42.020367084994916 493
1622606572610 -42.020367084994916 494
1622606592183 -42.020367084994916 495
1622606612019 -42.020367084994916 496
1622606631222 -42.020367084994916 497
1622606649692 -42.020367084994916 498
1622606670009 -42.020367084994916 499
1622606689026 -42.020367084994916 500
