1622899953856 0.9349452116767575 0
1622899955248 0.9349452116767575 1
1622899957000 0.9349452116767575 2
1622899959092 0.9349452116767575 3
1622899961553 0.9349452116767575 4
1622899964366 0.9349452116767575 5
1622899967565 0.9349452116767575 6
1622899971138 0.9349452116767575 7
1622899975044 0.9349452116767575 8
1622899979274 0.9349452116767575 9
1622899983881 0.9349452116767575 10
1622899988858 0.9349452116767575 11
1622899994194 0.9349452116767575 12
1622899999872 0.9349452116767575 13
1622900005921 0.9349452116767575 14
1622900012371 0.9349452116767575 15
1622900019202 0.9349452116767575 16
1622900026358 0.9349452116767575 17
1622900033886 0.9349452116767575 18
1622900041864 0.9349452116767575 19
1622900050117 0.9349452116767575 20
1622900058716 0.9349452116767575 21
1622900067719 0.9349452116767575 22
1622900077098 0.9349452116767575 23
1622900086870 0.9349452116767575 24
1622900097000 0.9349452116767575 25
1622900107423 0.9349452116767575 26
1622900118229 0.9349452116767575 27
1622900129387 0.9349452116767575 28
1622900140909 0.9349452116767575 29
1622900152697 0.9349452116767575 30
1622900164813 0.9349452116767575 31
1622900177373 0.9349452116767575 32
1622900190317 0.9349452116767575 33
1622900203733 0.9349452116767575 34
1622900217452 0.9349452116767575 35
1622900231394 0.9349452116767575 36
1622900245868 0.9349452116767575 37
1622900261421 0.9349452116767575 38
1622900276767 0.9349452116767575 39
1622900292283 0.9349452116767575 40
1622900308136 0.9349452116767575 41
1622900324417 0.9349452116767575 42
1622900341081 0.9349452116767575 43
1622900358069 0.9349452116767575 44
1622900375386 0.9349452116767575 45
1622900393112 0.9349452116767575 46
1622900411154 0.9349452116767575 47
1622900429457 0.9349452116767575 48
1622900448129 0.9349452116767575 49
1622900467330 0.9349452116767575 50
1622900486818 0.9349452116767575 51
1622900506656 0.9349452116767575 52
1622900526894 0.9349452116767575 53
1622900547474 0.9349452116767575 54
1622900568460 0.9349452116767575 55
1622900589857 0.9349452116767575 56
1622900611320 0.9349452116767575 57
1622900633330 0.9349452116767575 58
1622900655717 0.9349452116767575 59
1622900678310 0.9349452116767575 60
1622900701284 0.9349452116767575 61
1622900724570 0.9349452116767575 62
1622900748146 0.9349452116767575 63
1622900772031 0.9349452116767575 64
1622900796301 0.9349452116767575 65
1622900820856 0.9349452116767575 66
1622900845870 0.9349452116767575 67
1622900871115 0.9349452116767575 68
1622900896813 0.9349452116767575 69
1622900922679 0.9349452116767575 70
1622900949107 0.9349452116767575 71
1622900975981 0.9349452116767575 72
1622901003134 0.9349452116767575 73
1622901031045 0.9349452116767575 74
1622901058928 0.9349452116767575 75
1622901087036 0.9349452116767575 76
1622901115745 0.9349452116767575 77
1622901144662 0.9349452116767575 78
1622901174268 0.9349452116767575 79
1622901204007 0.9349452116767575 80
1622901234082 0.9349452116767575 81
1622901264447 0.9349452116767575 82
1622901295582 0.9349452116767575 83
1622901327046 0.9349452116767575 84
1622901358357 0.9349452116767575 85
1622901390233 0.9349452116767575 86
1622901422776 0.9349452116767575 87
1622901455851 0.9349452116767575 88
1622901489129 0.9349452116767575 89
1622901522941 0.9349452116767575 90
1622901557094 0.9349452116767575 91
1622901591529 0.9349452116767575 92
1622901625486 0.9349452116767575 93
1622901659490 0.9349452116767575 94
1622901694284 0.9349452116767575 95
1622901728959 0.9349452116767575 96
1622901764140 0.9349452116767575 97
1622901799625 0.9349452116767575 98
1622901835367 0.9349452116767575 99
1622901871328 0.9349452116767575 100
1622901907734 0.9349452116767575 101
1622901944539 0.9349452116767575 102
1622901981690 0.9349452116767575 103
1622902019335 0.9349452116767575 104
1622902057379 0.9349452116767575 105
1622902095424 0.9349452116767575 106
1622902133774 0.9349452116767575 107
1622902172628 0.9349452116767575 108
1622902211676 0.9349452116767575 109
1622902252115 0.9349452116767575 110
1622902292032 0.9349452116767575 111
1622902332164 0.9349452116767575 112
1622902373666 0.9349452116767575 113
1622902415048 0.9349452116767575 114
1622902457847 0.9349452116767575 115
1622902500983 0.9349452116767575 116
1622902543104 0.9349452116767575 117
1622902585883 0.9349452116767575 118
1622902629400 0.9349452116767575 119
1622902672382 0.9349452116767575 120
1622902715573 0.9349452116767575 121
1622902759045 0.9349452116767575 122
1622902803238 0.9349452116767575 123
1622902847624 0.9349452116767575 124
1622902892639 0.9349452116767575 125
1622902937941 0.9349452116767575 126
1622902983720 0.9349452116767575 127
1622903029900 0.9349452116767575 128
1622903076533 0.9349452116767575 129
1622903123544 0.9349452116767575 130
1622903170834 0.9349452116767575 131
1622903218434 0.9349452116767575 132
1622903266398 0.9349452116767575 133
1622903314677 0.9349452116767575 134
1622903363435 0.9349452116767575 135
1622903413614 0.9349452116767575 136
1622903463046 0.9349452116767575 137
1622903512340 0.9349452116767575 138
1622903562109 0.9349452116767575 139
1622903611184 0.9349452116767575 140
1622903661130 0.9349452116767575 141
1622903711390 0.9349452116767575 142
1622903764070 0.9349452116767575 143
1622903814536 0.9349452116767575 144
1622903865111 0.9349452116767575 145
1622903916271 0.9349452116767575 146
1622903967952 0.9349452116767575 147
1622904019771 0.9349452116767575 148
1622904072751 0.9349452116767575 149
1622904127326 0.9349452116767575 150
1622904179955 0.9349452116767575 151
1622904233330 0.9349452116767575 152
1622904287036 0.9349452116767575 153
1622904341090 0.9349452116767575 154
1622904395580 0.9349452116767575 155
1622904450510 0.9349452116767575 156
1622904505426 0.9349452116767575 157
1622904560668 0.9349452116767575 158
1622904616656 0.9349452116767575 159
1622904672936 0.9349452116767575 160
1622904729362 0.9349452116767575 161
1622904786473 0.9349452116767575 162
1622904843817 0.9349452116767575 163
1622904902795 0.9349452116767575 164
1622904960904 0.9349452116767575 165
1622905019968 0.9349452116767575 166
1622905079186 0.9349452116767575 167
1622905138356 0.9349452116767575 168
1622905197715 0.9349452116767575 169
1622905257756 0.9349452116767575 170
1622905318364 0.9349452116767575 171
1622905381196 0.9349452116767575 172
1622905443679 0.9349452116767575 173
1622905504573 0.9349452116767575 174
1622905565901 0.9349452116767575 175
1622905627722 0.9349452116767575 176
1622905690153 0.9349452116767575 177
1622905752688 0.9349452116767575 178
1622905815741 0.9349452116767575 179
1622905879068 0.9349452116767575 180
1622905943065 0.9349452116767575 181
1622906006952 0.9349452116767575 182
1622906071208 0.9349452116767575 183
1622906135802 0.9349452116767575 184
1622906200703 0.9349452116767575 185
1622906266651 0.9349452116767575 186
1622906332271 0.9349452116767575 187
1622906398620 0.9349452116767575 188
1622906465010 0.9349452116767575 189
1622906531562 0.9349452116767575 190
1622906599075 0.9349452116767575 191
1622906666761 0.9349452116767575 192
1622906734768 0.9349452116767575 193
1622906805097 0.9349452116767575 194
1622906874148 0.9349452116767575 195
1622906943317 0.9349452116767575 196
1622907013042 0.9349452116767575 197
1622907082245 0.9349452116767575 198
1622907153023 0.9349452116767575 199
1622907225302 0.9349452116767575 200
1622907296872 0.9349452116767575 201
1622907368230 0.9349452116767575 202
1622907440840 0.9349452116767575 203
1622907514301 0.9349452116767575 204
1622907588953 0.9349452116767575 205
1622907663571 0.9349452116767575 206
1622907737108 0.9349452116767575 207
1622907810602 0.9349452116767575 208
1622907884326 0.9349452116767575 209
1622907958816 0.9349452116767575 210
1622908033320 0.9349452116767575 211
1622908109145 0.9349452116767575 212
1622908184893 0.9349452116767575 213
1622908260320 0.9349452116767575 214
1622908336502 0.9349452116767575 215
1622908412952 0.9349452116767575 216
1622908490086 0.9349452116767575 217
1622908566968 0.9349452116767575 218
1622908644377 0.9349452116767575 219
1622908721992 0.9349452116767575 220
1622908799783 0.9349452116767575 221
1622908878414 0.9349452116767575 222
1622908957088 0.9349452116767575 223
1622909036131 0.9349452116767575 224
1622909115072 0.9349452116767575 225
1622909195915 0.9349452116767575 226
1622909276121 0.9349452116767575 227
1622909357215 0.9349452116767575 228
1622909438129 0.9349452116767575 229
1622909519388 0.9349452116767575 230
1622909602721 0.9349452116767575 231
1622909684948 0.9349452116767575 232
1622909767774 0.9349452116767575 233
1622909851740 0.9349452116767575 234
1622909935722 0.9349452116767575 235
1622910020861 0.9349452116767575 236
1622910106546 0.9349452116767575 237
1622910191190 0.9349452116767575 238
1622910277369 0.9349452116767575 239
1622910363990 0.9349452116767575 240
1622910450138 0.9349452116767575 241
1622910537063 0.9349452116767575 242
1622910623853 0.9349452116767575 243
1622910711820 0.9349452116767575 244
1622910800521 0.9349452116767575 245
1622910888089 0.9349452116767575 246
1622910975987 0.9349452116767575 247
1622911064161 0.9349452116767575 248
1622911152761 0.9349452116767575 249
1622911242940 0.9349452116767575 250
1622911332381 0.9349452116767575 251
1622911422462 0.9349452116767575 252
1622911512797 0.9349452116767575 253
1622911602987 0.9349452116767575 254
1622911693620 0.9349452116767575 255
1622911784952 0.9349452116767575 256
1622911877318 0.9349452116767575 257
1622911969055 0.9349452116767575 258
1622912060916 0.9349452116767575 259
1622912153594 0.9349452116767575 260
1622912246310 0.9349452116767575 261
1622912339717 0.9349452116767575 262
1622912433281 0.9349452116767575 263
1622912526834 0.9349452116767575 264
1622912621101 0.9349452116767575 265
1622912716201 0.9349452116767575 266
1622912811110 0.9349452116767575 267
1622912906747 0.9349452116767575 268
1622913004219 0.9349452116767575 269
1622913100424 0.9349452116767575 270
1622913197252 0.9349452116767575 271
1622913295043 0.9349452116767575 272
1622913392837 0.9349452116767575 273
1622913492643 0.9349452116767575 274
1622913590762 0.9349452116767575 275
1622913689873 0.9349452116767575 276
1622913789892 0.9349452116767575 277
1622913889518 0.9349452116767575 278
1622913990987 0.9349452116767575 279
1622914093183 0.9349452116767575 280
1622914195236 0.9349452116767575 281
1622914297666 0.9349452116767575 282
1622914400571 0.9349452116767575 283
1622914504039 0.9349452116767575 284
1622914607709 0.9349452116767575 285
1622914711893 0.9349452116767575 286
1622914816324 0.9349452116767575 287
1622914920431 0.9349452116767575 288
1622915025494 0.9349452116767575 289
1622915132156 0.9349452116767575 290
1622915240332 0.9349452116767575 291
1622915346779 0.9349452116767575 292
1622915453532 0.9349452116767575 293
1622915560571 0.9349452116767575 294
1622915668729 0.9349452116767575 295
1622915776103 0.9349452116767575 296
1622915883885 0.9349452116767575 297
1622915991796 0.9349452116767575 298
1622916099797 0.9349452116767575 299
1622916208406 0.9349452116767575 300
1622916320857 0.9349452116767575 301
1622916430242 0.9349452116767575 302
1622916539782 0.9349452116767575 303
1622916649728 0.9349452116767575 304
1622916759902 0.9349452116767575 305
1622916870538 0.9349452116767575 306
1622916982205 0.9349452116767575 307
1622917093703 0.9349452116767575 308
1622917205363 0.9349452116767575 309
1622917317686 0.9349452116767575 310
1622917430147 0.9349452116767575 311
1622917543952 0.9349452116767575 312
1622917659763 0.9349452116767575 313
1622917775142 0.9349452116767575 314
1622917890788 0.9349452116767575 315
1622918005567 0.9349452116767575 316
1622918121668 0.9349452116767575 317
1622918236679 0.9349452116767575 318
1622918352793 0.9349452116767575 319
1622918469311 0.9349452116767575 320
1622918586461 0.9349452116767575 321
1622918703768 0.9349452116767575 322
1622918820520 0.9349452116767575 323
1622918937299 0.9349452116767575 324
1622919054586 0.9349452116767575 325
1622919173223 0.9349452116767575 326
1622919291747 0.9349452116767575 327
1622919410384 0.9349452116767575 328
1622919529486 0.9349452116767575 329
1622919649439 0.9349452116767575 330
1622919770546 0.9349452116767575 331
1622919890813 0.9349452116767575 332
1622920012058 0.9349452116767575 333
1622920133039 0.9349452116767575 334
1622920253774 0.9349452116767575 335
1622920375672 0.9349452116767575 336
1622920499077 0.9349452116767575 337
1622920622658 0.9349452116767575 338
1622920746512 0.9349452116767575 339
1622920869661 0.9349452116767575 340
1622920993428 0.9349452116767575 341
1622921118374 0.9349452116767575 342
1622921243267 0.9349452116767575 343
1622921368841 0.9349452116767575 344
1622921495421 0.9349452116767575 345
1622921621079 0.9349452116767575 346
1622921747029 0.9349452116767575 347
1622921873964 0.9349452116767575 348
1622922002657 0.9349452116767575 349
1622922131959 0.9349452116767575 350
1622922261740 0.9349452116767575 351
1622922391222 0.9349452116767575 352
1622922521438 0.9349452116767575 353
1622922652932 0.9349452116767575 354
1622922783678 0.9349452116767575 355
1622922916292 0.9349452116767575 356
1622923047790 0.9349452116767575 357
1622923180144 0.9349452116767575 358
1622923315093 0.9349452116767575 359
1622923447393 0.9349452116767575 360
1622923580801 0.9349452116767575 361
1622923714305 0.9349452116767575 362
1622923846243 0.9349452116767575 363
1622923979110 0.9349452116767575 364
1622924113959 0.9349452116767575 365
1622924248526 0.9349452116767575 366
1622924381063 0.9349452116767575 367
1622924514680 0.9349452116767575 368
1622924649345 0.9349452116767575 369
1622924783501 0.9349452116767575 370
1622924919231 0.9349452116767575 371
1622925055114 0.9349452116767575 372
1622925190910 0.9349452116767575 373
1622925326095 0.9349452116767575 374
1622925459347 0.9349452116767575 375
1622925594828 0.9349452116767575 376
1622925731312 0.9349452116767575 377
1622925869954 0.9349452116767575 378
1622926009213 0.9349452116767575 379
1622926146411 0.9349452116767575 380
1622926282435 0.9349452116767575 381
1622926418334 0.9349452116767575 382
1622926555234 0.9349452116767575 383
1622926692168 0.9349452116767575 384
1622926828586 0.9349452116767575 385
1622926966603 0.9349452116767575 386
1622927104945 0.9349452116767575 387
1622927242363 0.9349452116767575 388
1622927381194 0.9349452116767575 389
1622927519201 0.9349452116767575 390
1622927657499 0.9349452116767575 391
1622927796560 0.9349452116767575 392
1622927936372 0.9349452116767575 393
1622928076904 0.9349452116767575 394
1622928218010 0.9349452116767575 395
1622928361114 0.9349452116767575 396
1622928504982 0.9349452116767575 397
1622928649147 0.9349452116767575 398
1622928793319 0.9349452116767575 399
1622928935635 0.9349452116767575 400
1622929077647 0.9349452116767575 401
1622929220018 0.9349452116767575 402
1622929363094 0.9349452116767575 403
1622929506299 0.9349452116767575 404
1622929649752 0.9349452116767575 405
1622929793813 0.9349452116767575 406
1622929938192 0.9349452116767575 407
1622930082235 0.9349452116767575 408
1622930228244 0.9349452116767575 409
1622930373607 0.9349452116767575 410
1622930521473 0.9349452116767575 411
1622930669287 0.9349452116767575 412
1622930817706 0.9349452116767575 413
1622930964899 0.9349452116767575 414
1622931113615 0.9349452116767575 415
1622931262900 0.9349452116767575 416
1622931411885 0.9349452116767575 417
1622931562914 0.9349452116767575 418
1622931713285 0.9349452116767575 419
1622931862765 0.9349452116767575 420
1622932013754 0.9349452116767575 421
1622932166803 0.9349452116767575 422
1622932320044 0.9349452116767575 423
1622932472030 0.9349452116767575 424
1622932625740 0.9349452116767575 425
1622932780798 0.9349452116767575 426
1622932934169 0.9349452116767575 427
1622933088956 0.9349452116767575 428
1622933243259 0.9349452116767575 429
1622933397315 0.9349452116767575 430
1622933550396 0.9349452116767575 431
1622933704095 0.9349452116767575 432
1622933857370 0.9349452116767575 433
1622934011624 0.9349452116767575 434
1622934165475 0.9349452116767575 435
1622934321768 0.9349452116767575 436
1622934477121 0.9349452116767575 437
1622934634877 0.9349452116767575 438
1622934794815 0.9349452116767575 439
1622934953080 0.9349452116767575 440
1622935110962 0.9349452116767575 441
1622935268351 0.9349452116767575 442
1622935426780 0.9349452116767575 443
1622935584952 0.9349452116767575 444
1622935745768 0.9349452116767575 445
1622935904562 0.9349452116767575 446
1622936063089 0.9349452116767575 447
1622936222720 0.9349452116767575 448
1622936382783 0.9349452116767575 449
1622936542885 0.9349452116767575 450
1622936703597 0.9349452116767575 451
1622936864908 0.9349452116767575 452
1622937026753 0.9349452116767575 453
1622937188872 0.9349452116767575 454
1622937353937 0.9349452116767575 455
1622937517799 0.9349452116767575 456
1622937681124 0.9349452116767575 457
1622937845082 0.9349452116767575 458
1622938010069 0.9349452116767575 459
1622938174830 0.9349452116767575 460
1622938338847 0.9349452116767575 461
1622938503184 0.9349452116767575 462
1622938669473 0.9349452116767575 463
1622938837552 0.9349452116767575 464
1622939003368 0.9349452116767575 465
1622939170245 0.9349452116767575 466
1622939337570 0.9349452116767575 467
1622939507192 0.9349452116767575 468
1622939674794 0.9349452116767575 469
1622939842968 0.9349452116767575 470
1622940013592 0.9349452116767575 471
1622940185289 0.9349452116767575 472
1622940356000 0.9349452116767575 473
1622940525481 0.9349452116767575 474
1622940696876 0.9349452116767575 475
1622940866618 0.9349452116767575 476
1622941037368 0.9349452116767575 477
1622941209281 0.9349452116767575 478
1622941379805 0.9349452116767575 479
1622941558433 0.9349452116767575 480
1622941730102 0.9349452116767575 481
1622941902725 0.9349452116767575 482
1622942075365 0.9349452116767575 483
1622942248041 0.9349452116767575 484
1622942421327 0.9349452116767575 485
1622942597468 0.9349452116767575 486
1622942770636 0.9349452116767575 487
1622942943414 0.9349452116767575 488
1622943117437 0.9349452116767575 489
1622943291036 0.9349452116767575 490
1622943465577 0.9349452116767575 491
1622943640754 0.9349452116767575 492
1622943816044 0.9349452116767575 493
1622943992037 0.9349452116767575 494
1622944169460 0.9349452116767575 495
1622944347500 0.9349452116767575 496
1622944526653 0.9349452116767575 497
1622944706040 0.9349452116767575 498
1622944885481 0.9349452116767575 499
1622945064407 0.9349452116767575 500
