1622971860508 0.011 0
1622971861950 1.269 1
1622971863740 1.625 2
1622971865834 1.927 3
1622971868272 2.276 4
1622971871059 2.621 5
1622971874211 2.989 6
1622971877697 3.321 7
1622971881489 3.63 8
1622971885650 3.995 9
1622971890092 4.277 10
1622971894916 4.66 11
1622971900089 5.01 12
1622971905513 5.263 13
1622971911327 5.654 14
1622971917482 5.991 15
1622971923941 6.297 16
1622971930779 6.677 17
1622971937934 6.992 18
1622971945419 7.324 19
1622971953226 7.65 20
1622971961415 8.026 21
1622971969918 8.342 22
1622971978738 8.655 23
1622971987883 8.983 24
1622971997335 9.288 25
1622972007155 9.66 26
1622972017384 10.068 27
1622972027962 10.414 28
1622972038844 10.718 29
1622972050063 11.059 30
1622972061649 11.422 31
1622972073470 11.663 32
1622972085792 12.161 33
1622972098401 12.446 34
1622972111348 12.785 35
1622972124652 13.143 36
1622972138239 13.428 37
1622972152106 13.703 38
1622972166256 13.986 39
1622972180749 14.333 40
1622972195722 14.811 41
1622972210821 14.938 42
1622972226358 15.373 43
1622972242232 15.711 44
1622972258295 15.907 45
1622972274622 16.165 46
1622972291441 16.661 47
1622972308654 17.052 48
1622972326234 17.42 49
1622972344047 17.65 50
1622972362671 18.463 51
1622972381419 18.59 52
1622972400600 19.022 53
1622972419663 18.902 54
1622972441766 21.932 55
1622972461677 19.74 56
1622972482450 20.609 57
1622972503441 20.829 58
1622972524272 20.671 59
1622972545396 20.965 60
1622972566753 21.194 61
1622972588224 21.315 62
1622972610105 21.72 63
1622972632335 22.066 64
1622972655060 22.565 65
1622972678156 22.937 66
1622972701708 23.39 67
1622972725785 23.915 68
1622972749697 23.754 69
1622972773821 23.961 70
1622972798436 24.458 71
1622972823544 24.948 72
1622972848635 24.929 73
1622972874712 25.919 74
1622972900734 25.86 75
1622972927567 26.67 76
1622972954423 26.697 77
1622972982677 28.094 78
1622973011779 28.941 79
1622973041080 29.138 80
1622973069030 27.79 81
1622973098364 29.171 82
1622973128548 30.025 83
1622973157180 28.475 84
1622973186687 29.343 85
1622973216155 29.306 86
1622973246149 29.831 87
1622973276736 30.426 88
1622973306858 29.961 89
1622973337300 30.285 90
1622973368524 31.07 91
1622973399823 31.142 92
1622973432243 32.256 93
1622973464983 32.579 94
1622973497851 32.707 95
1622973530178 32.161 96
1622973562966 32.63 97
1622973595773 32.642 98
1622973628954 33.023 99
1622973662513 33.397 100
1622973697165 34.494 101
1622973731981 34.655 102
1622973767018 34.876 103
1622973802158 34.979 104
1622973837490 35.174 105
1622973873027 35.374 106
1622973908957 35.772 107
1622973945321 36.206 108
1622973981801 36.326 109
1622974018736 36.778 110
1622974059327 40.436 111
1622974098469 38.982 112
1622974135915 37.286 113
1622974175633 39.558 114
1622974214630 38.831 115
1622974255521 40.726 116
1622974295761 40.079 117
1622974336049 40.127 118
1622974375673 39.467 119
1622974416015 40.181 120
1622974457566 41.387 121
1622974497950 40.218 122
1622974539461 41.347 123
1622974580332 40.706 124
1622974621583 41.091 125
1622974662619 40.877 126
1622974703956 41.178 127
1622974746001 41.879 128
1622974788316 42.153 129
1622974833377 44.899 130
1622974880328 46.783 131
1622974927615 47.12 132
1622974971932 44.158 133
1622975017411 45.319 134
1622975064453 46.879 135
1622975111134 46.519 136
1622975157412 46.115 137
1622975206272 48.696 138
1622975252786 46.342 139
1622975299482 46.537 140
1622975346345 46.704 141
1622975393493 46.981 142
1622975440564 46.915 143
1622975489007 48.284 144
1622975539064 49.895 145
1622975587650 48.423 146
1622975636543 48.732 147
1622975685763 49.059 148
1622975734798 48.874 149
1622975784302 49.346 150
1622975834437 49.978 151
1622975884462 49.867 152
1622975935217 50.595 153
1622975986206 50.83 154
1622976037607 51.24 155
1622976090293 52.522 156
1622976142391 51.942 157
1622976194338 51.788 158
1622976246527 52.035 159
1622976298949 52.269 160
1622976352052 52.944 161
1622976405338 53.123 162
1622976459144 53.648 163
1622976512878 53.576 164
1622976567020 53.984 165
1622976624137 56.959 166
1622976679434 55.141 167
1622976734708 55.116 168
1622976790448 55.581 169
1622976846083 55.472 170
1622976902207 55.964 171
1622976958362 55.998 172
1622977015752 57.234 173
1622977072889 56.977 174
1622977130256 57.212 175
1622977189635 59.217 176
1622977249281 59.484 177
1622977310033 60.54 178
1622977369543 59.35 179
1622977429783 60.078 180
1622977489496 59.553 181
1622977549862 60.204 182
1622977611341 61.322 183
1622977673163 61.661 184
1622977736902 63.58 185
1622977799618 62.553 186
1622977863735 63.953 187
1622977925887 61.987 188
1622977992289 66.231 189
1622978055225 62.768 190
1622978118590 63.202 191
1622978183311 64.56 192
1622978249172 65.698 193
1622978313572 64.237 194
1622978378883 65.151 195
1622978443935 64.885 196
1622978508818 64.718 197
1622978574106 65.128 198
1622978639330 65.065 199
1622978706687 67.202 200
1622978774892 68.049 201
1622978842514 67.455 202
1622978908544 65.869 203
1622978976284 67.579 204
1622979043756 67.313 205
1622979112386 68.472 206
