1622728997260 0.38 0
1622728997800 0.074 1
1622728998348 0.077 2
1622728998923 0.077 3
1622728999538 0.077 4
1622729000183 0.076 5
1622729000868 0.076 6
1622729001572 0.077 7
1622729002313 0.076 8
1622729003102 0.075 9
1622729003923 0.076 10
1622729004786 0.076 11
1622729005666 0.076 12
1622729006591 0.078 13
1622729007563 0.075 14
1622729008576 0.076 15
1622729009587 0.076 16
1622729010673 0.077 17
1622729011785 0.076 18
1622729012923 0.076 19
1622729014119 0.076 20
1622729015320 0.077 21
1622729016579 0.076 22
1622729017876 0.076 23
1622729019176 0.077 24
1622729020530 0.077 25
1622729021936 0.077 26
1622729023391 0.077 27
1622729024879 0.075 28
1622729026413 0.076 29
1622729027959 0.076 30
1622729029533 0.075 31
1622729031171 0.076 32
1622729032830 0.077 33
1622729034500 0.076 34
1622729036200 0.076 35
1622729037967 0.075 36
1622729039771 0.076 37
1622729041603 0.076 38
1622729043448 0.076 39
1622729045359 0.076 40
1622729047284 0.076 41
1622729049257 0.076 42
1622729051229 0.078 43
1622729053290 0.076 44
1622729055355 0.076 45
1622729057475 0.075 46
1622729059635 0.077 47
1622729061835 0.076 48
1622729064045 0.076 49
1622729066293 0.077 50
1622729068590 0.078 51
1622729070919 0.076 52
1622729073278 0.076 53
1622729075669 0.077 54
1622729078100 0.076 55
1622729080569 0.074 56
1622729083047 0.076 57
1622729085582 0.075 58
1622729088134 0.077 59
1622729090776 0.077 60
1622729093438 0.075 61
1622729096142 0.076 62
1622729098852 0.077 63
1622729101592 0.075 64
1622729104347 0.077 65
1622729107169 0.076 66
1622729110039 0.076 67
1622729112944 0.076 68
1622729115887 0.075 69
1622729118844 0.075 70
1622729121845 0.076 71
1622729124885 0.077 72
1622729127955 0.076 73
1622729131041 0.077 74
1622729134191 0.075 75
1622729137380 0.076 76
1622729140587 0.075 77
1622729143824 0.076 78
1622729147115 0.075 79
1622729150433 0.075 80
1622729153810 0.077 81
1622729157218 0.077 82
1622729160670 0.077 83
1622729164123 0.075 84
1622729167605 0.076 85
1622729171129 0.077 86
1622729174671 0.076 87
1622729178248 0.077 88
1622729181873 0.076 89
1622729185502 0.078 90
1622729189178 0.076 91
1622729192887 0.076 92
1622729196642 0.076 93
1622729200456 0.076 94
1622729204322 0.076 95
1622729208188 0.075 96
1622729212082 0.076 97
1622729216061 0.077 98
1622729220072 0.077 99
1622729224119 0.076 100
1622729228219 0.077 101
1622729232289 0.075 102
1622729236429 0.077 103
1622729240616 0.076 104
1622729244782 0.077 105
1622729249034 0.077 106
1622729253329 0.076 107
1622729257677 0.076 108
1622729262046 0.077 109
1622729266435 0.076 110
1622729270886 0.075 111
1622729275366 0.076 112
1622729279870 0.077 113
1622729284382 0.075 114
1622729288934 0.078 115
1622729293492 0.076 116
1622729298145 0.077 117
1622729302830 0.076 118
1622729307512 0.077 119
1622729312255 0.076 120
1622729317086 0.077 121
1622729321858 0.076 122
1622729326686 0.077 123
1622729331574 0.076 124
1622729336508 0.076 125
1622729341442 0.076 126
1622729346432 0.077 127
1622729351403 0.076 128
1622729356465 0.077 129
1622729361590 0.076 130
1622729366736 0.076 131
1622729371881 0.077 132
1622729377130 0.077 133
1622729382329 0.076 134
1622729387651 0.075 135
1622729392913 0.076 136
1622729398214 0.075 137
1622729403625 0.077 138
1622729408993 0.076 139
1622729414384 0.076 140
1622729419906 0.076 141
1622729425423 0.076 142
1622729430957 0.076 143
1622729436568 0.076 144
1622729442161 0.075 145
1622729447839 0.075 146
1622729453534 0.075 147
1622729459289 0.076 148
1622729464999 0.075 149
1622729470824 0.076 150
1622729476642 0.077 151
1622729482449 0.077 152
1622729488358 0.076 153
1622729494328 0.076 154
1622729500333 0.075 155
1622729506305 0.076 156
1622729512359 0.076 157
1622729518481 0.076 158
1622729524592 0.076 159
1622729530702 0.076 160
1622729536886 0.077 161
1622729543161 0.075 162
1622729549492 0.075 163
1622729555808 0.076 164
1622729562126 0.076 165
1622729568488 0.076 166
1622729574912 0.077 167
1622729581328 0.075 168
1622729587800 0.075 169
1622729594363 0.076 170
1622729600884 0.076 171
1622729607539 0.076 172
1622729614165 0.076 173
1622729620877 0.076 174
1622729627588 0.076 175
1622729634306 0.076 176
1622729641040 0.075 177
1622729647861 0.075 178
1622729654752 0.076 179
1622729661616 0.077 180
1622729668496 0.077 181
1622729675406 0.076 182
1622729682353 0.077 183
1622729689306 0.076 184
1622729696311 0.075 185
1622729703341 0.076 186
1622729710423 0.076 187
1622729717628 0.076 188
1622729724816 0.076 189
1622729732057 0.076 190
1622729739306 0.075 191
1622729746646 0.076 192
1622729754004 0.077 193
1622729761365 0.075 194
1622729768840 0.075 195
1622729776327 0.077 196
1622729783831 0.076 197
1622729791362 0.077 198
1622729798987 0.076 199
1622729806557 0.076 200
1622729814132 0.077 201
1622729821833 0.076 202
1622729829600 0.076 203
1622729837342 0.075 204
1622729845104 0.075 205
1622729852902 0.075 206
1622729860724 0.075 207
1622729868540 0.076 208
1622729876459 0.077 209
1622729884444 0.076 210
1622729892415 0.076 211
1622729900391 0.076 212
1622729908471 0.076 213
1622729916568 0.077 214
1622729924652 0.076 215
1622729932773 0.076 216
1622729941003 0.075 217
1622729949249 0.075 218
1622729957487 0.075 219
1622729965797 0.076 220
1622729974120 0.075 221
1622729982526 0.076 222
1622729990932 0.075 223
1622729999412 0.076 224
1622730007899 0.076 225
1622730016403 0.076 226
1622730025004 0.075 227
1622730033553 0.077 228
1622730042205 0.076 229
1622730050940 0.076 230
1622730059569 0.075 231
1622730068334 0.077 232
1622730077191 0.076 233
1622730086045 0.076 234
1622730094875 0.076 235
1622730103744 0.076 236
1622730112600 0.076 237
1622730121564 0.077 238
1622730130519 0.077 239
1622730139562 0.076 240
1622730148626 0.076 241
1622730157606 0.076 242
1622730166686 0.077 243
1622730175835 0.077 244
1622730185032 0.076 245
1622730194271 0.076 246
1622730203576 0.075 247
1622730212942 0.076 248
1622730222247 0.077 249
1622730231622 0.075 250
1622730241026 0.076 251
1622730250501 0.074 252
1622730259970 0.076 253
1622730269544 0.076 254
1622730279311 0.077 255
1622730288869 0.077 256
1622730298515 0.076 257
1622730308126 0.075 258
1622730317933 0.076 259
1622730327655 0.077 260
1622730337401 0.076 261
1622730347128 0.076 262
1622730357006 0.076 263
1622730366880 0.076 264
1622730376765 0.075 265
1622730386747 0.076 266
1622730396649 0.076 267
1622730406695 0.076 268
1622730416731 0.076 269
1622730426885 0.077 270
1622730437090 0.075 271
1622730447212 0.076 272
1622730457451 0.076 273
1622730467685 0.077 274
1622730477905 0.076 275
1622730488089 0.077 276
1622730498366 0.076 277
1622730508658 0.075 278
1622730519080 0.075 279
1622730529462 0.075 280
1622730539852 0.076 281
1622730550395 0.076 282
1622730560854 0.076 283
1622730571451 0.077 284
1622730581943 0.077 285
1622730592633 0.075 286
1622730603213 0.075 287
1622730613897 0.076 288
1622730624705 0.076 289
1622730635425 0.076 290
1622730646206 0.078 291
1622730657078 0.078 292
1622730668107 0.076 293
1622730679111 0.078 294
1622730690060 0.077 295
1622730701075 0.077 296
1622730712146 0.076 297
1622730723233 0.076 298
1622730734278 0.076 299
1622730745335 0.076 300
1622730756488 0.077 301
1622730767693 0.076 302
1622730778986 0.076 303
1622730790257 0.076 304
1622730801621 0.075 305
1622730812923 0.077 306
1622730824291 0.076 307
1622730835650 0.076 308
1622730847038 0.077 309
1622730858437 0.077 310
1622730869934 0.076 311
1622730881390 0.076 312
1622730892911 0.077 313
1622730904414 0.075 314
1622730916055 0.074 315
1622730927736 0.075 316
1622730939386 0.074 317
1622730951099 0.077 318
1622730962868 0.077 319
1622730974710 0.076 320
1622730986494 0.076 321
1622730998340 0.077 322
1622731010303 0.075 323
1622731022233 0.076 324
1622731034248 0.076 325
1622731046280 0.077 326
1622731058219 0.076 327
1622731070207 0.077 328
1622731082351 0.077 329
1622731094560 0.076 330
1622731106768 0.076 331
1622731119098 0.076 332
1622731131442 0.075 333
1622731143738 0.076 334
1622731156013 0.075 335
1622731168518 0.075 336
1622731180944 0.077 337
1622731193373 0.077 338
1622731205930 0.075 339
1622731218453 0.076 340
1622731231010 0.075 341
1622731243594 0.076 342
1622731256275 0.075 343
1622731269120 0.076 344
1622731281758 0.076 345
1622731294513 0.076 346
1622731307275 0.076 347
1622731320038 0.076 348
1622731332924 0.075 349
1622731345854 0.077 350
1622731358759 0.077 351
1622731371671 0.077 352
1622731384566 0.075 353
1622731397468 0.075 354
1622731410450 0.076 355
1622731423446 0.077 356
1622731436634 0.076 357
1622731449907 0.076 358
1622731463113 0.077 359
1622731476297 0.076 360
1622731489747 0.076 361
1622731503084 0.076 362
1622731516445 0.076 363
1622731529845 0.076 364
1622731543206 0.076 365
1622731556693 0.076 366
1622731570208 0.076 367
1622731583688 0.076 368
1622731597295 0.077 369
1622731610843 0.076 370
1622731624494 0.076 371
1622731638163 0.076 372
1622731651863 0.077 373
1622731665555 0.076 374
1622731679272 0.077 375
1622731692960 0.076 376
1622731706769 0.075 377
1622731720678 0.077 378
1622731734482 0.075 379
1622731748372 0.076 380
1622731762299 0.076 381
1622731776286 0.076 382
1622731790230 0.076 383
1622731804162 0.075 384
1622731818275 0.076 385
1622731832371 0.076 386
1622731846532 0.076 387
1622731860765 0.076 388
1622731875017 0.076 389
1622731889288 0.075 390
1622731903588 0.077 391
1622731917929 0.076 392
1622731932257 0.075 393
1622731946623 0.077 394
1622731961104 0.076 395
1622731975582 0.076 396
1622731990177 0.075 397
1622732004797 0.075 398
1622732019493 0.077 399
1622732034087 0.075 400
1622732048812 0.076 401
1622732063589 0.076 402
1622732078357 0.076 403
1622732093176 0.075 404
1622732107955 0.076 405
1622732122807 0.076 406
1622732137765 0.076 407
1622732152665 0.075 408
1622732166904 0.077 409
1622732181186 0.076 410
1622732195500 0.076 411
1622732210256 0.076 412
1622732225009 0.075 413
1622732240126 0.076 414
1622732255255 0.075 415
1622732270465 0.076 416
1622732285586 0.075 417
1622732300827 0.076 418
1622732316105 0.075 419
1622732331452 0.075 420
1622732346883 0.075 421
1622732362354 0.076 422
1622732378009 0.076 423
1622732393750 0.078 424
1622732408721 0.075 425
1622732423873 0.076 426
1622732438850 0.075 427
1622732454374 0.076 428
1622732469799 0.076 429
1622732485225 0.075 430
1622732500563 0.074 431
1622732516023 0.075 432
1622732531460 0.075 433
1622732546993 0.075 434
1622732562630 0.075 435
1622732578104 0.075 436
1622732593532 0.075 437
1622732609087 0.075 438
1622732624620 0.076 439
1622732640292 0.075 440
1622732655939 0.075 441
1622732671555 0.076 442
1622732687411 0.075 443
1622732703317 0.075 444
1622732719134 0.076 445
1622732734940 0.075 446
1622732750801 0.074 447
1622732766807 0.075 448
1622732782774 0.076 449
1622732798608 0.075 450
1622732814464 0.075 451
1622732830279 0.075 452
1622732846283 0.075 453
1622732862355 0.075 454
1622732878474 0.075 455
1622732894625 0.075 456
1622732910909 0.076 457
1622732927003 0.075 458
1622732943262 0.075 459
1622732959517 0.075 460
1622732975444 0.075 461
1622732991412 0.075 462
1622733007563 0.074 463
1622733023638 0.074 464
1622733040205 0.075 465
1622733056914 0.076 466
1622733073546 0.075 467
1622733090956 0.076 468
1622733108238 0.075 469
1622733125249 0.077 470
1622733142148 0.077 471
1622733159237 0.075 472
1622733176601 0.076 473
1622733194013 0.075 474
1622733210948 0.075 475
1622733228000 0.075 476
1622733245192 0.075 477
1622733262482 0.075 478
1622733279773 0.074 479
1622733297049 0.074 480
1622733314340 0.074 481
1622733331818 0.076 482
1622733348830 0.075 483
1622733366161 0.075 484
1622733383308 0.077 485
1622733400861 0.076 486
1622733417774 0.075 487
1622733434858 0.075 488
1622733452547 0.073 489
1622733470239 0.073 490
1622733488031 0.073 491
1622733505058 0.075 492
1622733521927 0.072 493
1622733538550 0.072 494
1622733555197 0.072 495
1622733571817 0.076 496
1622733588452 0.076 497
1622733605149 0.074 498
1622733621836 0.074 499
1622733638782 0.075 500
