1622611082198 50 0
1622611082761 60 1
1622611083346 70 2
1622611083937 80 3
1622611084561 90 4
1622611085231 100 5
1622611085931 110 6
1622611086658 120 7
1622611087418 130 8
1622611088214 140 9
1622611089035 150 10
1622611090665 160 11
1622611091789 170 12
1622611092720 180 13
1622611093694 190 14
1622611094706 200 15
1622611095756 210 16
1622611096857 220 17
1622611097980 230 18
1622611099156 240 19
1622611100353 250 20
1622611101573 260 21
1622611102831 270 22
1622611104132 280 23
1622611106357 290 24
1622611107742 300 25
1622611109139 310 26
1622611110586 320 27
1622611112057 330 28
1622611114370 340 29
1622611116045 350 30
1622611117667 360 31
1622611119408 370 32
1622611121077 380 33
1622611122745 390 34
1622611124481 400 35
1622611126212 410 36
1622611128003 420 37
1622611129832 430 38
1622611131701 440 39
1622611133603 450 40
1622611135550 460 41
1622611137563 470 42
1622611139581 480 43
1622611141609 490 44
1622611143677 500 45
1622611145808 510 46
1622611147963 520 47
1622611150162 530 48
1622611152416 540 49
1622611155048 550 50
1622611157764 560 51
1622611160104 570 52
1622611162442 580 53
1622611164836 590 54
1622611167278 600 55
1622611169783 610 56
1622611172295 620 57
1622611174839 630 58
1622611177427 640 59
1622611180060 650 60
1622611182725 660 61
1622611185416 670 62
1622611188130 680 63
1622611190902 690 64
1622611193707 700 65
1622611196548 710 66
1622611199459 720 67
1622611203521 730 68
1622611206493 740 69
1622611209491 750 70
1622611212489 760 71
1622611215523 770 72
1622611218549 780 73
1622611221635 790 74
1622611224777 800 75
1622611227980 810 76
1622611231191 820 77
1622611234416 830 78
1622611237705 840 79
1622611240988 850 80
1622611244376 860 81
1622611248140 870 82
1622611251869 880 83
1622611255329 890 84
1622611258859 900 85
1622611262381 910 86
1622611265952 920 87
1622611269581 930 88
1622611273227 940 89
1622611276915 950 90
1622611280549 960 91
1622611284300 970 92
1622611288077 980 93
1622611291912 990 94
1622611295762 1000 95
1622611299681 1010 96
1622611303617 1020 97
1622611307595 1030 98
1622611311592 1040 99
1622611315623 1050 100
1622611319733 1060 101
1622611323819 1070 102
1622611327953 1080 103
1622611332121 1090 104
1622611336290 1100 105
1622611340565 1110 106
1622611344821 1120 107
1622611349149 1130 108
1622611353514 1140 109
1622611357870 1150 110
1622611362293 1160 111
1622611366735 1170 112
1622611371244 1180 113
1622611375796 1190 114
1622611380481 1200 115
1622611385314 1210 116
1622611390211 1220 117
1622611394928 1230 118
1622611399691 1240 119
1622611404455 1250 120
1622611409232 1260 121
1622611414044 1270 122
1622611418854 1280 123
1622611423731 1290 124
1622611428687 1300 125
1622611433633 1310 126
1622611438594 1320 127
1622611443674 1330 128
1622611449072 1340 129
1622611454413 1350 130
1622611459927 1360 131
1622611465258 1370 132
1622611470477 1380 133
1622611475725 1390 134
1622611481000 1400 135
1622611486323 1410 136
1622611491798 1420 137
1622611497318 1430 138
1622611502768 1440 139
1622611508256 1450 140
1622611513798 1460 141
1622611519320 1470 142
1622611524903 1480 143
1622611530482 1490 144
1622611536059 1500 145
1622611541953 1510 146
1622611547661 1520 147
1622611553448 1530 148
1622611559211 1540 149
1622611565079 1550 150
1622611570938 1560 151
1622611576800 1570 152
1622611582915 1580 153
1622611588891 1590 154
1622611594901 1600 155
1622611600942 1610 156
1622611607076 1620 157
1622611613459 1630 158
1622611619598 1640 159
1622611625850 1650 160
1622611632081 1660 161
1622611638310 1670 162
1622611644556 1680 163
1622611650892 1690 164
1622611657238 1700 165
1622611663579 1710 166
1622611669984 1720 167
1622611676440 1730 168
1622611682959 1740 169
1622611689490 1750 170
1622611696056 1760 171
1622611702699 1770 172
1622611709345 1780 173
1622611716067 1790 174
1622611722860 1800 175
1622611729686 1810 176
1622611736536 1820 177
1622611743337 1830 178
1622611750205 1840 179
1622611757083 1850 180
1622611764019 1860 181
1622611770992 1870 182
1622611778038 1880 183
1622611785081 1890 184
1622611792115 1900 185
1622611799233 1910 186
1622611806400 1920 187
1622611813639 1930 188
1622611820871 1940 189
1622611828096 1950 190
1622611835382 1960 191
1622611842750 1970 192
1622611850144 1980 193
1622611857638 1990 194
1622611865141 2000 195
1622611872689 2010 196
1622611880353 2020 197
1622611887882 2030 198
1622611895409 2040 199
1622611903035 2050 200
1622611910898 2060 201
1622611918627 2070 202
1622611926472 2080 203
1622611934609 2090 204
1622611943076 2100 205
1622611951787 2110 206
1622611960688 2120 207
1622611968609 2130 208
1622611976489 2140 209
1622611984582 2150 210
1622611992633 2160 211
1622612000658 2170 212
1622612008806 2180 213
1622612016921 2190 214
1622612025041 2200 215
1622612033187 2210 216
1622612041487 2220 217
1622612049759 2230 218
1622612057997 2240 219
1622612066401 2250 220
1622612074772 2260 221
1622612083206 2270 222
1622612091604 2280 223
1622612100218 2290 224
1622612109028 2300 225
1622612117549 2310 226
1622612126105 2320 227
1622612134839 2330 228
1622612143420 2340 229
1622612152042 2350 230
1622612160769 2360 231
1622612169462 2370 232
1622612178277 2380 233
1622612187805 2390 234
1622612197378 2400 235
1622612206871 2410 236
1622612215839 2420 237
1622612224814 2430 238
1622612233787 2440 239
1622612242859 2450 240
1622612252169 2460 241
1622612261489 2470 242
1622612270776 2480 243
1622612280059 2490 244
1622612289631 2500 245
1622612298896 2510 246
1622612308201 2520 247
1622612317482 2530 248
1622612326842 2540 249
1622612336244 2550 250
1622612345686 2560 251
1622612355198 2570 252
1622612364774 2580 253
1622612374314 2590 254
1622612383988 2600 255
1622612393571 2610 256
1622612403619 2620 257
1622612413671 2630 258
1622612423397 2640 259
1622612433198 2650 260
1622612443145 2660 261
1622612453601 2670 262
1622612464332 2680 263
1622612474237 2690 264
1622612484207 2700 265
1622612494169 2710 266
1622612504177 2720 267
1622612514209 2730 268
1622612524384 2740 269
1622612534535 2750 270
1622612544762 2760 271
1622612555077 2770 272
1622612565347 2780 273
1622612576134 2790 274
1622612587208 2800 275
1622612597649 2810 276
1622612608168 2820 277
1622612618578 2830 278
1622612630067 2840 279
1622612641729 2850 280
1622612652632 2860 281
1622612663794 2870 282
1622612674588 2880 283
1622612685274 2890 284
1622612695918 2900 285
1622612706618 2910 286
1622612718641 2920 287
1622612730068 2930 288
1622612740969 2940 289
1622612751811 2950 290
1622612764152 2960 291
1622612775623 2970 292
1622612786507 2980 293
1622612797456 2990 294
1622612808813 3000 295
1622612821721 3010 296
1622612832805 3020 297
1622612843916 3030 298
1622612855075 3040 299
1622612866273 3050 300
1622612877478 3060 301
1622612888816 3070 302
1622612900067 3080 303
1622612911511 3090 304
1622612922890 3100 305
1622612934283 3110 306
1622612945742 3120 307
1622612957580 3130 308
1622612969313 3140 309
1622612980899 3150 310
1622612992676 3160 311
1622613004238 3170 312
1622613015957 3180 313
1622613027558 3190 314
1622613039290 3200 315
1622613051088 3210 316
1622613062804 3220 317
1622613074577 3230 318
1622613086437 3240 319
1622613098349 3250 320
1622613110600 3260 321
1622613122533 3270 322
1622613134555 3280 323
1622613146835 3290 324
1622613159326 3300 325
1622613171899 3310 326
1622613183984 3320 327
1622613196193 3330 328
1622613208364 3340 329
1622613220728 3350 330
1622613233032 3360 331
1622613245471 3370 332
1622613258353 3380 333
1622613270862 3390 334
1622613283377 3400 335
1622613296044 3410 336
1622613308604 3420 337
1622613321144 3430 338
1622613333715 3440 339
1622613346334 3450 340
1622613359012 3460 341
1622613371855 3470 342
1622613384581 3480 343
1622613397333 3490 344
1622613410118 3500 345
1622613422929 3510 346
1622613435896 3520 347
1622613448872 3530 348
1622613461800 3540 349
1622613475897 3550 350
1622613489299 3560 351
1622613503324 3570 352
1622613517001 3580 353
1622613530884 3590 354
1622613544030 3600 355
1622613557484 3610 356
1622613571168 3620 357
1622613584507 3630 358
1622613597879 3640 359
1622613611243 3650 360
1622613624624 3660 361
1622613639389 3670 362
1622613652751 3680 363
1622613666225 3690 364
1622613679739 3700 365
1622613693281 3710 366
1622613706873 3720 367
1622613720433 3730 368
1622613734235 3740 369
1622613747858 3750 370
1622613761565 3760 371
1622613775389 3770 372
1622613789207 3780 373
1622613803009 3790 374
1622613817681 3800 375
1622613832652 3810 376
1622613846643 3820 377
1622613860768 3830 378
1622613874909 3840 379
1622613889105 3850 380
1622613903546 3860 381
1622613917687 3870 382
1622613931866 3880 383
1622613946011 3890 384
1622613960275 3900 385
1622613974664 3910 386
1622613988873 3920 387
1622614003423 3930 388
1622614018741 3940 389
1622614035338 3950 390
1622614049837 3960 391
1622614064402 3970 392
1622614079031 3980 393
1622614093663 3990 394
1622614108281 4000 395
1622614122957 4010 396
1622614137623 4020 397
1622614152420 4030 398
1622614167312 4040 399
1622614182260 4050 400
1622614197403 4060 401
1622614212249 4070 402
1622614227394 4080 403
1622614242830 4090 404
1622614259837 4100 405
1622614275530 4110 406
1622614290667 4120 407
1622614307419 4130 408
1622614323739 4140 409
1622614339283 4150 410
1622614354717 4160 411
1622614369882 4170 412
1622614385053 4180 413
1622614400587 4190 414
1622614415993 4200 415
1622614431345 4210 416
1622614448006 4220 417
1622614463425 4230 418
1622614478891 4240 419
1622614494362 4250 420
1622614509991 4260 421
1622614526213 4270 422
1622614542493 4280 423
1622614558125 4290 424
1622614573708 4300 425
1622614589394 4310 426
1622614605083 4320 427
1622614621412 4330 428
1622614637204 4340 429
1622614653168 4350 430
1622614668984 4360 431
1622614684895 4370 432
1622614701876 4380 433
1622614718730 4390 434
1622614734910 4400 435
1622614751114 4410 436
1622614767345 4420 437
1622614783707 4430 438
1622614801173 4440 439
1622614817751 4450 440
1622614833939 4460 441
1622614851098 4470 442
1622614867444 4480 443
1622614884069 4490 444
1622614900411 4500 445
1622614917020 4510 446
1622614934041 4520 447
1622614950814 4530 448
1622614967555 4540 449
1622614984147 4550 450
1622615001148 4560 451
1622615017927 4570 452
1622615035389 4580 453
1622615052014 4590 454
1622615068735 4600 455
1622615086738 4610 456
1622615104274 4620 457
1622615121192 4630 458
1622615138272 4640 459
1622615155184 4650 460
1622615172350 4660 461
1622615189386 4670 462
1622615206636 4680 463
1622615223950 4690 464
1622615240981 4700 465
1622615258297 4710 466
1622615275453 4720 467
1622615292686 4730 468
1622615309921 4740 469
1622615328499 4750 470
1622615345732 4760 471
1622615363497 4770 472
1622615380849 4780 473
1622615398556 4790 474
1622615416248 4800 475
1622615434933 4810 476
1622615453031 4820 477
1622615471628 4830 478
1622615489083 4840 479
1622615507196 4850 480
1622615525583 4860 481
1622615543200 4870 482
1622615561667 4880 483
1622615579318 4890 484
1622615597076 4900 485
1622615614816 4910 486
1622615633547 4920 487
1622615651860 4930 488
1622615669769 4940 489
1622615687740 4950 490
1622615705760 4960 491
1622615724114 4970 492
1622615742171 4980 493
1622615760299 4990 494
1622615778464 5000 495
1622615796798 5010 496
1622615815628 5020 497
1622615834887 5030 498
1622615853331 5040 499
1622615871854 5050 500
