1622654038605 0.006 0
1622654039440 0.677 1
1622654040473 0.877 2
1622654041673 1.046 3
1622654043064 1.241 4
1622654044656 1.441 5
1622654046408 1.603 6
1622654048350 1.789 7
1622654050454 1.949 8
1622654052803 2.203 9
1622654055325 2.374 10
1622654058005 2.529 11
1622654060873 2.71 12
1622654063934 2.896 13
1622654067089 3.001 14
1622654070419 3.179 15
1622654073929 3.356 16
1622654077670 3.591 17
1622654081565 3.747 18
1622654085612 3.901 19
1622654089848 4.089 20
1622654094251 4.255 21
1622654098870 4.471 22
1622654103652 4.629 23
1622654109562 5.765 24
1622654114720 5.01 25
1622654120080 5.213 26
1622654125597 5.37 27
1622654131304 5.557 28
1622654137174 5.72 29
1622654143199 5.882 30
1622654149436 6.088 31
1622654155850 6.267 32
1622654162485 6.49 33
1622654169341 6.706 34
1622654176775 7.27 35
1622654184313 7.302 36
1622654191609 7.146 37
1622654199047 7.29 38
1622654206671 7.473 39
1622654214448 7.625 40
1622654222436 7.841 41
1622654230660 8.074 42
1622654239049 8.241 43
1622654247596 8.403 44
1622654256435 8.689 45
1622654265385 8.804 46
1622654274488 8.958 47
1622654283710 9.076 48
1622654293116 9.26 49
1622654302701 9.433 50
1622654312448 9.597 51
1622654322474 9.873 52
1622654332619 10.002 53
1622654342958 10.194 54
1622654353493 10.385 55
1622654364224 10.586 56
1622654375244 10.876 57
1622654386427 11.031 58
1622654397723 11.145 59
1622654409253 11.38 60
1622654420904 11.502 61
1622654432783 11.73 62
1622654444753 11.821 63
1622654456986 12.088 64
1622654469354 12.216 65
1622654481874 12.352 66
1622654494621 12.597 67
1622654507551 12.782 68
1622654520633 12.937 69
1622654533895 13.114 70
1622654547464 13.421 71
1622654561116 13.501 72
1622654574952 13.688 73
1622654588951 13.854 74
1622654603223 14.127 75
1622654617559 14.187 76
1622654632083 14.375 77
1622654646737 14.509 78
1622654661590 14.703 79
1622654676607 14.87 80
1622654691910 15.152 81
1622654708248 16.175 82
1622654724107 15.659 83
1622654740808 16.533 84
1622654757195 16.154 85
1622654773510 16.165 86
1622654789816 16.158 87
1622654806358 16.395 88
1622654824352 17.848 89
1622654841431 16.928 90
1622654858707 17.107 91
1622654876552 17.612 92
1622654894240 17.538 93
1622654913926 19.536 94
1622654931720 17.646 95
1622654949677 17.799 96
1622654967842 18.01 97
1622654986246 18.251 98
1622655004777 18.38 99
1622655023790 18.861 100
1622655042953 19.01 101
1622655062064 18.964 102
1622655081399 19.188 103
1622655100932 19.381 104
1622655120617 19.533 105
1622655140431 19.666 106
1622655160426 19.847 107
1622655180591 20.015 108
1622655200780 20.038 109
1622655221346 20.415 110
1622655242128 20.637 111
1622655263140 20.864 112
1622655285240 21.948 113
1622655307501 22.112 114
1622655328979 21.326 115
1622655350574 21.448 116
1622655372214 21.495 117
1622655395019 22.659 118
1622655417086 21.919 119
1622655439484 22.249 120
1622655461992 22.356 121
1622655484621 22.475 122
1622655507374 22.601 123
1622655530364 22.844 124
1622655553524 23.015 125
1622655577715 24.034 126
1622655601223 23.355 127
1622655624949 23.575 128
1622655652299 27.203 129
1622655676246 23.79 130
1622655700389 23.991 131
1622655724757 24.221 132
1622655749269 24.353 133
1622655774130 24.702 134
1622655799002 24.725 135
1622655824010 24.859 136
1622655849167 25.008 137
1622655874490 25.176 138
1622655899891 25.249 139
1622655925725 25.688 140
1622655951610 25.733 141
1622655977819 26.06 142
1622656004215 26.243 143
1622656030657 26.296 144
1622656057172 26.372 145
1622656084177 26.858 146
1622656112096 27.768 147
1622656142965 30.686 148
1622656171347 28.232 149
1622656198985 27.493 150
1622656226807 27.674 151
1622656254990 28.04 152
1622656283251 28.112 153
1622656311519 28.116 154
1622656340208 28.537 155
1622656368847 28.486 156
1622656397753 28.758 157
1622656427155 29.256 158
1622656456564 29.26 159
1622656486102 29.391 160
1622656515704 29.452 161
1622656546657 30.707 162
1622656576935 30.121 163
1622656607558 30.473 164
1622656638151 30.444 165
1622656668884 30.585 166
1622656700036 31.004 167
1622656731490 31.308 168
1622656762935 31.299 169
1622656794631 31.551 170
1622656826817 32.035 171
1622656860304 33.331 172
1622656892335 31.883 173
1622656924463 31.983 174
1622656957896 33.286 175
1622656991436 33.396 176
1622657024028 32.447 177
1622657056673 32.5 178
1622657089724 32.908 179
1622657122613 32.74 180
1622657156569 33.796 181
1622657190606 33.811 182
1622657224392 33.634 183
1622657258184 33.642 184
1622657292237 33.907 185
1622657326729 34.347 186
1622657361963 35.09 187
1622657396651 34.541 188
1622657431480 34.684 189
1622657466840 35.209 190
1622657502122 35.135 191
1622657538727 36.457 192
1622657575350 36.474 193
1622657611260 35.764 194
1622657647152 35.735 195
1622657683164 35.842 196
1622657720493 37.165 197
1622657757066 36.424 198
1622657794722 37.51 199
1622657831724 36.855 200
1622657868804 36.935 201
1622657906097 37.152 202
1622657943421 37.176 203
1622657980858 37.296 204
1622658020601 39.595 205
1622658058812 38.051 206
1622658096962 37.995 207
1622658135236 38.128 208
1622658173538 38.158 209
1622658212145 38.465 210
1622658250814 38.523 211
1622658289800 38.841 212
1622658328819 38.868 213
1622658367961 38.996 214
1622658407463 39.35 215
1622658447005 39.39 216
1622658488183 41.023 217
1622658528301 39.961 218
1622658568891 40.418 219
1622658611326 42.191 220
1622658651872 40.395 221
1622658692522 40.505 222
1622658733493 40.828 223
1622658774706 41.067 224
1622658818230 43.382 225
1622658859685 41.31 226
1622658901287 41.454 227
1622658943208 41.77 228
1622658985416 42.063 229
1622659027601 42.038 230
1622659070245 42.491 231
1622659113184 42.79 232
1622659156238 42.843 233
1622659199430 43.041 234
1622659242640 43.06 235
1622659286288 43.501 236
1622659329950 43.515 237
1622659374452 44.36 238
1622659418397 43.802 239
1622659463342 44.795 240
1622659507615 44.128 241
1622659551689 43.926 242
1622659596011 44.173 243
1622659640562 44.401 244
1622659684819 44.107 245
1622659729992 45.03 246
1622659775304 45.166 247
1622659822081 46.628 248
1622659867162 44.933 249
1622659912296 44.985 250
1622659958915 46.474 251
1622660005351 46.288 252
1622660051374 45.876 253
1622660096144 44.624 254
1622660141643 45.351 255
1622660188089 46.296 256
1622660234951 46.715 257
1622660281771 46.672 258
1622660329067 47.146 259
1622660381830 52.616 260
1622660428161 46.186 261
1622660474800 46.492 262
1622660521505 46.556 263
1622660574893 53.234 264
1622660628782 53.725 265
1622660683050 54.108 266
1622660740083 56.873 267
1622660796483 56.239 268
1622660851814 55.167 269
1622660904390 52.417 270
1622660963181 58.63 271
1622661015867 52.513 272
1622661074094 58.07 273
1622661127766 53.492 274
1622661180223 52.279 275
1622661247410 67.019 276
1622661315894 68.315 277
1622661366221 50.156 278
1622661418379 52.004 279
1622661470270 51.736 280
1622661521470 51.057 281
1622661571952 50.332 282
1622661622634 50.53 283
1622661674408 51.623 284
1622661725947 51.384 285
1622661778234 52.132 286
1622661830213 51.828 287
1622661883117 52.76 288
1622661936736 53.468 289
1622661988502 51.62 290
1622662040154 51.504 291
1622662092197 51.897 292
1622662144424 52.08 293
1622662196310 51.736 294
1622662249966 53.508 295
1622662302380 52.265 296
1622662354919 52.392 297
1622662408054 52.985 298
1622662461684 53.486 299
1622662514791 52.947 300
1622662569452 54.42 301
1622662623093 53.495 302
1622662677323 54.083 303
1622662731536 54.065 304
1622662787977 56.295 305
1622662843186 55.062 306
1622662898142 54.809 307
1622662953002 54.714 308
1622663008388 55.246 309
1622663065874 57.341 310
1622663121113 55.087 311
1622663176578 55.31 312
1622663232123 55.39 313
1622663287810 55.545 314
1622663343801 55.847 315
1622663399893 55.94 316
1622663456474 56.427 317
1622663513168 56.547 318
1622663570209 56.893 319
1622663627420 57.063 320
1622663684138 56.57 321
1622663741649 57.365 322
1622663799096 57.302 323
1622663857620 58.379 324
1622663915671 57.908 325
1622663974713 58.897 326
1622664032878 58.014 327
1622664094571 61.537 328
1622664154419 59.697 329
1622664213496 58.926 330
1622664272963 59.317 331
1622664332946 59.834 332
1622664392700 59.602 333
1622664452643 59.794 334
1622664513000 60.205 335
1622664575179 62.021 336
1622664635564 60.229 337
1622664695993 60.274 338
1622664756591 60.449 339
1622664817229 60.487 340
1622664878321 60.945 341
1622664939682 61.208 342
1622665001503 61.675 343
1622665063323 61.672 344
1622665125306 61.835 345
1622665187216 61.762 346
1622665249447 62.083 347
1622665312173 62.576 348
1622665375024 62.703 349
1622665437479 62.312 350
1622665500118 62.489 351
1622665564784 64.514 352
1622665627939 63.012 353
1622665691038 62.955 354
1622665754797 63.563 355
1622665820399 65.449 356
1622665884436 63.892 357
1622665950921 66.333 358
1622666015686 64.612 359
1622666080235 64.397 360
1622666145907 65.522 361
1622666210652 64.595 362
1622666275847 65.049 363
1622666340832 64.838 364
1622666405978 65.004 365
1622666471765 65.642 366
1622666537477 65.562 367
1622666603413 65.785 368
1622666669662 66.106 369
1622666735564 65.758 370
1622666801644 65.932 371
1622666869123 67.334 372
1622666936717 67.45 373
1622667003560 66.696 374
1622667072428 68.719 375
1622667141288 68.715 376
1622667209924 68.488 377
1622667278623 68.544 378
1622667346401 67.624 379
1622667414589 68.042 380
1622667482909 68.067 381
1622667552215 69.143 382
1622667621828 69.465 383
1622667690575 68.598 384
1622667759274 68.551 385
1622667828410 68.988 386
1622667897882 69.318 387
1622667967643 69.608 388
1622668037741 69.951 389
1622668109865 71.977 390
1622668180212 70.202 391
1622668251043 70.686 392
1622668321786 70.597 393
1622668392964 71.034 394
1622668464188 71.073 395
1622668535687 71.35 396
1622668606826 70.995 397
1622668678506 71.527 398
1622668750261 71.605 399
1622668822399 71.988 400
1622668894349 71.806 401
1622668966707 72.209 402
1622669039253 72.401 403
1622669111856 72.457 404
1622669184619 72.61 405
1622669257646 72.879 406
1622669330932 73.134 407
1622669404527 73.446 408
1622669482783 78.105 409
1622669556772 73.838 410
1622669634878 77.959 411
1622669709456 74.424 412
1622669784383 74.776 413
1622669860577 76.044 414
1622669935525 74.797 415
1622670010192 74.517 416
1622670085199 74.857 417
1622670160208 74.86 418
1622670235542 75.188 419
1622670311124 75.434 420
1622670386562 75.29 421
1622670462559 75.836 422
1622670538747 76.03 423
1622670615030 76.136 424
1622670691784 76.603 425
1622670768532 76.6 426
1622670845348 76.67 427
1622670922079 76.582 428
1622671001166 78.935 429
1622671078584 77.268 430
1622671156033 77.295 431
1622671233919 77.736 432
1622671311734 77.67 433
1622671389486 77.602 434
1622671467201 77.563 435
1622671546660 79.308 436
1622671625428 78.615 437
1622671704715 79.134 438
1622671783621 78.752 439
1622671862676 78.904 440
1622671941973 79.153 441
1622672021283 79.161 442
1622672101204 79.772 443
1622672180825 79.47 444
1622672260941 79.968 445
1622672341073 79.978 446
1622672421402 80.179 447
1622672502341 80.788 448
1622672583766 81.262 449
1622672665388 81.474 450
1622672747391 81.849 451
1622672829151 81.605 452
1622672911067 81.765 453
1622672993409 82.181 454
1622673078270 84.702 455
1622673160953 82.536 456
1622673243831 82.725 457
1622673326728 82.751 458
1622673409752 82.872 459
1622673492754 82.855 460
1622673576357 83.459 461
1622673660155 83.65 462
1622673743942 83.641 463
1622673827879 83.787 464
1622673912057 84.028 465
1622673996105 83.899 466
1622674080623 84.365 467
1622674165893 85.118 468
1622674251007 84.954 469
1622674336319 85.165 470
1622674421433 84.964 471
1622674508471 86.89 472
1622674594311 85.693 473
1622674680411 85.95 474
1622674766675 86.114 475
1622674853789 86.963 476
1622674940737 86.798 477
1622675027021 86.137 478
1622675117539 90.365 479
1622675204431 86.748 480
1622675291249 86.674 481
1622675378435 87.037 482
1622675467302 88.718 483
1622675554811 87.362 484
1622675641908 86.949 485
1622675730408 88.353 486
1622675819326 88.771 487
1622675908978 89.503 488
1622675999428 90.3 489
1622676089156 89.578 490
1622676180005 90.705 491
1622676269786 89.634 492
1622676360034 90.099 493
1622676451042 90.86 494
1622676541208 90.019 495
1622676632453 91.09 496
1622676723105 90.504 497
1622676815099 91.847 498
1622676907919 92.672 499
1622677000944 92.876 500
