1622738671115 0.379 0
1622738671653 0.075 1
1622738672172 0.075 2
1622738672738 0.076 3
1622738673323 0.076 4
1622738673951 0.077 5
1622738674616 0.075 6
1622738675299 0.075 7
1622738676029 0.076 8
1622738676811 0.076 9
1622738677623 0.076 10
1622738678464 0.076 11
1622738679354 0.076 12
1622738680276 0.076 13
1622738681212 0.075 14
1622738682201 0.075 15
1622738683224 0.075 16
1622738684278 0.076 17
1622738685381 0.076 18
1622738686508 0.075 19
1622738687671 0.076 20
1622738688870 0.076 21
1622738690100 0.076 22
1622738691387 0.076 23
1622738692694 0.076 24
1622738694042 0.076 25
1622738695383 0.076 26
1622738696797 0.076 27
1622738698245 0.076 28
1622738699739 0.077 29
1622738701263 0.075 30
1622738702817 0.076 31
1622738704424 0.076 32
1622738706056 0.077 33
1622738707710 0.076 34
1622738709408 0.076 35
1622738711157 0.076 36
1622738712911 0.077 37
1622738714721 0.076 38
1622738716575 0.076 39
1622738718444 0.075 40
1622738720354 0.077 41
1622738722317 0.077 42
1622738724289 0.076 43
1622738726335 0.076 44
1622738728359 0.077 45
1622738730473 0.076 46
1622738732601 0.077 47
1622738734774 0.076 48
1622738737010 0.076 49
1622738739240 0.076 50
1622738741496 0.076 51
1622738743797 0.075 52
1622738746173 0.076 53
1622738748573 0.075 54
1622738751009 0.076 55
1622738753442 0.075 56
1622738755903 0.076 57
1622738758428 0.075 58
1622738760988 0.076 59
1622738763577 0.076 60
1622738766188 0.076 61
1622738768827 0.077 62
1622738771484 0.075 63
1622738774242 0.075 64
1622738777023 0.076 65
1622738779788 0.075 66
1622738782629 0.075 67
1622738785522 0.077 68
1622738788446 0.075 69
1622738791394 0.076 70
1622738794370 0.076 71
1622738797407 0.075 72
1622738800468 0.076 73
1622738803575 0.076 74
1622738806719 0.075 75
1622738809883 0.075 76
1622738813068 0.075 77
1622738816267 0.075 78
1622738819519 0.076 79
1622738822798 0.075 80
1622738826110 0.076 81
1622738829511 0.076 82
1622738832913 0.075 83
1622738836349 0.075 84
1622738839817 0.076 85
1622738843338 0.076 86
1622738846899 0.076 87
1622738850481 0.076 88
1622738854107 0.075 89
1622738857775 0.076 90
1622738861458 0.076 91
1622738865227 0.076 92
1622738869038 0.075 93
1622738872815 0.076 94
1622738876667 0.076 95
1622738880536 0.075 96
1622738884457 0.077 97
1622738888391 0.076 98
1622738892395 0.076 99
1622738896467 0.075 100
1622738900540 0.075 101
1622738904624 0.076 102
1622738908746 0.075 103
1622738912910 0.076 104
1622738917142 0.075 105
1622738921403 0.076 106
1622738925646 0.075 107
1622738929962 0.075 108
1622738934313 0.076 109
1622738938690 0.077 110
1622738943143 0.075 111
1622738947599 0.076 112
1622738952121 0.076 113
1622738956654 0.075 114
1622738961233 0.077 115
1622738965839 0.076 116
1622738970494 0.076 117
1622738975191 0.076 118
1622738979945 0.077 119
1622738984681 0.077 120
1622738989483 0.076 121
1622738994324 0.076 122
1622738999197 0.076 123
1622739004039 0.076 124
1622739009011 0.075 125
1622739013970 0.075 126
1622739018970 0.075 127
1622739024027 0.077 128
1622739029053 0.077 129
1622739034133 0.076 130
1622739039307 0.076 131
1622739044437 0.075 132
1622739049636 0.077 133
1622739054899 0.075 134
1622739060155 0.075 135
1622739065498 0.076 136
1622739070874 0.075 137
1622739076276 0.076 138
1622739081749 0.076 139
1622739087230 0.076 140
1622739092708 0.076 141
1622739098253 0.075 142
1622739103868 0.075 143
1622739109482 0.075 144
1622739115124 0.076 145
1622739120835 0.075 146
1622739126532 0.077 147
1622739132279 0.075 148
1622739138080 0.076 149
1622739143964 0.075 150
1622739149862 0.075 151
1622739155839 0.077 152
1622739161812 0.076 153
1622739167766 0.076 154
1622739173754 0.076 155
1622739180685 0.147 156
1622739186704 0.076 157
1622739192740 0.075 158
1622739198800 0.074 159
1622739204975 0.075 160
1622739211150 0.077 161
1622739217346 0.075 162
1622739223609 0.075 163
1622739229827 0.075 164
1622739236164 0.076 165
1622739242549 0.075 166
1622739248892 0.076 167
1622739255275 0.075 168
1622739261695 0.076 169
1622739268169 0.075 170
1622739274709 0.075 171
1622739281226 0.075 172
1622739287826 0.076 173
1622739294450 0.075 174
1622739301099 0.076 175
1622739307779 0.075 176
1622739314531 0.075 177
1622739321249 0.075 178
1622739328097 0.075 179
1622739334932 0.075 180
1622739341880 0.075 181
1622739348879 0.075 182
1622739355818 0.075 183
1622739362819 0.075 184
1622739369867 0.075 185
1622739376933 0.075 186
1622739383976 0.075 187
1622739391099 0.076 188
1622739398228 0.076 189
1622739405408 0.075 190
1622739412620 0.076 191
1622739419843 0.075 192
1622739427133 0.075 193
1622739434474 0.076 194
1622739441873 0.076 195
1622739449254 0.076 196
1622739456649 0.075 197
1622739464121 0.075 198
1622739471622 0.075 199
1622739479105 0.075 200
1622739486692 0.076 201
1622739494261 0.075 202
1622739501922 0.076 203
1622739509655 0.076 204
1622739517414 0.076 205
1622739525179 0.075 206
1622739532958 0.076 207
1622739540755 0.075 208
1622739548624 0.076 209
1622739556527 0.076 210
1622739564521 0.076 211
1622739572445 0.075 212
1622739580508 0.076 213
1622739588545 0.075 214
1622739596649 0.075 215
1622739604730 0.075 216
1622739612859 0.077 217
1622739621092 0.075 218
1622739629286 0.076 219
1622739637539 0.076 220
1622739645856 0.075 221
1622739654218 0.075 222
1622739662609 0.075 223
1622739671004 0.075 224
1622739679408 0.075 225
1622739687928 0.075 226
1622739696463 0.076 227
1622739704992 0.075 228
1622739713518 0.075 229
1622739722154 0.075 230
1622739730898 0.075 231
1622739739612 0.075 232
1622739748280 0.075 233
1622739757044 0.076 234
1622739765857 0.075 235
1622739774748 0.075 236
1622739783590 0.074 237
1622739792583 0.075 238
1622739801484 0.076 239
1622739810476 0.075 240
1622739819558 0.075 241
1622739828651 0.076 242
1622739837712 0.076 243
1622739846957 0.076 244
1622739856156 0.076 245
1622739865310 0.076 246
1622739874580 0.075 247
1622739883886 0.076 248
1622739893193 0.075 249
1622739902552 0.076 250
1622739911892 0.076 251
1622739921321 0.075 252
1622739930813 0.076 253
1622739940304 0.076 254
1622739949862 0.075 255
1622739959365 0.075 256
1622739969027 0.075 257
1622739978577 0.075 258
1622739988205 0.075 259
1622739997892 0.075 260
1622740007608 0.075 261
1622740017405 0.076 262
1622740027224 0.075 263
1622740036981 0.075 264
1622740046793 0.075 265
1622740056710 0.076 266
1622740066684 0.076 267
1622740076762 0.076 268
1622740086781 0.075 269
1622740096887 0.075 270
1622740106965 0.075 271
1622740117058 0.076 272
1622740127200 0.076 273
1622740137376 0.075 274
1622740147590 0.075 275
1622740157777 0.075 276
1622740168020 0.076 277
1622740178339 0.076 278
1622740188715 0.076 279
1622740199113 0.076 280
1622740209517 0.076 281
1622740220143 0.076 282
1622740230670 0.075 283
1622740241275 0.076 284
1622740251846 0.074 285
1622740262487 0.075 286
1622740273201 0.076 287
1622740283870 0.075 288
1622740294644 0.076 289
1622740305369 0.075 290
1622740316238 0.077 291
1622740327087 0.075 292
1622740338003 0.076 293
1622740348913 0.076 294
1622740359968 0.075 295
1622740371008 0.076 296
1622740382126 0.074 297
1622740393206 0.075 298
1622740404347 0.075 299
1622740415460 0.076 300
1622740426600 0.076 301
1622740437850 0.076 302
1622740449154 0.076 303
1622740460473 0.076 304
1622740471824 0.076 305
1622740483149 0.074 306
1622740494527 0.075 307
1622740506031 0.075 308
1622740517493 0.075 309
1622740528982 0.075 310
1622740540500 0.075 311
1622740552119 0.076 312
1622740563727 0.075 313
1622740575429 0.076 314
1622740587158 0.075 315
1622740598832 0.076 316
1622740610633 0.076 317
1622740622469 0.076 318
1622740634318 0.076 319
1622740646152 0.076 320
1622740658027 0.076 321
1622740669904 0.076 322
1622740681858 0.076 323
1622740693913 0.075 324
1622740706007 0.075 325
1622740718065 0.076 326
1622740730228 0.075 327
1622740742335 0.076 328
1622740754553 0.075 329
1622740766792 0.075 330
1622740779123 0.076 331
1622740791501 0.075 332
1622740803876 0.075 333
1622740816286 0.075 334
1622740828732 0.075 335
1622740841227 0.075 336
1622740853723 0.077 337
1622740866185 0.075 338
1622740878716 0.075 339
1622740891312 0.076 340
1622740903933 0.075 341
1622740916631 0.076 342
1622740929301 0.076 343
1622740942061 0.076 344
1622740954762 0.075 345
1622740967511 0.075 346
1622740980290 0.076 347
1622740993188 0.075 348
1622741006029 0.075 349
1622741018979 0.076 350
1622741031928 0.075 351
1622741044963 0.075 352
1622741058097 0.075 353
1622741071197 0.075 354
1622741084420 0.076 355
1622741097593 0.075 356
1622741110844 0.075 357
1622741124135 0.075 358
1622741137452 0.075 359
1622741150728 0.076 360
1622741164031 0.076 361
1622741177489 0.076 362
1622741190900 0.076 363
1622741204280 0.075 364
1622741217831 0.076 365
1622741231410 0.075 366
1622741244945 0.074 367
1622741258579 0.077 368
1622741272249 0.076 369
1622741285842 0.075 370
1622741299545 0.075 371
1622741313265 0.075 372
1622741327013 0.075 373
1622741340785 0.076 374
1622741354550 0.076 375
1622741368422 0.075 376
1622741382271 0.075 377
1622741396259 0.075 378
1622741410281 0.075 379
1622741424320 0.075 380
1622741438357 0.075 381
1622741452467 0.076 382
1622741466654 0.075 383
1622741480812 0.075 384
1622741494980 0.075 385
1622741509261 0.075 386
1622741523525 0.075 387
1622741537867 0.075 388
1622741552206 0.077 389
1622741566540 0.077 390
1622741580968 0.075 391
1622741595386 0.075 392
1622741609880 0.075 393
1622741624400 0.075 394
1622741638970 0.074 395
1622741653610 0.075 396
1622741668251 0.075 397
1622741682925 0.076 398
1622741698650 0.075 399
1622741713480 0.075 400
1622741728383 0.076 401
1622741743344 0.075 402
1622741758363 0.076 403
1622741773348 0.075 404
1622741788419 0.076 405
1622741803547 0.076 406
1622741818666 0.076 407
1622741833921 0.076 408
1622741849124 0.077 409
1622741865266 0.147 410
1622741880451 0.075 411
1622741895595 0.075 412
1622741910771 0.074 413
1622741925956 0.073 414
1622741941177 0.072 415
1622741956430 0.075 416
1622741971734 0.076 417
1622741987106 0.075 418
1622742002549 0.075 419
1622742017982 0.075 420
1622742033426 0.075 421
1622742048880 0.075 422
1622742064340 0.075 423
1622742080005 0.076 424
1622742095588 0.076 425
1622742111338 0.074 426
1622742127111 0.075 427
1622742142870 0.075 428
1622742158631 0.075 429
1622742174484 0.075 430
1622742190289 0.075 431
1622742206246 0.075 432
1622742222138 0.075 433
1622742238122 0.075 434
1622742254104 0.077 435
1622742269991 0.075 436
1622742286114 0.075 437
1622742302189 0.076 438
1622742318318 0.074 439
1622742334452 0.075 440
1622742350669 0.075 441
1622742366916 0.074 442
1622742383242 0.076 443
1622742399611 0.076 444
1622742417113 0.147 445
1622742434385 0.147 446
1622742450780 0.074 447
1622742467151 0.075 448
1622742483524 0.075 449
1622742500057 0.074 450
1622742516694 0.075 451
1622742533272 0.075 452
1622742549927 0.074 453
1622742566504 0.075 454
1622742583204 0.075 455
1622742599897 0.076 456
1622742616662 0.075 457
1622742633384 0.075 458
1622742650220 0.075 459
1622742666991 0.075 460
1622742683898 0.076 461
1622742700783 0.075 462
1622742717785 0.075 463
1622742734772 0.075 464
1622742751730 0.075 465
1622742768806 0.075 466
1622742786010 0.076 467
1622742803254 0.075 468
1622742820496 0.075 469
1622742837802 0.075 470
1622742855136 0.076 471
1622742872501 0.075 472
1622742889830 0.075 473
1622742907206 0.074 474
1622742924532 0.075 475
1622742941957 0.075 476
1622742959340 0.075 477
1622742976832 0.075 478
1622742994322 0.075 479
1622743011908 0.075 480
1622743029437 0.075 481
1622743047153 0.075 482
1622743064828 0.075 483
1622743082502 0.075 484
1622743100264 0.075 485
1622743118115 0.075 486
1622743135980 0.075 487
1622743153790 0.074 488
1622743171688 0.075 489
1622743189727 0.076 490
1622743207737 0.075 491
1622743225814 0.075 492
1622743243873 0.075 493
1622743262019 0.076 494
1622743280426 0.074 495
1622743298951 0.076 496
1622743317162 0.076 497
1622743335440 0.077 498
1622743353791 0.074 499
1622743372122 0.075 500
