1622898112138 0.9420983725482461 0
1622898113587 0.9420983725482461 1
1622898115419 0.9420983725482461 2
1622898117604 0.9420983725482461 3
1622898120118 0.9420983725482461 4
1622898122987 0.9420983725482461 5
1622898126231 0.9420983725482461 6
1622898129809 0.9420983725482461 7
1622898133740 0.9420983725482461 8
1622898137997 0.9420983725482461 9
1622898142704 0.9420983725482461 10
1622898147732 0.9420983725482461 11
1622898153098 0.9420983725482461 12
1622898158832 0.9420983725482461 13
1622898164980 0.9420983725482461 14
1622898171458 0.9420983725482461 15
1622898178282 0.9420983725482461 16
1622898185454 0.9420983725482461 17
1622898192981 0.9420983725482461 18
1622898200907 0.9420983725482461 19
1622898209164 0.9420983725482461 20
1622898217813 0.9420983725482461 21
1622898226816 0.9420983725482461 22
1622898236212 0.9420983725482461 23
1622898245836 0.9420983725482461 24
1622898255998 0.9420983725482461 25
1622898266431 0.9420983725482461 26
1622898277297 0.9420983725482461 27
1622898288450 0.9420983725482461 28
1622898299857 0.9420983725482461 29
1622898311838 0.9420983725482461 30
1622898324111 0.9420983725482461 31
1622898336736 0.9420983725482461 32
1622898349691 0.9420983725482461 33
1622898363005 0.9420983725482461 34
1622898376662 0.9420983725482461 35
1622898390677 0.9420983725482461 36
1622898405014 0.9420983725482461 37
1622898419829 0.9420983725482461 38
1622898434890 0.9420983725482461 39
1622898450394 0.9420983725482461 40
1622898466391 0.9420983725482461 41
1622898482529 0.9420983725482461 42
1622898499140 0.9420983725482461 43
1622898516068 0.9420983725482461 44
1622898533355 0.9420983725482461 45
1622898551032 0.9420983725482461 46
1622898568977 0.9420983725482461 47
1622898587344 0.9420983725482461 48
1622898606118 0.9420983725482461 49
1622898625088 0.9420983725482461 50
1622898644460 0.9420983725482461 51
1622898664189 0.9420983725482461 52
1622898684282 0.9420983725482461 53
1622898704672 0.9420983725482461 54
1622898725501 0.9420983725482461 55
1622898746616 0.9420983725482461 56
1622898768195 0.9420983725482461 57
1622898790027 0.9420983725482461 58
1622898812208 0.9420983725482461 59
1622898834904 0.9420983725482461 60
1622898857834 0.9420983725482461 61
1622898881061 0.9420983725482461 62
1622898904679 0.9420983725482461 63
1622898928614 0.9420983725482461 64
1622898952969 0.9420983725482461 65
1622898977612 0.9420983725482461 66
1622899002446 0.9420983725482461 67
1622899027856 0.9420983725482461 68
1622899053948 0.9420983725482461 69
1622899080246 0.9420983725482461 70
1622899107030 0.9420983725482461 71
1622899133924 0.9420983725482461 72
1622899161257 0.9420983725482461 73
1622899188987 0.9420983725482461 74
1622899216812 0.9420983725482461 75
1622899244911 0.9420983725482461 76
1622899273564 0.9420983725482461 77
1622899302339 0.9420983725482461 78
1622899331325 0.9420983725482461 79
1622899360718 0.9420983725482461 80
1622899390438 0.9420983725482461 81
1622899420431 0.9420983725482461 82
1622899450825 0.9420983725482461 83
1622899481625 0.9420983725482461 84
1622899512843 0.9420983725482461 85
1622899544348 0.9420983725482461 86
1622899576044 0.9420983725482461 87
1622899608151 0.9420983725482461 88
1622899640662 0.9420983725482461 89
1622899673360 0.9420983725482461 90
1622899706701 0.9420983725482461 91
1622899740469 0.9420983725482461 92
1622899774723 0.9420983725482461 93
1622899809103 0.9420983725482461 94
1622899844126 0.9420983725482461 95
1622899879325 0.9420983725482461 96
1622899914867 0.9420983725482461 97
1622899950852 0.9420983725482461 98
1622899987256 0.9420983725482461 99
1622900023987 0.9420983725482461 100
1622900060999 0.9420983725482461 101
1622900098499 0.9420983725482461 102
1622900136431 0.9420983725482461 103
1622900174462 0.9420983725482461 104
1622900212945 0.9420983725482461 105
1622900251799 0.9420983725482461 106
1622900291032 0.9420983725482461 107
1622900330725 0.9420983725482461 108
1622900370474 0.9420983725482461 109
1622900411631 0.9420983725482461 110
1622900451996 0.9420983725482461 111
1622900493078 0.9420983725482461 112
1622900534543 0.9420983725482461 113
1622900576049 0.9420983725482461 114
1622900618003 0.9420983725482461 115
1622900660387 0.9420983725482461 116
1622900704042 0.9420983725482461 117
1622900747280 0.9420983725482461 118
1622900790849 0.9420983725482461 119
1622900834961 0.9420983725482461 120
1622900879292 0.9420983725482461 121
1622900923774 0.9420983725482461 122
1622900968633 0.9420983725482461 123
1622901013942 0.9420983725482461 124
1622901059664 0.9420983725482461 125
1622901105627 0.9420983725482461 126
1622901152018 0.9420983725482461 127
1622901198457 0.9420983725482461 128
1622901245814 0.9420983725482461 129
1622901293202 0.9420983725482461 130
1622901341040 0.9420983725482461 131
1622901389082 0.9420983725482461 132
1622901437278 0.9420983725482461 133
1622901486088 0.9420983725482461 134
1622901535207 0.9420983725482461 135
1622901584856 0.9420983725482461 136
1622901634819 0.9420983725482461 137
1622901685064 0.9420983725482461 138
1622901735699 0.9420983725482461 139
1622901787030 0.9420983725482461 140
1622901838593 0.9420983725482461 141
1622901890249 0.9420983725482461 142
1622901942458 0.9420983725482461 143
1622901994869 0.9420983725482461 144
1622902048068 0.9420983725482461 145
1622902101509 0.9420983725482461 146
1622902155201 0.9420983725482461 147
1622902209262 0.9420983725482461 148
1622902263709 0.9420983725482461 149
1622902319825 0.9420983725482461 150
1622902374833 0.9420983725482461 151
1622902430251 0.9420983725482461 152
1622902486000 0.9420983725482461 153
1622902542175 0.9420983725482461 154
1622902598618 0.9420983725482461 155
1622902655334 0.9420983725482461 156
1622902712429 0.9420983725482461 157
1622902769702 0.9420983725482461 158
1622902827735 0.9420983725482461 159
1622902885772 0.9420983725482461 160
1622902944559 0.9420983725482461 161
1622903003460 0.9420983725482461 162
1622903062634 0.9420983725482461 163
1622903121945 0.9420983725482461 164
1622903181875 0.9420983725482461 165
1622903241876 0.9420983725482461 166
1622903302548 0.9420983725482461 167
1622903363236 0.9420983725482461 168
1622903424569 0.9420983725482461 169
1622903486455 0.9420983725482461 170
1622903548577 0.9420983725482461 171
1622903611060 0.9420983725482461 172
1622903673930 0.9420983725482461 173
1622903737016 0.9420983725482461 174
1622903800691 0.9420983725482461 175
1622903864358 0.9420983725482461 176
1622903928734 0.9420983725482461 177
1622903993234 0.9420983725482461 178
1622904057925 0.9420983725482461 179
1622904122865 0.9420983725482461 180
1622904187751 0.9420983725482461 181
1622904252790 0.9420983725482461 182
1622904318157 0.9420983725482461 183
1622904383758 0.9420983725482461 184
1622904450158 0.9420983725482461 185
1622904517188 0.9420983725482461 186
1622904584289 0.9420983725482461 187
1622904651766 0.9420983725482461 188
1622904719528 0.9420983725482461 189
1622904788530 0.9420983725482461 190
1622904856869 0.9420983725482461 191
1622904925555 0.9420983725482461 192
1622904995184 0.9420983725482461 193
1622905064601 0.9420983725482461 194
1622905134312 0.9420983725482461 195
1622905204337 0.9420983725482461 196
1622905275096 0.9420983725482461 197
1622905346206 0.9420983725482461 198
1622905417459 0.9420983725482461 199
1622905489800 0.9420983725482461 200
1622905561897 0.9420983725482461 201
1622905634533 0.9420983725482461 202
1622905707476 0.9420983725482461 203
1622905780635 0.9420983725482461 204
1622905854420 0.9420983725482461 205
1622905928292 0.9420983725482461 206
1622906002362 0.9420983725482461 207
1622906077022 0.9420983725482461 208
1622906151906 0.9420983725482461 209
1622906227346 0.9420983725482461 210
1622906302658 0.9420983725482461 211
1622906378939 0.9420983725482461 212
1622906454699 0.9420983725482461 213
1622906530729 0.9420983725482461 214
1622906607584 0.9420983725482461 215
1622906685062 0.9420983725482461 216
1622906762839 0.9420983725482461 217
1622906840955 0.9420983725482461 218
1622906919152 0.9420983725482461 219
1622906998000 0.9420983725482461 220
1622907076970 0.9420983725482461 221
1622907156861 0.9420983725482461 222
1622907237083 0.9420983725482461 223
1622907317508 0.9420983725482461 224
1622907398823 0.9420983725482461 225
1622907480098 0.9420983725482461 226
1622907560422 0.9420983725482461 227
1622907642339 0.9420983725482461 228
1622907724939 0.9420983725482461 229
1622907805737 0.9420983725482461 230
1622907886990 0.9420983725482461 231
1622907968179 0.9420983725482461 232
1622908050629 0.9420983725482461 233
1622908131700 0.9420983725482461 234
1622908212961 0.9420983725482461 235
1622908294681 0.9420983725482461 236
1622908378379 0.9420983725482461 237
1622908460851 0.9420983725482461 238
1622908544155 0.9420983725482461 239
1622908627424 0.9420983725482461 240
1622908710888 0.9420983725482461 241
1622908794823 0.9420983725482461 242
1622908879324 0.9420983725482461 243
1622908964081 0.9420983725482461 244
1622909049414 0.9420983725482461 245
1622909135282 0.9420983725482461 246
1622909221167 0.9420983725482461 247
1622909307146 0.9420983725482461 248
1622909393660 0.9420983725482461 249
1622909480764 0.9420983725482461 250
1622909568075 0.9420983725482461 251
1622909655475 0.9420983725482461 252
1622909743098 0.9420983725482461 253
1622909830892 0.9420983725482461 254
1622909919325 0.9420983725482461 255
1622910008266 0.9420983725482461 256
1622910097975 0.9420983725482461 257
1622910187664 0.9420983725482461 258
1622910277424 0.9420983725482461 259
1622910368496 0.9420983725482461 260
1622910459575 0.9420983725482461 261
1622910551108 0.9420983725482461 262
1622910642732 0.9420983725482461 263
1622910734824 0.9420983725482461 264
1622910826849 0.9420983725482461 265
1622910919386 0.9420983725482461 266
1622911013104 0.9420983725482461 267
1622911106626 0.9420983725482461 268
1622911200587 0.9420983725482461 269
1622911295098 0.9420983725482461 270
1622911391093 0.9420983725482461 271
1622911487399 0.9420983725482461 272
1622911583394 0.9420983725482461 273
1622911680044 0.9420983725482461 274
1622911777015 0.9420983725482461 275
1622911874376 0.9420983725482461 276
1622911971213 0.9420983725482461 277
1622912069149 0.9420983725482461 278
1622912168132 0.9420983725482461 279
1622912268728 0.9420983725482461 280
1622912367774 0.9420983725482461 281
1622912466231 0.9420983725482461 282
1622912564823 0.9420983725482461 283
1622912664406 0.9420983725482461 284
1622912764170 0.9420983725482461 285
1622912864659 0.9420983725482461 286
1622912964929 0.9420983725482461 287
1622913065001 0.9420983725482461 288
1622913165660 0.9420983725482461 289
1622913267312 0.9420983725482461 290
1622913369850 0.9420983725482461 291
1622913472252 0.9420983725482461 292
1622913575083 0.9420983725482461 293
1622913677946 0.9420983725482461 294
1622913780897 0.9420983725482461 295
1622913884785 0.9420983725482461 296
1622913988432 0.9420983725482461 297
1622914092636 0.9420983725482461 298
1622914197770 0.9420983725482461 299
1622914302634 0.9420983725482461 300
1622914407981 0.9420983725482461 301
1622914513766 0.9420983725482461 302
1622914620168 0.9420983725482461 303
1622914726397 0.9420983725482461 304
1622914832670 0.9420983725482461 305
1622914939673 0.9420983725482461 306
1622915046933 0.9420983725482461 307
1622915154368 0.9420983725482461 308
1622915261218 0.9420983725482461 309
1622915367342 0.9420983725482461 310
1622915475561 0.9420983725482461 311
1622915582724 0.9420983725482461 312
1622915690060 0.9420983725482461 313
1622915797723 0.9420983725482461 314
1622915905533 0.9420983725482461 315
1622916013682 0.9420983725482461 316
1622916123300 0.9420983725482461 317
1622916232150 0.9420983725482461 318
1622916341633 0.9420983725482461 319
1622916451507 0.9420983725482461 320
1622916561930 0.9420983725482461 321
1622916672218 0.9420983725482461 322
1622916782611 0.9420983725482461 323
1622916893814 0.9420983725482461 324
1622917005046 0.9420983725482461 325
1622917116421 0.9420983725482461 326
1622917228454 0.9420983725482461 327
1622917340223 0.9420983725482461 328
1622917453157 0.9420983725482461 329
1622917566401 0.9420983725482461 330
1622917679598 0.9420983725482461 331
1622917794753 0.9420983725482461 332
1622917909051 0.9420983725482461 333
1622918023613 0.9420983725482461 334
1622918138796 0.9420983725482461 335
1622918254497 0.9420983725482461 336
1622918370863 0.9420983725482461 337
1622918486753 0.9420983725482461 338
1622918602381 0.9420983725482461 339
1622918720330 0.9420983725482461 340
1622918836396 0.9420983725482461 341
1622918953304 0.9420983725482461 342
1622919071384 0.9420983725482461 343
1622919189528 0.9420983725482461 344
1622919309268 0.9420983725482461 345
1622919427941 0.9420983725482461 346
1622919547224 0.9420983725482461 347
1622919667645 0.9420983725482461 348
1622919788619 0.9420983725482461 349
1622919908733 0.9420983725482461 350
1622920029374 0.9420983725482461 351
1622920150777 0.9420983725482461 352
1622920272789 0.9420983725482461 353
1622920394980 0.9420983725482461 354
1622920518489 0.9420983725482461 355
1622920640929 0.9420983725482461 356
1622920763654 0.9420983725482461 357
1622920886742 0.9420983725482461 358
1622921010092 0.9420983725482461 359
1622921134315 0.9420983725482461 360
1622921258756 0.9420983725482461 361
1622921383074 0.9420983725482461 362
1622921507821 0.9420983725482461 363
1622921632780 0.9420983725482461 364
1622921761493 0.9420983725482461 365
1622921888917 0.9420983725482461 366
1622922016587 0.9420983725482461 367
1622922145509 0.9420983725482461 368
1622922273948 0.9420983725482461 369
1622922403024 0.9420983725482461 370
1622922532131 0.9420983725482461 371
1622922661476 0.9420983725482461 372
1622922791090 0.9420983725482461 373
1622922921890 0.9420983725482461 374
1622923052287 0.9420983725482461 375
1622923184404 0.9420983725482461 376
1622923316207 0.9420983725482461 377
1622923447963 0.9420983725482461 378
1622923579951 0.9420983725482461 379
1622923711573 0.9420983725482461 380
1622923844051 0.9420983725482461 381
1622923976735 0.9420983725482461 382
1622924110448 0.9420983725482461 383
1622924244157 0.9420983725482461 384
1622924377678 0.9420983725482461 385
1622924511990 0.9420983725482461 386
1622924646615 0.9420983725482461 387
1622924781561 0.9420983725482461 388
1622924917664 0.9420983725482461 389
1622925053722 0.9420983725482461 390
1622925190419 0.9420983725482461 391
1622925327290 0.9420983725482461 392
1622925464266 0.9420983725482461 393
1622925602402 0.9420983725482461 394
1622925740291 0.9420983725482461 395
1622925878456 0.9420983725482461 396
1622926017570 0.9420983725482461 397
1622926156423 0.9420983725482461 398
1622926296139 0.9420983725482461 399
1622926435523 0.9420983725482461 400
1622926575556 0.9420983725482461 401
1622926716599 0.9420983725482461 402
1622926855598 0.9420983725482461 403
1622926995086 0.9420983725482461 404
1622927134500 0.9420983725482461 405
1622927274706 0.9420983725482461 406
1622927414589 0.9420983725482461 407
1622927555363 0.9420983725482461 408
1622927696425 0.9420983725482461 409
1622927837640 0.9420983725482461 410
1622927979509 0.9420983725482461 411
1622928122139 0.9420983725482461 412
1622928264851 0.9420983725482461 413
1622928407169 0.9420983725482461 414
1622928550910 0.9420983725482461 415
1622928694651 0.9420983725482461 416
1622928839350 0.9420983725482461 417
1622928983998 0.9420983725482461 418
1622929128566 0.9420983725482461 419
1622929273704 0.9420983725482461 420
1622929419125 0.9420983725482461 421
1622929564785 0.9420983725482461 422
1622929710724 0.9420983725482461 423
1622929857281 0.9420983725482461 424
1622930004457 0.9420983725482461 425
1622930152331 0.9420983725482461 426
1622930300010 0.9420983725482461 427
1622930448555 0.9420983725482461 428
1622930596996 0.9420983725482461 429
1622930745694 0.9420983725482461 430
1622930894522 0.9420983725482461 431
1622931043141 0.9420983725482461 432
1622931192321 0.9420983725482461 433
1622931342363 0.9420983725482461 434
1622931493311 0.9420983725482461 435
1622931645214 0.9420983725482461 436
1622931796665 0.9420983725482461 437
1622931948439 0.9420983725482461 438
1622932100782 0.9420983725482461 439
1622932253485 0.9420983725482461 440
1622932406390 0.9420983725482461 441
1622932560023 0.9420983725482461 442
1622932713766 0.9420983725482461 443
1622932867867 0.9420983725482461 444
1622933022501 0.9420983725482461 445
1622933176990 0.9420983725482461 446
1622933332279 0.9420983725482461 447
1622933489040 0.9420983725482461 448
1622933646143 0.9420983725482461 449
1622933804279 0.9420983725482461 450
1622933962674 0.9420983725482461 451
1622934122333 0.9420983725482461 452
1622934281778 0.9420983725482461 453
1622934441846 0.9420983725482461 454
1622934603087 0.9420983725482461 455
1622934764924 0.9420983725482461 456
1622934926949 0.9420983725482461 457
1622935089135 0.9420983725482461 458
1622935251445 0.9420983725482461 459
1622935414523 0.9420983725482461 460
1622935577418 0.9420983725482461 461
1622935741218 0.9420983725482461 462
1622935903185 0.9420983725482461 463
1622936065093 0.9420983725482461 464
1622936227621 0.9420983725482461 465
1622936390306 0.9420983725482461 466
1622936552588 0.9420983725482461 467
1622936715965 0.9420983725482461 468
1622936879671 0.9420983725482461 469
1622937043539 0.9420983725482461 470
1622937207963 0.9420983725482461 471
1622937372487 0.9420983725482461 472
1622937538882 0.9420983725482461 473
1622937706092 0.9420983725482461 474
1622937873521 0.9420983725482461 475
1622938040854 0.9420983725482461 476
1622938208321 0.9420983725482461 477
1622938375092 0.9420983725482461 478
1622938541837 0.9420983725482461 479
1622938709370 0.9420983725482461 480
1622938877338 0.9420983725482461 481
1622939047868 0.9420983725482461 482
1622939216992 0.9420983725482461 483
1622939385963 0.9420983725482461 484
1622939556730 0.9420983725482461 485
1622939728537 0.9420983725482461 486
1622939896936 0.9420983725482461 487
1622940068063 0.9420983725482461 488
1622940239431 0.9420983725482461 489
1622940412231 0.9420983725482461 490
1622940583509 0.9420983725482461 491
1622940755110 0.9420983725482461 492
1622940926024 0.9420983725482461 493
1622941098725 0.9420983725482461 494
1622941274775 0.9420983725482461 495
1622941452989 0.9420983725482461 496
1622941630317 0.9420983725482461 497
1622941808468 0.9420983725482461 498
1622941986768 0.9420983725482461 499
1622942165863 0.9420983725482461 500
