1622898112129 -285.74218354769357 0
1622898113580 -285.74218354769357 1
1622898115412 -285.74218354769357 2
1622898117598 -285.74218354769357 3
1622898120112 -285.74218354769357 4
1622898122981 -285.74218354769357 5
1622898126225 -285.74218354769357 6
1622898129803 -285.74218354769357 7
1622898133734 -285.74218354769357 8
1622898137989 -285.74218354769357 9
1622898142697 -285.74218354769357 10
1622898147726 -285.74218354769357 11
1622898153091 -285.74218354769357 12
1622898158826 -285.74218354769357 13
1622898164976 -285.74218354769357 14
1622898171453 -285.74218354769357 15
1622898178277 -285.74218354769357 16
1622898185448 -285.74218354769357 17
1622898192975 -285.74218354769357 18
1622898200901 -285.74218354769357 19
1622898209158 -285.74218354769357 20
1622898217807 -285.74218354769357 21
1622898226810 -285.74218354769357 22
1622898236206 -285.74218354769357 23
1622898245830 -285.74218354769357 24
1622898255992 -285.74218354769357 25
1622898266426 -285.74218354769357 26
1622898277291 -285.74218354769357 27
1622898288444 -285.74218354769357 28
1622898299851 -285.74218354769357 29
1622898311832 -285.74218354769357 30
1622898324105 -285.74218354769357 31
1622898336730 -285.74218354769357 32
1622898349684 -285.74218354769357 33
1622898363000 -285.74218354769357 34
1622898376657 -285.74218354769357 35
1622898390671 -285.74218354769357 36
1622898405009 -285.74218354769357 37
1622898419821 -285.74218354769357 38
1622898434884 -285.74218354769357 39
1622898450388 -285.74218354769357 40
1622898466384 -285.74218354769357 41
1622898482523 -285.74218354769357 42
1622898499133 -285.74218354769357 43
1622898516062 -285.74218354769357 44
1622898533347 -285.74218354769357 45
1622898551026 -285.74218354769357 46
1622898568971 -285.74218354769357 47
1622898587338 -285.74218354769357 48
1622898606112 -285.74218354769357 49
1622898625081 -285.74218354769357 50
1622898644453 -285.74218354769357 51
1622898664183 -285.74218354769357 52
1622898684276 -285.74218354769357 53
1622898704665 -285.74218354769357 54
1622898725495 -285.74218354769357 55
1622898746609 -285.74218354769357 56
1622898768188 -285.74218354769357 57
1622898790020 -285.74218354769357 58
1622898812202 -285.74218354769357 59
1622898834898 -285.74218354769357 60
1622898857827 -285.74218354769357 61
1622898881055 -285.74218354769357 62
1622898904672 -285.74218354769357 63
1622898928608 -285.74218354769357 64
1622898952963 -285.74218354769357 65
1622898977604 -285.74218354769357 66
1622899002439 -285.74218354769357 67
1622899027850 -285.74218354769357 68
1622899053941 -285.74218354769357 69
1622899080239 -285.74218354769357 70
1622899107024 -285.74218354769357 71
1622899133917 -285.74218354769357 72
1622899161251 -285.74218354769357 73
1622899188981 -285.74218354769357 74
1622899216806 -285.74218354769357 75
1622899244904 -285.74218354769357 76
1622899273557 -285.74218354769357 77
1622899302334 -285.74218354769357 78
1622899331318 -285.74218354769357 79
1622899360711 -285.74218354769357 80
1622899390431 -285.74218354769357 81
1622899420424 -285.74218354769357 82
1622899450818 -285.74218354769357 83
1622899481619 -285.74218354769357 84
1622899512837 -285.74218354769357 85
1622899544343 -285.74218354769357 86
1622899576038 -285.74218354769357 87
1622899608144 -285.74218354769357 88
1622899640654 -285.74218354769357 89
1622899673354 -285.74218354769357 90
1622899706694 -285.74218354769357 91
1622899740462 -285.74218354769357 92
1622899774716 -285.74218354769357 93
1622899809097 -285.74218354769357 94
1622899844120 -285.74218354769357 95
1622899879319 -285.74218354769357 96
1622899914861 -285.74218354769357 97
1622899950844 -285.74218354769357 98
1622899987250 -285.74218354769357 99
1622900023981 -285.74218354769357 100
1622900060991 -285.74218354769357 101
1622900098492 -285.74218354769357 102
1622900136424 -285.74218354769357 103
1622900174456 -285.74218354769357 104
1622900212939 -285.74218354769357 105
1622900251794 -285.74218354769357 106
1622900291026 -285.74218354769357 107
1622900330719 -285.74218354769357 108
1622900370467 -285.74218354769357 109
1622900411625 -285.74218354769357 110
1622900451989 -285.74218354769357 111
1622900493072 -285.74218354769357 112
1622900534537 -285.74218354769357 113
1622900576044 -285.74218354769357 114
1622900617997 -285.74218354769357 115
1622900660380 -285.74218354769357 116
1622900704034 -285.74218354769357 117
1622900747273 -285.74218354769357 118
1622900790842 -285.74218354769357 119
1622900834954 -285.74218354769357 120
1622900879284 -285.74218354769357 121
1622900923768 -285.74218354769357 122
1622900968625 -285.74218354769357 123
1622901013935 -285.74218354769357 124
1622901059657 -285.74218354769357 125
1622901105621 -285.74218354769357 126
1622901152011 -285.74218354769357 127
1622901198451 -285.74218354769357 128
1622901245808 -285.74218354769357 129
1622901293196 -285.74218354769357 130
1622901341033 -285.74218354769357 131
1622901389076 -285.74218354769357 132
1622901437271 -285.74218354769357 133
1622901486082 -285.74218354769357 134
1622901535200 -285.74218354769357 135
1622901584850 -285.74218354769357 136
1622901634813 -285.74218354769357 137
1622901685057 -285.74218354769357 138
1622901735693 -285.74218354769357 139
1622901787023 -285.74218354769357 140
1622901838586 -285.74218354769357 141
1622901890242 -285.74218354769357 142
1622901942451 -285.74218354769357 143
1622901994863 -285.74218354769357 144
1622902048062 -285.74218354769357 145
1622902101503 -285.74218354769357 146
1622902155194 -285.74218354769357 147
1622902209256 -285.74218354769357 148
1622902263702 -285.74218354769357 149
1622902319818 -285.74218354769357 150
1622902374826 -285.74218354769357 151
1622902430246 -285.74218354769357 152
1622902485994 -285.74218354769357 153
1622902542169 -285.74218354769357 154
1622902598611 -285.74218354769357 155
1622902655328 -285.74218354769357 156
1622902712423 -285.74218354769357 157
1622902769696 -285.74218354769357 158
1622902827728 -285.74218354769357 159
1622902885766 -285.74218354769357 160
1622902944552 -285.74218354769357 161
1622903003454 -285.74218354769357 162
1622903062623 -285.74218354769357 163
1622903121939 -285.74218354769357 164
1622903181869 -285.74218354769357 165
1622903241868 -285.74218354769357 166
1622903302541 -285.74218354769357 167
1622903363229 -285.74218354769357 168
1622903424562 -285.74218354769357 169
1622903486447 -285.74218354769357 170
1622903548570 -285.74218354769357 171
1622903611053 -285.74218354769357 172
1622903673923 -285.74218354769357 173
1622903737009 -285.74218354769357 174
1622903800685 -285.74218354769357 175
1622903864349 -285.74218354769357 176
1622903928726 -285.74218354769357 177
1622903993226 -285.74218354769357 178
1622904057918 -285.74218354769357 179
1622904122857 -285.74218354769357 180
1622904187745 -285.74218354769357 181
1622904252783 -285.74218354769357 182
1622904318150 -285.74218354769357 183
1622904383751 -285.74218354769357 184
1622904450151 -285.74218354769357 185
1622904517181 -285.74218354769357 186
1622904584282 -285.74218354769357 187
1622904651759 -285.74218354769357 188
1622904719520 -285.74218354769357 189
1622904788522 -285.74218354769357 190
1622904856861 -285.74218354769357 191
1622904925547 -285.74218354769357 192
1622904995177 -285.74218354769357 193
1622905064594 -285.74218354769357 194
1622905134305 -285.74218354769357 195
1622905204330 -285.74218354769357 196
1622905275089 -285.74218354769357 197
1622905346200 -285.74218354769357 198
1622905417453 -285.74218354769357 199
1622905489793 -285.74218354769357 200
1622905561888 -285.74218354769357 201
1622905634525 -285.74218354769357 202
1622905707469 -285.74218354769357 203
1622905780627 -285.74218354769357 204
1622905854414 -285.74218354769357 205
1622905928285 -285.74218354769357 206
1622906002353 -285.74218354769357 207
1622906077016 -285.74218354769357 208
1622906151895 -285.74218354769357 209
1622906227338 -285.74218354769357 210
1622906302651 -285.74218354769357 211
1622906378932 -285.74218354769357 212
1622906454691 -285.74218354769357 213
1622906530722 -285.74218354769357 214
1622906607577 -285.74218354769357 215
1622906685053 -285.74218354769357 216
1622906762831 -285.74218354769357 217
1622906840948 -285.74218354769357 218
1622906919144 -285.74218354769357 219
1622906997994 -285.74218354769357 220
1622907076963 -285.74218354769357 221
1622907156854 -285.74218354769357 222
1622907237076 -285.74218354769357 223
1622907317500 -285.74218354769357 224
1622907398816 -285.74218354769357 225
1622907480091 -285.74218354769357 226
1622907560415 -285.74218354769357 227
1622907642330 -285.74218354769357 228
1622907724932 -285.74218354769357 229
1622907805729 -285.74218354769357 230
1622907886983 -285.74218354769357 231
1622907968172 -285.74218354769357 232
1622908050623 -285.74218354769357 233
1622908131693 -285.74218354769357 234
1622908212954 -285.74218354769357 235
1622908294674 -285.74218354769357 236
1622908378150 -285.74218354769357 237
1622908460844 -285.74218354769357 238
1622908544147 -285.74218354769357 239
1622908627418 -285.74218354769357 240
1622908710880 -285.74218354769357 241
1622908794816 -285.74218354769357 242
1622908879317 -285.74218354769357 243
1622908964074 -285.74218354769357 244
1622909049405 -285.74218354769357 245
1622909135276 -285.74218354769357 246
1622909221160 -285.74218354769357 247
1622909307138 -285.74218354769357 248
1622909393652 -285.74218354769357 249
1622909480755 -285.74218354769357 250
1622909568068 -285.74218354769357 251
1622909655467 -285.74218354769357 252
1622909743091 -285.74218354769357 253
1622909830884 -285.74218354769357 254
1622909919316 -285.74218354769357 255
1622910008259 -285.74218354769357 256
1622910097966 -285.74218354769357 257
1622910187656 -285.74218354769357 258
1622910277417 -285.74218354769357 259
1622910368486 -285.74218354769357 260
1622910459568 -285.74218354769357 261
1622910551099 -285.74218354769357 262
1622910642723 -285.74218354769357 263
1622910734817 -285.74218354769357 264
1622910826842 -285.74218354769357 265
1622910919379 -285.74218354769357 266
1622911013097 -285.74218354769357 267
1622911106619 -285.74218354769357 268
1622911200580 -285.74218354769357 269
1622911295091 -285.74218354769357 270
1622911391086 -285.74218354769357 271
1622911487392 -285.74218354769357 272
1622911583387 -285.74218354769357 273
1622911680037 -285.74218354769357 274
1622911777008 -285.74218354769357 275
1622911874368 -285.74218354769357 276
1622911971204 -285.74218354769357 277
1622912069142 -285.74218354769357 278
1622912168126 -285.74218354769357 279
1622912268719 -285.74218354769357 280
1622912367765 -285.74218354769357 281
1622912466223 -285.74218354769357 282
1622912564817 -285.74218354769357 283
1622912664399 -285.74218354769357 284
1622912764162 -285.74218354769357 285
1622912864651 -285.74218354769357 286
1622912964922 -285.74218354769357 287
1622913064994 -285.74218354769357 288
1622913165653 -285.74218354769357 289
1622913267304 -285.74218354769357 290
1622913369843 -285.74218354769357 291
1622913472245 -285.74218354769357 292
1622913575074 -285.74218354769357 293
1622913677939 -285.74218354769357 294
1622913780888 -285.74218354769357 295
1622913884776 -285.74218354769357 296
1622913988423 -285.74218354769357 297
1622914092628 -285.74218354769357 298
1622914197761 -285.74218354769357 299
1622914302625 -285.74218354769357 300
1622914407973 -285.74218354769357 301
1622914513758 -285.74218354769357 302
1622914620162 -285.74218354769357 303
1622914726389 -285.74218354769357 304
1622914832663 -285.74218354769357 305
1622914939664 -285.74218354769357 306
1622915046925 -285.74218354769357 307
1622915154360 -285.74218354769357 308
1622915261209 -285.74218354769357 309
1622915367336 -285.74218354769357 310
1622915475502 -285.74218354769357 311
1622915582716 -285.74218354769357 312
1622915690052 -285.74218354769357 313
1622915797714 -285.74218354769357 314
1622915905525 -285.74218354769357 315
1622916013675 -285.74218354769357 316
1622916123294 -285.74218354769357 317
1622916232142 -285.74218354769357 318
1622916341626 -285.74218354769357 319
1622916451498 -285.74218354769357 320
1622916561922 -285.74218354769357 321
1622916672209 -285.74218354769357 322
1622916782603 -285.74218354769357 323
1622916893806 -285.74218354769357 324
1622917005039 -285.74218354769357 325
1622917116413 -285.74218354769357 326
1622917228446 -285.74218354769357 327
1622917340216 -285.74218354769357 328
1622917453150 -285.74218354769357 329
1622917566393 -285.74218354769357 330
1622917679591 -285.74218354769357 331
1622917794746 -285.74218354769357 332
1622917909044 -285.74218354769357 333
1622918023606 -285.74218354769357 334
1622918138789 -285.74218354769357 335
1622918254490 -285.74218354769357 336
1622918370855 -285.74218354769357 337
1622918486745 -285.74218354769357 338
1622918602372 -285.74218354769357 339
1622918720322 -285.74218354769357 340
1622918836388 -285.74218354769357 341
1622918953296 -285.74218354769357 342
1622919071376 -285.74218354769357 343
1622919189519 -285.74218354769357 344
1622919309261 -285.74218354769357 345
1622919427932 -285.74218354769357 346
1622919547215 -285.74218354769357 347
1622919667636 -285.74218354769357 348
1622919788610 -285.74218354769357 349
1622919908724 -285.74218354769357 350
1622920029365 -285.74218354769357 351
1622920150769 -285.74218354769357 352
1622920272782 -285.74218354769357 353
1622920394972 -285.74218354769357 354
1622920518481 -285.74218354769357 355
1622920640921 -285.74218354769357 356
1622920763645 -285.74218354769357 357
1622920886733 -285.74218354769357 358
1622921010086 -285.74218354769357 359
1622921134307 -285.74218354769357 360
1622921258747 -285.74218354769357 361
1622921383066 -285.74218354769357 362
1622921507813 -285.74218354769357 363
1622921632772 -285.74218354769357 364
1622921761484 -285.74218354769357 365
1622921888908 -285.74218354769357 366
1622922016578 -285.74218354769357 367
1622922145501 -285.74218354769357 368
1622922273940 -285.74218354769357 369
1622922403016 -285.74218354769357 370
1622922532123 -285.74218354769357 371
1622922661468 -285.74218354769357 372
1622922791083 -285.74218354769357 373
1622922921882 -285.74218354769357 374
1622923052278 -285.74218354769357 375
1622923184394 -285.74218354769357 376
1622923316198 -285.74218354769357 377
1622923447954 -285.74218354769357 378
1622923579942 -285.74218354769357 379
1622923711565 -285.74218354769357 380
1622923844042 -285.74218354769357 381
1622923976727 -285.74218354769357 382
1622924110439 -285.74218354769357 383
1622924244148 -285.74218354769357 384
1622924377671 -285.74218354769357 385
1622924511981 -285.74218354769357 386
1622924646607 -285.74218354769357 387
1622924781553 -285.74218354769357 388
1622924917656 -285.74218354769357 389
1622925053714 -285.74218354769357 390
1622925190409 -285.74218354769357 391
1622925327281 -285.74218354769357 392
1622925464258 -285.74218354769357 393
1622925602392 -285.74218354769357 394
1622925740282 -285.74218354769357 395
1622925878448 -285.74218354769357 396
1622926017561 -285.74218354769357 397
1622926156416 -285.74218354769357 398
1622926296131 -285.74218354769357 399
1622926435515 -285.74218354769357 400
1622926575548 -285.74218354769357 401
1622926716589 -285.74218354769357 402
1622926855590 -285.74218354769357 403
1622926995077 -285.74218354769357 404
1622927134492 -285.74218354769357 405
1622927274698 -285.74218354769357 406
1622927414581 -285.74218354769357 407
1622927555356 -285.74218354769357 408
1622927696419 -285.74218354769357 409
1622927837632 -285.74218354769357 410
1622927979501 -285.74218354769357 411
1622928122130 -285.74218354769357 412
1622928264843 -285.74218354769357 413
1622928407161 -285.74218354769357 414
1622928550902 -285.74218354769357 415
1622928694642 -285.74218354769357 416
1622928839342 -285.74218354769357 417
1622928983988 -285.74218354769357 418
1622929128556 -285.74218354769357 419
1622929273694 -285.74218354769357 420
1622929419116 -285.74218354769357 421
1622929564777 -285.74218354769357 422
1622929710716 -285.74218354769357 423
1622929857273 -285.74218354769357 424
1622930004449 -285.74218354769357 425
1622930152324 -285.74218354769357 426
1622930300002 -285.74218354769357 427
1622930448548 -285.74218354769357 428
1622930596988 -285.74218354769357 429
1622930745680 -285.74218354769357 430
1622930894514 -285.74218354769357 431
1622931043133 -285.74218354769357 432
1622931192314 -285.74218354769357 433
1622931342354 -285.74218354769357 434
1622931493303 -285.74218354769357 435
1622931645205 -285.74218354769357 436
1622931796657 -285.74218354769357 437
1622931948430 -285.74218354769357 438
1622932100773 -285.74218354769357 439
1622932253477 -285.74218354769357 440
1622932406381 -285.74218354769357 441
1622932560015 -285.74218354769357 442
1622932713758 -285.74218354769357 443
1622932867860 -285.74218354769357 444
1622933022493 -285.74218354769357 445
1622933176982 -285.74218354769357 446
1622933332272 -285.74218354769357 447
1622933489032 -285.74218354769357 448
1622933646135 -285.74218354769357 449
1622933804270 -285.74218354769357 450
1622933962665 -285.74218354769357 451
1622934122324 -285.74218354769357 452
1622934281769 -285.74218354769357 453
1622934441837 -285.74218354769357 454
1622934603080 -285.74218354769357 455
1622934764917 -285.74218354769357 456
1622934926941 -285.74218354769357 457
1622935089127 -285.74218354769357 458
1622935251439 -285.74218354769357 459
1622935414515 -285.74218354769357 460
1622935577411 -285.74218354769357 461
1622935741210 -285.74218354769357 462
1622935903176 -285.74218354769357 463
1622936065084 -285.74218354769357 464
1622936227612 -285.74218354769357 465
1622936390298 -285.74218354769357 466
1622936552580 -285.74218354769357 467
1622936715957 -285.74218354769357 468
1622936879664 -285.74218354769357 469
1622937043530 -285.74218354769357 470
1622937207954 -285.74218354769357 471
1622937372478 -285.74218354769357 472
1622937538872 -285.74218354769357 473
1622937706083 -285.74218354769357 474
1622937873514 -285.74218354769357 475
1622938040845 -285.74218354769357 476
1622938208311 -285.74218354769357 477
1622938375083 -285.74218354769357 478
1622938541829 -285.74218354769357 479
1622938709363 -285.74218354769357 480
1622938877329 -285.74218354769357 481
1622939047860 -285.74218354769357 482
1622939216983 -285.74218354769357 483
1622939385954 -285.74218354769357 484
1622939556723 -285.74218354769357 485
1622939728530 -285.74218354769357 486
1622939896929 -285.74218354769357 487
1622940068056 -285.74218354769357 488
1622940239423 -285.74218354769357 489
1622940412223 -285.74218354769357 490
1622940583502 -285.74218354769357 491
1622940755102 -285.74218354769357 492
1622940926016 -285.74218354769357 493
1622941098718 -285.74218354769357 494
1622941274767 -285.74218354769357 495
1622941452980 -285.74218354769357 496
1622941630309 -285.74218354769357 497
1622941808460 -285.74218354769357 498
1622941986760 -285.74218354769357 499
1622942165855 -285.74218354769357 500
