1622852320398 0.01 0
1622852321833 1.269 1
1622852323629 2.894 2
1622852325771 4.866 3
1622852328265 7.192 4
1622852331171 9.927 5
1622852334428 13.015 6
1622852338063 16.483 7
1622852342041 20.278 8
1622852346408 24.470999999999997 9
1622852351061 28.952999999999996 10
1622852356088 33.81399999999999 11
1622852361586 39.147999999999996 12
1622852367442 44.836999999999996 13
1622852374027 51.245999999999995 14
1622852380966 58.013 15
1622852387856 64.74 16
1622852395043 71.759 17
1622852402922 79.457 18
1622852411574 87.832 19
1622852419817 95.91199999999999 20
1622852428434 104.36099999999999 21
1622852437467 113.22899999999998 22
1622852446844 122.43699999999998 23
1622852456582 132.00699999999998 24
1622852466689 141.94799999999998 25
1622852477153 152.24999999999997 26
1622852487983 162.91299999999998 27
1622852499239 174.00099999999998 28
1622852510802 185.397 29
1622852522696 197.12699999999998 30
1622852535011 209.277 31
1622852547601 221.696 32
1622852560675 234.608 33
1622852574075 247.844 34
1622852587792 261.397 35
1622852601854 275.294 36
1622852616294 289.57099999999997 37
1622852631071 304.18199999999996 38
1622852646196 319.145 39
1622852661790 334.575 40
1622852678425 351.048 41
1622852694646 367.106 42
1622852711211 383.508 43
1622852728088 400.22299999999996 44
1622852745260 417.23199999999997 45
1622852762758 434.566 46
1622852780976 452.623 47
1622852799057 470.53999999999996 48
1622852817538 488.85599999999994 49
1622852836409 507.56299999999993 50
1622852855711 526.698 51
1622852875374 546.1999999999999 52
1622852895300 565.963 53
1622852915597 586.0999999999999 54
1622852936223 606.5659999999999 55
1622852957315 627.4959999999999 56
1622852978700 648.7189999999998 57
1622853000491 670.3509999999998 58
1622853022767 692.4649999999998 59
1622853045223 714.7609999999999 60
1622853068025 737.3989999999999 61
1622853091324 760.5359999999998 62
1622853114778 783.8309999999998 63
1622853138568 807.4609999999998 64
1622853162640 831.3739999999998 65
1622853187012 855.5889999999998 66
1622853211724 880.1379999999998 67
1622853236792 905.0469999999998 68
1622853262329 930.4239999999998 69
1622853288156 956.0889999999997 70
1622853314189 981.9599999999997 71
1622853340814 1008.4209999999997 72
1622853367731 1035.1709999999998 73
1622853395025 1062.2999999999997 74
1622853423246 1090.3509999999997 75
1622853451906 1118.8469999999998 76
1622853480740 1147.5209999999997 77
1622853509619 1176.2419999999997 78
1622853538664 1205.1259999999997 79
1622853568436 1234.7329999999997 80
1622853598603 1264.7409999999998 81
1622853628943 1294.9169999999997 82
1622853659526 1325.3389999999997 83
1622853690276 1355.9249999999997 84
1622853721444 1386.9239999999998 85
1622853753542 1418.8559999999998 86
1622853786158 1451.3079999999998 87
1622853818560 1483.5409999999997 88
1622853850962 1515.7829999999997 89
1622853884114 1548.7779999999996 90
1622853917631 1582.1359999999995 91
1622853951736 1616.0809999999994 92
1622853985160 1649.3429999999994 93
1622854019006 1683.0249999999994 94
1622854053217 1717.0729999999994 95
1622854088187 1751.8709999999994 96
1622854124114 1787.6359999999995 97
1622854160033 1823.3929999999996 98
1622854195973 1859.1699999999996 99
1622854233036 1896.0729999999996 100
1622854269200 1932.0739999999996 101
1622854305711 1968.4189999999996 102
1622854344088 2006.6319999999996 103
1622854381371 2043.7489999999996 104
1622854419290 2081.4969999999994 105
1622854457549 2119.5929999999994 106
1622854496098 2157.9779999999996 107
1622854535826 2197.5399999999995 108
1622854577683 2239.2299999999996 109
1622854618136 2279.5169999999994 110
1622854658433 2319.6449999999995 111
1622854698675 2359.7189999999996 112
1622854739105 2399.9879999999994 113
1622854781912 2442.6309999999994 114
1622854823504 2484.062999999999 115
1622854865446 2525.832999999999 116
1622854908060 2568.276999999999 117
1622854950910 2610.955999999999 118
1622854993870 2653.749999999999 119
1622855037022 2696.735999999999 120
1622855080552 2740.092999999999 121
1622855124433 2783.807999999999 122
1622855169062 2828.266999999999 123
1622855214953 2873.980999999999 124
1622855261769 2920.627999999999 125
1622855307789 2966.4869999999987 126
1622855354792 3013.3229999999985 127
1622855401279 3059.6399999999985 128
1622855447902 3106.0979999999986 129
1622855494792 3152.8219999999988 130
1622855542106 3199.969999999999 131
1622855589691 3247.394999999999 132
1622855638289 3295.825999999999 133
1622855689363 3346.733999999999 134
1622855737863 3395.064999999999 135
1622855786781 3443.8199999999993 136
1622855835854 3492.734999999999 137
1622855885143 3541.863999999999 138
1622855935312 3591.871999999999 139
1622855985583 3641.980999999999 140
1622856036415 3692.6539999999986 141
1622856086995 3743.0709999999985 142
1622856139150 3795.0619999999985 143
1622856190667 3846.4159999999983 144
1622856242946 3898.528999999998 145
1622856295503 3950.923999999998 146
1622856348271 4003.527999999998 147
1622856401791 4056.886999999998 148
1622856455826 4110.755999999998 149
1622856512720 4167.484999999998 150
1622856568868 4223.466999999998 151
1622856623548 4277.980999999998 152
1622856679900 4334.163999999998 153
1622856736625 4390.726999999998 154
1622856792525 4446.459999999998 155
1622856848769 4502.538999999998 156
1622856905409 4559.016999999998 157
1622856963616 4617.052999999998 158
1622857021061 4674.333999999998 159
1622857080507 4733.613999999998 160
1622857140284 4793.157999999998 161
1622857199123 4851.833999999998 162
1622857257936 4910.477999999998 163
1622857316895 4969.270999999998 164
1622857376312 5028.521999999998 165
1622857436065 5088.101999999998 166
1622857496173 5148.042999999998 167
1622857556362 5208.064999999998 168
1622857617024 5268.556999999998 169
1622857678211 5329.579999999998 170
1622857739733 5390.9389999999985 171
1622857801655 5452.691999999998 172
1622857863805 5514.675999999999 173
1622857926486 5577.192999999998 174
1622857989647 5640.1889999999985 175
1622858053043 5703.4209999999985 176
1622858116760 5766.976999999998 177
1622858180571 5830.6219999999985 178
1622858244968 5894.852999999998 179
1622858310986 5960.709999999998 180
1622858376444 6025.994999999998 181
1622858442167 6091.5549999999985 182
1622858509034 6158.257999999999 183
1622858575410 6224.468999999999 184
1622858641442 6290.332999999999 185
1622858708031 6356.754999999998 186
1622858775326 6423.884999999998 187
1622858843390 6491.7829999999985 188
1622858912017 6560.249999999998 189
1622858980453 6628.5239999999985 190
1622859049024 6696.928999999998 191
1622859118610 6766.347999999998 192
1622859189199 6836.763999999998 193
1622859258731 6906.124999999998 194
1622859328825 6976.0549999999985 195
1622859399624 7046.684999999999 196
1622859470761 7117.659999999999 197
1622859543294 7190.030999999999 198
1622859614841 7261.413999999999 199
1622859687008 7333.413999999999 200
1622859759247 7405.4879999999985 201
1622859832204 7478.284999999998 202
1622859907943 7553.859999999998 203
1622859981563 7627.320999999998 204
1622860055388 7700.982999999998 205
1622860129136 7774.562999999998 206
1622860205025 7850.288999999998 207
1622860279468 7924.5679999999975 208
1622860355935 8000.867999999998 209
1622860432919 8077.688999999998 210
1622860511092 8155.690999999998 211
1622860587375 8231.807999999997 212
1622860663684 8307.935999999998 213
1622860740320 8384.401999999998 214
1622860817284 8461.196999999998 215
1622860894781 8538.527999999998 216
1622860972761 8616.335 217
1622861050865 8694.269999999999 218
1622861129219 8772.458999999999 219
1622861208688 8851.760999999999 220
1622861287988 8930.894999999999 221
1622861367688 9010.436999999998 222
1622861448372 9090.956999999999 223
1622861529784 9172.211 224
1622861610578 9252.838 225
1622861691969 9334.062 226
1622861773468 9415.396999999999 227
1622861855649 9497.414999999999 228
1622861938350 9579.953 229
1622862022208 9663.645999999999 230
1622862105629 9746.899 231
1622862189123 9830.22 232
1622862273172 9914.100999999999 233
1622862357480 9998.240999999998 234
1622862441754 10082.348999999998 235
1622862527769 10168.201 236
1622862613510 10253.773 237
1622862699586 10339.684 238
1622862785629 10425.563999999998 239
1622862872295 10512.067 240
1622862959442 10599.059 241
1622863046144 10685.599999999999 242
1622863133661 10772.949999999999 243
1622863221265 10860.389 244
1622863309897 10948.853 245
1622863398961 11037.755 246
1622863489514 11128.148 247
1622863579131 11217.600999999999 248
1622863670233 11308.537999999999 249
1622863759758 11397.891999999998 250
1622863852954 11490.927999999998 251
1622863944035 11581.844999999998 252
1622864035635 11673.280999999997 253
1622864128651 11766.135999999997 254
1622864220888 11858.207999999997 255
1622864313510 11950.659999999996 256
1622864407527 12044.513999999996 257
1622864501417 12138.241999999995 258
1622864595203 12231.869999999995 259
1622864688823 12325.330999999995 260
1622864783615 12419.961999999994 261
1622864878362 12514.550999999994 262
1622864973345 12609.372999999994 263
1622865069145 12705.012999999994 264
1622865165671 12801.369999999994 265
1622865263116 12898.653999999993 266
1622865360240 12995.610999999994 267
1622865457970 13093.177999999993 268
1622865558174 13193.215999999993 269
1622865658406 13293.286999999993 270
1622865759025 13393.739999999993 271
1622865858119 13492.670999999993 272
1622865958109 13592.499999999993 273
1622866059582 13693.808999999992 274
1622866160376 13794.436999999993 275
1622866261545 13895.438999999993 276
1622866362685 13996.412999999993 277
1622866464038 14097.597999999993 278
1622866565899 14199.293999999993 279
1622866668446 14301.674999999992 280
1622866771174 14404.241999999991 281
1622866874556 14507.46399999999 282
1622866977681 14610.42399999999 283
1622867081179 14713.75799999999 284
1622867186195 14818.60399999999 285
1622867289949 14922.18899999999 286
1622867398563 15030.639999999989 287
1622867503890 15135.80499999999 288
1622867609370 15241.121999999988 289
1622867714323 15345.914999999988 290
1622867819442 15450.868999999988 291
1622867924998 15556.266999999987 292
1622868031019 15662.127999999988 293
1622868138385 15769.326999999988 294
1622868245047 15875.825999999988 295
1622868352629 15983.247999999989 296
1622868459974 16090.42099999999 297
1622868568054 16198.33599999999 298
1622868676366 16306.48199999999 299
1622868785733 16415.68199999999 300
1622868894769 16524.55099999999 301
1622869003723 16633.33899999999 302
1622869115197 16744.62699999999 303
1622869227651 16856.91199999999 304
1622869341334 16970.30499999999 305
1622869452521 17081.32599999999 306
1622869564505 17193.13799999999 307
1622869676307 17304.77399999999 308
1622869788711 17417.00899999999 309
1622869901760 17529.89499999999 310
1622870014813 17642.78299999999 311
1622870128837 17756.64599999999 312
1622870244344 17871.99099999999 313
1622870358435 17985.91699999999 314
1622870472611 18099.92299999999 315
1622870588616 18215.767999999993 316
1622870704502 18331.488999999994 317
1622870821710 18448.529999999995 318
1622870936460 18563.110999999994 319
1622871052064 18678.54899999999 320
1622871167968 18794.29099999999 321
1622871284339 18910.49899999999 322
1622871401179 19027.17599999999 323
1622871518653 19144.47899999999 324
1622871636561 19262.21599999999 325
1622871754932 19380.41699999999 326
1622871873016 19498.33399999999 327
1622871991943 19617.089999999993 328
1622872111353 19736.33299999999 329
1622872232969 19857.785999999993 330
1622872353709 19978.356999999993 331
1622872475118 20099.596999999994 332
1622872596702 20221.018999999993 333
1622872718986 20343.138999999992 334
1622872841168 20465.157999999992 335
1622872965232 20589.057999999994 336
1622873090336 20713.998999999993 337
1622873212918 20836.415999999994 338
1622873336047 20959.378999999994 339
1622873459422 21082.586999999992 340
1622873583150 21206.147999999994 341
1622873707101 21329.931999999993 342
1622873831675 21454.334999999992 343
1622873956488 21578.97699999999 344
1622874084201 21706.514999999992 345
1622874210285 21832.433999999994 346
1622874337121 21959.105999999992 347
1622874464099 22085.915999999994 348
1622874592872 22214.523999999994 349
1622874720629 22342.108999999993 350
1622874848972 22470.283999999992 351
1622874977703 22598.85199999999 352
1622875106817 22727.800999999992 353
1622875236304 22857.11899999999 354
1622875366179 22986.82799999999 355
1622875496554 23117.02899999999 356
1622875626754 23247.05899999999 357
1622875761758 23381.88799999999 358
1622875892489 23512.45399999999 359
1622876023521 23643.317999999992 360
1622876154288 23773.91799999999 361
1622876285568 23905.03599999999 362
1622876417271 24036.57699999999 363
1622876549114 24168.25299999999 364
1622876682165 24301.137999999988 365
1622876814898 24433.706999999988 366
1622876948370 24567.020999999986 367
1622877081922 24700.407999999985 368
1622877215626 24833.943999999985 369
1622877350186 24968.336999999985 370
1622877484350 25102.332999999984 371
1622877619864 25237.679999999986 372
1622877757690 25375.338999999985 373
1622877893108 25510.586999999985 374
1622878028854 25646.163999999986 375
1622878165121 25782.264999999985 376
1622878303496 25920.477999999985 377
1622878442011 26058.720999999983 378
1622878578737 26195.28499999998 379
1622878716319 26332.70499999998 380
1622878855224 26471.45199999998 381
1622878993592 26609.65599999998 382
1622879132724 26748.62399999998 383
1622879271598 26887.33299999998 384
1622879410843 27026.40999999998 385
1622879550483 27165.88699999998 386
1622879690385 27305.625999999982 387
1622879830329 27445.399999999983 388
1622879971387 27586.290999999983 389
1622880114721 27729.458999999984 390
1622880256351 27870.920999999984 391
1622880400583 28014.981999999985 392
1622880543370 28157.598999999984 393
1622880685611 28299.669999999984 394
1622880828736 28442.623999999985 395
1622880971643 28585.362999999987 396
1622881118257 28731.810999999987 397
1622881262483 28875.869999999988 398
1622881408279 29021.49699999999 399
1622881553227 29166.280999999988 400
1622881699540 29312.43199999999 401
1622881846789 29459.51499999999 402
1622881993500 29606.05299999999 403
1622882141894 29754.27499999999 404
1622882289514 29901.72599999999 405
1622882437320 30049.36599999999 406
1622882584085 30195.96699999999 407
1622882731413 30343.13299999999 408
1622882878983 30490.53899999999 409
1622883028537 30639.92899999999 410
1622883177888 30789.117999999988 411
1622883328901 30939.96399999999 412
1622883479610 31090.50399999999 413
1622883630381 31241.11099999999 414
1622883781239 31391.80599999999 415
1622883932975 31543.37999999999 416
1622884085138 31695.37599999999 417
1622884237974 31848.04199999999 418
1622884391329 32001.23099999999 419
1622884545025 32154.760999999988 420
1622884700320 32309.878999999986 421
1622884855351 32464.647999999986 422
1622885011836 32620.972999999987 423
1622885168025 32776.99499999999 424
1622885324060 32932.86199999999 425
1622885479207 33087.84399999999 426
1622885637713 33246.18999999999 427
1622885794147 33402.45899999999 428
1622885950707 33558.84999999999 429
1622886107669 33715.64299999999 430
1622886265581 33873.38899999999 431
1622886423671 34031.31099999999 432
1622886581530 34189.003999999986 433
1622886739730 34347.035999999986 434
1622886897685 34504.81199999998 435
1622887055849 34662.80799999998 436
1622887216718 34823.51199999998 437
1622887376585 34983.207999999984 438
1622887537557 35144.01399999998 439
1622887697028 35303.31899999998 440
1622887858428 35464.55399999998 441
1622888020169 35626.124999999985 442
1622888181268 35787.05599999998 443
1622888344320 35949.94399999998 444
1622888506283 36111.73999999998 445
1622888669854 36275.141999999985 446
1622888833756 36438.87799999998 447
1622888996470 36601.43099999998 448
1622889159412 36764.207999999984 449
1622889325062 36929.68999999999 450
1622889488365 37092.823999999986 451
1622889654561 37258.851999999984 452
1622889818563 37422.677999999985 453
1622889982306 37586.24499999999 454
1622890147027 37750.79599999999 455
1622890312205 37915.80799999999 456
1622890480621 38084.05099999999 457
1622890647192 38250.44799999999 458
1622890813377 38416.46699999999 459
1622890980640 38583.55499999999 460
1622891147522 38750.26999999999 461
1622891314449 38917.00899999999 462
1622891484914 39087.310999999994 463
1622891654476 39256.710999999996 464
1622891824122 39426.189 465
1622891993457 39595.354 466
1622892163138 39764.869 467
1622892333737 39935.307 468
1622892504192 40105.598 469
1622892675262 40276.498999999996 470
1622892846842 40447.91099999999 471
1622893020052 40620.95199999999 472
1622893194087 40794.81199999999 473
1622893366583 40967.13199999999 474
1622893538291 41138.67399999999 475
1622893710117 41310.32399999999 476
1622893882257 41482.293999999994 477
1622894054590 41654.45599999999 478
1622894228073 41827.77799999999 479
1622894401712 42001.25499999999 480
1622894576281 42175.66099999999 481
1622894750244 42349.458999999995 482
1622894926570 42525.617999999995 483
1622895100783 42699.67 484
1622895275790 42874.511999999995 485
1622895451295 43049.848 486
1622895628577 43226.962999999996 487
1622895805778 43403.988999999994 488
1622895985274 43583.316999999995 489
1622896163960 43761.842 490
1622896342005 43939.725 491
1622896523089 44120.640999999996 492
1622896706924 44304.308999999994 493
1622896887728 44484.94699999999 494
1622897068050 44665.102999999996 495
1622897247612 44844.505999999994 496
1622897426818 45023.55099999999 497
1622897607572 45204.134999999995 498
1622897787882 45384.274999999994 499
1622897968643 45564.86899999999 500
