1622643022646 1.273 0
1622643024624 1.527 1
1622643026704 1.781 2
1622643028918 2.036 3
1622643031370 2.289 4
1622643033908 2.544 5
1622643036636 2.799 6
1622643039494 3.052 7
1622643042591 3.307 8
1622643045813 3.561 9
1622643049222 3.814 10
1622643052738 4.067 11
1622643056532 4.324 12
1622643060454 4.577999999999999 13
1622643064500 4.831999999999999 14
1622643068671 5.086999999999999 15
1622643073018 5.339999999999999 16
1622643077609 5.593999999999999 17
1622643082296 5.847999999999999 18
1622643087095 6.100999999999999 19
1622643092089 6.352999999999999 20
1622643097213 6.6099999999999985 21
1622643102491 6.864999999999998 22
1622643107951 7.1179999999999986 23
1622643113574 7.373999999999999 24
1622643119384 7.627999999999998 25
1622643125351 7.882999999999998 26
1622643131428 8.136999999999999 27
1622643137709 8.390999999999998 28
1622643144106 8.645999999999999 29
1622643150710 8.899999999999999 30
1622643157513 9.153999999999998 31
1622643164459 9.410999999999998 32
1622643171533 9.661999999999997 33
1622643178777 9.917999999999997 34
1622643186080 10.170999999999998 35
1622643193622 10.423999999999998 36
1622643201401 10.677999999999997 37
1622643209260 10.929999999999998 38
1622643217221 11.182999999999998 39
1622643225399 11.436999999999998 40
1622643233785 11.694999999999997 41
1622643242332 11.952999999999996 42
1622643250980 12.205999999999996 43
1622643259864 12.459999999999996 44
1622643268713 12.712999999999996 45
1622643277793 12.966999999999995 46
1622643287090 13.220999999999995 47
1622643296576 13.471999999999994 48
1622643306240 13.725999999999994 49
1622643316048 13.979999999999993 50
1622643325920 14.230999999999993 51
1622643335973 14.485999999999994 52
1622643346279 14.739999999999993 53
1622643356813 14.993999999999993 54
1622643367490 15.246999999999993 55
1622643378140 15.501999999999994 56
1622643389095 15.755999999999993 57
1622643400190 16.006999999999994 58
1622643411512 16.257999999999996 59
1622643422890 16.510999999999996 60
1622643434320 16.764999999999997 61
1622643446149 17.017999999999997 62
1622643457954 17.269999999999996 63
1622643469964 17.521999999999995 64
1622643482242 17.775999999999996 65
1622643494564 18.029999999999998 66
1622643506893 18.284 67
1622643519634 18.537 68
