1622591888635 0.006 0
1622591889183 0.421 1
1622591889759 0.452 2
1622591890356 0.471 3
1622591890979 0.499 4
1622591891664 0.561 5
1622591892383 0.598 6
1622591893139 0.629 7
1622591894065 0.777 8
1622591894905 0.708 9
1622591896431 1.317 10
1622591897380 0.8 11
1622591898276 0.778 12
1622591899206 0.814 13
1622591900225 0.902 14
1622591901292 0.944 15
1622591902396 0.984 16
1622591903522 1.006 17
1622591904655 1.014 18
1622591905832 1.056 19
1622591907076 1.125 20
1622591908392 1.191 21
1622591909774 1.257 22
1622591911115 1.221 23
1622591912451 1.217 24
1622591913833 1.264 25
1622591915240 1.29 26
1622591916704 1.347 27
1622591918195 1.375 28
1622591919735 1.419 29
1622591921297 1.444 30
1622591922913 1.499 31
1622591924585 1.552 32
1622591926339 1.636 33
1622591928160 1.702 34
1622591930065 1.782 35
1622591931901 1.712 36
1622591933712 1.683 37
1622591935546 1.717 38
1622591937440 1.776 39
1622591939351 1.796 40
1622591941292 1.825 41
1622591943313 1.905 42
1622591945356 1.929 43
1622591947447 1.975 44
1622591949541 1.979 45
1622591951674 2.019 46
1622591953997 2.202 47
1622591956286 2.16 48
1622591958720 2.313 49
1622591961050 2.212 50
1622591963452 2.284 51
1622591965911 2.338 52
1622591968279 2.248 53
1622591970686 2.289 54
1622591973130 2.327 55
1622591975639 2.391 56
1622591978177 2.418 57
1622591980710 2.414 58
1622591983292 2.461 59
1622591985924 2.512 60
1622591988612 2.567 61
1622591991349 2.614 62
1622591994354 2.873 63
1622591997334 2.856 64
1622592000366 2.913 65
1622592003378 2.887 66
1622592006296 2.794 67
1622592009235 2.816 68
1622592012232 2.875 69
1622592015297 2.943 70
1622592018315 2.897 71
1622592021379 2.945 72
1622592024451 2.954 73
1622592027687 3.1 74
1622592030913 3.106 75
1622592034416 3.379 76
1622592037953 3.412 77
1622592041329 3.25 78
1622592044670 3.223 79
1622592047988 3.198 80
1622592051372 3.265 81
1622592054809 3.319 82
1622592058292 3.365 83
1622592061778 3.367 84
1622592065379 3.48 85
1622592069068 3.565 86
1622592072650 3.463 87
1622592076353 3.584 88
1622592080149 3.674 89
1622592084130 3.855 90
1622592087834 3.584 91
1622592091658 3.704 92
1622592095547 3.767 93
1622592099445 3.78 94
1622592103339 3.775 95
1622592107338 3.88 96
1622592111306 3.851 97
1622592115346 3.921 98
1622592119408 3.945 99
1622592123508 3.982 100
1622592127697 4.071 101
1622592131835 4.022 102
1622592136048 4.093 103
1622592140265 4.097 104
1622592144560 4.178 105
1622592149904 5.219 106
1622592154383 4.36 107
1622592158931 4.423 108
1622592163370 4.32 109
1622592167852 4.361 110
1622592172376 4.401 111
1622592176907 4.41 112
1622592181480 4.452 113
1622592186095 4.496 114
1622592190732 4.519 115
1622592195343 4.494 116
1622592200128 4.667 117
1622592205119 4.87 118
1622592210242 5.003 119
1622592215314 4.95 120
1622592220222 4.783 121
1622592225440 5.095 122
1622592230658 5.094 123
1622592235907 5.101 124
1622592241238 5.209 125
1622592246221 4.863 126
1622592251422 5.081 127
1622592256606 5.055 128
1622592261702 4.976 129
1622592266942 5.097 130
1622592272538 5.471 131
1622592277846 5.186 132
1622592283230 5.256 133
1622592288641 5.29 134
1622592293977 5.21 135
1622592299338 5.237 136
1622592305068 5.607 137
1622592311565 6.362 138
1622592317723 5.973 139
1622592323574 5.734 140
1622592329621 5.924 141
1622592335571 5.83 142
1622592341520 5.825 143
1622592347242 5.602 144
1622592353608 6.237 145
1622592359699 5.9 146
1622592365515 5.69 147
1622592371879 6.24 148
1622592377896 5.872 149
1622592383828 5.799 150
1622592389737 5.791 151
1622592395646 5.788 152
1622592401617 5.85 153
1622592407839 6.102 154
1622592414078 6.115 155
1622592420332 6.136 156
1622592426886 6.428 157
1622592433100 6.094 158
1622592439613 6.395 159
1622592446119 6.389 160
1622592452711 6.473 161
1622592459200 6.368 162
1622592465524 6.205 163
1622592471882 6.24 164
1622592478257 6.256 165
1622592484625 6.252 166
1622592491048 6.306 167
1622592497631 6.469 168
1622592504296 6.548 169
1622592510900 6.487 170
1622592517526 6.51 171
1622592524240 6.598 172
1622592530940 6.583 173
1622592537715 6.655 174
1622592544534 6.696 175
1622592551422 6.768 176
1622592558300 6.757 177
1622592565154 6.734 178
1622592572090 6.818 179
1622592579020 6.81 180
1622592586068 6.926 181
1622592593206 7.003 182
1622592600302 6.972 183
1622592607380 6.956 184
1622592614452 6.949 185
1622592622413 7.769 186
1622592629622 7.088 187
1622592636979 7.237 188
1622592644305 7.205 189
1622592651563 7.136 190
1622592659301 7.616 191
1622592667134 7.713 192
1622592674810 7.554 193
1622592682860 7.935 194
1622592690385 7.408 195
1622592697874 7.369 196
1622592705462 7.467 197
1622592713041 7.458 198
1622592720860 7.7 199
1622592728682 7.698 200
1622592736447 7.643 201
1622592744479 7.912 202
1622592752823 8.222 203
1622592760766 7.824 204
1622592768680 7.8 205
1622592776533 7.732 206
1622592784452 7.8 207
1622592792857 8.285 208
1622592801481 8.499 209
1622592810077 8.471 210
1622592818179 7.979 211
1622592826349 8.047 212
1622592834577 8.104 213
1622592843210 8.515 214
1622592851665 8.329 215
1622592860211 8.426 216
1622592869054 8.716 217
1622592877323 8.153 218
1622592885576 8.135 219
1622592894012 8.319 220
1622592902424 8.295 221
1622592911483 8.942 222
1622592920207 8.602 223
1622592928941 8.618 224
1622592937825 8.761 225
1622592946389 8.449 226
1622592955040 8.534 227
1622592963739 8.58 228
1622592972379 8.522 229
1622592981059 8.561 230
1622592989901 8.724 231
1622592998695 8.672 232
1622593007565 8.749 233
1622593016412 8.727 234
1622593025288 8.758 235
1622593034200 8.794 236
1622593043137 8.823 237
1622593052101 8.848 238
1622593061096 8.876 239
1622593070144 8.93 240
1622593079210 8.948 241
1622593088918 9.586 242
1622593098598 9.552 243
1622593108478 9.758 244
1622593118379 9.777 245
1622593127925 9.428 246
1622593137289 9.243 247
1622593146649 9.238 248
1622593156204 9.439 249
1622593165726 9.405 250
1622593175330 9.484 251
1622593184934 9.488 252
1622593194603 9.544 253
1622593204270 9.547 254
1622593215016 10.625 255
1622593224609 9.477 256
1622593234282 9.556 257
1622593243948 9.549 258
1622593253737 9.671 259
1622593263462 9.61 260
1622593273627 10.047 261
1622593284343 10.597 262
1622593294423 9.961 263
1622593304427 9.888 264
1622593314457 9.916 265
1622593324436 9.86 266
1622593334588 10.035 267
1622593344646 9.942 268
1622593354906 10.144 269
1622593365084 10.064 270
1622593375311 10.113 271
1622593385584 10.152 272
1622593395833 10.129 273
1622593406065 10.113 274
1622593416474 10.287 275
1622593426837 10.241 276
1622593437270 10.315 277
1622593447721 10.332 278
1622593458202 10.361 279
1622593468855 10.533 280
1622593479799 10.824 281
1622593490737 10.812 282
1622593501371 10.516 283
1622593512130 10.639 284
1622593523316 11.063 285
1622593534790 11.353 286
1622593545572 10.664 287
1622593556352 10.661 288
1622593567314 10.842 289
1622593578502 11.071 290
1622593590414 11.791 291
1622593601472 10.938 292
1622593612395 10.803 293
1622593623420 10.906 294
1622593634853 11.314 295
1622593647231 12.259 296
1622593658418 11.065 297
1622593670058 11.523 298
1622593681718 11.537 299
1622593693014 11.18 300
1622593704575 11.446 301
1622593716329 11.634 302
1622593727790 11.33 303
1622593739332 11.428 304
1622593750726 11.28 305
1622593762179 11.341 306
1622593773653 11.363 307
1622593785136 11.369 308
1622593796740 11.49 309
1622593808380 11.524 310
1622593819971 11.471 311
1622593831647 11.554 312
1622593843460 11.693 313
1622593855459 11.88 314
1622593867979 12.398 315
1622593879893 11.793 316
1622593891709 11.696 317
1622593903649 11.821 318
1622593915550 11.782 319
1622593927832 12.163 320
1622593939871 11.917 321
1622593951962 11.972 322
1622593964569 12.49 323
1622593978278 13.589 324
1622593992207 13.809 325
1622594004304 11.98 326
1622594016609 12.189 327
1622594028941 12.214 328
1622594041162 12.102 329
1622594054165 12.889 330
1622594067420 13.14 331
1622594079910 12.368 332
1622594092266 12.239 333
1622594104665 12.28 334
1622594117222 12.437 335
1622594129739 12.398 336
1622594142531 12.673 337
1622594155914 13.26 338
1622594169256 13.222 339
1622594182909 13.529 340
1622594196312 13.281 341
1622594208967 12.538 342
1622594221688 12.605 343
1622594234433 12.627 344
1622594247210 12.661 345
1622594259966 12.646 346
1622594272837 12.758 347
1622594285801 12.851 348
1622594298795 12.878 349
1622594312185 13.271 350
1622594326317 14.015 351
1622594339522 13.084 352
1622594352562 12.919 353
1622594365741 13.062 354
1622594378867 13.014 355
1622594391990 13.005 356
1622594405219 13.11 357
1622594418648 13.306 358
1622594432077 13.311 359
1622594445409 13.217 360
1622594458755 13.231 361
1622594472120 13.253 362
1622594485515 13.278 363
1622594499034 13.4 364
1622594512476 13.322 365
1622594525927 13.332 366
1622594539665 13.617 367
1622594553349 13.566 368
1622594566880 13.416 369
1622594580554 13.558 370
1622594594237 13.567 371
1622594608093 13.743 372
1622594621874 13.668 373
1622594636275 14.283 374
1622594650762 14.359 375
1622594665178 14.292 376
1622594679063 13.766 377
1622594692989 13.809 378
1622594707038 13.93 379
1622594721090 13.936 380
1622594735160 13.957 381
1622594749281 14.007 382
1622594763407 14.008 383
1622594777450 13.928 384
1622594791619 14.056 385
1622594806414 14.679 386
1622594821592 15.052 387
1622594835837 14.129 388
1622594850109 14.155 389
1622594864488 14.265 390
1622594879240 14.634 391
1622594893990 14.632 392
1622594908521 14.413 393
1622594923077 14.435 394
1622594937642 14.449 395
1622594952269 14.512 396
1622594966851 14.468 397
1622594981485 14.52 398
1622594996274 14.675 399
1622595011028 14.64 400
1622595025751 14.608 401
1622595040626 14.755 402
1622595055661 14.918 403
1622595070696 14.918 404
1622595085764 14.951 405
1622595100696 14.815 406
1622595115702 14.884 407
1622595132307 16.48 408
1622595147400 14.975 409
1622595163855 16.335 410
1622595179984 16.005 411
1622595195268 15.166 412
1622595210556 15.168 413
1622595226048 15.364 414
1622595241770 15.604 415
1622595257198 15.316 416
1622595272601 15.291 417
1622595288494 15.777 418
1622595304752 16.14 419
1622595320856 15.984 420
1622595336478 15.501 421
1622595352266 15.67 422
1622595368699 16.31 423
1622595384583 15.762 424
1622595400984 16.283 425
1622595418829 17.723 426
1622595434951 16.004 427
1622595450660 15.592 428
1622595466493 15.718 429
1622595482465 15.854 430
1622595498366 15.785 431
1622595514468 15.985 432
1622595531074 16.487 433
1622595548134 16.936 434
1622595564139 15.886 435
1622595580149 15.894 436
1622595596214 15.951 437
1622595613280 16.952 438
1622595629506 16.107 439
1622595645660 16.034 440
1622595662702 16.922 441
1622595679020 16.197 442
1622595695236 16.094 443
1622595711918 16.566 444
1622595729831 17.792 445
1622595746337 16.385 446
1622595763109 16.656 447
1622595779587 16.363 448
1622595796385 16.682 449
1622595813737 17.226 450
1622595830977 17.117 451
1622595847610 16.509 452
1622595865124 17.396 453
1622595882709 17.465 454
1622595900292 17.458 455
1622595918228 17.816 456
1622595936137 17.782 457
1622595953892 17.635 458
1622595970762 16.749 459
1622595987912 17.031 460
1622596004955 16.926 461
1622596021913 16.837 462
1622596038869 16.839 463
1622596055956 16.97 464
1622596073451 17.375 465
1622596090703 17.137 466
1622596108044 17.226 467
1622596125418 17.256 468
1622596142661 17.129 469
1622596159952 17.172 470
1622596177274 17.203 471
1622596195455 18.063 472
1622596213521 17.945 473
1622596231003 17.365 474
1622596248616 17.494 475
1622596266078 17.344 476
1622596283615 17.421 477
1622596303175 19.443 478
1622596321365 18.074 479
1622596338788 17.307 480
1622596356659 17.755 481
1622596374624 17.844 482
1622596392889 18.148 483
1622596410696 17.687 484
1622596429009 18.194 485
1622596446682 17.552 486
1622596464631 17.829 487
1622596483611 18.863 488
1622596501612 17.883 489
1622596519848 18.118 490
1622596538208 18.242 491
1622596556639 18.315 492
1622596574689 17.934 493
1622596592925 18.121 494
1622596611156 18.116 495
1622596629935 18.661 496
1622596648958 18.904 497
1622596667592 18.493 498
1622596687416 19.692 499
1622596706024 18.488 500
