1622611274252 0.94487322395463 0
1622611274826 0.9364845923510152 1
1622611275404 0.9364845923510152 2
1622611276029 0.9364845923510152 3
1622611276687 0.9364845923510152 4
1622611277359 0.9364845923510152 5
1622611278065 0.9364845923510152 6
1622611278811 0.9364845923510152 7
1622611279575 0.9364845923510152 8
1622611280381 0.9364845923510152 9
1622611281242 0.9364845923510152 10
1622611282141 0.9364845923510152 11
1622611283072 0.9364845923510152 12
1622611284027 0.9364845923510152 13
1622611285024 0.9364845923510152 14
1622611286065 0.9364845923510152 15
1622611287142 0.9364845923510152 16
1622611288245 0.9364845923510152 17
1622611289377 0.9364845923510152 18
1622611290565 0.9364845923510152 19
1622611291773 0.9364845923510152 20
1622611293039 0.9364845923510152 21
1622611294363 0.9364845923510152 22
1622611295675 0.9364845923510152 23
1622611297061 0.9364845923510152 24
1622611298460 0.9364845923510152 25
1622611299909 0.9364845923510152 26
1622611301391 0.9364845923510152 27
1622611302885 0.9364845923510152 28
1622611304419 0.9364845923510152 29
1622611306005 0.9364845923510152 30
1622611307631 0.9364845923510152 31
1622611309312 0.9364845923510152 32
1622611311001 0.9364845923510152 33
1622611312718 0.9364845923510152 34
1622611314478 0.9364845923510152 35
1622611316287 0.9364845923510152 36
1622611318124 0.9364845923510152 37
1622611319984 0.9364845923510152 38
1622611321886 0.9364845923510152 39
1622611323830 0.9364845923510152 40
1622611325810 0.9364845923510152 41
1622611327965 0.9364845923510152 42
1622611330096 0.9364845923510152 43
1622611332201 0.9364845923510152 44
1622611334311 0.9364845923510152 45
1622611336428 0.9364845923510152 46
1622611338657 0.9364845923510152 47
1622611340942 0.9364845923510152 48
1622611343221 0.9364845923510152 49
1622611345519 0.9364845923510152 50
1622611347871 0.9364845923510152 51
1622611350231 0.9364845923510152 52
1622611352628 0.9364845923510152 53
1622611355121 0.9364845923510152 54
1622611357687 0.9364845923510152 55
1622611360332 0.9364845923510152 56
1622611362915 0.9364845923510152 57
1622611365499 0.9364845923510152 58
1622611368108 0.9364845923510152 59
1622611370887 0.9364845923510152 60
1622611373591 0.9364845923510152 61
1622611376450 0.9364845923510152 62
1622611379236 0.9364845923510152 63
1622611382040 0.9364845923510152 64
1622611384899 0.9364845923510152 65
1622611387763 0.9364845923510152 66
1622611390928 0.9364845923510152 67
1622611393941 0.9364845923510152 68
1622611396943 0.9364845923510152 69
1622611400794 0.9364845923510152 70
1622611403804 0.9364845923510152 71
1622611406981 0.9364845923510152 72
1622611410343 0.9364845923510152 73
1622611413461 0.9364845923510152 74
1622611416924 0.9364845923510152 75
1622611420290 0.9364845923510152 76
1622611423577 0.9364845923510152 77
1622611426858 0.9364845923510152 78
1622611430175 0.9364845923510152 79
1622611433571 0.9364845923510152 80
1622611437016 0.9364845923510152 81
1622611440627 0.9364845923510152 82
1622611444085 0.9364845923510152 83
1622611447575 0.9364845923510152 84
1622611451178 0.9364845923510152 85
1622611454720 0.9364845923510152 86
1622611458353 0.9364845923510152 87
1622611462001 0.9364845923510152 88
1622611466596 0.9364845923510152 89
1622611470402 0.9364845923510152 90
1622611474218 0.9364845923510152 91
1622611478032 0.9364845923510152 92
1622611481898 0.9364845923510152 93
1622611485797 0.9364845923510152 94
1622611489682 0.9364845923510152 95
1622611493625 0.9364845923510152 96
1622611497618 0.9364845923510152 97
1622611501697 0.9364845923510152 98
1622611505787 0.9364845923510152 99
1622611509922 0.9364845923510152 100
1622611514061 0.9364845923510152 101
1622611518219 0.9364845923510152 102
1622611522399 0.9364845923510152 103
1622611526637 0.9364845923510152 104
1622611530835 0.9364845923510152 105
1622611535136 0.9364845923510152 106
1622611539501 0.9364845923510152 107
1622611543905 0.9364845923510152 108
1622611548435 0.9364845923510152 109
1622611552951 0.9364845923510152 110
1622611557496 0.9364845923510152 111
1622611562060 0.9364845923510152 112
1622611566600 0.9364845923510152 113
1622611571247 0.9364845923510152 114
1622611575932 0.9364845923510152 115
1622611580582 0.9364845923510152 116
1622611585239 0.9364845923510152 117
1622611590001 0.9364845923510152 118
1622611594777 0.9364845923510152 119
1622611599619 0.9364845923510152 120
1622611604547 0.9364845923510152 121
1622611609430 0.9364845923510152 122
1622611614406 0.9364845923510152 123
1622611619385 0.9364845923510152 124
1622611624475 0.9364845923510152 125
1622611630805 0.9364845923510152 126
1622611635900 0.9364845923510152 127
1622611641024 0.9364845923510152 128
1622611646180 0.9364845923510152 129
1622611651381 0.9364845923510152 130
1622611656581 0.9364845923510152 131
1622611661855 0.9364845923510152 132
1622611667150 0.9364845923510152 133
1622611672488 0.9364845923510152 134
1622611677858 0.9364845923510152 135
1622611683270 0.9364845923510152 136
1622611688736 0.9364845923510152 137
1622611694942 0.9364845923510152 138
1622611700654 0.9364845923510152 139
1622611706141 0.9364845923510152 140
1622611711758 0.9364845923510152 141
1622611717384 0.9364845923510152 142
1622611722971 0.9364845923510152 143
1622611728654 0.9364845923510152 144
1622611734698 0.9364845923510152 145
1622611740445 0.9364845923510152 146
1622611746592 0.9364845923510152 147
1622611752629 0.9364845923510152 148
1622611758544 0.9364845923510152 149
1622611764651 0.9364845923510152 150
1622611770952 0.9364845923510152 151
1622611776970 0.9364845923510152 152
1622611783975 0.9364845923510152 153
1622611790026 0.9364845923510152 154
1622611796034 0.9364845923510152 155
1622611802127 0.9364845923510152 156
1622611808306 0.9364845923510152 157
1622611814493 0.9364845923510152 158
1622611820755 0.9364845923510152 159
1622611826959 0.9364845923510152 160
1622611833261 0.9364845923510152 161
1622611839576 0.9364845923510152 162
1622611846141 0.9364845923510152 163
1622611852602 0.9364845923510152 164
1622611859415 0.9364845923510152 165
1622611865876 0.9364845923510152 166
1622611872399 0.9364845923510152 167
1622611879177 0.9364845923510152 168
1622611885707 0.9364845923510152 169
1622611892345 0.9364845923510152 170
1622611899007 0.9364845923510152 171
1622611905855 0.9364845923510152 172
1622611912660 0.9364845923510152 173
1622611919519 0.9364845923510152 174
1622611926301 0.9364845923510152 175
1622611933159 0.9364845923510152 176
1622611940267 0.9364845923510152 177
1622611947558 0.9364845923510152 178
1622611954633 0.9364845923510152 179
1622611961966 0.9364845923510152 180
1622611969155 0.9364845923510152 181
1622611976445 0.9364845923510152 182
1622611983885 0.9364845923510152 183
1622611991489 0.9364845923510152 184
1622611998596 0.9364845923510152 185
1622612005842 0.9364845923510152 186
1622612014014 0.9364845923510152 187
1622612021258 0.9364845923510152 188
1622612028527 0.9364845923510152 189
1622612035794 0.9364845923510152 190
1622612043164 0.9364845923510152 191
1622612050736 0.9364845923510152 192
1622612058236 0.9364845923510152 193
1622612065830 0.9364845923510152 194
1622612073339 0.9364845923510152 195
1622612081004 0.9364845923510152 196
1622612088543 0.9364845923510152 197
1622612096685 0.9364845923510152 198
1622612104955 0.9364845923510152 199
1622612113146 0.9364845923510152 200
1622612120846 0.9364845923510152 201
1622612128662 0.9364845923510152 202
1622612136529 0.9364845923510152 203
1622612144355 0.9364845923510152 204
1622612152675 0.9364845923510152 205
1622612160862 0.9364845923510152 206
1622612169192 0.9364845923510152 207
1622612177478 0.9364845923510152 208
1622612186219 0.9364845923510152 209
1622612194274 0.9364845923510152 210
1622612202391 0.9364845923510152 211
1622612210575 0.9364845923510152 212
1622612219162 0.9364845923510152 213
1622612227473 0.9364845923510152 214
1622612235737 0.9364845923510152 215
1622612244034 0.9364845923510152 216
1622612252336 0.9364845923510152 217
1622612260773 0.9364845923510152 218
1622612269354 0.9364845923510152 219
1622612277829 0.9364845923510152 220
1622612286286 0.9364845923510152 221
1622612294825 0.9364845923510152 222
1622612303658 0.9364845923510152 223
1622612312294 0.9364845923510152 224
1622612320972 0.9364845923510152 225
1622612329701 0.9364845923510152 226
1622612338708 0.9364845923510152 227
1622612347486 0.9364845923510152 228
1622612356260 0.9364845923510152 229
1622612365075 0.9364845923510152 230
1622612373959 0.9364845923510152 231
1622612382845 0.9364845923510152 232
1622612391793 0.9364845923510152 233
1622612401213 0.9364845923510152 234
1622612410440 0.9364845923510152 235
1622612419457 0.9364845923510152 236
1622612428557 0.9364845923510152 237
1622612437617 0.9364845923510152 238
1622612446816 0.9364845923510152 239
1622612455984 0.9364845923510152 240
1622612465176 0.9364845923510152 241
1622612474443 0.9364845923510152 242
1622612483755 0.9364845923510152 243
1622612493107 0.9364845923510152 244
1622612502440 0.9364845923510152 245
1622612511912 0.9364845923510152 246
1622612521473 0.9364845923510152 247
1622612530875 0.9364845923510152 248
1622612540311 0.9364845923510152 249
1622612549824 0.9364845923510152 250
1622612559502 0.9364845923510152 251
1622612569255 0.9364845923510152 252
1622612578862 0.9364845923510152 253
1622612588508 0.9364845923510152 254
1622612598194 0.9364845923510152 255
1622612608088 0.9364845923510152 256
1622612618061 0.9364845923510152 257
1622612627823 0.9364845923510152 258
1622612637838 0.9364845923510152 259
1622612647974 0.9364845923510152 260
1622612657914 0.9364845923510152 261
1622612667873 0.9364845923510152 262
1622612678374 0.9364845923510152 263
1622612688540 0.9364845923510152 264
1622612698648 0.9364845923510152 265
1622612708961 0.9364845923510152 266
1622612719202 0.9364845923510152 267
1622612729444 0.9364845923510152 268
1622612739666 0.9364845923510152 269
1622612749966 0.9364845923510152 270
1622612760284 0.9364845923510152 271
1622612770757 0.9364845923510152 272
1622612781189 0.9364845923510152 273
1622612791578 0.9364845923510152 274
1622612801972 0.9364845923510152 275
1622612812429 0.9364845923510152 276
1622612822937 0.9364845923510152 277
1622612833440 0.9364845923510152 278
1622612844963 0.9364845923510152 279
1622612855908 0.9364845923510152 280
1622612866541 0.9364845923510152 281
1622612877192 0.9364845923510152 282
1622612887812 0.9364845923510152 283
1622612898761 0.9364845923510152 284
1622612910285 0.9364845923510152 285
1622612921255 0.9364845923510152 286
1622612932116 0.9364845923510152 287
1622612943120 0.9364845923510152 288
1622612954033 0.9364845923510152 289
1622612965019 0.9364845923510152 290
1622612975982 0.9364845923510152 291
1622612986989 0.9364845923510152 292
1622612998051 0.9364845923510152 293
1622613009290 0.9364845923510152 294
1622613020408 0.9364845923510152 295
1622613031531 0.9364845923510152 296
1622613043063 0.9364845923510152 297
1622613054261 0.9364845923510152 298
1622613066795 0.9364845923510152 299
1622613078073 0.9364845923510152 300
1622613089617 0.9364845923510152 301
1622613101128 0.9364845923510152 302
1622613113075 0.9364845923510152 303
1622613125259 0.9364845923510152 304
1622613136956 0.9364845923510152 305
1622613149254 0.9364845923510152 306
1622613161001 0.9364845923510152 307
1622613172652 0.9364845923510152 308
1622613184362 0.9364845923510152 309
1622613196219 0.9364845923510152 310
1622613208149 0.9364845923510152 311
1622613220048 0.9364845923510152 312
1622613232112 0.9364845923510152 313
1622613243999 0.9364845923510152 314
1622613255836 0.9364845923510152 315
1622613267810 0.9364845923510152 316
1622613279834 0.9364845923510152 317
1622613291836 0.9364845923510152 318
1622613303891 0.9364845923510152 319
1622613315943 0.9364845923510152 320
1622613328066 0.9364845923510152 321
1622613340294 0.9364845923510152 322
1622613352685 0.9364845923510152 323
1622613365191 0.9364845923510152 324
1622613377658 0.9364845923510152 325
1622613389905 0.9364845923510152 326
1622613402180 0.9364845923510152 327
1622613414603 0.9364845923510152 328
1622613426993 0.9364845923510152 329
1622613439607 0.9364845923510152 330
1622613452527 0.9364845923510152 331
1622613464918 0.9364845923510152 332
1622613477481 0.9364845923510152 333
1622613490062 0.9364845923510152 334
1622613502755 0.9364845923510152 335
1622613515379 0.9364845923510152 336
1622613528069 0.9364845923510152 337
1622613540783 0.9364845923510152 338
1622613553503 0.9364845923510152 339
1622613566241 0.9364845923510152 340
1622613579182 0.9364845923510152 341
1622613592126 0.9364845923510152 342
1622613605067 0.9364845923510152 343
1622613617998 0.9364845923510152 344
1622613631876 0.9364845923510152 345
1622613645333 0.9364845923510152 346
1622613659321 0.9364845923510152 347
1622613672392 0.9364845923510152 348
1622613685570 0.9364845923510152 349
1622613698672 0.9364845923510152 350
1622613711839 0.9364845923510152 351
1622613725062 0.9364845923510152 352
1622613738355 0.9364845923510152 353
1622613751648 0.9364845923510152 354
1622613765047 0.9364845923510152 355
1622613778364 0.9364845923510152 356
1622613791853 0.9364845923510152 357
1622613805437 0.9364845923510152 358
1622613818980 0.9364845923510152 359
1622613832498 0.9364845923510152 360
1622613846025 0.9364845923510152 361
1622613859805 0.9364845923510152 362
1622613873446 0.9364845923510152 363
1622613887166 0.9364845923510152 364
1622613900858 0.9364845923510152 365
1622613914632 0.9364845923510152 366
1622613928383 0.9364845923510152 367
1622613942194 0.9364845923510152 368
1622613956241 0.9364845923510152 369
1622613970204 0.9364845923510152 370
1622613984082 0.9364845923510152 371
1622613998029 0.9364845923510152 372
1622614012033 0.9364845923510152 373
1622614026103 0.9364845923510152 374
1622614040087 0.9364845923510152 375
1622614054137 0.9364845923510152 376
1622614068273 0.9364845923510152 377
1622614082625 0.9364845923510152 378
1622614096988 0.9364845923510152 379
1622614111216 0.9364845923510152 380
1622614125968 0.9364845923510152 381
1622614140263 0.9364845923510152 382
1622614154827 0.9364845923510152 383
1622614169332 0.9364845923510152 384
1622614183750 0.9364845923510152 385
1622614198180 0.9364845923510152 386
1622614212608 0.9364845923510152 387
1622614227714 0.9364845923510152 388
1622614242224 0.9364845923510152 389
1622614256817 0.9364845923510152 390
1622614271824 0.9364845923510152 391
1622614286665 0.9364845923510152 392
1622614301310 0.9364845923510152 393
1622614316029 0.9364845923510152 394
1622614331327 0.9364845923510152 395
1622614346537 0.9364845923510152 396
1622614361357 0.9364845923510152 397
1622614376134 0.9364845923510152 398
1622614391037 0.9364845923510152 399
1622614406071 0.9364845923510152 400
1622614421840 0.9364845923510152 401
1622614436706 0.9364845923510152 402
1622614451948 0.9364845923510152 403
1622614467740 0.9364845923510152 404
1622614482799 0.9364845923510152 405
1622614497914 0.9364845923510152 406
1622614513469 0.9364845923510152 407
1622614528820 0.9364845923510152 408
1622614543997 0.9364845923510152 409
1622614559157 0.9364845923510152 410
1622614574458 0.9364845923510152 411
1622614589750 0.9364845923510152 412
1622614605204 0.9364845923510152 413
1622614621646 0.9364845923510152 414
1622614637123 0.9364845923510152 415
1622614652574 0.9364845923510152 416
1622614668195 0.9364845923510152 417
1622614683744 0.9364845923510152 418
1622614699395 0.9364845923510152 419
1622614715656 0.9364845923510152 420
1622614731305 0.9364845923510152 421
1622614746922 0.9364845923510152 422
1622614762666 0.9364845923510152 423
1622614778650 0.9364845923510152 424
1622614794550 0.9364845923510152 425
1622614811121 0.9364845923510152 426
1622614827143 0.9364845923510152 427
1622614842978 0.9364845923510152 428
1622614858949 0.9364845923510152 429
1622614874849 0.9364845923510152 430
1622614890925 0.9364845923510152 431
1622614906927 0.9364845923510152 432
1622614923126 0.9364845923510152 433
1622614939346 0.9364845923510152 434
1622614955639 0.9364845923510152 435
1622614971856 0.9364845923510152 436
1622614988123 0.9364845923510152 437
1622615004669 0.9364845923510152 438
1622615021040 0.9364845923510152 439
1622615037336 0.9364845923510152 440
1622615053642 0.9364845923510152 441
1622615070141 0.9364845923510152 442
1622615086605 0.9364845923510152 443
1622615103139 0.9364845923510152 444
1622615119797 0.9364845923510152 445
1622615136402 0.9364845923510152 446
1622615153067 0.9364845923510152 447
1622615169704 0.9364845923510152 448
1622615186364 0.9364845923510152 449
1622615203466 0.9364845923510152 450
1622615220160 0.9364845923510152 451
1622615236883 0.9364845923510152 452
1622615254750 0.9364845923510152 453
1622615272171 0.9364845923510152 454
1622615289344 0.9364845923510152 455
1622615306343 0.9364845923510152 456
1622615323348 0.9364845923510152 457
1622615340413 0.9364845923510152 458
1622615357708 0.9364845923510152 459
1622615374978 0.9364845923510152 460
1622615392707 0.9364845923510152 461
1622615409754 0.9364845923510152 462
1622615427251 0.9364845923510152 463
1622615444571 0.9364845923510152 464
1622615461999 0.9364845923510152 465
1622615479425 0.9364845923510152 466
1622615496822 0.9364845923510152 467
1622615515581 0.9364845923510152 468
1622615533446 0.9364845923510152 469
1622615550863 0.9364845923510152 470
1622615568388 0.9364845923510152 471
1622615585827 0.9364845923510152 472
1622615603383 0.9364845923510152 473
1622615620917 0.9364845923510152 474
1622615638525 0.9364845923510152 475
1622615656354 0.9364845923510152 476
1622615674033 0.9364845923510152 477
1622615691808 0.9364845923510152 478
1622615709635 0.9364845923510152 479
1622615727817 0.9364845923510152 480
1622615746418 0.9364845923510152 481
1622615764852 0.9364845923510152 482
1622615783027 0.9364845923510152 483
1622615801743 0.9364845923510152 484
1622615820596 0.9364845923510152 485
1622615838871 0.9364845923510152 486
1622615857118 0.9364845923510152 487
1622615876241 0.9364845923510152 488
1622615894684 0.9364845923510152 489
1622615912975 0.9364845923510152 490
1622615931175 0.9364845923510152 491
1622615949528 0.9364845923510152 492
1622615967932 0.9364845923510152 493
1622615986802 0.9364845923510152 494
1622616006494 0.9364845923510152 495
1622616025165 0.9364845923510152 496
1622616043730 0.9364845923510152 497
1622616062585 0.9364845923510152 498
1622616081157 0.9364845923510152 499
1622616099799 0.9364845923510152 500
