1622611274284 0.379 0
1622611274850 0.456 1
1622611275428 0.532 2
1622611276053 0.608 3
1622611276707 0.6849999999999999 4
1622611277379 0.7599999999999999 5
1622611278085 0.8349999999999999 6
1622611278832 0.9109999999999998 7
1622611279596 0.9859999999999998 8
1622611280401 1.0609999999999997 9
1622611281264 1.1359999999999997 10
1622611282163 1.2109999999999996 11
1622611283094 1.2859999999999996 12
1622611284050 1.3619999999999997 13
1622611285044 1.4389999999999996 14
1622611286086 1.5139999999999996 15
1622611287161 1.5909999999999995 16
1622611288266 1.6679999999999995 17
1622611289398 1.7439999999999996 18
1622611290587 1.8209999999999995 19
1622611291793 1.8989999999999996 20
1622611293061 1.9739999999999995 21
1622611294382 2.0509999999999997 22
1622611295695 2.127 23
1622611297082 2.203 24
1622611298480 2.304 25
1622611299929 2.379 26
1622611301411 2.455 27
1622611302905 2.532 28
1622611304438 2.608 29
1622611306024 2.6830000000000003 30
1622611307650 2.7580000000000005 31
1622611309331 2.8340000000000005 32
1622611311021 2.9090000000000007 33
1622611312737 2.9850000000000008 34
1622611314498 3.061000000000001 35
1622611316308 3.137000000000001 36
1622611318145 3.214000000000001 37
1622611320007 3.290000000000001 38
1622611321909 3.366000000000001 39
1622611323852 3.443000000000001 40
1622611325834 3.518000000000001 41
1622611327989 3.595000000000001 42
1622611330119 3.6820000000000013 43
1622611332224 3.7570000000000014 44
1622611334333 3.8320000000000016 45
1622611336450 3.9090000000000016 46
1622611338679 3.9850000000000017 47
1622611340965 4.061000000000002 48
1622611343244 4.137000000000001 49
1622611345542 4.213000000000001 50
1622611347893 4.289000000000001 51
1622611350253 4.365 52
1622611352649 4.44 53
1622611355143 4.515000000000001 54
1622611357712 4.591 55
1622611360355 4.667 56
1622611362939 4.742 57
1622611365524 4.819 58
1622611368131 4.896 59
1622611370910 4.9719999999999995 60
1622611373614 5.055999999999999 61
1622611376472 5.130999999999999 62
1622611379258 5.2059999999999995 63
1622611382064 5.281 64
1622611384923 5.358 65
1622611387786 5.435 66
1622611390953 5.510999999999999 67
1622611393965 5.590999999999999 68
1622611396966 5.666999999999999 69
1622611400817 5.825999999999999 70
1622611403829 5.900999999999999 71
1622611407001 5.9769999999999985 72
1622611410367 6.051999999999999 73
1622611413483 6.126999999999999 74
1622611416949 6.209999999999999 75
1622611420317 6.284999999999999 76
1622611423601 6.367999999999999 77
1622611426882 6.443 78
1622611430197 6.518 79
1622611433590 6.593 80
1622611437040 6.668 81
1622611440654 6.751 82
1622611444110 6.8260000000000005 83
1622611447595 6.9030000000000005 84
1622611451197 6.979 85
1622611454742 7.053 86
1622611458377 7.128 87
1622611462023 7.203 88
1622611466621 7.2780000000000005 89
1622611470426 7.354 90
1622611474242 7.432 91
1622611478053 7.509 92
1622611481921 7.585 93
1622611485817 7.661 94
1622611489704 7.7379999999999995 95
1622611493646 7.813 96
1622611497638 7.888999999999999 97
1622611501717 7.9639999999999995 98
1622611505811 8.042 99
1622611509944 8.119 100
1622611514084 8.196 101
1622611518239 8.272 102
1622611522419 8.348 103
1622611526657 8.424000000000001 104
1622611530856 8.499 105
1622611535160 8.576 106
1622611539524 8.651 107
1622611543930 8.727 108
1622611548464 8.803 109
1622611552974 8.903 110
1622611557520 8.98 111
1622611562084 9.055 112
1622611566624 9.129999999999999 113
1622611571273 9.204999999999998 114
1622611575954 9.281999999999998 115
1622611580603 9.356999999999998 116
1622611585263 9.431999999999997 117
1622611590024 9.506999999999996 118
1622611594802 9.581999999999995 119
1622611599644 9.661999999999995 120
1622611604574 9.739999999999995 121
1622611609455 9.814999999999994 122
1622611614432 9.890999999999995 123
1622611619408 9.966999999999995 124
1622611624502 10.041999999999994 125
1622611630830 10.118999999999994 126
1622611635920 10.195999999999994 127
1622611641047 10.271999999999995 128
1622611646205 10.347999999999995 129
1622611651405 10.423999999999996 130
1622611656602 10.499999999999996 131
1622611661876 10.575999999999997 132
1622611667173 10.651999999999997 133
1622611672512 10.727999999999998 134
1622611677881 10.803999999999998 135
1622611683293 10.878999999999998 136
1622611688757 10.954999999999998 137
1622611694965 11.070999999999998 138
1622611700673 11.151999999999997 139
1622611706162 11.228999999999997 140
1622611711778 11.303999999999997 141
1622611717404 11.379999999999997 142
1622611722991 11.455999999999998 143
1622611728675 11.530999999999997 144
1622611734721 11.605999999999996 145
1622611740467 11.683999999999996 146
1622611746618 11.759999999999996 147
1622611752653 11.837999999999996 148
1622611758568 11.912999999999995 149
1622611764676 11.988999999999995 150
1622611770977 12.068999999999996 151
1622611776997 12.145999999999995 152
1622611784001 12.220999999999995 153
1622611790050 12.295999999999994 154
1622611796057 12.370999999999993 155
1622611802150 12.447999999999993 156
1622611808331 12.524999999999993 157
1622611814519 12.600999999999994 158
1622611820781 12.676999999999994 159
1622611826982 12.752999999999995 160
1622611833283 12.828999999999995 161
1622611839599 12.904999999999996 162
1622611846164 12.980999999999996 163
1622611852625 13.056999999999997 164
1622611859437 13.131999999999996 165
1622611865902 13.206999999999995 166
1622611872423 13.283999999999995 167
1622611879200 13.359999999999996 168
1622611885732 13.435999999999996 169
1622611892369 13.512999999999996 170
1622611899030 13.588999999999997 171
1622611905883 13.663999999999996 172
1622611912686 13.744999999999996 173
1622611919544 13.820999999999996 174
1622611926320 13.896999999999997 175
1622611933182 13.971999999999996 176
1622611940293 14.046999999999995 177
1622611947581 14.125999999999996 178
1622611954657 14.202999999999996 179
1622611961988 14.278999999999996 180
1622611969177 14.354999999999997 181
1622611976469 14.438999999999997 182
1622611983907 14.514999999999997 183
1622611991511 14.590999999999998 184
1622611998617 14.665999999999997 185
1622612005863 14.742999999999997 186
1622612014036 14.820999999999996 187
1622612021279 14.897999999999996 188
1622612028551 14.973999999999997 189
1622612035815 15.049999999999997 190
1622612043188 15.125999999999998 191
1622612050760 15.201999999999998 192
1622612058262 15.278999999999998 193
1622612065855 15.353999999999997 194
1622612073362 15.428999999999997 195
1622612081030 15.504999999999997 196
1622612088566 15.579999999999997 197
1622612096708 15.659999999999997 198
1622612104981 15.735999999999997 199
1622612113169 15.814999999999998 200
1622612120868 15.889999999999997 201
1622612128683 15.966999999999997 202
1622612136553 16.041999999999998 203
1622612144380 16.116999999999997 204
1622612152699 16.191999999999997 205
1622612160881 16.270999999999997 206
1622612169214 16.345999999999997 207
1622612177507 16.420999999999996 208
1622612186240 16.581999999999997 209
1622612194294 16.659 210
1622612202412 16.736 211
1622612210596 16.812 212
1622612219183 16.895 213
1622612227495 16.972 214
1622612235758 17.047 215
1622612244059 17.124000000000002 216
1622612252361 17.201000000000004 217
1622612260796 17.279000000000003 218
1622612269379 17.355000000000004 219
1622612277853 17.431000000000004 220
1622612286310 17.506000000000004 221
1622612294846 17.582000000000004 222
1622612303678 17.658000000000005 223
1622612312317 17.734000000000005 224
1622612320996 17.809000000000005 225
1622612329723 17.884000000000004 226
1622612338732 17.960000000000004 227
1622612347510 18.036000000000005 228
1622612356283 18.112000000000005 229
1622612365099 18.188000000000006 230
1622612373982 18.264000000000006 231
1622612382869 18.339000000000006 232
1622612391815 18.415000000000006 233
1622612401237 18.491000000000007 234
1622612410462 18.574000000000005 235
1622612419480 18.651000000000007 236
1622612428578 18.726000000000006 237
1622612437638 18.801000000000005 238
1622612446838 18.877000000000006 239
1622612456008 18.954000000000008 240
1622612465198 19.03000000000001 241
1622612474465 19.10700000000001 242
1622612483780 19.18300000000001 243
1622612493131 19.25900000000001 244
1622612502465 19.33500000000001 245
1622612511935 19.41000000000001 246
1622612521498 19.48600000000001 247
1622612530899 19.563000000000013 248
1622612540338 19.638000000000012 249
1622612549847 19.714000000000013 250
1622612559525 19.789000000000012 251
1622612569279 19.86700000000001 252
1622612578885 19.94200000000001 253
1622612588530 20.01800000000001 254
1622612598218 20.10200000000001 255
1622612608112 20.179000000000013 256
1622612618083 20.261000000000013 257
1622612627844 20.336000000000013 258
1622612637860 20.412000000000013 259
1622612647996 20.488000000000014 260
1622612657937 20.564000000000014 261
1622612667896 20.640000000000015 262
1622612678395 20.725000000000016 263
1622612688560 20.800000000000015 264
1622612698668 20.875000000000014 265
1622612708985 20.952000000000016 266
1622612719225 21.031000000000017 267
1622612729467 21.10800000000002 268
1622612739689 21.183000000000018 269
1622612749988 21.259000000000018 270
1622612760306 21.334000000000017 271
1622612770780 21.410000000000018 272
1622612781213 21.485000000000017 273
1622612791603 21.560000000000016 274
1622612801994 21.636000000000017 275
1622612812456 21.711000000000016 276
1622612822958 21.789000000000016 277
1622612833461 21.864000000000015 278
1622612844984 21.941000000000017 279
1622612855929 22.01500000000002 280
1622612866561 22.09100000000002 281
1622612877213 22.16700000000002 282
1622612887834 22.24400000000002 283
1622612898784 22.32000000000002 284
1622612910308 22.420000000000023 285
1622612921278 22.497000000000025 286
1622612932139 22.572000000000024 287
1622612943143 22.648000000000025 288
1622612954057 22.723000000000024 289
1622612965040 22.799000000000024 290
1622612976006 22.876000000000026 291
1622612987015 22.952000000000027 292
1622612998078 23.02900000000003 293
1622613009313 23.10500000000003 294
1622613020431 23.18200000000003 295
1622613031555 23.25800000000003 296
1622613043086 23.33900000000003 297
1622613054284 23.41400000000003 298
1622613066816 23.58300000000003 299
1622613078093 23.660000000000032 300
1622613089637 23.74400000000003 301
1622613101150 23.81900000000003 302
1622613113096 23.904000000000032 303
1622613125284 23.989000000000033 304
1622613136989 24.070000000000032 305
1622613149280 24.234000000000034 306
1622613161025 24.311000000000035 307
1622613172676 24.388000000000037 308
1622613184384 24.466000000000037 309
1622613196244 24.541000000000036 310
1622613208174 24.619000000000035 311
1622613220072 24.694000000000035 312
1622613232142 24.769000000000034 313
1622613244021 24.854000000000035 314
1622613255860 24.931000000000036 315
1622613267832 25.007000000000037 316
1622613279856 25.08400000000004 317
1622613291857 25.16000000000004 318
1622613303913 25.23600000000004 319
1622613315964 25.31100000000004 320
1622613328087 25.38700000000004 321
1622613340314 25.46300000000004 322
1622613352707 25.53900000000004 323
1622613365213 25.61800000000004 324
1622613377681 25.69400000000004 325
1622613389930 25.770000000000042 326
1622613402203 25.846000000000043 327
1622613414628 25.922000000000043 328
1622613427016 25.998000000000044 329
1622613439629 26.074000000000044 330
1622613452550 26.150000000000045 331
1622613464941 26.225000000000044 332
1622613477502 26.300000000000043 333
1622613490085 26.376000000000044 334
1622613502780 26.453000000000046 335
1622613515401 26.530000000000047 336
1622613528092 26.606000000000048 337
1622613540803 26.68200000000005 338
1622613553527 26.75800000000005 339
1622613566268 26.83400000000005 340
1622613579207 26.90900000000005 341
1622613592149 26.987000000000048 342
1622613605092 27.06300000000005 343
1622613618019 27.138000000000048 344
1622613631896 27.213000000000047 345
1622613645358 27.288000000000046 346
1622613659340 27.372000000000046 347
1622613672411 27.451000000000047 348
1622613685592 27.526000000000046 349
1622613698693 27.603000000000048 350
1622613711861 27.678000000000047 351
1622613725082 27.75500000000005 352
1622613738380 27.83100000000005 353
1622613751670 27.90600000000005 354
1622613765072 27.98200000000005 355
1622613778387 28.05700000000005 356
1622613791874 28.13300000000005 357
1622613805461 28.20900000000005 358
1622613819003 28.28800000000005 359
1622613832521 28.36500000000005 360
1622613846044 28.441000000000052 361
1622613859826 28.51600000000005 362
1622613873468 28.59100000000005 363
1622613887186 28.668000000000053 364
1622613900883 28.743000000000052 365
1622613914655 28.825000000000053 366
1622613928406 28.901000000000053 367
1622613942216 28.976000000000052 368
1622613956264 29.05100000000005 369
1622613970226 29.127000000000052 370
1622613984106 29.203000000000053 371
1622613998052 29.279000000000053 372
1622614012053 29.357000000000053 373
1622614026125 29.432000000000052 374
1622614040110 29.508000000000052 375
1622614054158 29.58300000000005 376
1622614068296 29.659000000000052 377
1622614082644 29.735000000000053 378
1622614097009 29.811000000000053 379
1622614111236 29.887000000000054 380
1622614125991 29.963000000000054 381
1622614140288 30.040000000000056 382
1622614154851 30.117000000000058 383
1622614169357 30.192000000000057 384
1622614183772 30.267000000000056 385
1622614198203 30.343000000000057 386
1622614212633 30.418000000000056 387
1622614227738 30.494000000000057 388
1622614242250 30.570000000000057 389
1622614256838 30.646000000000058 390
1622614271846 30.722000000000058 391
1622614286687 30.797000000000057 392
1622614301332 30.873000000000058 393
1622614316048 30.94900000000006 394
1622614331353 31.02600000000006 395
1622614346560 31.100000000000062 396
1622614361379 31.177000000000064 397
1622614376154 31.253000000000064 398
1622614391060 31.330000000000066 399
1622614406103 31.406000000000066 400
1622614421862 31.563000000000066 401
1622614436730 31.639000000000067 402
1622614451974 31.715000000000067 403
1622614467764 31.79200000000007 404
1622614482825 31.86800000000007 405
1622614497936 31.94400000000007 406
1622614513493 32.02100000000007 407
1622614528842 32.09800000000007 408
1622614544016 32.17400000000007 409
1622614559177 32.24900000000007 410
1622614574483 32.325000000000074 411
1622614589774 32.401000000000074 412
1622614605227 32.47800000000007 413
1622614621668 32.55400000000007 414
1622614637148 32.629000000000076 415
1622614652599 32.70500000000008 416
1622614668218 32.782000000000075 417
1622614683767 32.85700000000008 418
1622614699417 32.93300000000008 419
1622614715677 33.00900000000008 420
1622614731326 33.08600000000008 421
1622614746941 33.16100000000008 422
1622614762687 33.23700000000008 423
1622614778673 33.31200000000008 424
1622614794573 33.387000000000086 425
1622614811142 33.463000000000086 426
1622614827166 33.53800000000009 427
1622614843001 33.61400000000009 428
1622614858967 33.69000000000009 429
1622614874873 33.76400000000009 430
1622614890946 33.841000000000086 431
1622614906950 33.91700000000009 432
1622614923147 33.99300000000009 433
1622614939370 34.06900000000009 434
1622614955661 34.14500000000009 435
1622614971880 34.22000000000009 436
1622614988148 34.295000000000094 437
1622615004692 34.371000000000095 438
1622615021063 34.447000000000095 439
1622615037360 34.523000000000096 440
1622615053663 34.5980000000001 441
1622615070165 34.6740000000001 442
1622615086626 34.7500000000001 443
1622615103161 34.8250000000001 444
1622615119819 34.9010000000001 445
1622615136425 34.9770000000001 446
1622615153089 35.052000000000106 447
1622615169728 35.12800000000011 448
1622615186387 35.20400000000011 449
1622615203491 35.28000000000011 450
1622615220184 35.35500000000011 451
1622615236917 35.43000000000011 452
1622615254779 35.61000000000011 453
1622615272194 35.76300000000011 454
1622615289365 35.84000000000011 455
1622615306367 35.91600000000011 456
1622615323373 35.99200000000011 457
1622615340435 36.06800000000011 458
1622615357732 36.143000000000114 459
1622615375001 36.219000000000115 460
1622615392730 36.29400000000012 461
1622615409778 36.36900000000012 462
1622615427271 36.44500000000012 463
1622615444593 36.51900000000012 464
1622615462020 36.60000000000012 465
1622615479444 36.675000000000125 466
1622615496843 36.75000000000013 467
1622615515602 36.827000000000126 468
1622615533469 36.904000000000124 469
1622615550885 36.97900000000013 470
1622615568411 37.05500000000013 471
1622615585850 37.13000000000013 472
1622615603408 37.20500000000013 473
1622615620941 37.280000000000136 474
1622615638550 37.35500000000014 475
1622615656376 37.43200000000014 476
1622615674055 37.50800000000014 477
1622615691830 37.58300000000014 478
1622615709656 37.664000000000144 479
1622615727849 37.740000000000144 480
1622615746443 37.92100000000014 481
1622615764874 38.005000000000145 482
1622615783052 38.081000000000145 483
1622615801766 38.15600000000015 484
1622615820619 38.23500000000015 485
1622615838895 38.31100000000015 486
1622615857141 38.39300000000015 487
1622615876264 38.46800000000015 488
1622615894707 38.54400000000015 489
1622615912996 38.620000000000154 490
1622615931200 38.696000000000154 491
1622615949552 38.772000000000155 492
1622615967962 38.848000000000155 493
1622615986825 39.00500000000015 494
1622616006519 39.080000000000155 495
1622616025190 39.156000000000155 496
1622616043755 39.23100000000016 497
1622616062610 39.30700000000016 498
1622616081179 39.38400000000016 499
1622616099822 39.46200000000016 500
