1622761144150 0.116 0
1622761145572 0.23 1
1622761147340 0.341 2
1622761149452 0.452 3
1622761151918 0.5650000000000001 4
1622761154744 0.678 5
1622761157890 0.791 6
1622761161367 0.906 7
1622761165238 1.02 8
1622761169451 1.1320000000000001 9
1622761173958 1.2440000000000002 10
1622761178832 1.3590000000000002 11
1622761184088 1.4720000000000002 12
1622761189653 1.5870000000000002 13
1622761195516 1.7000000000000002 14
1622761201820 1.8110000000000002 15
1622761208421 1.9250000000000003 16
1622761215336 2.0370000000000004 17
1622761222617 2.1500000000000004 18
1622761230243 2.2630000000000003 19
1622761238194 2.3740000000000006 20
1622761246538 2.4860000000000007 21
1622761255211 2.5960000000000005 22
1622761264124 2.7080000000000006 23
1622761273454 2.819000000000001 24
1622761283184 2.9290000000000007 25
1622761293303 3.0420000000000007 26
1622761303798 3.1520000000000006 27
1622761314617 3.2650000000000006 28
1622761325751 3.3790000000000004 29
1622761337292 3.4940000000000007 30
1622761349180 3.6070000000000007 31
1622761361375 3.7170000000000005 32
1622761374031 3.8270000000000004 33
1622761386906 3.9380000000000006 34
1622761400307 4.049 35
1622761413907 4.1610000000000005 36
1622761427946 4.277 37
1622761442179 4.389 38
1622761456737 4.5 39
1622761471590 4.612 40
1622761486935 4.724 41
1622761502624 4.837000000000001 42
1622761518787 4.948 43
1622761535179 5.063000000000001 44
1622761552050 5.178000000000001 45
1622761569126 5.290000000000001 46
1622761586749 5.403000000000001 47
1622761604489 5.5150000000000015 48
1622761622495 5.629000000000001 49
1622761641202 5.739000000000002 50
1622761660085 5.852000000000002 51
1622761679183 5.966000000000002 52
1622761698972 6.079000000000002 53
1622761718810 6.192000000000003 54
1622761738414 6.304000000000003 55
1622761758506 6.411000000000003 56
1622761778516 6.519000000000003 57
1622761799454 6.628000000000003 58
1622761819952 6.737000000000003 59
1622761840902 6.850000000000003 60
1622761862755 6.964000000000003 61
1622761885761 7.084000000000003 62
1622761908361 7.198000000000003 63
1622761930763 7.307000000000003 64
1622761953622 7.415000000000003 65
1622761976764 7.5260000000000025 66
1622762000153 7.634000000000002 67
1622762024000 7.742000000000002 68
1622762048135 7.854000000000002 69
1622762072328 7.9620000000000015 70
1622762097166 8.073000000000002 71
1622762122317 8.184000000000003 72
1622762148365 8.295000000000003 73
1622762174542 8.405000000000003 74
1622762200317 8.514000000000003 75
1622762226916 8.623000000000003 76
1622762253930 8.730000000000002 77
1622762280892 8.881000000000002 78
1622762308967 8.991000000000001 79
1622762337974 9.104000000000001 80
1622762367768 9.213000000000001 81
1622762396952 9.322000000000001 82
1622762426995 9.435 83
1622762457778 9.55 84
1622762488217 9.662 85
1622762518328 9.776000000000002 86
1622762548695 9.885000000000002 87
1622762578581 9.992 88
1622762609054 10.101 89
1622762640247 10.209000000000001 90
1622762671508 10.318000000000001 91
1622762703471 10.425 92
1622762736000 10.531 93
1622762769574 10.639000000000001 94
1622762804453 10.750000000000002 95
1622762839577 10.860000000000001 96
1622762874597 10.972000000000001 97
1622762909626 11.081000000000001 98
1622762945284 11.197000000000001 99
1622762979926 11.306000000000001 100
1622763014919 11.415000000000001 101
1622763050063 11.526000000000002 102
1622763085385 11.637000000000002 103
1622763120661 11.744000000000002 104
1622763156345 11.848 105
1622763192902 11.956000000000001 106
1622763229882 12.064000000000002 107
1622763266692 12.170000000000002 108
1622763303580 12.276000000000002 109
1622763341610 12.383000000000001 110
1622763379645 12.491000000000001 111
1622763417828 12.601 112
1622763455865 12.709000000000001 113
1622763494500 12.818000000000001 114
1622763533239 12.926000000000002 115
1622763573964 13.038000000000002 116
1622763616855 13.153000000000002 117
1622763657272 13.263000000000002 118
1622763698007 13.370000000000001 119
1622763738285 13.478000000000002 120
1622763779130 13.584000000000001 121
1622763820374 13.694 122
1622763862949 13.804 123
1622763905395 13.909 124
1622763948068 14.017000000000001 125
1622763991865 14.127 126
1622764034894 14.235000000000001 127
1622764078457 14.346000000000002 128
1622764122349 14.457000000000003 129
1622764167059 14.566000000000003 130
1622764211100 14.674000000000003 131
1622764255408 14.783000000000003 132
1622764300089 14.894000000000004 133
1622764346672 15.004000000000003 134
1622764393302 15.115000000000004 135
1622764440251 15.226000000000004 136
1622764487445 15.338000000000005 137
1622764534996 15.444000000000004 138
1622764582414 15.548000000000004 139
1622764629365 15.658000000000003 140
1622764678189 15.765000000000002 141
1622764726780 15.875000000000002 142
1622764776803 15.990000000000002 143
1622764825862 16.098000000000003 144
1622764877339 16.202 145
1622764926493 16.310000000000002 146
1622764976148 16.418000000000003 147
1622765027055 16.53 148
1622765079950 16.641000000000002 149
1622765131183 16.753 150
1622765182146 16.864 151
1622765234537 16.973000000000003 152
1622765286062 17.082000000000004 153
1622765338616 17.190000000000005 154
1622765391208 17.297000000000004 155
1622765444791 17.405000000000005 156
1622765496985 17.515000000000004 157
1622765550097 17.624000000000006 158
1622765603027 17.732000000000006 159
1622765656077 17.840000000000007 160
1622765709335 17.94300000000001 161
1622765762967 18.04900000000001 162
1622765816819 18.16900000000001 163
1622765872076 18.27600000000001 164
1622765927962 18.38300000000001 165
1622765984034 18.48900000000001 166
1622766040928 18.597000000000012 167
1622766097734 18.70400000000001 168
1622766154288 18.81100000000001 169
1622766211100 18.91600000000001 170
1622766267874 19.022000000000013 171
1622766325256 19.129000000000012 172
1622766383129 19.235000000000014 173
1622766440919 19.345000000000013 174
1622766499013 19.453000000000014 175
1622766558804 19.564000000000014 176
1622766617843 19.670000000000016 177
1622766679842 19.779000000000018 178
1622766743771 19.892000000000017 179
1622766809782 20.007000000000016 180
1622766873193 20.120000000000015 181
1622766936590 20.230000000000015 182
1622767001116 20.337000000000014 183
1622767065779 20.444000000000013 184
1622767130286 20.551000000000013 185
1622767195430 20.658000000000012 186
1622767259644 20.764000000000014 187
1622767325406 20.866000000000014 188
1622767391027 20.976000000000013 189
1622767457444 21.102000000000015 190
1622767523942 21.213000000000015 191
1622767590888 21.322000000000017 192
1622767657615 21.432000000000016 193
1622767725322 21.543000000000017 194
1622767792186 21.651000000000018 195
1622767859191 21.75700000000002 196
1622767926184 21.86200000000002 197
1622767994201 21.96700000000002 198
1622768061885 22.07000000000002 199
1622768129439 22.17700000000002 200
1622768196789 22.28700000000002 201
1622768264850 22.396000000000022 202
1622768334239 22.507000000000023 203
1622768406956 22.617000000000022 204
1622768477320 22.726000000000024 205
1622768546127 22.831000000000024 206
1622768616802 22.936000000000025 207
1622768688882 23.044000000000025 208
1622768761310 23.157000000000025 209
1622768833362 23.268000000000026 210
1622768914496 23.385000000000026 211
1622768988618 23.503000000000025 212
1622769063729 23.611000000000026 213
1622769136617 23.724000000000025 214
1622769212340 23.836000000000023 215
1622769291598 23.945000000000025 216
1622769367556 24.056000000000026 217
1622769444934 24.167000000000026 218
1622769521645 24.275000000000027 219
1622769596943 24.383000000000028 220
1622769671878 24.491000000000028 221
1622769752102 24.59900000000003 222
1622769830208 24.70500000000003 223
1622769907898 24.81500000000003 224
1622769988219 24.927000000000028 225
1622770068263 25.040000000000028 226
1622770150803 25.159000000000027 227
1622770235439 25.281000000000027 228
1622770313666 25.402000000000026 229
1622770397515 25.521000000000026 230
1622770479938 25.634000000000025 231
1622770562743 25.748000000000026 232
1622770642314 25.861000000000026 233
1622770722708 25.973000000000024 234
1622770803568 26.080000000000023 235
1622770882343 26.188000000000024 236
1622770964162 26.306000000000022 237
1622771046230 26.417000000000023 238
1622771129358 26.531000000000024 239
1622771213250 26.642000000000024 240
1622771295370 26.754000000000023 241
1622771380201 26.86900000000002 242
1622771466310 26.978000000000023 243
1622771553835 27.092000000000024 244
1622771640952 27.201000000000025 245
1622771728367 27.312000000000026 246
1622771819033 27.423000000000027 247
1622771905324 27.533000000000026 248
1622771992634 27.642000000000028 249
1622772076366 27.755000000000027 250
1622772162577 27.865000000000027 251
1622772247065 27.975000000000026 252
1622772333136 28.087000000000025 253
1622772417056 28.195000000000025 254
1622772500852 28.302000000000024 255
1622772594977 28.413000000000025 256
1622772685270 28.525000000000023 257
1622772779556 28.63700000000002 258
1622772871888 28.75000000000002 259
1622772965540 28.858000000000022 260
1622773054026 28.97000000000002 261
1622773151108 29.08100000000002 262
1622773239586 29.19200000000002 263
1622773331462 29.30800000000002 264
1622773420958 29.41800000000002 265
1622773511664 29.527000000000022 266
1622773603740 29.638000000000023 267
1622773693366 29.75300000000002 268
1622773785073 29.86000000000002 269
1622773876046 29.96800000000002 270
1622773969089 30.08000000000002 271
1622774062072 30.19300000000002 272
1622774156335 30.30000000000002 273
1622774249174 30.41100000000002 274
1622774343521 30.52500000000002 275
1622774440468 30.64100000000002 276
1622774533778 30.75100000000002 277
1622774625276 30.85900000000002 278
1622774717216 30.96100000000002 279
1622774810511 31.06800000000002 280
1622774906183 31.17600000000002 281
1622774999454 31.28400000000002 282
1622775092906 31.39500000000002 283
1622775186175 31.50300000000002 284
1622775280334 31.61000000000002 285
1622775374773 31.71800000000002 286
1622775476932 31.824000000000023 287
1622775572277 31.930000000000025 288
1622775670738 32.03900000000002 289
1622775769462 32.151000000000025 290
1622775867712 32.26500000000002 291
1622775963918 32.37200000000002 292
1622776061085 32.48000000000002 293
1622776158488 32.58400000000002 294
1622776257396 32.69600000000002 295
1622776354649 32.804000000000016 296
1622776454011 32.911000000000016 297
1622776553597 33.02200000000001 298
1622776652978 33.12700000000001 299
1622776751935 33.23400000000001 300
1622776853580 33.35300000000001 301
1622776954117 33.46200000000001 302
1622777054256 33.57000000000001 303
1622777154249 33.67900000000001 304
1622777256038 33.79100000000001 305
1622777359557 33.90300000000001 306
1622777466503 34.015000000000015 307
1622777571537 34.12400000000002 308
1622777678302 34.235000000000014 309
1622777784744 34.34600000000001 310
1622777887572 34.45900000000001 311
1622777990972 34.56800000000001 312
1622778094622 34.67500000000001 313
1622778201365 34.78500000000001 314
1622778307040 34.89100000000001 315
1622778420023 34.99800000000001 316
1622778530848 35.11100000000001 317
1622778642460 35.22200000000001 318
1622778754466 35.33100000000001 319
1622778868248 35.44200000000001 320
1622778973766 35.547000000000004 321
1622779079650 35.655 322
1622779185747 35.766 323
1622779291932 35.870999999999995 324
1622779398531 35.980999999999995 325
1622779505647 36.086999999999996 326
1622779613283 36.193999999999996 327
1622779722806 36.309 328
1622779832204 36.419999999999995 329
1622779941539 36.52499999999999 330
1622780050595 36.63199999999999 331
1622780159791 36.73799999999999 332
1622780269162 36.84599999999999 333
1622780379911 36.95199999999999 334
1622780490543 37.06099999999999 335
1622780601383 37.17099999999999 336
1622780711817 37.279999999999994 337
1622780823309 37.39399999999999 338
1622780935170 37.50099999999999 339
1622781047136 37.61099999999999 340
1622781160802 37.71999999999999 341
1622781274147 37.82699999999999 342
1622781386568 37.93299999999999 343
1622781498360 38.03799999999999 344
1622781612180 38.14399999999999 345
1622781727172 38.25199999999999 346
1622781840293 38.35899999999999 347
1622781953556 38.463999999999984 348
1622782067167 38.56599999999998 349
1622782183084 38.67199999999998 350
1622782301367 38.780999999999985 351
1622782416627 38.887999999999984 352
1622782536751 38.99499999999998 353
1622782655472 39.10199999999998 354
1622782771438 39.20999999999998 355
1622782888011 39.31399999999998 356
1622783005503 39.421999999999976 357
1622783124063 39.53299999999997 358
1622783241368 39.63799999999997 359
1622783359049 39.74299999999997 360
1622783477585 39.84499999999996 361
1622783596445 39.94999999999996 362
1622783715265 40.05599999999996 363
1622783834305 40.16099999999996 364
1622783953755 40.27699999999996 365
1622784073207 40.38699999999996 366
1622784193198 40.49399999999996 367
1622784313207 40.598999999999954 368
1622784434752 40.70599999999995 369
1622784555909 40.80999999999995 370
1622784677642 40.915999999999954 371
1622784800346 41.021999999999956 372
1622784922283 41.12999999999995 373
1622785043991 41.235999999999954 374
1622785166550 41.342999999999954 375
1622785288790 41.44499999999995 376
1622785412033 41.55099999999995 377
1622785535296 41.656999999999954 378
1622785658800 41.759999999999955 379
1622785782686 41.86499999999995 380
1622785907412 41.96899999999995 381
1622786033211 42.07599999999995 382
1622786160245 42.18399999999995 383
1622786289750 42.29599999999995 384
1622786418668 42.40499999999995 385
1622786545689 42.51199999999995 386
1622786672573 42.61599999999995 387
1622786799970 42.72199999999995 388
1622786927367 42.82999999999995 389
1622787055547 42.93699999999995 390
1622787186222 43.04299999999995 391
1622787314436 43.14999999999995 392
1622787449807 43.254999999999946 393
1622787579528 43.361999999999945 394
1622787715236 43.46799999999995 395
1622787850839 43.577999999999946 396
1622787988372 43.68699999999995 397
1622788126694 43.79999999999995 398
1622788261108 43.907999999999944 399
1622788398783 44.014999999999944 400
1622788529837 44.123999999999945 401
1622788661618 44.239999999999945 402
1622788794154 44.34799999999994 403
1622788926320 44.45599999999994 404
1622789058430 44.560999999999936 405
1622789191841 44.67299999999994 406
1622789326560 44.777999999999935 407
1622789461167 44.883999999999936 408
1622789595831 44.990999999999936 409
1622789734053 45.09999999999994 410
1622789875571 45.207999999999934 411
1622790014139 45.32199999999993 412
1622790153914 45.43499999999993 413
1622790291702 45.54199999999993 414
1622790427590 45.64899999999993 415
1622790566902 45.75399999999993 416
1622790703588 45.85999999999993 417
1622790845502 45.96899999999993 418
1622790989213 46.07599999999993 419
1622791133670 46.18499999999993 420
1622791277296 46.29399999999993 421
1622791415543 46.399999999999935 422
1622791556880 46.508999999999936 423
1622791696633 46.615999999999936 424
1622791836115 46.719999999999935 425
1622791976459 46.82499999999993 426
1622792118461 46.93299999999993 427
1622792261138 47.037999999999926 428
1622792407714 47.150999999999925 429
1622792550715 47.257999999999925 430
1622792694561 47.367999999999924 431
1622792837250 47.47499999999992 432
1622792979633 47.58299999999992 433
1622793121705 47.68899999999992 434
1622793263672 47.79599999999992 435
1622793406084 47.90299999999992 436
1622793549105 48.00799999999992 437
1622793693196 48.11399999999992 438
1622793837972 48.22699999999992 439
1622793982209 48.33599999999992 440
1622794126409 48.44899999999992 441
1622794271366 48.55299999999992 442
1622794418094 48.657999999999916 443
1622794563081 48.76299999999991 444
1622794708974 48.87099999999991 445
1622794856605 48.98099999999991 446
1622795004083 49.08799999999991 447
1622795151828 49.19199999999991 448
1622795299425 49.30199999999991 449
1622795451023 49.40799999999991 450
1622795598818 49.51399999999991 451
1622795747289 49.62099999999991 452
1622795895137 49.72699999999991 453
1622796043834 49.83499999999991 454
1622796192302 49.94099999999991 455
1622796341137 50.04399999999991 456
1622796492012 50.14899999999991 457
1622796645561 50.253999999999905 458
1622796799198 50.3619999999999 459
1622796952607 50.4689999999999 460
1622797106385 50.5819999999999 461
1622797260482 50.6929999999999 462
1622797412091 50.800999999999895 463
1622797564590 50.90599999999989 464
1622797718516 51.011999999999894 465
1622797871753 51.12899999999989 466
1622798024592 51.23499999999989 467
1622798176958 51.340999999999894 468
1622798330071 51.44899999999989 469
1622798484763 51.55499999999989 470
1622798640555 51.66199999999989 471
1622798798551 51.77199999999989 472
1622798955456 51.88199999999989 473
1622799115334 51.99299999999989 474
1622799280195 52.09999999999989 475
1622799442129 52.20299999999989 476
1622799608772 52.30999999999989 477
1622799776081 52.417999999999886 478
1622799943247 52.527999999999885 479
1622800118584 52.63699999999989 480
1622800285107 52.744999999999884 481
1622800460591 52.85599999999988 482
1622800623102 52.96499999999988 483
1622800789896 53.07199999999988 484
1622800955773 53.18299999999988 485
1622801123614 53.290999999999876 486
1622801292499 53.39899999999987 487
1622801460554 53.50599999999987 488
1622801626999 53.61099999999987 489
1622801794871 53.71799999999987 490
1622801962937 53.82799999999987 491
1622802137131 53.935999999999865 492
1622802304438 54.05599999999986 493
1622802472964 54.167999999999864 494
1622802638064 54.274999999999864 495
1622802815722 54.38799999999986 496
1622802985506 54.49899999999986 497
1622803161900 54.60999999999986 498
1622803327000 54.71999999999986 499
1622803507764 54.824999999999854 500
