1622724646801 -121.05672041957018 0
1622724647397 -50.50463594189925 1
1622724647967 -43.715883466273574 2
1622724648536 -43.715883466273574 3
1622724649158 -43.715883466273574 4
1622724649810 -43.715883466273574 5
1622724650496 -43.715883466273574 6
1622724651221 -43.715883466273574 7
1622724651996 -43.715883466273574 8
1622724652797 -43.715883466273574 9
1622724653617 -43.715883466273574 10
1622724654498 -43.715883466273574 11
1622724655391 -43.715883466273574 12
1622724656368 -43.715883466273574 13
1622724657367 -43.715883466273574 14
1622724658410 -43.715883466273574 15
1622724659497 -43.715883466273574 16
1622724660604 -43.715883466273574 17
1622724661735 -43.715883466273574 18
1622724662908 -43.715883466273574 19
1622724664106 -43.715883466273574 20
1622724665354 -43.715883466273574 21
1622724666649 -43.715883466273574 22
1622724667963 -43.715883466273574 23
1622724669322 -43.715883466273574 24
1622724670735 -43.715883466273574 25
1622724672173 -43.715883466273574 26
1622724673635 -43.715883466273574 27
1622724675134 -43.715883466273574 28
1622724676646 -43.715883466273574 29
1622724678193 -43.715883466273574 30
1622724679775 -43.715883466273574 31
1622724681396 -43.715883466273574 32
1622724683060 -43.715883466273574 33
1622724684733 -43.715883466273574 34
1622724686478 -43.715883466273574 35
1622724688272 -43.715883466273574 36
1622724690086 -43.715883466273574 37
1622724691938 -43.715883466273574 38
1622724693834 -43.715883466273574 39
1622724695747 -43.715883466273574 40
1622724697730 -43.715883466273574 41
1622724699734 -43.715883466273574 42
1622724701797 -43.715883466273574 43
1622724703846 -43.715883466273574 44
1622724705955 -43.715883466273574 45
1622724708090 -43.715883466273574 46
1622724710235 -43.715883466273574 47
1622724712438 -43.715883466273574 48
1622724714678 -43.715883466273574 49
1622724716894 -43.715883466273574 50
1622724719186 -43.715883466273574 51
1622724721535 -43.715883466273574 52
1622724723878 -43.715883466273574 53
1622724726250 -43.715883466273574 54
1622724728683 -43.715883466273574 55
1622724731172 -43.715883466273574 56
1622724733698 -43.715883466273574 57
1622724736254 -43.715883466273574 58
1622724738822 -43.715883466273574 59
1622724741449 -43.715883466273574 60
1622724744103 -43.715883466273574 61
1622724746793 -43.715883466273574 62
1622724749497 -43.715883466273574 63
1622724752290 -43.715883466273574 64
1622724755120 -43.715883466273574 65
1622724757953 -43.715883466273574 66
1622724760828 -43.715883466273574 67
1622724763755 -43.715883466273574 68
1622724766685 -43.715883466273574 69
1622724769618 -43.715883466273574 70
1622724772659 -43.715883466273574 71
1622724775746 -43.715883466273574 72
1622724778833 -43.715883466273574 73
1622724781962 -43.715883466273574 74
1622724785160 -43.715883466273574 75
1622724788334 -43.715883466273574 76
1622724791504 -43.715883466273574 77
1622724794758 -43.715883466273574 78
1622724798012 -43.715883466273574 79
1622724801378 -43.715883466273574 80
1622724804762 -43.715883466273574 81
1622724809072 -43.715883466273574 82
1622724812503 -43.715883466273574 83
1622724815990 -43.715883466273574 84
1622724819508 -43.715883466273574 85
1622724823017 -43.715883466273574 86
1622724826604 -43.715883466273574 87
1622724830226 -43.715883466273574 88
1622724833852 -43.715883466273574 89
1622724837530 -43.715883466273574 90
1622724841221 -43.715883466273574 91
1622724844963 -43.715883466273574 92
1622724848753 -43.715883466273574 93
1622724852727 -43.715883466273574 94
1622724857176 -43.715883466273574 95
1622724861128 -43.715883466273574 96
1622724865103 -43.715883466273574 97
1622724869058 -43.715883466273574 98
1622724873087 -43.715883466273574 99
1622724877180 -43.715883466273574 100
1622724881285 -43.715883466273574 101
1622724885406 -43.715883466273574 102
1622724889573 -43.715883466273574 103
1622724893791 -43.715883466273574 104
1622724898017 -43.715883466273574 105
1622724902290 -43.715883466273574 106
1622724906563 -43.715883466273574 107
1622724910893 -43.715883466273574 108
1622724915236 -43.715883466273574 109
1622724919619 -43.715883466273574 110
1622724924060 -43.715883466273574 111
1622724928575 -43.715883466273574 112
1622724933111 -43.715883466273574 113
1622724937674 -43.715883466273574 114
1622724942261 -43.715883466273574 115
1622724946848 -43.715883466273574 116
1622724951480 -43.715883466273574 117
1622724956167 -43.715883466273574 118
1622724960850 -43.715883466273574 119
1622724965607 -43.715883466273574 120
1622724970353 -43.715883466273574 121
1622724975231 -43.715883466273574 122
1622724980085 -43.715883466273574 123
1622724984963 -43.715883466273574 124
1622724989863 -43.715883466273574 125
1622724994850 -43.715883466273574 126
1622724999864 -43.715883466273574 127
1622725004871 -43.715883466273574 128
1622725009975 -43.715883466273574 129
1622725015111 -43.715883466273574 130
1622725020234 -43.715883466273574 131
1622725025428 -43.715883466273574 132
1622725030691 -43.715883466273574 133
1622725035921 -43.715883466273574 134
1622725041220 -43.715883466273574 135
1622725046581 -43.715883466273574 136
1622725052026 -43.715883466273574 137
1622725057383 -43.715883466273574 138
1622725062792 -43.715883466273574 139
1622725068333 -43.715883466273574 140
1622725073824 -43.715883466273574 141
1622725079432 -43.715883466273574 142
1622725085001 -43.715883466273574 143
1622725090621 -43.715883466273574 144
1622725096233 -43.715883466273574 145
1622725101926 -43.715883466273574 146
1622725107643 -43.715883466273574 147
1622725113379 -43.715883466273574 148
1622725119983 -43.715883466273574 149
1622725125751 -43.715883466273574 150
1622725131582 -43.715883466273574 151
1622725137458 -43.715883466273574 152
1622725143370 -43.715883466273574 153
1622725149311 -43.715883466273574 154
1622725155298 -43.715883466273574 155
1622725161378 -43.715883466273574 156
1622725167433 -43.715883466273574 157
1622725173532 -43.715883466273574 158
1622725179621 -43.715883466273574 159
1622725185833 -43.715883466273574 160
1622725192469 -43.715883466273574 161
1622725199302 -43.715883466273574 162
1622725205585 -43.715883466273574 163
1622725211882 -43.715883466273574 164
1622725218232 -43.715883466273574 165
1622725224659 -43.715883466273574 166
1622725231043 -43.715883466273574 167
1622725237538 -43.715883466273574 168
1622725244614 -43.715883466273574 169
1622725251487 -43.715883466273574 170
1622725258068 -43.715883466273574 171
1622725264724 -43.715883466273574 172
1622725271374 -43.715883466273574 173
1622725278133 -43.715883466273574 174
1622725284916 -43.715883466273574 175
1622725291693 -43.715883466273574 176
1622725298510 -43.715883466273574 177
1622725305371 -43.715883466273574 178
1622725312215 -43.715883466273574 179
1622725319183 -43.715883466273574 180
1622725326124 -43.715883466273574 181
1622725333072 -43.715883466273574 182
1622725340143 -43.715883466273574 183
1622725347176 -43.715883466273574 184
1622725354286 -43.715883466273574 185
1622725361378 -43.715883466273574 186
1622725368497 -43.715883466273574 187
1622725375737 -43.715883466273574 188
1622725382983 -43.715883466273574 189
1622725390262 -43.715883466273574 190
1622725397650 -43.715883466273574 191
1622725405105 -43.715883466273574 192
1622725413585 -43.715883466273574 193
1622725421050 -43.715883466273574 194
1622725428540 -43.715883466273574 195
1622725436197 -43.715883466273574 196
1622725443787 -43.715883466273574 197
1622725451415 -43.715883466273574 198
1622725459089 -43.715883466273574 199
1622725466845 -43.715883466273574 200
1622725474582 -43.715883466273574 201
1622725482338 -43.715883466273574 202
1622725490297 -43.715883466273574 203
1622725498248 -43.715883466273574 204
1622725506195 -43.715883466273574 205
1622725514114 -43.715883466273574 206
1622725521998 -43.715883466273574 207
1622725529915 -43.715883466273574 208
1622725537922 -43.715883466273574 209
1622725545924 -43.715883466273574 210
1622725554039 -43.715883466273574 211
1622725562146 -43.715883466273574 212
1622725570211 -43.715883466273574 213
1622725578408 -43.715883466273574 214
1622725586674 -43.715883466273574 215
1622725594969 -43.715883466273574 216
1622725603392 -43.715883466273574 217
1622725611786 -43.715883466273574 218
1622725620085 -43.715883466273574 219
1622725628431 -43.715883466273574 220
1622725636849 -43.715883466273574 221
1622725645306 -43.715883466273574 222
1622725653886 -43.715883466273574 223
1622725662361 -43.715883466273574 224
1622725671011 -43.715883466273574 225
1622725679603 -43.715883466273574 226
1622725688221 -43.715883466273574 227
1622725697776 -43.715883466273574 228
1622725706476 -43.715883466273574 229
1622725715147 -43.715883466273574 230
1622725723862 -43.715883466273574 231
1622725732692 -43.715883466273574 232
1622725741533 -43.715883466273574 233
1622725750349 -43.715883466273574 234
1622725759208 -43.715883466273574 235
1622725768067 -43.715883466273574 236
1622725777077 -43.715883466273574 237
1622725786091 -43.715883466273574 238
1622725795102 -43.715883466273574 239
1622725804200 -43.715883466273574 240
1622725813332 -43.715883466273574 241
1622725822420 -43.715883466273574 242
1622725831609 -43.715883466273574 243
1622725840850 -43.715883466273574 244
1622725850108 -43.715883466273574 245
1622725859411 -43.715883466273574 246
1622725868691 -43.715883466273574 247
1622725878084 -43.715883466273574 248
1622725887503 -43.715883466273574 249
1622725896920 -43.715883466273574 250
1622725906322 -43.715883466273574 251
1622725915769 -43.715883466273574 252
1622725925338 -43.715883466273574 253
1622725934848 -43.715883466273574 254
1622725944450 -43.715883466273574 255
1622725954095 -43.715883466273574 256
1622725963787 -43.715883466273574 257
1622725973459 -43.715883466273574 258
1622725983151 -43.715883466273574 259
1622725992929 -43.715883466273574 260
1622726002762 -43.715883466273574 261
1622726012532 -43.715883466273574 262
1622726022442 -43.715883466273574 263
1622726032324 -43.715883466273574 264
1622726042330 -43.715883466273574 265
1622726052366 -43.715883466273574 266
1622726062416 -43.715883466273574 267
1622726072468 -43.715883466273574 268
1622726082584 -43.715883466273574 269
1622726092740 -43.715883466273574 270
1622726102971 -43.715883466273574 271
1622726113135 -43.715883466273574 272
1622726123317 -43.715883466273574 273
1622726133577 -43.715883466273574 274
1622726143801 -43.715883466273574 275
1622726154086 -43.715883466273574 276
1622726164519 -43.715883466273574 277
1622726174943 -43.715883466273574 278
1622726185351 -43.715883466273574 279
1622726195871 -43.715883466273574 280
1622726206406 -43.715883466273574 281
1622726216895 -43.715883466273574 282
1622726227493 -43.715883466273574 283
1622726238064 -43.715883466273574 284
1622726248658 -43.715883466273574 285
1622726259339 -43.715883466273574 286
1622726269995 -43.715883466273574 287
1622726280684 -43.715883466273574 288
1622726291457 -43.715883466273574 289
1622726302295 -43.715883466273574 290
1622726313157 -43.715883466273574 291
1622726323970 -43.715883466273574 292
1622726334973 -43.715883466273574 293
1622726345955 -43.715883466273574 294
1622726356904 -43.715883466273574 295
1622726367992 -43.715883466273574 296
1622726379107 -43.715883466273574 297
1622726390191 -43.715883466273574 298
1622726401345 -43.715883466273574 299
1622726412488 -43.715883466273574 300
1622726423769 -43.715883466273574 301
1622726435031 -43.715883466273574 302
1622726446331 -43.715883466273574 303
1622726457653 -43.715883466273574 304
1622726468925 -43.715883466273574 305
1622726480337 -43.715883466273574 306
1622726491835 -43.715883466273574 307
1622726503327 -43.715883466273574 308
1622726514887 -43.715883466273574 309
1622726526445 -43.715883466273574 310
1622726538038 -43.715883466273574 311
1622726549671 -43.715883466273574 312
1622726561344 -43.715883466273574 313
1622726573006 -43.715883466273574 314
1622726584689 -43.715883466273574 315
1622726596547 -43.715883466273574 316
1622726608357 -43.715883466273574 317
1622726620193 -43.715883466273574 318
1622726632120 -43.715883466273574 319
1622726644058 -43.715883466273574 320
1622726656000 -43.715883466273574 321
1622726667922 -43.715883466273574 322
1622726679943 -43.715883466273574 323
1622726691987 -43.715883466273574 324
1622726704042 -43.715883466273574 325
1622726716143 -43.715883466273574 326
1622726728280 -43.715883466273574 327
1622726740505 -43.715883466273574 328
1622726752789 -43.715883466273574 329
1622726765017 -43.715883466273574 330
1622726777291 -43.715883466273574 331
1622726789707 -43.715883466273574 332
1622726802042 -43.715883466273574 333
1622726814452 -43.715883466273574 334
1622726826871 -43.715883466273574 335
1622726839381 -43.715883466273574 336
1622726851827 -43.715883466273574 337
1622726864337 -43.715883466273574 338
1622726876914 -43.715883466273574 339
1622726889517 -43.715883466273574 340
1622726902180 -43.715883466273574 341
1622726914828 -43.715883466273574 342
1622726927496 -43.715883466273574 343
1622726940257 -43.715883466273574 344
1622726953087 -43.715883466273574 345
1622726965911 -43.715883466273574 346
1622726978817 -43.715883466273574 347
1622726991744 -43.715883466273574 348
1622727004656 -43.715883466273574 349
1622727017741 -43.715883466273574 350
1622727030746 -43.715883466273574 351
1622727043821 -43.715883466273574 352
1622727056942 -43.715883466273574 353
1622727070090 -43.715883466273574 354
1622727083330 -43.715883466273574 355
1622727096601 -43.715883466273574 356
1622727109809 -43.715883466273574 357
1622727123106 -43.715883466273574 358
1622727136404 -43.715883466273574 359
1622727149838 -43.715883466273574 360
1622727163287 -43.715883466273574 361
1622727176795 -43.715883466273574 362
1622727190197 -43.715883466273574 363
1622727203743 -43.715883466273574 364
1622727217285 -43.715883466273574 365
1622727230919 -43.715883466273574 366
1622727244580 -43.715883466273574 367
1622727258208 -43.715883466273574 368
1622727271920 -43.715883466273574 369
1622727285644 -43.715883466273574 370
1622727299386 -43.715883466273574 371
1622727313130 -43.715883466273574 372
1622727326927 -43.715883466273574 373
1622727340822 -43.715883466273574 374
1622727354638 -43.715883466273574 375
1622727368579 -43.715883466273574 376
1622727382561 -43.715883466273574 377
1622727396586 -43.715883466273574 378
1622727410678 -43.715883466273574 379
1622727424823 -43.715883466273574 380
1622727438979 -43.715883466273574 381
1622727453140 -43.715883466273574 382
1622727467446 -43.715883466273574 383
1622727482640 -43.715883466273574 384
1622727496975 -43.715883466273574 385
1622727511307 -43.715883466273574 386
1622727525691 -43.715883466273574 387
1622727540248 -43.715883466273574 388
1622727554802 -43.715883466273574 389
1622727569374 -43.715883466273574 390
1622727583969 -43.715883466273574 391
1622727598612 -43.715883466273574 392
1622727613207 -43.715883466273574 393
1622727627840 -43.715883466273574 394
1622727642425 -43.715883466273574 395
1622727657106 -43.715883466273574 396
1622727671850 -43.715883466273574 397
1622727686647 -43.715883466273574 398
1622727701472 -43.715883466273574 399
1622727716364 -43.715883466273574 400
1622727731183 -43.715883466273574 401
1622727746095 -43.715883466273574 402
1622727761022 -43.715883466273574 403
1622727775959 -43.715883466273574 404
1622727790927 -43.715883466273574 405
1622727805976 -43.715883466273574 406
1622727821075 -43.715883466273574 407
1622727836271 -43.715883466273574 408
1622727851423 -43.715883466273574 409
1622727866636 -43.715883466273574 410
1622727881922 -43.715883466273574 411
1622727897213 -43.715883466273574 412
1622727912442 -43.715883466273574 413
1622727927934 -43.715883466273574 414
1622727943310 -43.715883466273574 415
1622727958799 -43.715883466273574 416
1622727974287 -43.715883466273574 417
1622727989793 -43.715883466273574 418
1622728005333 -43.715883466273574 419
1622728020877 -43.715883466273574 420
1622728036486 -43.715883466273574 421
1622728052138 -43.715883466273574 422
1622728067839 -43.715883466273574 423
1622728083610 -43.715883466273574 424
1622728099369 -43.715883466273574 425
1622728115199 -43.715883466273574 426
1622728131096 -43.715883466273574 427
1622728147039 -43.715883466273574 428
1622728162943 -43.715883466273574 429
1622728178997 -43.715883466273574 430
1622728194955 -43.715883466273574 431
1622728211009 -43.715883466273574 432
1622728227044 -43.715883466273574 433
1622728243232 -43.715883466273574 434
1622728259412 -43.715883466273574 435
1622728275582 -43.715883466273574 436
1622728291814 -43.715883466273574 437
1622728308082 -43.715883466273574 438
1622728324327 -43.715883466273574 439
1622728340688 -43.715883466273574 440
1622728357055 -43.715883466273574 441
1622728373430 -43.715883466273574 442
1622728389867 -43.715883466273574 443
1622728406340 -43.715883466273574 444
1622728422784 -43.715883466273574 445
1622728439255 -43.715883466273574 446
1622728455894 -43.715883466273574 447
1622728472506 -43.715883466273574 448
1622728489133 -43.715883466273574 449
1622728505826 -43.715883466273574 450
1622728522581 -43.715883466273574 451
1622728539348 -43.715883466273574 452
1622728556085 -43.715883466273574 453
1622728572876 -43.715883466273574 454
1622728589749 -43.715883466273574 455
1622728606636 -43.715883466273574 456
1622728623539 -43.715883466273574 457
1622728640437 -43.715883466273574 458
1622728657476 -43.715883466273574 459
1622728674435 -43.715883466273574 460
1622728691490 -43.715883466273574 461
1622728708566 -43.715883466273574 462
1622728725658 -43.715883466273574 463
1622728742773 -43.715883466273574 464
1622728759902 -43.715883466273574 465
1622728777123 -43.715883466273574 466
1622728794468 -43.715883466273574 467
1622728811783 -43.715883466273574 468
1622728829065 -43.715883466273574 469
1622728846403 -43.715883466273574 470
1622728863850 -43.715883466273574 471
1622728881354 -43.715883466273574 472
1622728898814 -43.715883466273574 473
1622728916392 -43.715883466273574 474
1622728933874 -43.715883466273574 475
1622728951555 -43.715883466273574 476
1622728969104 -43.715883466273574 477
1622728986896 -43.715883466273574 478
1622729004599 -43.715883466273574 479
1622729022366 -43.715883466273574 480
1622729040152 -43.715883466273574 481
1622729058045 -43.715883466273574 482
1622729075905 -43.715883466273574 483
1622729093831 -43.715883466273574 484
1622729111766 -43.715883466273574 485
1622729129825 -43.715883466273574 486
1622729147899 -43.715883466273574 487
1622729165834 -43.715883466273574 488
1622729183837 -43.715883466273574 489
1622729201893 -43.715883466273574 490
1622729219994 -43.715883466273574 491
1622729238312 -43.715883466273574 492
1622729256569 -43.715883466273574 493
1622729274919 -43.715883466273574 494
1622729293417 -43.715883466273574 495
1622729311770 -43.715883466273574 496
1622729330194 -43.715883466273574 497
1622729348564 -43.715883466273574 498
1622729366982 -43.715883466273574 499
1622729385360 -43.715883466273574 500
