1622724646845 0.006 0
1622724647433 0.465 1
1622724647996 0.447 2
1622724648569 0.456 3
1622724649188 0.504 4
1622724649836 0.539 5
1622724650524 0.577 6
1622724651250 0.615 7
1622724652025 0.662 8
1622724652824 0.688 9
1622724653645 0.709 10
1622724654528 0.768 11
1622724655421 0.78 12
1622724656399 0.862 13
1622724657397 0.883 14
1622724658440 0.927 15
1622724659526 0.971 16
1622724660634 0.994 17
1622724661766 1.016 18
1622724662938 1.056 19
1622724664133 1.083 20
1622724665381 1.138 21
1622724666680 1.183 22
1622724667991 1.198 23
1622724669352 1.248 24
1622724670764 1.3 25
1622724672203 1.325 26
1622724673665 1.347 27
1622724675161 1.386 28
1622724676674 1.4 29
1622724678223 1.436 30
1622724679803 1.468 31
1622724681425 1.509 32
1622724683088 1.552 33
1622724684761 1.563 34
1622724686507 1.631 35
1622724688304 1.681 36
1622724690117 1.698 37
1622724691968 1.735 38
1622724693863 1.78 39
1622724695778 1.801 40
1622724697760 1.867 41
1622724699762 1.888 42
1622724701833 1.951 43
1622724703880 1.926 44
1622724705983 1.989 45
1622724708120 2.021 46
1622724710263 2.032 47
1622724712467 2.092 48
1622724714707 2.128 49
1622724716923 2.104 50
1622724719215 2.18 51
1622724721565 2.236 52
1622724723909 2.23 53
1622724726280 2.257 54
1622724728713 2.319 55
1622724731202 2.375 56
1622724733728 2.412 57
1622724736285 2.442 58
1622724738853 2.453 59
1622724741479 2.513 60
1622724744131 2.541 61
1622724746824 2.58 62
1622724749526 2.59 63
1622724752318 2.678 64
1622724755149 2.719 65
1622724757981 2.721 66
1622724760856 2.764 67
1622724763786 2.816 68
1622724766716 2.816 69
1622724769649 2.818 70
1622724772690 2.927 71
1622724775772 2.972 72
1622724778862 2.977 73
1622724781994 3.014 74
1622724785192 3.083 75
1622724788364 3.058 76
1622724791534 3.056 77
1622724794787 3.139 78
1622724798042 3.141 79
1622724801407 3.253 80
1622724804790 3.272 81
1622724809103 4.124 82
1622724812533 3.317 83
1622724816020 3.373 84
1622724819535 3.404 85
1622724823046 3.399 86
1622724826634 3.476 87
1622724830256 3.507 88
1622724833880 3.514 89
1622724837557 3.566 90
1622724841250 3.582 91
1622724844993 3.63 92
1622724848783 3.677 93
1622724852757 3.861 94
1622724857205 4.325 95
1622724861157 3.832 96
1622724865133 3.861 97
1622724869088 3.843 98
1622724873118 3.916 99
1622724877210 3.977 100
1622724881317 3.99 101
1622724885436 4.005 102
1622724889605 4.052 103
1622724893824 4.101 104
1622724898046 4.11 105
1622724902320 4.161 106
1622724906593 4.158 107
1622724910923 4.216 108
1622724915266 4.229 109
1622724919647 4.27 110
1622724924091 4.329 111
1622724928605 4.399 112
1622724933142 4.423 113
1622724937702 4.448 114
1622724942291 4.475 115
1622724946879 4.473 116
1622724951508 4.516 117
1622724956198 4.576 118
1622724960879 4.568 119
1622724965636 4.645 120
1622724970384 4.634 121
1622724975262 4.763 122
1622724980116 4.74 123
1622724984993 4.764 124
1622724989892 4.787 125
1622724994879 4.873 126
1622724999893 4.901 127
1622725004902 4.893 128
1622725010005 4.989 129
1622725015142 5.023 130
1622725020263 5.009 131
1622725025458 5.081 132
1622725030721 5.149 133
1622725035951 5.116 134
1622725041251 5.186 135
1622725046610 5.246 136
1622725052057 5.333 137
1622725057415 5.244 138
1622725062822 5.292 139
1622725068364 5.427 140
1622725073854 5.377 141
1622725079465 5.493 142
1622725085033 5.452 143
1622725090650 5.503 144
1622725096262 5.5 145
1622725101957 5.581 146
1622725107674 5.603 147
1622725113410 5.622 148
1622725120013 6.49 149
1622725125781 5.654 150
1622725131611 5.716 151
1622725137486 5.763 152
1622725143400 5.799 153
1622725149341 5.827 154
1622725155328 5.872 155
1622725161408 5.967 156
1622725167462 5.941 157
1622725173563 5.987 158
1622725179652 5.974 159
1622725185865 6.099 160
1622725192500 6.519 161
1622725199333 6.708 162
1622725205617 6.168 163
1622725211913 6.181 164
1622725218263 6.235 165
1622725224694 6.313 166
1622725231072 6.264 167
1622725237568 6.381 168
1622725244646 6.962 169
1622725251523 6.749 170
1622725258096 6.46 171
1622725264756 6.545 172
1622725271405 6.532 173
1622725278164 6.645 174
1622725284950 6.668 175
1622725291722 6.657 176
1622725298540 6.705 177
1622725305400 6.749 178
1622725312245 6.73 179
1622725319212 6.855 180
1622725326153 6.83 181
1622725333100 6.836 182
1622725340172 6.959 183
1622725347204 6.921 184
1622725354315 6.999 185
1622725361405 6.981 186
1622725368527 7.009 187
1622725375767 7.128 188
1622725383013 7.132 189
1622725390291 7.164 190
1622725397679 7.276 191
1622725405135 7.342 192
1622725413615 8.365 193
1622725421079 7.35 194
1622725428569 7.376 195
1622725436226 7.541 196
1622725443818 7.477 197
1622725451447 7.513 198
1622725459118 7.558 199
1622725466876 7.644 200
1622725474610 7.622 201
1622725482366 7.643 202
1622725490327 7.848 203
1622725498277 7.836 204
1622725506224 7.834 205
1622725514145 7.804 206
1622725522028 7.77 207
1622725529945 7.803 208
1622725537954 7.893 209
1622725545955 7.885 210
1622725554069 8.0 211
1622725562177 7.995 212
1622725570241 7.95 213
1622725578439 8.082 214
1622725586704 8.151 215
1622725594996 8.179 216
1622725603423 8.313 217
1622725611816 8.277 218
1622725620113 8.185 219
1622725628461 8.234 220
1622725636879 8.305 221
1622725645336 8.344 222
1622725653914 8.466 223
1622725662391 8.363 224
1622725671038 8.535 225
1622725679634 8.48 226
1622725688250 8.502 227
1622725697804 9.371 228
1622725706505 8.589 229
1622725715175 8.558 230
1622725723889 8.602 231
1622725732721 8.719 232
1622725741563 8.728 233
1622725750379 8.703 234
1622725759238 8.746 235
1622725768096 8.743 236
1622725777107 8.898 237
1622725786122 8.901 238
1622725795132 8.897 239
1622725804231 8.984 240
1622725813361 9.018 241
1622725822450 8.976 242
1622725831639 9.076 243
1622725840880 9.129 244
1622725850138 9.145 245
1622725859440 9.19 246
1622725868721 9.168 247
1622725878114 9.28 248
1622725887533 9.307 249
1622725896949 9.303 250
1622725906352 9.29 251
1622725915800 9.333 252
1622725925366 9.453 253
1622725934877 9.398 254
1622725944480 9.487 255
1622725954123 9.531 256
1622725963815 9.58 257
1622725973487 9.562 258
1622725983180 9.582 259
1622725992956 9.667 260
1622726002791 9.722 261
1622726012559 9.658 262
1622726022471 9.8 263
1622726032352 9.769 264
1622726042360 9.893 265
1622726052394 9.923 266
1622726062443 9.938 267
1622726072498 9.941 268
1622726082615 10.001 269
1622726092770 10.041 270
1622726103002 10.117 271
1622726113165 10.049 272
1622726123348 10.069 273
1622726133608 10.146 274
1622726143829 10.109 275
1622726154114 10.175 276
1622726164549 10.322 277
1622726174973 10.312 278
1622726185380 10.294 279
1622726195898 10.407 280
1622726206434 10.426 281
1622726216924 10.378 282
1622726227523 10.486 283
1622726238095 10.457 284
1622726248686 10.48 285
1622726259366 10.569 286
1622726270025 10.547 287
1622726280713 10.576 288
1622726291486 10.661 289
1622726302324 10.726 290
1622726313186 10.75 291
1622726324001 10.701 292
1622726335004 10.888 293
1622726345988 10.866 294
1622726356936 10.833 295
1622726368023 10.973 296
1622726379140 11.001 297
1622726390222 10.966 298
1622726401375 11.036 299
1622726412518 11.03 300
1622726423800 11.168 301
1622726435061 11.147 302
1622726446362 11.186 303
1622726457682 11.208 304
1622726468956 11.159 305
1622726480366 11.299 306
1622726491866 11.385 307
1622726503359 11.379 308
1622726514918 11.442 309
1622726526478 11.442 310
1622726538069 11.475 311
1622726549701 11.519 312
1622726561374 11.56 313
1622726573034 11.549 314
1622726584718 11.571 315
1622726596576 11.744 316
1622726608388 11.695 317
1622726620222 11.722 318
1622726632149 11.815 319
1622726644089 11.825 320
1622726656030 11.829 321
1622726667952 11.81 322
1622726679973 11.908 323
1622726692017 11.931 324
1622726704072 11.941 325
1622726716174 11.988 326
1622726728310 12.022 327
1622726740537 12.111 328
1622726752820 12.169 329
1622726765049 12.113 330
1622726777321 12.159 331
1622726789737 12.304 332
1622726802074 12.222 333
1622726814486 12.293 334
1622726826923 12.301 335
1622726839413 12.375 336
1622726851873 12.33 337
1622726864367 12.368 338
1622726876944 12.464 339
1622726889552 12.49 340
1622726902209 12.539 341
1622726914858 12.536 342
1622726927527 12.554 343
1622726940287 12.646 344
1622726953119 12.715 345
1622726965942 12.709 346
1622726978846 12.791 347
1622726991774 12.815 348
1622727004687 12.798 349
1622727017772 12.972 350
1622727030774 12.892 351
1622727043851 12.963 352
1622727056972 13.007 353
1622727070121 13.035 354
1622727083360 13.124 355
1622727096631 13.159 356
1622727109838 13.093 357
1622727123138 13.184 358
1622727136433 13.181 359
1622727149867 13.322 360
1622727163318 13.337 361
1622727176826 13.394 362
1622727190227 13.288 363
1622727203773 13.433 364
1622727217314 13.429 365
1622727230947 13.522 366
1622727244609 13.549 367
1622727258239 13.516 368
1622727271951 13.597 369
1622727285674 13.608 370
1622727299417 13.628 371
1622727313157 13.629 372
1622727326958 13.687 373
1622727340852 13.781 374
1622727354668 13.703 375
1622727368609 13.829 376
1622727382590 13.868 377
1622727396616 13.912 378
1622727410707 13.978 379
1622727424853 14.033 380
1622727439008 14.041 381
1622727453169 14.049 382
1622727467482 14.194 383
1622727482668 15.002 384
1622727497004 14.225 385
1622727511333 14.219 386
1622727525718 14.275 387
1622727540277 14.447 388
1622727554832 14.442 389
1622727569404 14.46 390
1622727583997 14.483 391
1622727598641 14.533 392
1622727613237 14.482 393
1622727627871 14.518 394
1622727642455 14.471 395
1622727657138 14.568 396
1622727671879 14.628 397
1622727686677 14.685 398
1622727701502 14.712 399
1622727716391 14.779 400
1622727731212 14.711 401
1622727746127 14.801 402
1622727761051 14.811 403
1622727775985 14.824 404
1622727790955 14.859 405
1622727806005 14.938 406
1622727821108 14.987 407
1622727836301 15.078 408
1622727851455 15.038 409
1622727866668 15.096 410
1622727881952 15.168 411
1622727897244 15.178 412
1622727912472 15.115 413
1622727927964 15.378 414
1622727943339 15.261 415
1622727958827 15.375 416
1622727974318 15.377 417
1622727989824 15.391 418
1622728005364 15.426 419
1622728020906 15.43 420
1622728036515 15.496 421
1622728052169 15.54 422
1622728067870 15.587 423
1622728083640 15.657 424
1622728099399 15.645 425
1622728115227 15.716 426
1622728131125 15.786 427
1622728147071 15.83 428
1622728162975 15.788 429
1622728179029 15.938 430
1622728194985 15.841 431
1622728211036 15.94 432
1622728227073 15.924 433
1622728243260 16.075 434
1622728259441 16.07 435
1622728275611 16.056 436
1622728291841 16.12 437
1622728308110 16.159 438
1622728324355 16.135 439
1622728340718 16.251 440
1622728357083 16.253 441
1622728373459 16.264 442
1622728389895 16.326 443
1622728406368 16.363 444
1622728422812 16.333 445
1622728439283 16.361 446
1622728455924 16.528 447
1622728472535 16.499 448
1622728489162 16.516 449
1622728505853 16.582 450
1622728522610 16.647 451
1622728539374 16.655 452
1622728556113 16.629 453
1622728572904 16.68 454
1622728589778 16.762 455
1622728606664 16.775 456
1622728623567 16.79 457
1622728640467 16.787 458
1622728657504 16.927 459
1622728674462 16.85 460
1622728691518 16.946 461
1622728708596 16.967 462
1622728725690 16.977 463
1622728742804 17.001 464
1622728759932 17.015 465
1622728777151 17.108 466
1622728794498 17.234 467
1622728811811 17.202 468
1622728829094 17.172 469
1622728846430 17.226 470
1622728863878 17.337 471
1622728881385 17.394 472
1622728898843 17.344 473
1622728916421 17.466 474
1622728933902 17.369 475
1622728951584 17.569 476
1622728969133 17.437 477
1622728986924 17.679 478
1622729004628 17.591 479
1622729022394 17.653 480
1622729040183 17.675 481
1622729058073 17.78 482
1622729075933 17.75 483
1622729093860 17.816 484
1622729111794 17.823 485
1622729129854 17.949 486
1622729147928 17.963 487
1622729165863 17.824 488
1622729183867 17.891 489
1622729201923 17.942 490
1622729220024 17.988 491
1622729238342 18.206 492
1622729256597 18.144 493
1622729274948 18.241 494
1622729293444 18.387 495
1622729311803 18.245 496
1622729330222 18.309 497
1622729348596 18.261 498
1622729367016 18.304 499
1622729385390 18.261 500
