1622854084037 0.9420983725482461 0
1622854085482 0.9420983725482461 1
1622854087300 0.9420983725482461 2
1622854089462 0.9420983725482461 3
1622854091952 0.9420983725482461 4
1622854094804 0.9420983725482461 5
1622854098026 0.9420983725482461 6
1622854101591 0.9420983725482461 7
1622854105506 0.9420983725482461 8
1622854109739 0.9420983725482461 9
1622854114411 0.9420983725482461 10
1622854119411 0.9420983725482461 11
1622854124745 0.9420983725482461 12
1622854130430 0.9420983725482461 13
1622854136531 0.9420983725482461 14
1622854142949 0.9420983725482461 15
1622854149725 0.9420983725482461 16
1622854156850 0.9420983725482461 17
1622854164311 0.9420983725482461 18
1622854172162 0.9420983725482461 19
1622854180369 0.9420983725482461 20
1622854188932 0.9420983725482461 21
1622854197869 0.9420983725482461 22
1622854207221 0.9420983725482461 23
1622854216814 0.9420983725482461 24
1622854226838 0.9420983725482461 25
1622854237207 0.9420983725482461 26
1622854247957 0.9420983725482461 27
1622854258980 0.9420983725482461 28
1622854270266 0.9420983725482461 29
1622854282166 0.9420983725482461 30
1622854294332 0.9420983725482461 31
1622854306833 0.9420983725482461 32
1622854319721 0.9420983725482461 33
1622854332954 0.9420983725482461 34
1622854346513 0.9420983725482461 35
1622854360431 0.9420983725482461 36
1622854374685 0.9420983725482461 37
1622854389438 0.9420983725482461 38
1622854404417 0.9420983725482461 39
1622854419816 0.9420983725482461 40
1622854435661 0.9420983725482461 41
1622854451700 0.9420983725482461 42
1622854468191 0.9420983725482461 43
1622854484984 0.9420983725482461 44
1622854502165 0.9420983725482461 45
1622854519670 0.9420983725482461 46
1622854537509 0.9420983725482461 47
1622854555749 0.9420983725482461 48
1622854574338 0.9420983725482461 49
1622854593289 0.9420983725482461 50
1622854612684 0.9420983725482461 51
1622854632394 0.9420983725482461 52
1622854652434 0.9420983725482461 53
1622854672732 0.9420983725482461 54
1622854693532 0.9420983725482461 55
1622854714621 0.9420983725482461 56
1622854736140 0.9420983725482461 57
1622854757924 0.9420983725482461 58
1622854780096 0.9420983725482461 59
1622854803707 0.9420983725482461 60
1622854827579 0.9420983725482461 61
1622854850761 0.9420983725482461 62
1622854874491 0.9420983725482461 63
1622854899656 0.9420983725482461 64
1622854924167 0.9420983725482461 65
1622854948997 0.9420983725482461 66
1622854974172 0.9420983725482461 67
1622854999803 0.9420983725482461 68
1622855025769 0.9420983725482461 69
1622855052063 0.9420983725482461 70
1622855078753 0.9420983725482461 71
1622855105300 0.9420983725482461 72
1622855132297 0.9420983725482461 73
1622855159665 0.9420983725482461 74
1622855187293 0.9420983725482461 75
1622855215315 0.9420983725482461 76
1622855243755 0.9420983725482461 77
1622855272415 0.9420983725482461 78
1622855301381 0.9420983725482461 79
1622855330891 0.9420983725482461 80
1622855360588 0.9420983725482461 81
1622855390622 0.9420983725482461 82
1622855421069 0.9420983725482461 83
1622855451877 0.9420983725482461 84
1622855483136 0.9420983725482461 85
1622855514654 0.9420983725482461 86
1622855546417 0.9420983725482461 87
1622855578684 0.9420983725482461 88
1622855611531 0.9420983725482461 89
1622855644588 0.9420983725482461 90
1622855678133 0.9420983725482461 91
1622855713004 0.9420983725482461 92
1622855747005 0.9420983725482461 93
1622855781292 0.9420983725482461 94
1622855816203 0.9420983725482461 95
1622855851150 0.9420983725482461 96
1622855886445 0.9420983725482461 97
1622855922201 0.9420983725482461 98
1622855958472 0.9420983725482461 99
1622855995016 0.9420983725482461 100
1622856031638 0.9420983725482461 101
1622856068955 0.9420983725482461 102
1622856106775 0.9420983725482461 103
1622856144877 0.9420983725482461 104
1622856183246 0.9420983725482461 105
1622856221968 0.9420983725482461 106
1622856261260 0.9420983725482461 107
1622856300688 0.9420983725482461 108
1622856340221 0.9420983725482461 109
1622856380100 0.9420983725482461 110
1622856420366 0.9420983725482461 111
1622856460860 0.9420983725482461 112
1622856501787 0.9420983725482461 113
1622856543029 0.9420983725482461 114
1622856584617 0.9420983725482461 115
1622856626551 0.9420983725482461 116
1622856668953 0.9420983725482461 117
1622856711696 0.9420983725482461 118
1622856754861 0.9420983725482461 119
1622856798045 0.9420983725482461 120
1622856841427 0.9420983725482461 121
1622856885546 0.9420983725482461 122
1622856929992 0.9420983725482461 123
1622856974941 0.9420983725482461 124
1622857020059 0.9420983725482461 125
1622857065650 0.9420983725482461 126
1622857111422 0.9420983725482461 127
1622857157454 0.9420983725482461 128
1622857204064 0.9420983725482461 129
1622857250910 0.9420983725482461 130
1622857298277 0.9420983725482461 131
1622857345925 0.9420983725482461 132
1622857393633 0.9420983725482461 133
1622857441938 0.9420983725482461 134
1622857490491 0.9420983725482461 135
1622857539277 0.9420983725482461 136
1622857588501 0.9420983725482461 137
1622857638018 0.9420983725482461 138
1622857687456 0.9420983725482461 139
1622857737325 0.9420983725482461 140
1622857787739 0.9420983725482461 141
1622857838081 0.9420983725482461 142
1622857889090 0.9420983725482461 143
1622857940233 0.9420983725482461 144
1622857991636 0.9420983725482461 145
1622858043643 0.9420983725482461 146
1622858095953 0.9420983725482461 147
1622858148450 0.9420983725482461 148
1622858201127 0.9420983725482461 149
1622858254279 0.9420983725482461 150
1622858308130 0.9420983725482461 151
1622858361830 0.9420983725482461 152
1622858416572 0.9420983725482461 153
1622858471589 0.9420983725482461 154
1622858526787 0.9420983725482461 155
1622858582342 0.9420983725482461 156
1622858638007 0.9420983725482461 157
1622858694265 0.9420983725482461 158
1622858750922 0.9420983725482461 159
1622858807885 0.9420983725482461 160
1622858865351 0.9420983725482461 161
1622858923001 0.9420983725482461 162
1622858981124 0.9420983725482461 163
1622859039502 0.9420983725482461 164
1622859098387 0.9420983725482461 165
1622859157342 0.9420983725482461 166
1622859216556 0.9420983725482461 167
1622859276083 0.9420983725482461 168
1622859336113 0.9420983725482461 169
1622859396644 0.9420983725482461 170
1622859457551 0.9420983725482461 171
1622859518572 0.9420983725482461 172
1622859579837 0.9420983725482461 173
1622859641814 0.9420983725482461 174
1622859703835 0.9420983725482461 175
1622859766100 0.9420983725482461 176
1622859829060 0.9420983725482461 177
1622859892162 0.9420983725482461 178
1622859955991 0.9420983725482461 179
1622860019880 0.9420983725482461 180
1622860084448 0.9420983725482461 181
1622860149871 0.9420983725482461 182
1622860215648 0.9420983725482461 183
1622860282493 0.9420983725482461 184
1622860348922 0.9420983725482461 185
1622860415480 0.9420983725482461 186
1622860483249 0.9420983725482461 187
1622860551456 0.9420983725482461 188
1622860619692 0.9420983725482461 189
1622860688427 0.9420983725482461 190
1622860757713 0.9420983725482461 191
1622860827118 0.9420983725482461 192
1622860897126 0.9420983725482461 193
1622860967473 0.9420983725482461 194
1622861038083 0.9420983725482461 195
1622861109520 0.9420983725482461 196
1622861181371 0.9420983725482461 197
1622861253165 0.9420983725482461 198
1622861325242 0.9420983725482461 199
1622861397766 0.9420983725482461 200
1622861471179 0.9420983725482461 201
1622861544500 0.9420983725482461 202
1622861618187 0.9420983725482461 203
1622861693610 0.9420983725482461 204
1622861768843 0.9420983725482461 205
1622861843874 0.9420983725482461 206
1622861919237 0.9420983725482461 207
1622861995339 0.9420983725482461 208
1622862071433 0.9420983725482461 209
1622862148501 0.9420983725482461 210
1622862225720 0.9420983725482461 211
1622862302877 0.9420983725482461 212
1622862380519 0.9420983725482461 213
1622862458380 0.9420983725482461 214
1622862536386 0.9420983725482461 215
1622862615632 0.9420983725482461 216
1622862694824 0.9420983725482461 217
1622862774478 0.9420983725482461 218
1622862853976 0.9420983725482461 219
1622862934150 0.9420983725482461 220
1622863014156 0.9420983725482461 221
1622863094329 0.9420983725482461 222
1622863175370 0.9420983725482461 223
1622863256972 0.9420983725482461 224
1622863339093 0.9420983725482461 225
1622863417790 0.9420983725482461 226
1622863498385 0.9420983725482461 227
1622863578200 0.9420983725482461 228
1622863657414 0.9420983725482461 229
1622863737298 0.9420983725482461 230
1622863816611 0.9420983725482461 231
1622863896207 0.9420983725482461 232
1622863976498 0.9420983725482461 233
1622864057505 0.9420983725482461 234
1622864138804 0.9420983725482461 235
1622864220374 0.9420983725482461 236
1622864302449 0.9420983725482461 237
1622864384572 0.9420983725482461 238
1622864467010 0.9420983725482461 239
1622864550159 0.9420983725482461 240
1622864633352 0.9420983725482461 241
1622864717110 0.9420983725482461 242
1622864801372 0.9420983725482461 243
1622864886351 0.9420983725482461 244
1622864971709 0.9420983725482461 245
1622865057134 0.9420983725482461 246
1622865143006 0.9420983725482461 247
1622865229133 0.9420983725482461 248
1622865315775 0.9420983725482461 249
1622865403138 0.9420983725482461 250
1622865490817 0.9420983725482461 251
1622865578979 0.9420983725482461 252
1622865667394 0.9420983725482461 253
1622865755739 0.9420983725482461 254
1622865844884 0.9420983725482461 255
1622865934053 0.9420983725482461 256
1622866023258 0.9420983725482461 257
1622866113483 0.9420983725482461 258
1622866204776 0.9420983725482461 259
1622866294802 0.9420983725482461 260
1622866385498 0.9420983725482461 261
1622866476772 0.9420983725482461 262
1622866568345 0.9420983725482461 263
1622866660265 0.9420983725482461 264
1622866752398 0.9420983725482461 265
1622866845094 0.9420983725482461 266
1622866937736 0.9420983725482461 267
1622867031138 0.9420983725482461 268
1622867124997 0.9420983725482461 269
1622867219190 0.9420983725482461 270
1622867313757 0.9420983725482461 271
1622867408625 0.9420983725482461 272
1622867504047 0.9420983725482461 273
1622867601014 0.9420983725482461 274
1622867697473 0.9420983725482461 275
1622867794727 0.9420983725482461 276
1622867891376 0.9420983725482461 277
1622867988417 0.9420983725482461 278
1622868085833 0.9420983725482461 279
1622868183878 0.9420983725482461 280
1622868282423 0.9420983725482461 281
1622868381486 0.9420983725482461 282
1622868480625 0.9420983725482461 283
1622868580398 0.9420983725482461 284
1622868680408 0.9420983725482461 285
1622868780401 0.9420983725482461 286
1622868880693 0.9420983725482461 287
1622868981505 0.9420983725482461 288
1622869082330 0.9420983725482461 289
1622869183592 0.9420983725482461 290
1622869284728 0.9420983725482461 291
1622869386486 0.9420983725482461 292
1622869489177 0.9420983725482461 293
1622869592066 0.9420983725482461 294
1622869695288 0.9420983725482461 295
1622869799134 0.9420983725482461 296
1622869905273 0.9420983725482461 297
1622870009760 0.9420983725482461 298
1622870114823 0.9420983725482461 299
1622870219751 0.9420983725482461 300
1622870325350 0.9420983725482461 301
1622870432677 0.9420983725482461 302
1622870540354 0.9420983725482461 303
1622870647904 0.9420983725482461 304
1622870755862 0.9420983725482461 305
1622870860343 0.9420983725482461 306
1622870966477 0.9420983725482461 307
1622871074924 0.9420983725482461 308
1622871183101 0.9420983725482461 309
1622871290964 0.9420983725482461 310
1622871397279 0.9420983725482461 311
1622871505116 0.9420983725482461 312
1622871613040 0.9420983725482461 313
1622871721593 0.9420983725482461 314
1622871830827 0.9420983725482461 315
1622871939897 0.9420983725482461 316
1622872049989 0.9420983725482461 317
1622872159797 0.9420983725482461 318
1622872270366 0.9420983725482461 319
1622872381271 0.9420983725482461 320
1622872491837 0.9420983725482461 321
1622872601730 0.9420983725482461 322
1622872711850 0.9420983725482461 323
1622872823167 0.9420983725482461 324
1622872934853 0.9420983725482461 325
1622873046974 0.9420983725482461 326
1622873159090 0.9420983725482461 327
1622873271651 0.9420983725482461 328
1622873385010 0.9420983725482461 329
1622873498230 0.9420983725482461 330
1622873611741 0.9420983725482461 331
1622873725508 0.9420983725482461 332
1622873839469 0.9420983725482461 333
1622873954302 0.9420983725482461 334
1622874069768 0.9420983725482461 335
1622874185256 0.9420983725482461 336
1622874301053 0.9420983725482461 337
1622874416755 0.9420983725482461 338
1622874532806 0.9420983725482461 339
1622874648840 0.9420983725482461 340
1622874765651 0.9420983725482461 341
1622874883069 0.9420983725482461 342
1622875001317 0.9420983725482461 343
1622875120057 0.9420983725482461 344
1622875238831 0.9420983725482461 345
1622875357332 0.9420983725482461 346
1622875476385 0.9420983725482461 347
1622875596612 0.9420983725482461 348
1622875716563 0.9420983725482461 349
1622875837542 0.9420983725482461 350
1622875959177 0.9420983725482461 351
1622876081316 0.9420983725482461 352
1622876204252 0.9420983725482461 353
1622876326271 0.9420983725482461 354
1622876448468 0.9420983725482461 355
1622876571692 0.9420983725482461 356
1622876695726 0.9420983725482461 357
1622876819529 0.9420983725482461 358
1622876945337 0.9420983725482461 359
1622877069917 0.9420983725482461 360
1622877195366 0.9420983725482461 361
1622877321380 0.9420983725482461 362
1622877446373 0.9420983725482461 363
1622877572341 0.9420983725482461 364
1622877699304 0.9420983725482461 365
1622877826769 0.9420983725482461 366
1622877953846 0.9420983725482461 367
1622878081531 0.9420983725482461 368
1622878209908 0.9420983725482461 369
1622878339015 0.9420983725482461 370
1622878468829 0.9420983725482461 371
1622878598202 0.9420983725482461 372
1622878728267 0.9420983725482461 373
1622878859725 0.9420983725482461 374
1622878990392 0.9420983725482461 375
1622879121459 0.9420983725482461 376
1622879251956 0.9420983725482461 377
1622879382863 0.9420983725482461 378
1622879514054 0.9420983725482461 379
1622879647516 0.9420983725482461 380
1622879779107 0.9420983725482461 381
1622879911687 0.9420983725482461 382
1622880044036 0.9420983725482461 383
1622880176931 0.9420983725482461 384
1622880309767 0.9420983725482461 385
1622880443187 0.9420983725482461 386
1622880576544 0.9420983725482461 387
1622880710490 0.9420983725482461 388
1622880845782 0.9420983725482461 389
1622880980283 0.9420983725482461 390
1622881114911 0.9420983725482461 391
1622881249868 0.9420983725482461 392
1622881385519 0.9420983725482461 393
1622881521977 0.9420983725482461 394
1622881658708 0.9420983725482461 395
1622881795309 0.9420983725482461 396
1622881932930 0.9420983725482461 397
1622882070196 0.9420983725482461 398
1622882207941 0.9420983725482461 399
1622882345971 0.9420983725482461 400
1622882484968 0.9420983725482461 401
1622882624371 0.9420983725482461 402
1622882764123 0.9420983725482461 403
1622882904149 0.9420983725482461 404
1622883043905 0.9420983725482461 405
1622883185159 0.9420983725482461 406
1622883325971 0.9420983725482461 407
1622883467302 0.9420983725482461 408
1622883609054 0.9420983725482461 409
1622883751201 0.9420983725482461 410
1622883893018 0.9420983725482461 411
1622884035966 0.9420983725482461 412
1622884179179 0.9420983725482461 413
1622884322508 0.9420983725482461 414
1622884466149 0.9420983725482461 415
1622884610109 0.9420983725482461 416
1622884754633 0.9420983725482461 417
1622884899254 0.9420983725482461 418
1622885043887 0.9420983725482461 419
1622885189720 0.9420983725482461 420
1622885337932 0.9420983725482461 421
1622885486074 0.9420983725482461 422
1622885632879 0.9420983725482461 423
1622885779719 0.9420983725482461 424
1622885927214 0.9420983725482461 425
1622886074924 0.9420983725482461 426
1622886223567 0.9420983725482461 427
1622886371859 0.9420983725482461 428
1622886520981 0.9420983725482461 429
1622886670694 0.9420983725482461 430
1622886820003 0.9420983725482461 431
1622886971268 0.9420983725482461 432
1622887121961 0.9420983725482461 433
1622887273919 0.9420983725482461 434
1622887426194 0.9420983725482461 435
1622887578331 0.9420983725482461 436
1622887730442 0.9420983725482461 437
1622887883447 0.9420983725482461 438
1622888036645 0.9420983725482461 439
1622888189768 0.9420983725482461 440
1622888343329 0.9420983725482461 441
1622888496801 0.9420983725482461 442
1622888651114 0.9420983725482461 443
1622888808598 0.9420983725482461 444
1622888966950 0.9420983725482461 445
1622889123250 0.9420983725482461 446
1622889279192 0.9420983725482461 447
1622889435939 0.9420983725482461 448
1622889593039 0.9420983725482461 449
1622889751261 0.9420983725482461 450
1622889908607 0.9420983725482461 451
1622890068214 0.9420983725482461 452
1622890228054 0.9420983725482461 453
1622890388193 0.9420983725482461 454
1622890548038 0.9420983725482461 455
1622890706570 0.9420983725482461 456
1622890865497 0.9420983725482461 457
1622891024379 0.9420983725482461 458
1622891183640 0.9420983725482461 459
1622891343608 0.9420983725482461 460
1622891504108 0.9420983725482461 461
1622891665263 0.9420983725482461 462
1622891825770 0.9420983725482461 463
1622891987070 0.9420983725482461 464
1622892148651 0.9420983725482461 465
1622892310624 0.9420983725482461 466
1622892472999 0.9420983725482461 467
1622892636294 0.9420983725482461 468
1622892799815 0.9420983725482461 469
1622892963910 0.9420983725482461 470
1622893127517 0.9420983725482461 471
1622893291666 0.9420983725482461 472
1622893456798 0.9420983725482461 473
1622893621714 0.9420983725482461 474
1622893786708 0.9420983725482461 475
1622893952676 0.9420983725482461 476
1622894120455 0.9420983725482461 477
1622894288710 0.9420983725482461 478
1622894457806 0.9420983725482461 479
1622894627847 0.9420983725482461 480
1622894799025 0.9420983725482461 481
1622894970086 0.9420983725482461 482
1622895141411 0.9420983725482461 483
1622895312198 0.9420983725482461 484
1622895483956 0.9420983725482461 485
1622895656247 0.9420983725482461 486
1622895827276 0.9420983725482461 487
1622895996094 0.9420983725482461 488
1622896166742 0.9420983725482461 489
1622896339824 0.9420983725482461 490
1622896513073 0.9420983725482461 491
1622896688453 0.9420983725482461 492
1622896862731 0.9420983725482461 493
1622897037480 0.9420983725482461 494
1622897217389 0.9420983725482461 495
1622897395067 0.9420983725482461 496
1622897573511 0.9420983725482461 497
1622897752965 0.9420983725482461 498
1622897931979 0.9420983725482461 499
1622898111707 0.9420983725482461 500
