1622738831245 -99.135865730328 0
1622738831820 -33.71876155338603 1
1622738832370 -23.84584974290992 2
1622738833442 -23.84584974290992 3
1622738834515 -23.84584974290992 4
1622738835260 -23.84584974290992 5
1622738835947 -23.84584974290992 6
1622738836672 -23.84584974290992 7
1622738837436 -23.84584974290992 8
1622738838241 -23.84584974290992 9
1622738839073 -23.84584974290992 10
1622738839957 -23.84584974290992 11
1622738840860 -23.84584974290992 12
1622738841808 -23.84584974290992 13
1622738842788 -23.84584974290992 14
1622738843796 -23.84584974290992 15
1622738844834 -23.84584974290992 16
1622738845927 -23.84584974290992 17
1622738847063 -23.84584974290992 18
1622738848232 -23.84584974290992 19
1622738849445 -23.84584974290992 20
1622738850681 -23.84584974290992 21
1622738851938 -23.84584974290992 22
1622738853236 -23.84584974290992 23
1622738854582 -23.84584974290992 24
1622738855971 -23.84584974290992 25
1622738857388 -23.84584974290992 26
1622738858812 -23.84584974290992 27
1622738860289 -23.84584974290992 28
1622738861813 -23.84584974290992 29
1622738863356 -23.84584974290992 30
1622738864934 -23.84584974290992 31
1622738866565 -23.84584974290992 32
1622738868215 -23.84584974290992 33
1622738869912 -23.84584974290992 34
1622738871679 -23.84584974290992 35
1622738873448 -23.84584974290992 36
1622738875258 -23.84584974290992 37
1622738877098 -23.84584974290992 38
1622738878977 -23.84584974290992 39
1622738880917 -23.84584974290992 40
1622738882871 -23.84584974290992 41
1622738884880 -23.84584974290992 42
1622738886912 -23.84584974290992 43
1622738888967 -23.84584974290992 44
1622738891069 -23.84584974290992 45
1622738893204 -23.84584974290992 46
1622738895381 -23.84584974290992 47
1622738897582 -23.84584974290992 48
1622738899834 -23.84584974290992 49
1622738902055 -23.84584974290992 50
1622738904402 -23.84584974290992 51
1622738906769 -23.84584974290992 52
1622738909150 -23.84584974290992 53
1622738911593 -23.84584974290992 54
1622738914032 -23.84584974290992 55
1622738916548 -23.84584974290992 56
1622738919048 -23.84584974290992 57
1622738921618 -23.84584974290992 58
1622738924210 -23.84584974290992 59
1622738926831 -23.84584974290992 60
1622738929500 -23.84584974290992 61
1622738932222 -23.84584974290992 62
1622738934988 -23.84584974290992 63
1622738937799 -23.84584974290992 64
1622738940602 -23.84584974290992 65
1622738943477 -23.84584974290992 66
1622738946335 -23.84584974290992 67
1622738949262 -23.84584974290992 68
1622738952246 -23.84584974290992 69
1622738955251 -23.84584974290992 70
1622738958319 -23.84584974290992 71
1622738961389 -23.84584974290992 72
1622738964544 -23.84584974290992 73
1622738967735 -23.84584974290992 74
1622738970925 -23.84584974290992 75
1622738974192 -23.84584974290992 76
1622738977485 -23.84584974290992 77
1622738980783 -23.84584974290992 78
1622738984076 -23.84584974290992 79
1622738987397 -23.84584974290992 80
1622738990779 -23.84584974290992 81
1622738994253 -23.84584974290992 82
1622738997740 -23.84584974290992 83
1622739001280 -23.84584974290992 84
1622739004848 -23.84584974290992 85
1622739008449 -23.84584974290992 86
1622739012061 -23.84584974290992 87
1622739015734 -23.84584974290992 88
1622739019493 -23.84584974290992 89
1622739023275 -23.84584974290992 90
1622739027069 -23.84584974290992 91
1622739030936 -23.84584974290992 92
1622739034782 -23.84584974290992 93
1622739038687 -23.84584974290992 94
1622739043282 -23.84584974290992 95
1622739047182 -23.84584974290992 96
1622739051113 -23.84584974290992 97
1622739055111 -23.84584974290992 98
1622739059108 -23.84584974290992 99
1622739063201 -23.84584974290992 100
1622739067330 -23.84584974290992 101
1622739071472 -23.84584974290992 102
1622739075578 -23.84584974290992 103
1622739079752 -23.84584974290992 104
1622739083950 -23.84584974290992 105
1622739088258 -23.84584974290992 106
1622739092590 -23.84584974290992 107
1622739096945 -23.84584974290992 108
1622739101306 -23.84584974290992 109
1622739105755 -23.84584974290992 110
1622739110179 -23.84584974290992 111
1622739114677 -23.84584974290992 112
1622739119160 -23.84584974290992 113
1622739123733 -23.84584974290992 114
1622739128324 -23.84584974290992 115
1622739132931 -23.84584974290992 116
1622739137582 -23.84584974290992 117
1622739142241 -23.84584974290992 118
1622739146969 -23.84584974290992 119
1622739151756 -23.84584974290992 120
1622739156616 -23.84584974290992 121
1622739161441 -23.84584974290992 122
1622739166315 -23.84584974290992 123
1622739171229 -23.84584974290992 124
1622739176183 -23.84584974290992 125
1622739181139 -23.84584974290992 126
1622739186177 -23.84584974290992 127
1622739191234 -23.84584974290992 128
1622739196329 -23.84584974290992 129
1622739201428 -23.84584974290992 130
1622739206583 -23.84584974290992 131
1622739211783 -23.84584974290992 132
1622739217084 -23.84584974290992 133
1622739222386 -23.84584974290992 134
1622739227664 -23.84584974290992 135
1622739233049 -23.84584974290992 136
1622739238495 -23.84584974290992 137
1622739243972 -23.84584974290992 138
1622739249442 -23.84584974290992 139
1622739254912 -23.84584974290992 140
1622739260407 -23.84584974290992 141
1622739266067 -23.84584974290992 142
1622739271778 -23.84584974290992 143
1622739277414 -23.84584974290992 144
1622739283067 -23.84584974290992 145
1622739288780 -23.84584974290992 146
1622739294513 -23.84584974290992 147
1622739300278 -23.84584974290992 148
1622739306112 -23.84584974290992 149
1622739311952 -23.84584974290992 150
1622739317873 -23.84584974290992 151
1622739323794 -23.84584974290992 152
1622739329755 -23.84584974290992 153
1622739335754 -23.84584974290992 154
1622739341767 -23.84584974290992 155
1622739347837 -23.84584974290992 156
1622739353938 -23.84584974290992 157
1622739360107 -23.84584974290992 158
1622739366287 -23.84584974290992 159
1622739372475 -23.84584974290992 160
1622739378690 -23.84584974290992 161
1622739384958 -23.84584974290992 162
1622739391217 -23.84584974290992 163
1622739397553 -23.84584974290992 164
1622739403923 -23.84584974290992 165
1622739410342 -23.84584974290992 166
1622739416847 -23.84584974290992 167
1622739423324 -23.84584974290992 168
1622739429844 -23.84584974290992 169
1622739436426 -23.84584974290992 170
1622739442994 -23.84584974290992 171
1622739449621 -23.84584974290992 172
1622739456266 -23.84584974290992 173
1622739463130 -23.84584974290992 174
1622739470114 -23.84584974290992 175
1622739477072 -23.84584974290992 176
1622739483988 -23.84584974290992 177
1622739491081 -23.84584974290992 178
1622739498013 -23.84584974290992 179
1622739504935 -23.84584974290992 180
1622739511963 -23.84584974290992 181
1622739518907 -23.84584974290992 182
1622739525936 -23.84584974290992 183
1622739533291 -23.84584974290992 184
1622739541537 -23.84584974290992 185
1622739549785 -23.84584974290992 186
1622739558138 -23.84584974290992 187
1622739566371 -23.84584974290992 188
1622739573620 -23.84584974290992 189
1622739580907 -23.84584974290992 190
1622739588297 -23.84584974290992 191
1622739595700 -23.84584974290992 192
1622739603106 -23.84584974290992 193
1622739610578 -23.84584974290992 194
1622739618157 -23.84584974290992 195
1622739625745 -23.84584974290992 196
1622739633256 -23.84584974290992 197
1622739640877 -23.84584974290992 198
1622739648514 -23.84584974290992 199
1622739656192 -23.84584974290992 200
1622739663879 -23.84584974290992 201
1622739671665 -23.84584974290992 202
1622739679404 -23.84584974290992 203
1622739687185 -23.84584974290992 204
1622739695098 -23.84584974290992 205
1622739702913 -23.84584974290992 206
1622739710783 -23.84584974290992 207
1622739718708 -23.84584974290992 208
1622739726680 -23.84584974290992 209
1622739734671 -23.84584974290992 210
1622739742689 -23.84584974290992 211
1622739750760 -23.84584974290992 212
1622739758887 -23.84584974290992 213
1622739767057 -23.84584974290992 214
1622739775290 -23.84584974290992 215
1622739783540 -23.84584974290992 216
1622739791834 -23.84584974290992 217
1622739800109 -23.84584974290992 218
1622739808438 -23.84584974290992 219
1622739816833 -23.84584974290992 220
1622739825249 -23.84584974290992 221
1622739833656 -23.84584974290992 222
1622739843323 -23.84584974290992 223
1622739853326 -23.84584974290992 224
1622739863234 -23.84584974290992 225
1622739871803 -23.84584974290992 226
1622739880369 -23.84584974290992 227
1622739889013 -23.84584974290992 228
1622739897708 -23.84584974290992 229
1622739906417 -23.84584974290992 230
1622739915203 -23.84584974290992 231
1622739923996 -23.84584974290992 232
1622739932840 -23.84584974290992 233
1622739941693 -23.84584974290992 234
1622739950595 -23.84584974290992 235
1622739959559 -23.84584974290992 236
1622739968639 -23.84584974290992 237
1622739977798 -23.84584974290992 238
1622739986889 -23.84584974290992 239
1622739996007 -23.84584974290992 240
1622740005113 -23.84584974290992 241
1622740014263 -23.84584974290992 242
1622740023422 -23.84584974290992 243
1622740032606 -23.84584974290992 244
1622740041831 -23.84584974290992 245
1622740051110 -23.84584974290992 246
1622740060462 -23.84584974290992 247
1622740069837 -23.84584974290992 248
1622740079209 -23.84584974290992 249
1622740088596 -23.84584974290992 250
1622740098031 -23.84584974290992 251
1622740107592 -23.84584974290992 252
1622740117155 -23.84584974290992 253
1622740126742 -23.84584974290992 254
1622740136383 -23.84584974290992 255
1622740146005 -23.84584974290992 256
1622740155735 -23.84584974290992 257
1622740165562 -23.84584974290992 258
1622740175377 -23.84584974290992 259
1622740185164 -23.84584974290992 260
1622740194982 -23.84584974290992 261
1622740204817 -23.84584974290992 262
1622740214740 -23.84584974290992 263
1622740224635 -23.84584974290992 264
1622740234597 -23.84584974290992 265
1622740244553 -23.84584974290992 266
1622740254588 -23.84584974290992 267
1622740264635 -23.84584974290992 268
1622740274852 -23.84584974290992 269
1622740285027 -23.84584974290992 270
1622740295219 -23.84584974290992 271
1622740305437 -23.84584974290992 272
1622740315700 -23.84584974290992 273
1622740325963 -23.84584974290992 274
1622740336288 -23.84584974290992 275
1622740346713 -23.84584974290992 276
1622740357124 -23.84584974290992 277
1622740367556 -23.84584974290992 278
1622740378029 -23.84584974290992 279
1622740388525 -23.84584974290992 280
1622740399086 -23.84584974290992 281
1622740409709 -23.84584974290992 282
1622740420363 -23.84584974290992 283
1622740431070 -23.84584974290992 284
1622740441805 -23.84584974290992 285
1622740452576 -23.84584974290992 286
1622740463306 -23.84584974290992 287
1622740474136 -23.84584974290992 288
1622740484946 -23.84584974290992 289
1622740495824 -23.84584974290992 290
1622740506719 -23.84584974290992 291
1622740517643 -23.84584974290992 292
1622740528581 -23.84584974290992 293
1622740539579 -23.84584974290992 294
1622740550565 -23.84584974290992 295
1622740561660 -23.84584974290992 296
1622740572853 -23.84584974290992 297
1622740584042 -23.84584974290992 298
1622740595224 -23.84584974290992 299
1622740606465 -23.84584974290992 300
1622740617716 -23.84584974290992 301
1622740629056 -23.84584974290992 302
1622740640457 -23.84584974290992 303
1622740651785 -23.84584974290992 304
1622740663199 -23.84584974290992 305
1622740674648 -23.84584974290992 306
1622740686096 -23.84584974290992 307
1622740697651 -23.84584974290992 308
1622740709267 -23.84584974290992 309
1622740720922 -23.84584974290992 310
1622740732493 -23.84584974290992 311
1622740744154 -23.84584974290992 312
1622740755847 -23.84584974290992 313
1622740767607 -23.84584974290992 314
1622740779389 -23.84584974290992 315
1622740791274 -23.84584974290992 316
1622740803177 -23.84584974290992 317
1622740815161 -23.84584974290992 318
1622740827038 -23.84584974290992 319
1622740839030 -23.84584974290992 320
1622740851015 -23.84584974290992 321
1622740862968 -23.84584974290992 322
1622740875012 -23.84584974290992 323
1622740887070 -23.84584974290992 324
1622740899215 -23.84584974290992 325
1622740911351 -23.84584974290992 326
1622740923574 -23.84584974290992 327
1622740935789 -23.84584974290992 328
1622740948124 -23.84584974290992 329
1622740960515 -23.84584974290992 330
1622740972906 -23.84584974290992 331
1622740985274 -23.84584974290992 332
1622740997645 -23.84584974290992 333
1622741010087 -23.84584974290992 334
1622741022489 -23.84584974290992 335
1622741034904 -23.84584974290992 336
1622741047472 -23.84584974290992 337
1622741060050 -23.84584974290992 338
1622741072685 -23.84584974290992 339
1622741085445 -23.84584974290992 340
1622741098206 -23.84584974290992 341
1622741110964 -23.84584974290992 342
1622741123791 -23.84584974290992 343
1622741136690 -23.84584974290992 344
1622741149460 -23.84584974290992 345
1622741162396 -23.84584974290992 346
1622741175359 -23.84584974290992 347
1622741188317 -23.84584974290992 348
1622741201262 -23.84584974290992 349
1622741214311 -23.84584974290992 350
1622741227352 -23.84584974290992 351
1622741240520 -23.84584974290992 352
1622741253676 -23.84584974290992 353
1622741266868 -23.84584974290992 354
1622741280093 -23.84584974290992 355
1622741293391 -23.84584974290992 356
1622741306674 -23.84584974290992 357
1622741319979 -23.84584974290992 358
1622741333347 -23.84584974290992 359
1622741346804 -23.84584974290992 360
1622741360256 -23.84584974290992 361
1622741373703 -23.84584974290992 362
1622741387142 -23.84584974290992 363
1622741400635 -23.84584974290992 364
1622741414229 -23.84584974290992 365
1622741427851 -23.84584974290992 366
1622741441422 -23.84584974290992 367
1622741455095 -23.84584974290992 368
1622741468855 -23.84584974290992 369
1622741482665 -23.84584974290992 370
1622741496467 -23.84584974290992 371
1622741510304 -23.84584974290992 372
1622741524178 -23.84584974290992 373
1622741538126 -23.84584974290992 374
1622741552030 -23.84584974290992 375
1622741565951 -23.84584974290992 376
1622741579961 -23.84584974290992 377
1622741593981 -23.84584974290992 378
1622741607983 -23.84584974290992 379
1622741622130 -23.84584974290992 380
1622741636315 -23.84584974290992 381
1622741650483 -23.84584974290992 382
1622741664676 -23.84584974290992 383
1622741678857 -23.84584974290992 384
1622741693245 -23.84584974290992 385
1622741707585 -23.84584974290992 386
1622741721962 -23.84584974290992 387
1622741736489 -23.84584974290992 388
1622741750825 -23.84584974290992 389
1622741765202 -23.84584974290992 390
1622741779788 -23.84584974290992 391
1622741794377 -23.84584974290992 392
1622741809046 -23.84584974290992 393
1622741823640 -23.84584974290992 394
1622741838318 -23.84584974290992 395
1622741853119 -23.84584974290992 396
1622741867863 -23.84584974290992 397
1622741882709 -23.84584974290992 398
1622741897516 -23.84584974290992 399
1622741912369 -23.84584974290992 400
1622741927305 -23.84584974290992 401
1622741942295 -23.84584974290992 402
1622741957210 -23.84584974290992 403
1622741972265 -23.84584974290992 404
1622741987325 -23.84584974290992 405
1622742002415 -23.84584974290992 406
1622742017594 -23.84584974290992 407
1622742032782 -23.84584974290992 408
1622742047935 -23.84584974290992 409
1622742063168 -23.84584974290992 410
1622742078447 -23.84584974290992 411
1622742093723 -23.84584974290992 412
1622742109119 -23.84584974290992 413
1622742124556 -23.84584974290992 414
1622742140090 -23.84584974290992 415
1622742155534 -23.84584974290992 416
1622742171105 -23.84584974290992 417
1622742186564 -23.84584974290992 418
1622742202018 -23.84584974290992 419
1622742217602 -23.84584974290992 420
1622742233153 -23.84584974290992 421
1622742248735 -23.84584974290992 422
1622742264371 -23.84584974290992 423
1622742280134 -23.84584974290992 424
1622742295889 -23.84584974290992 425
1622742311653 -23.84584974290992 426
1622742327378 -23.84584974290992 427
1622742343227 -23.84584974290992 428
1622742360159 -23.84584974290992 429
1622742376116 -23.84584974290992 430
1622742392043 -23.84584974290992 431
1622742407941 -23.84584974290992 432
1622742423884 -23.84584974290992 433
1622742439941 -23.84584974290992 434
1622742456110 -23.84584974290992 435
1622742472256 -23.84584974290992 436
1622742488332 -23.84584974290992 437
1622742504504 -23.84584974290992 438
1622742520808 -23.84584974290992 439
1622742537085 -23.84584974290992 440
1622742553391 -23.84584974290992 441
1622742569663 -23.84584974290992 442
1622742585935 -23.84584974290992 443
1622742602193 -23.84584974290992 444
1622742618574 -23.84584974290992 445
1622742634973 -23.84584974290992 446
1622742651447 -23.84584974290992 447
1622742668102 -23.84584974290992 448
1622742684648 -23.84584974290992 449
1622742701207 -23.84584974290992 450
1622742717852 -23.84584974290992 451
1622742734486 -23.84584974290992 452
1622742751054 -23.84584974290992 453
1622742767812 -23.84584974290992 454
1622742784553 -23.84584974290992 455
1622742801333 -23.84584974290992 456
1622742818184 -23.84584974290992 457
1622742835132 -23.84584974290992 458
1622742852089 -23.84584974290992 459
1622742869052 -23.84584974290992 460
1622742886075 -23.84584974290992 461
1622742903235 -23.84584974290992 462
1622742920343 -23.84584974290992 463
1622742937517 -23.84584974290992 464
1622742954458 -23.84584974290992 465
1622742971727 -23.84584974290992 466
1622742988866 -23.84584974290992 467
1622743006080 -23.84584974290992 468
1622743023353 -23.84584974290992 469
1622743040581 -23.84584974290992 470
1622743057879 -23.84584974290992 471
1622743075226 -23.84584974290992 472
1622743092575 -23.84584974290992 473
1622743110121 -23.84584974290992 474
1622743127615 -23.84584974290992 475
1622743145227 -23.84584974290992 476
1622743162831 -23.84584974290992 477
1622743180500 -23.84584974290992 478
1622743198167 -23.84584974290992 479
1622743215772 -23.84584974290992 480
1622743233423 -23.84584974290992 481
1622743251059 -23.84584974290992 482
1622743268866 -23.84584974290992 483
1622743286680 -23.84584974290992 484
1622743304457 -23.84584974290992 485
1622743322388 -23.84584974290992 486
1622743340289 -23.84584974290992 487
1622743358286 -23.84584974290992 488
1622743376201 -23.84584974290992 489
1622743394221 -23.84584974290992 490
1622743412192 -23.84584974290992 491
1622743430347 -23.84584974290992 492
1622743448525 -23.84584974290992 493
1622743466758 -23.84584974290992 494
1622743485065 -23.84584974290992 495
1622743503385 -23.84584974290992 496
1622743521638 -23.84584974290992 497
1622743539926 -23.84584974290992 498
1622743558270 -23.84584974290992 499
1622743576739 -23.84584974290992 500
