1622743641778 0.376 0
1622743642350 0.451 1
1622743642909 0.525 2
1622743643884 0.6 3
1622743644999 0.754 4
1622743645743 0.853 5
1622743646470 0.9309999999999999 6
1622743647233 1.008 7
1622743648011 1.085 8
1622743648818 1.16 9
1622743649656 1.2349999999999999 10
1622743650516 1.3099999999999998 11
1622743651430 1.386 12
1622743652387 1.4629999999999999 13
1622743653365 1.539 14
1622743654382 1.6139999999999999 15
1622743655435 1.6889999999999998 16
1622743656520 1.7659999999999998 17
1622743657651 1.8409999999999997 18
1622743658827 1.9169999999999998 19
1622743660030 1.9929999999999999 20
1622743661263 2.068 21
1622743662990 2.1430000000000002 22
1622743664685 2.2830000000000004 23
1622743666277 2.3590000000000004 24
1622743668517 2.498 25
1622743670588 2.645 26
1622743672024 2.722 27
1622743673509 2.797 28
1622743675008 2.8720000000000003 29
1622743677799 2.9490000000000003 30
1622743679535 3.0660000000000003 31
1622743681154 3.1420000000000003 32
1622743682800 3.2170000000000005 33
1622743684577 3.3000000000000007 34
1622743686423 3.379000000000001 35
1622743688283 3.4570000000000007 36
1622743690375 3.5350000000000006 37
1622743692860 3.6760000000000006 38
1622743694742 3.7520000000000007 39
1622743696651 3.827000000000001 40
1622743698586 3.902000000000001 41
1622743700544 3.977000000000001 42
1622743702575 4.052000000000001 43
1622743704617 4.127000000000002 44
1622743706707 4.201000000000001 45
1622743708818 4.276000000000002 46
1622743710980 4.351000000000002 47
1622743713190 4.426000000000002 48
1622743716274 4.502000000000002 49
1622743718615 4.581000000000001 50
1622743721888 4.668000000000001 51
1622743724212 4.742000000000001 52
1622743726618 4.816000000000001 53
1622743729012 4.892 54
1622743731447 4.966 55
1622743733894 5.042 56
1622743736421 5.117 57
1622743738979 5.193 58
1622743741561 5.268999999999999 59
1622743744170 5.344999999999999 60
1622743746840 5.419999999999999 61
1622743749537 5.495999999999999 62
1622743752255 5.571999999999998 63
1622743755046 5.647999999999998 64
1622743757891 5.722999999999998 65
1622743760753 5.798999999999998 66
1622743763602 5.873999999999998 67
1622743766509 5.9499999999999975 68
1622743769741 6.024999999999998 69
1622743772908 6.102999999999998 70
1622743776518 6.178999999999998 71
1622743779989 6.3169999999999975 72
1622743783062 6.392999999999997 73
1622743786188 6.467999999999997 74
1622743789340 6.5429999999999975 75
1622743792550 6.618999999999997 76
1622743795790 6.693999999999997 77
1622743799023 6.7689999999999975 78
1622743802308 6.843999999999998 79
1622743805593 6.918999999999998 80
1622743808928 6.992999999999998 81
1622743812307 7.0669999999999975 82
1622743815725 7.141999999999998 83
1622743819182 7.216999999999998 84
1622743822688 7.290999999999998 85
1622743826180 7.3649999999999975 86
1622743829779 7.439999999999998 87
1622743833387 7.514999999999998 88
1622743837016 7.588999999999998 89
1622743840744 7.662999999999998 90
1622743844447 7.738999999999997 91
1622743848218 7.813999999999997 92
1622743851977 7.888999999999998 93
1622743855806 7.963999999999998 94
1622743859698 8.038999999999998 95
1622743863570 8.114999999999998 96
1622743867533 8.189999999999998 97
1622743872495 8.264999999999997 98
1622743876480 8.340999999999998 99
1622743880538 8.415999999999997 100
1622743884657 8.490999999999996 101
1622743889508 8.565999999999995 102
1622743893775 8.641999999999996 103
1622743898844 8.790999999999995 104
1622743903110 8.865999999999994 105
1622743907336 8.940999999999994 106
1622743911631 9.015999999999993 107
1622743916862 9.091999999999993 108
1622743921199 9.166999999999993 109
1622743925602 9.241999999999992 110
1622743931013 9.316999999999991 111
1622743935526 9.39199999999999 112
1622743940062 9.467999999999991 113
1622743944641 9.54299999999999 114
1622743949212 9.618999999999991 115
1622743953788 9.69299999999999 116
1622743958421 9.76799999999999 117
1622743963101 9.84399999999999 118
1622743969635 9.91799999999999 119
1622743974386 9.99299999999999 120
1622743979159 10.06699999999999 121
1622743984023 10.141999999999989 122
1622743988930 10.216999999999988 123
1622743993830 10.291999999999987 124
1622743998783 10.365999999999987 125
1622744003805 10.440999999999987 126
1622744008799 10.516999999999987 127
1622744013839 10.592999999999988 128
1622744018923 10.667999999999987 129
1622744024088 10.742999999999986 130
1622744029367 10.817999999999985 131
1622744035398 10.955999999999985 132
1622744040619 11.030999999999985 133
1622744045869 11.104999999999984 134
1622744051180 11.179999999999984 135
1622744056553 11.253999999999984 136
1622744062002 11.329999999999984 137
1622744067392 11.405999999999985 138
1622744072816 11.480999999999984 139
1622744078285 11.555999999999983 140
1622744084713 11.631999999999984 141
1622744090386 11.706999999999983 142
1622744097090 11.787999999999982 143
1622744102897 11.863999999999983 144
1622744108575 11.939999999999984 145
1622744114261 12.013999999999983 146
1622744119975 12.089999999999984 147
1622744127605 12.164999999999983 148
1622744133401 12.239999999999982 149
1622744139172 12.314999999999982 150
1622744145013 12.390999999999982 151
1622744150918 12.465999999999982 152
1622744156862 12.54099999999998 153
1622744162871 12.61599999999998 154
1622744168870 12.69199999999998 155
1622744174884 12.767999999999981 156
1622744180960 12.84299999999998 157
1622744187516 12.918999999999981 158
1622744193623 12.99399999999998 159
1622744199771 13.06899999999998 160
1622744206012 13.143999999999979 161
1622744212289 13.218999999999978 162
1622744220110 13.294999999999979 163
1622744226461 13.369999999999978 164
1622744232872 13.444999999999977 165
1622744239221 13.519999999999976 166
1622744245589 13.594999999999976 167
1622744252095 13.670999999999976 168
1622744258636 13.745999999999976 169
1622744265205 13.820999999999975 170
1622744271806 13.895999999999974 171
1622744279152 13.971999999999975 172
1622744286093 14.049999999999974 173
1622744293666 14.124999999999973 174
1622744302050 14.263999999999973 175
1622744309226 14.402999999999972 176
1622744316506 14.477999999999971 177
1622744324981 14.625999999999971 178
1622744332052 14.707999999999972 179
1622744338949 14.781999999999972 180
1622744345901 14.857999999999972 181
1622744352878 14.932999999999971 182
1622744359901 15.00799999999997 183
1622744366965 15.08299999999997 184
1622744374069 15.15799999999997 185
1622744381159 15.232999999999969 186
1622744388354 15.307999999999968 187
1622744395501 15.383999999999968 188
1622744403778 15.458999999999968 189
1622744411152 15.533999999999967 190
1622744418626 15.608999999999966 191
1622744426074 15.684999999999967 192
1622744433578 15.759999999999966 193
1622744441037 15.835999999999967 194
1622744448534 15.910999999999966 195
1622744456031 15.985999999999965 196
1622744463612 16.059999999999967 197
1622744471152 16.134999999999966 198
1622744478783 16.208999999999968 199
1622744486410 16.283999999999967 200
1622744494102 16.358999999999966 201
1622744503440 16.433999999999966 202
1622744511144 16.508999999999965 203
1622744518895 16.583999999999964 204
1622744526747 16.658999999999963 205
1622744534570 16.733999999999963 206
1622744542402 16.808999999999962 207
1622744550276 16.884999999999962 208
1622744558167 16.95999999999996 209
1622744566156 17.033999999999963 210
1622744574213 17.107999999999965 211
1622744582296 17.182999999999964 212
1622744590421 17.257999999999964 213
1622744598534 17.332999999999963 214
1622744606717 17.406999999999965 215
1622744615855 17.554999999999964 216
1622744624117 17.630999999999965 217
1622744633322 17.706999999999965 218
1622744641753 17.785999999999966 219
1622744650974 17.861999999999966 220
1622744659373 17.936999999999966 221
1622744668937 18.011999999999965 222
1622744678045 18.149999999999967 223
1622744686540 18.225999999999967 224
1622744695092 18.300999999999966 225
1622744703794 18.375999999999966 226
1622744712592 18.455999999999964 227
1622744721371 18.530999999999963 228
1622744730046 18.605999999999963 229
1622744738791 18.679999999999964 230
1622744747716 18.755999999999965 231
1622744756817 18.840999999999966 232
1622744765743 18.919999999999966 233
1622744775472 18.994999999999965 234
1622744784384 19.069999999999965 235
1622744793745 19.144999999999964 236
1622744802751 19.219999999999963 237
1622744811736 19.295999999999964 238
1622744820703 19.371999999999964 239
1622744829672 19.446999999999964 240
1622744838742 19.521999999999963 241
1622744848141 19.597999999999963 242
1622744857937 19.749999999999964 243
1622744868041 19.825999999999965 244
1622744877254 19.900999999999964 245
1622744886480 19.974999999999966 246
1622744896629 20.049999999999965 247
1622744906008 20.123999999999967 248
1622744915452 20.198999999999966 249
1622744924921 20.274999999999967 250
1622744934453 20.349999999999966 251
1622744943898 20.424999999999965 252
1622744953453 20.499999999999964 253
1622744963948 20.576999999999966 254
1622744973566 20.651999999999965 255
1622744984009 20.726999999999965 256
1622744993689 20.801999999999964 257
1622745003376 20.876999999999963 258
1622745013189 20.951999999999963 259
1622745022938 21.027999999999963 260
1622745032768 21.102999999999962 261
1622745042644 21.178999999999963 262
1622745053896 21.253999999999962 263
1622745064276 21.39499999999996 264
1622745075225 21.46999999999996 265
1622745086889 21.54499999999996 266
1622745097163 21.61999999999996 267
1622745108325 21.694999999999958 268
1622745118467 21.769999999999957 269
1622745128629 21.84399999999996 270
1622745139892 21.91799999999996 271
1622745151010 21.99299999999996 272
1622745162106 22.06799999999996 273
1622745172418 22.14399999999996 274
1622745182731 22.21899999999996 275
1622745194092 22.293999999999958 276
1622745204876 22.36999999999996 277
1622745215212 22.44599999999996 278
1622745225640 22.520999999999958 279
1622745236077 22.59699999999996 280
1622745246589 22.671999999999958 281
1622745257107 22.746999999999957 282
1622745267690 22.822999999999958 283
1622745278282 22.897999999999957 284
1622745290306 22.973999999999958 285
1622745301003 23.049999999999958 286
1622745311794 23.124999999999957 287
1622745323486 23.199999999999957 288
1622745334328 23.274999999999956 289
1622745346132 23.350999999999956 290
1622745357254 23.426999999999957 291
1622745368278 23.501999999999956 292
1622745380093 23.576999999999956 293
1622745392635 23.669999999999956 294
1622745404727 23.748999999999956 295
1622745417358 23.823999999999955 296
1622745430589 23.903999999999954 297
1622745443332 24.042999999999953 298
1622745454489 24.116999999999955 299
1622745465711 24.191999999999954 300
1622745476967 24.266999999999953 301
1622745488271 24.341999999999953 302
1622745499612 24.416999999999952 303
1622745510976 24.492999999999952 304
1622745522299 24.568999999999953 305
1622745535166 24.643999999999952 306
1622745546707 24.722999999999953 307
1622745558234 24.797999999999952 308
1622745569836 24.87299999999995 309
1622745581452 24.94799999999995 310
1622745593060 25.02299999999995 311
1622745604742 25.09799999999995 312
1622745616436 25.17399999999995 313
1622745628137 25.24899999999995 314
1622745641673 25.32399999999995 315
1622745654844 25.464999999999947 316
1622745666745 25.539999999999946 317
1622745680490 25.614999999999945 318
1622745692453 25.690999999999946 319
1622745704657 25.765999999999945 320
1622745717875 25.847999999999946 321
1622745731591 25.922999999999945 322
1622745743734 25.997999999999944 323
1622745756861 26.073999999999945 324
1622745769799 26.156999999999943 325
1622745781992 26.231999999999942 326
1622745794830 26.307999999999943 327
1622745809467 26.381999999999945 328
1622745822266 26.460999999999945 329
1622745834446 26.535999999999945 330
1622745846709 26.610999999999944 331
1622745859009 26.684999999999945 332
1622745871410 26.759999999999945 333
1622745883855 26.834999999999944 334
1622745896441 26.909999999999943 335
1622745908955 26.985999999999944 336
1622745921476 27.061999999999944 337
1622745934043 27.137999999999945 338
1622745946659 27.212999999999944 339
1622745959207 27.288999999999945 340
1622745971906 27.363999999999944 341
1622745984666 27.438999999999943 342
1622745999431 27.512999999999945 343
1622746012294 27.587999999999944 344
1622746025109 27.662999999999943 345
1622746038010 27.737999999999943 346
1622746052926 27.813999999999943 347
1622746066754 27.888999999999943 348
1622746081589 27.963999999999942 349
1622746094595 28.03899999999994 350
1622746107659 28.11499999999994 351
1622746120761 28.190999999999942 352
1622746138673 28.266999999999943 353
1622746151835 28.341999999999942 354
1622746165032 28.418999999999944 355
1622746179080 28.493999999999943 356
1622746194104 28.568999999999942 357
1622746207445 28.644999999999943 358
1622746221548 28.720999999999943 359
1622746235187 28.801999999999943 360
1622746249417 28.876999999999942 361
1622746264028 28.95699999999994 362
1622746277523 29.030999999999942 363
1622746290954 29.10599999999994 364
1622746304452 29.18099999999994 365
1622746318008 29.254999999999942 366
1622746331594 29.330999999999943 367
1622746346985 29.406999999999943 368
1622746360799 29.482999999999944 369
1622746374578 29.557999999999943 370
1622746388285 29.634999999999945 371
1622746402570 29.709999999999944 372
1622746416488 29.785999999999945 373
1622746431594 29.861999999999945 374
1622746445475 29.937999999999946 375
1622746460834 30.013999999999946 376
1622746474788 30.087999999999948 377
1622746488831 30.162999999999947 378
1622746502867 30.237999999999946 379
1622746518688 30.312999999999946 380
1622746533738 30.387999999999945 381
1622746548509 30.526999999999944 382
1622746562815 30.602999999999945 383
1622746577192 30.677999999999944 384
1622746591570 30.753999999999944 385
1622746605957 30.828999999999944 386
1622746620489 30.903999999999943 387
1622746634959 30.978999999999942 388
1622746649456 31.05399999999994 389
1622746663992 31.127999999999943 390
1622746678646 31.202999999999943 391
1622746694370 31.277999999999942 392
1622746710176 31.35799999999994 393
1622746724884 31.43299999999994 394
1622746739629 31.50899999999994 395
1622746754427 31.58499999999994 396
1622746770188 31.66099999999994 397
1622746784894 31.73699999999994 398
1622746799734 31.81199999999994 399
1622746815355 31.885999999999942 400
1622746833675 31.961999999999943 401
1622746850776 32.10099999999994 402
1622746865782 32.18099999999994 403
1622746880717 32.25599999999994 404
1622746895612 32.330999999999946 405
1622746913772 32.40599999999995 406
1622746928784 32.48099999999995 407
1622746943831 32.555999999999955 408
1622746958998 32.63099999999996 409
1622746975381 32.70699999999996 410
1622746990683 32.78199999999996 411
1622747006898 32.85799999999996 412
1622747023443 32.932999999999964 413
1622747038759 33.00799999999997 414
1622747055293 33.08299999999997 415
1622747070698 33.15799999999997 416
1622747086128 33.23399999999997 417
1622747103319 33.308999999999976 418
1622747122133 33.461999999999975 419
1622747139638 33.537999999999975 420
1622747155211 33.635999999999974 421
1622747170786 33.70999999999997 422
1622747187797 33.78399999999997 423
1622747203468 33.85999999999997 424
1622747219202 33.93599999999997 425
1622747235065 34.010999999999974 426
1622747250861 34.08599999999998 427
1622747268449 34.16199999999998 428
1622747285280 34.27199999999998 429
1622747301189 34.34799999999998 430
1622747317123 34.42299999999998 431
1622747333084 34.49799999999998 432
1622747349186 34.573999999999984 433
1622747365137 34.64899999999999 434
1622747381196 34.72399999999999 435
1622747397251 34.79999999999999 436
1622747413420 34.87499999999999 437
1622747429557 34.949999999999996 438
1622747447820 35.023999999999994 439
1622747467440 35.099999999999994 440
1622747485064 35.184 441
1622747501384 35.26 442
1622747517684 35.335 443
1622747535974 35.410000000000004 444
1622747552361 35.486000000000004 445
1622747568805 35.56100000000001 446
1622747587463 35.63600000000001 447
1622747604793 35.71100000000001 448
1622747624146 35.78700000000001 449
1622747641849 35.862000000000016 450
1622747660811 36.000000000000014 451
1622747678518 36.07700000000001 452
1622747697096 36.15400000000001 453
1622747715410 36.22900000000001 454
1622747734521 36.305000000000014 455
1622747753857 36.381000000000014 456
1622747771629 36.45600000000002 457
1622747788513 36.53100000000002 458
1622747805434 36.60500000000002 459
1622747822267 36.679000000000016 460
1622747839276 36.75400000000002 461
1622747856276 36.82900000000002 462
1622747874469 36.90500000000002 463
1622747892648 36.98100000000002 464
1622747912970 37.120000000000026 465
1622747931831 37.19500000000003 466
1622747949087 37.27000000000003 467
1622747966863 37.345000000000034 468
1622747984143 37.42000000000004 469
1622748001331 37.49500000000004 470
1622748018601 37.57100000000004 471
1622748035958 37.64600000000004 472
1622748053280 37.721000000000046 473
1622748070727 37.79600000000005 474
1622748088195 37.87100000000005 475
1622748105573 37.946000000000055 476
1622748123136 38.02100000000006 477
1622748140765 38.09600000000006 478
1622748158429 38.17100000000006 479
1622748176079 38.246000000000066 480
1622748193805 38.32100000000007 481
1622748212276 38.39600000000007 482
1622748231922 38.471000000000075 483
1622748251674 38.54600000000008 484
1622748272056 38.62200000000008 485
1622748291374 38.71300000000008 486
1622748310003 38.79600000000008 487
1622748328159 38.873000000000076 488
1622748346696 38.947000000000074 489
1622748368088 39.09200000000008 490
1622748388012 39.166000000000075 491
1622748407311 39.24000000000007 492
1622748429236 39.319000000000074 493
1622748449233 39.39300000000007 494
1622748468561 39.46700000000007 495
1622748487720 39.54200000000007 496
1622748506994 39.61900000000007 497
1622748525278 39.69200000000007 498
1622748547155 39.767000000000074 499
1622748566366 39.840000000000074 500
