1622743641771 0.376 0
1622743642345 0.075 1
1622743642904 0.074 2
1622743643878 0.075 3
1622743644993 0.154 4
1622743645738 0.099 5
1622743646464 0.078 6
1622743647229 0.077 7
1622743648007 0.077 8
1622743648813 0.075 9
1622743649651 0.075 10
1622743650511 0.075 11
1622743651425 0.076 12
1622743652382 0.077 13
1622743653360 0.076 14
1622743654377 0.075 15
1622743655430 0.075 16
1622743656515 0.077 17
1622743657646 0.075 18
1622743658822 0.076 19
1622743660025 0.076 20
1622743661258 0.075 21
1622743662985 0.075 22
1622743664680 0.14 23
1622743666273 0.076 24
1622743668512 0.139 25
1622743670584 0.147 26
1622743672020 0.077 27
1622743673504 0.075 28
1622743675004 0.075 29
1622743677794 0.077 30
1622743679531 0.117 31
1622743681149 0.076 32
1622743682795 0.075 33
1622743684572 0.083 34
1622743686419 0.079 35
1622743688278 0.078 36
1622743690369 0.078 37
1622743692855 0.141 38
1622743694737 0.076 39
1622743696646 0.075 40
1622743698581 0.075 41
1622743700539 0.075 42
1622743702570 0.075 43
1622743704612 0.075 44
1622743706703 0.074 45
1622743708814 0.075 46
1622743710976 0.075 47
1622743713185 0.075 48
1622743716269 0.076 49
1622743718611 0.079 50
1622743721883 0.087 51
1622743724208 0.074 52
1622743726614 0.074 53
1622743729007 0.076 54
1622743731443 0.074 55
1622743733890 0.076 56
1622743736416 0.075 57
1622743738975 0.076 58
1622743741556 0.076 59
1622743744166 0.076 60
1622743746836 0.075 61
1622743749533 0.076 62
1622743752251 0.076 63
1622743755042 0.076 64
1622743757886 0.075 65
1622743760749 0.076 66
1622743763597 0.075 67
1622743766504 0.076 68
1622743769737 0.075 69
1622743772904 0.078 70
1622743776512 0.076 71
1622743779985 0.138 72
1622743783058 0.076 73
1622743786184 0.075 74
1622743789336 0.075 75
1622743792545 0.076 76
1622743795786 0.075 77
1622743799019 0.075 78
1622743802303 0.075 79
1622743805589 0.075 80
1622743808924 0.074 81
1622743812303 0.074 82
1622743815721 0.075 83
1622743819177 0.075 84
1622743822684 0.074 85
1622743826175 0.074 86
1622743829775 0.075 87
1622743833382 0.075 88
1622743837012 0.074 89
1622743840740 0.074 90
1622743844443 0.076 91
1622743848213 0.075 92
1622743851973 0.075 93
1622743855801 0.075 94
1622743859694 0.075 95
1622743863565 0.076 96
1622743867529 0.075 97
1622743872490 0.075 98
1622743876476 0.076 99
1622743880533 0.075 100
1622743884653 0.075 101
1622743889504 0.075 102
1622743893770 0.076 103
1622743898840 0.149 104
1622743903105 0.075 105
1622743907332 0.075 106
1622743911627 0.075 107
1622743916858 0.076 108
1622743921195 0.075 109
1622743925598 0.075 110
1622743931009 0.075 111
1622743935521 0.075 112
1622743940057 0.076 113
1622743944636 0.075 114
1622743949207 0.076 115
1622743953784 0.074 116
1622743958417 0.075 117
1622743963096 0.076 118
1622743969631 0.074 119
1622743974381 0.075 120
1622743979154 0.074 121
1622743984018 0.075 122
1622743988926 0.075 123
1622743993825 0.075 124
1622743998778 0.074 125
1622744003800 0.075 126
1622744008795 0.076 127
1622744013834 0.076 128
1622744018918 0.075 129
1622744024084 0.075 130
1622744029362 0.075 131
1622744035393 0.138 132
1622744040614 0.075 133
1622744045864 0.074 134
1622744051175 0.075 135
1622744056548 0.074 136
1622744061997 0.076 137
1622744067387 0.076 138
1622744072811 0.075 139
1622744078281 0.075 140
1622744084709 0.076 141
1622744090381 0.075 142
1622744097086 0.081 143
1622744102893 0.076 144
1622744108571 0.076 145
1622744114257 0.074 146
1622744119969 0.076 147
1622744127601 0.075 148
1622744133397 0.075 149
1622744139167 0.075 150
1622744145009 0.076 151
1622744150914 0.075 152
1622744156857 0.075 153
1622744162866 0.075 154
1622744168865 0.076 155
1622744174879 0.076 156
1622744180955 0.075 157
1622744187511 0.076 158
1622744193618 0.075 159
1622744199766 0.075 160
1622744206007 0.075 161
1622744212284 0.075 162
1622744220105 0.076 163
1622744226456 0.075 164
1622744232867 0.075 165
1622744239216 0.075 166
1622744245584 0.075 167
1622744252090 0.076 168
1622744258631 0.075 169
1622744265200 0.075 170
1622744271801 0.075 171
1622744279147 0.076 172
1622744286088 0.078 173
1622744293660 0.075 174
1622744302045 0.139 175
1622744309221 0.139 176
1622744316500 0.075 177
1622744324976 0.148 178
1622744332047 0.082 179
1622744338944 0.074 180
1622744345896 0.076 181
1622744352873 0.075 182
1622744359897 0.075 183
1622744366961 0.075 184
1622744374065 0.075 185
1622744381155 0.075 186
1622744388350 0.075 187
1622744395497 0.076 188
1622744403774 0.075 189
1622744411148 0.075 190
1622744418622 0.075 191
1622744426070 0.076 192
1622744433574 0.075 193
1622744441032 0.076 194
1622744448530 0.075 195
1622744456026 0.075 196
1622744463608 0.074 197
1622744471147 0.075 198
1622744478778 0.074 199
1622744486406 0.075 200
1622744494098 0.075 201
1622744503432 0.075 202
1622744511140 0.075 203
1622744518890 0.075 204
1622744526742 0.075 205
1622744534566 0.075 206
1622744542397 0.075 207
1622744550272 0.076 208
1622744558162 0.075 209
1622744566151 0.074 210
1622744574207 0.074 211
1622744582292 0.075 212
1622744590417 0.075 213
1622744598530 0.075 214
1622744606713 0.074 215
1622744615850 0.148 216
1622744624112 0.076 217
1622744633318 0.076 218
1622744641748 0.079 219
1622744650970 0.076 220
1622744659368 0.075 221
1622744668932 0.075 222
1622744678041 0.138 223
1622744686536 0.076 224
1622744695087 0.075 225
1622744703789 0.075 226
1622744712588 0.08 227
1622744721367 0.075 228
1622744730042 0.075 229
1622744738786 0.074 230
1622744747681 0.076 231
1622744756792 0.085 232
1622744765738 0.079 233
1622744775468 0.075 234
1622744784379 0.075 235
1622744793740 0.075 236
1622744802746 0.075 237
1622744811731 0.076 238
1622744820698 0.076 239
1622744829668 0.075 240
1622744838738 0.075 241
1622744848136 0.076 242
1622744857932 0.152 243
1622744868036 0.076 244
1622744877250 0.075 245
1622744886476 0.074 246
1622744896625 0.075 247
1622744906003 0.074 248
1622744915447 0.075 249
1622744924916 0.076 250
1622744934449 0.075 251
1622744943893 0.075 252
1622744953449 0.075 253
1622744963944 0.077 254
1622744973562 0.075 255
1622744984005 0.075 256
1622744993685 0.075 257
1622745003371 0.075 258
1622745013185 0.075 259
1622745022933 0.076 260
1622745032763 0.075 261
1622745042639 0.076 262
1622745053890 0.075 263
1622745064271 0.141 264
1622745075220 0.075 265
1622745086884 0.075 266
1622745097159 0.075 267
1622745108320 0.075 268
1622745118463 0.075 269
1622745128625 0.074 270
1622745139887 0.074 271
1622745151006 0.075 272
1622745162101 0.075 273
1622745172413 0.076 274
1622745182727 0.075 275
1622745194088 0.075 276
1622745204872 0.076 277
1622745215208 0.076 278
1622745225636 0.075 279
1622745236073 0.076 280
1622745246585 0.075 281
1622745257103 0.075 282
1622745267686 0.076 283
1622745278278 0.075 284
1622745290302 0.076 285
1622745300999 0.076 286
1622745311790 0.075 287
1622745323482 0.075 288
1622745334323 0.075 289
1622745346127 0.076 290
1622745357250 0.076 291
1622745368274 0.075 292
1622745380076 0.075 293
1622745392631 0.093 294
1622745404722 0.079 295
1622745417353 0.075 296
1622745430584 0.08 297
1622745443325 0.139 298
1622745454484 0.074 299
1622745465706 0.075 300
1622745476962 0.075 301
1622745488267 0.075 302
1622745499607 0.075 303
1622745510971 0.076 304
1622745522294 0.076 305
1622745535162 0.075 306
1622745546702 0.079 307
1622745558229 0.075 308
1622745569831 0.075 309
1622745581447 0.075 310
1622745593055 0.075 311
1622745604738 0.075 312
1622745616431 0.076 313
1622745628133 0.075 314
1622745641668 0.075 315
1622745654839 0.141 316
1622745666741 0.075 317
1622745680485 0.075 318
1622745692449 0.076 319
1622745704652 0.075 320
1622745717871 0.082 321
1622745731587 0.075 322
1622745743729 0.075 323
1622745756856 0.076 324
1622745769794 0.083 325
1622745781988 0.075 326
1622745794826 0.076 327
1622745809463 0.074 328
1622745822262 0.079 329
1622745834442 0.075 330
1622745846704 0.075 331
1622745859005 0.074 332
1622745871405 0.075 333
1622745883851 0.075 334
1622745896436 0.075 335
1622745908951 0.076 336
1622745921472 0.076 337
1622745934038 0.076 338
1622745946651 0.075 339
1622745959203 0.076 340
1622745971902 0.075 341
1622745984661 0.075 342
1622745999427 0.074 343
1622746012289 0.075 344
1622746025105 0.075 345
1622746038006 0.075 346
1622746052922 0.076 347
1622746066749 0.075 348
1622746081585 0.075 349
1622746094590 0.075 350
1622746107655 0.076 351
1622746120757 0.076 352
1622746138669 0.076 353
1622746151831 0.075 354
1622746165028 0.077 355
1622746179075 0.075 356
1622746194100 0.075 357
1622746207441 0.076 358
1622746221543 0.076 359
1622746235182 0.081 360
1622746249413 0.075 361
1622746264023 0.08 362
1622746277519 0.074 363
1622746290950 0.075 364
1622746304448 0.075 365
1622746318003 0.074 366
1622746331589 0.076 367
1622746346980 0.076 368
1622746360795 0.076 369
1622746374574 0.075 370
1622746388281 0.077 371
1622746402565 0.075 372
1622746416484 0.076 373
1622746431590 0.076 374
1622746445471 0.076 375
1622746460830 0.076 376
1622746474784 0.074 377
1622746488827 0.075 378
1622746502863 0.075 379
1622746518683 0.075 380
1622746533732 0.075 381
1622746548504 0.139 382
1622746562810 0.076 383
1622746577187 0.075 384
1622746591566 0.076 385
1622746605953 0.075 386
1622746620485 0.075 387
1622746634954 0.075 388
1622746649452 0.075 389
1622746663987 0.074 390
1622746678642 0.075 391
1622746694366 0.075 392
1622746710172 0.08 393
1622746724880 0.075 394
1622746739625 0.076 395
1622746754422 0.076 396
1622746770183 0.076 397
1622746784890 0.076 398
1622746799729 0.075 399
1622746815350 0.074 400
1622746833670 0.076 401
1622746850772 0.139 402
1622746865777 0.08 403
1622746880712 0.075 404
1622746895608 0.075 405
1622746913767 0.075 406
1622746928780 0.075 407
1622746943827 0.075 408
1622746958994 0.075 409
1622746975376 0.076 410
1622746990678 0.075 411
1622747006893 0.076 412
1622747023439 0.075 413
1622747038755 0.075 414
1622747055288 0.075 415
1622747070693 0.075 416
1622747086124 0.076 417
1622747103314 0.075 418
1622747122128 0.153 419
1622747139633 0.076 420
1622747155207 0.098 421
1622747170782 0.074 422
1622747187793 0.074 423
1622747203464 0.076 424
1622747219198 0.076 425
1622747235061 0.075 426
1622747250856 0.075 427
1622747268444 0.076 428
1622747285276 0.11 429
1622747301185 0.076 430
1622747317119 0.075 431
1622747333080 0.075 432
1622747349182 0.076 433
1622747365132 0.075 434
1622747381191 0.075 435
1622747397246 0.076 436
1622747413416 0.075 437
1622747429553 0.075 438
1622747447816 0.074 439
1622747467435 0.076 440
1622747485060 0.084 441
1622747501379 0.076 442
1622747517679 0.075 443
1622747535969 0.075 444
1622747552356 0.076 445
1622747568800 0.075 446
1622747587458 0.075 447
1622747604788 0.075 448
1622747624141 0.076 449
1622747641843 0.075 450
1622747660807 0.138 451
1622747678513 0.077 452
1622747697092 0.077 453
1622747715406 0.075 454
1622747734517 0.076 455
1622747753853 0.076 456
1622747771625 0.075 457
1622747788509 0.075 458
1622747805430 0.074 459
1622747822263 0.074 460
1622747839271 0.075 461
1622747856271 0.075 462
1622747874465 0.076 463
1622747892643 0.076 464
1622747912966 0.139 465
1622747931827 0.075 466
1622747949083 0.075 467
1622747966859 0.075 468
1622747984138 0.075 469
1622748001326 0.075 470
1622748018596 0.076 471
1622748035954 0.075 472
1622748053275 0.075 473
1622748070723 0.075 474
1622748088191 0.075 475
1622748105569 0.075 476
1622748123132 0.075 477
1622748140760 0.075 478
1622748158425 0.075 479
1622748176074 0.075 480
1622748193801 0.075 481
1622748212273 0.075 482
1622748231917 0.075 483
1622748251670 0.075 484
1622748272052 0.076 485
1622748291369 0.091 486
1622748309998 0.083 487
1622748328154 0.077 488
1622748346690 0.074 489
1622748368083 0.145 490
1622748388008 0.074 491
1622748407286 0.074 492
1622748429231 0.079 493
1622748449228 0.074 494
1622748468556 0.074 495
1622748487715 0.075 496
1622748506990 0.077 497
1622748525273 0.073 498
1622748547151 0.075 499
1622748566362 0.073 500
