1622587043681 50 0
1622587044233 60 1
1622587044827 70 2
1622587045436 80 3
1622587046074 90 4
1622587046741 100 5
1622587047438 110 6
1622587048173 120 7
1622587049061 130 8
1622587049952 140 9
1622587050806 150 10
1622587051673 160 11
1622587052676 170 12
1622587053716 180 13
1622587054737 190 14
1622587055739 200 15
1622587056770 210 16
1622587057845 220 17
1622587058953 230 18
1622587060113 240 19
1622587061272 250 20
1622587062500 260 21
1622587063777 270 22
1622587065211 280 23
1622587066568 290 24
1622587068009 300 25
1622587069579 310 26
1622587071091 320 27
1622587072668 330 28
1622587074222 340 29
1622587075826 350 30
1622587077527 360 31
1622587079347 370 32
1622587081184 380 33
1622587083024 390 34
1622587084849 400 35
1622587086646 410 36
1622587088420 420 37
1622587090490 430 38
1622587092329 440 39
1622587094268 450 40
1622587096221 460 41
1622587098225 470 42
1622587100300 480 43
1622587102544 490 44
1622587104693 500 45
1622587106926 510 46
1622587109156 520 47
1622587111405 530 48
1622587113682 540 49
1622587116048 550 50
1622587118555 560 51
1622587120975 570 52
1622587123401 580 53
1622587125865 590 54
1622587128367 600 55
1622587130919 610 56
1622587133603 620 57
1622587136202 630 58
1622587138990 640 59
1622587141666 650 60
1622587144441 660 61
1622587147189 670 62
1622587149990 680 63
1622587152802 690 64
1622587155770 700 65
1622587158686 710 66
1622587161717 720 67
1622587164730 730 68
1622587167751 740 69
1622587170809 750 70
1622587173941 760 71
1622587177042 770 72
1622587180190 780 73
1622587183301 790 74
1622587186512 800 75
1622587189753 810 76
1622587192982 820 77
1622587196348 830 78
1622587199770 840 79
1622587203273 850 80
1622587206808 860 81
1622587210387 870 82
1622587213915 880 83
1622587217528 890 84
1622587221107 900 85
1622587224682 910 86
1622587228312 920 87
1622587231967 930 88
1622587235655 940 89
1622587239418 950 90
1622587243207 960 91
1622587247013 970 92
1622587250859 980 93
1622587254787 990 94
1622587258857 1000 95
1622587262926 1010 96
1622587266934 1020 97
1622587271030 1030 98
1622587275063 1040 99
1622587279203 1050 100
1622587283307 1060 101
1622587287796 1070 102
1622587291977 1080 103
1622587296257 1090 104
1622587300438 1100 105
1622587304750 1110 106
1622587309239 1120 107
1622587313656 1130 108
1622587318039 1140 109
1622587322461 1150 110
1622587327002 1160 111
1622587331559 1170 112
1622587336132 1180 113
1622587340729 1190 114
1622587345362 1200 115
1622587349978 1210 116
1622587354602 1220 117
1622587359313 1230 118
1622587364077 1240 119
1622587368984 1250 120
1622587373900 1260 121
1622587378799 1270 122
1622587383762 1280 123
1622587388694 1290 124
1622587393700 1300 125
1622587398781 1310 126
1622587403832 1320 127
1622587409187 1330 128
1622587414583 1340 129
1622587420174 1350 130
1622587425369 1360 131
1622587430692 1370 132
1622587436008 1380 133
1622587441381 1390 134
1622587447124 1400 135
1622587452686 1410 136
1622587458337 1420 137
1622587463895 1430 138
1622587469395 1440 139
1622587474967 1450 140
1622587480673 1460 141
1622587486362 1470 142
1622587492130 1480 143
1622587498873 1490 144
1622587504771 1500 145
1622587510585 1510 146
1622587516447 1520 147
1622587522564 1530 148
1622587528522 1540 149
1622587534563 1550 150
1622587540576 1560 151
1622587546676 1570 152
1622587552716 1580 153
1622587558894 1590 154
1622587565119 1600 155
1622587571523 1610 156
1622587579114 1620 157
1622587585423 1630 158
1622587592638 1640 159
1622587599128 1650 160
1622587605968 1660 161
1622587612945 1670 162
1622587619805 1680 163
1622587626815 1690 164
1622587633311 1700 165
1622587640049 1710 166
1622587646776 1720 167
1622587653273 1730 168
1622587659755 1740 169
1622587666873 1750 170
1622587673705 1760 171
1622587680495 1770 172
1622587687249 1780 173
1622587694321 1790 174
1622587701261 1800 175
1622587708204 1810 176
1622587715257 1820 177
1622587722328 1830 178
1622587729445 1840 179
1622587736741 1850 180
1622587743890 1860 181
1622587750882 1870 182
1622587758125 1880 183
1622587765331 1890 184
1622587772442 1900 185
1622587779774 1910 186
1622587787039 1920 187
1622587794449 1930 188
1622587801852 1940 189
1622587809229 1950 190
1622587816615 1960 191
1622587824276 1970 192
1622587832070 1980 193
1622587839623 1990 194
1622587847261 2000 195
1622587855322 2010 196
1622587863425 2020 197
1622587871551 2030 198
1622587879547 2040 199
1622587887739 2050 200
1622587895435 2060 201
1622587903321 2070 202
1622587911089 2080 203
1622587919099 2090 204
1622587926928 2100 205
1622587934842 2110 206
1622587942846 2120 207
1622587950908 2130 208
1622587959197 2140 209
1622587967911 2150 210
1622587976010 2160 211
1622587984096 2170 212
1622587992248 2180 213
1622588000368 2190 214
1622588008560 2200 215
1622588016795 2210 216
1622588025093 2220 217
1622588033635 2230 218
1622588042187 2240 219
1622588050699 2250 220
1622588059217 2260 221
1622588068272 2270 222
1622588077368 2280 223
1622588086786 2290 224
1622588095868 2300 225
1622588104627 2310 226
1622588113342 2320 227
1622588122933 2330 228
1622588131549 2340 229
1622588140163 2350 230
1622588148985 2360 231
1622588157690 2370 232
1622588166494 2380 233
1622588175911 2390 234
1622588185122 2400 235
1622588194037 2410 236
1622588203126 2420 237
1622588213561 2430 238
1622588222610 2440 239
1622588231964 2450 240
1622588241373 2460 241
1622588250797 2470 242
1622588260130 2480 243
1622588269555 2490 244
1622588279501 2500 245
1622588288880 2510 246
1622588298330 2520 247
1622588307633 2530 248
1622588317300 2540 249
1622588326804 2550 250
1622588336441 2560 251
1622588346388 2570 252
1622588356111 2580 253
1622588365783 2590 254
1622588375759 2600 255
1622588385671 2610 256
1622588395396 2620 257
1622588405365 2630 258
1622588415575 2640 259
1622588426458 2650 260
1622588436501 2660 261
1622588446747 2670 262
1622588456726 2680 263
1622588467622 2690 264
1622588477987 2700 265
1622588488881 2710 266
1622588499009 2720 267
1622588509879 2730 268
1622588521251 2740 269
1622588531730 2750 270
1622588541950 2760 271
1622588552187 2770 272
1622588562681 2780 273
1622588573339 2790 274
1622588583685 2800 275
1622588594088 2810 276
1622588604529 2820 277
1622588615136 2830 278
1622588625688 2840 279
1622588637184 2850 280
1622588647910 2860 281
1622588658556 2870 282
1622588669213 2880 283
1622588679970 2890 284
1622588691044 2900 285
1622588701864 2910 286
1622588712989 2920 287
1622588724317 2930 288
1622588735259 2940 289
1622588746337 2950 290
1622588757515 2960 291
1622588769418 2970 292
1622588781304 2980 293
1622588792500 2990 294
1622588803597 3000 295
1622588814810 3010 296
1622588826057 3020 297
1622588837345 3030 298
1622588848756 3040 299
1622588860223 3050 300
1622588871627 3060 301
1622588883365 3070 302
1622588894747 3080 303
1622588907219 3090 304
1622588918826 3100 305
1622588930869 3110 306
1622588942943 3120 307
1622588954556 3130 308
1622588966448 3140 309
1622588978392 3150 310
1622588990488 3160 311
1622589002911 3170 312
1622589015008 3180 313
1622589027080 3190 314
1622589039119 3200 315
1622589051608 3210 316
1622589063904 3220 317
1622589076612 3230 318
1622589088876 3240 319
1622589101234 3250 320
1622589113749 3260 321
1622589126081 3270 322
1622589138171 3280 323
1622589150474 3290 324
1622589162686 3300 325
1622589174888 3310 326
1622589187187 3320 327
1622589199589 3330 328
1622589211907 3340 329
1622589224474 3350 330
1622589237665 3360 331
1622589250642 3370 332
1622589263116 3380 333
1622589275737 3390 334
1622589288429 3400 335
1622589301075 3410 336
1622589313809 3420 337
1622589326570 3430 338
1622589339227 3440 339
1622589351994 3450 340
1622589364752 3460 341
1622589377795 3470 342
1622589390660 3480 343
1622589403618 3490 344
1622589416824 3500 345
1622589429653 3510 346
1622589442602 3520 347
1622589455630 3530 348
1622589468654 3540 349
1622589481643 3550 350
1622589494812 3560 351
1622589508592 3570 352
1622589522227 3580 353
1622589535438 3590 354
1622589548893 3600 355
1622589562529 3610 356
1622589576337 3620 357
1622589590737 3630 358
1622589604817 3640 359
1622589618299 3650 360
1622589631906 3660 361
1622589646233 3670 362
1622589660174 3680 363
1622589673740 3690 364
1622589687500 3700 365
1622589701303 3710 366
1622589716012 3720 367
1622589729949 3730 368
1622589744248 3740 369
1622589758325 3750 370
1622589772656 3760 371
1622589786710 3770 372
1622589800874 3780 373
1622589814851 3790 374
1622589828846 3800 375
1622589843079 3810 376
1622589857242 3820 377
1622589871395 3830 378
1622589885748 3840 379
1622589900102 3850 380
1622589914492 3860 381
1622589928923 3870 382
1622589943314 3880 383
1622589957677 3890 384
1622589972130 3900 385
1622589986899 3910 386
1622590002101 3920 387
1622590017333 3930 388
1622590032408 3940 389
1622590047080 3950 390
1622590062337 3960 391
1622590078027 3970 392
1622590093063 3980 393
1622590108409 3990 394
1622590123441 4000 395
1622590138143 4010 396
1622590152915 4020 397
1622590167672 4030 398
1622590182657 4040 399
1622590197634 4050 400
1622590212635 4060 401
1622590227666 4070 402
1622590242810 4080 403
1622590258900 4090 404
1622590274869 4100 405
1622590289954 4110 406
1622590305620 4120 407
1622590321885 4130 408
1622590337004 4140 409
1622590352087 4150 410
1622590367637 4160 411
1622590382919 4170 412
1622590398304 4180 413
1622590413784 4190 414
1622590430591 4200 415
1622590446129 4210 416
1622590461743 4220 417
1622590477303 4230 418
1622590493778 4240 419
1622590509250 4250 420
1622590524929 4260 421
1622590540620 4270 422
1622590556305 4280 423
1622590572151 4290 424
1622590588295 4300 425
1622590604346 4310 426
1622590620186 4320 427
1622590636300 4330 428
1622590652475 4340 429
1622590668399 4350 430
1622590684495 4360 431
1622590700542 4370 432
1622590717232 4380 433
1622590733589 4390 434
1622590749744 4400 435
1622590766947 4410 436
1622590783576 4420 437
1622590800082 4430 438
1622590816338 4440 439
1622590832844 4450 440
1622590849136 4460 441
1622590865749 4470 442
1622590882356 4480 443
1622590899772 4490 444
1622590916696 4500 445
1622590933341 4510 446
1622590951309 4520 447
1622590968677 4530 448
1622590986200 4540 449
1622591003071 4550 450
1622591020055 4560 451
1622591037399 4570 452
1622591054278 4580 453
1622591071340 4590 454
1622591088124 4600 455
1622591104968 4610 456
1622591122338 4620 457
1622591139585 4630 458
1622591157097 4640 459
1622591174516 4650 460
1622591191760 4660 461
1622591209816 4670 462
1622591228168 4680 463
1622591245367 4690 464
1622591263319 4700 465
1622591280585 4710 466
1622591299023 4720 467
1622591316927 4730 468
1622591334406 4740 469
1622591352185 4750 470
1622591370103 4760 471
1622591388004 4770 472
1622591406786 4780 473
1622591426121 4790 474
1622591444305 4800 475
1622591463268 4810 476
1622591481725 4820 477
1622591499779 4830 478
1622591517541 4840 479
1622591535843 4850 480
1622591554797 4860 481
1622591572723 4870 482
1622591590807 4880 483
1622591609493 4890 484
1622591627509 4900 485
1622591645795 4910 486
1622591665405 4920 487
1622591684971 4930 488
1622591703319 4940 489
1622591721790 4950 490
1622591740145 4960 491
1622591758708 4970 492
1622591777987 4980 493
1622591796402 4990 494
1622591814865 5000 495
1622591833464 5010 496
1622591851976 5020 497
1622591870573 5030 498
1622591889078 5040 499
1622591907809 5050 500
