1622587043692 0.429 0
1622587044241 0.075 1
1622587044835 0.075 2
1622587045445 0.076 3
1622587046082 0.075 4
1622587046749 0.075 5
1622587047446 0.075 6
1622587048181 0.075 7
1622587049069 0.074 8
1622587049960 0.082 9
1622587050815 0.082 10
1622587051681 0.074 11
1622587052685 0.074 12
1622587053724 0.084 13
1622587054745 0.082 14
1622587055747 0.074 15
1622587056778 0.075 16
1622587057853 0.075 17
1622587058960 0.075 18
1622587060120 0.075 19
1622587061281 0.074 20
1622587062508 0.074 21
1622587063784 0.075 22
1622587065219 0.074 23
1622587066576 0.075 24
1622587068017 0.077 25
1622587069587 0.081 26
1622587071100 0.08 27
1622587072676 0.078 28
1622587074230 0.076 29
1622587075835 0.078 30
1622587077535 0.081 31
1622587079356 0.078 32
1622587081192 0.08 33
1622587083033 0.079 34
1622587084858 0.081 35
1622587086654 0.074 36
1622587088429 0.075 37
1622587090498 0.079 38
1622587092337 0.081 39
1622587094277 0.074 40
1622587096230 0.074 41
1622587098234 0.075 42
1622587100309 0.076 43
1622587102552 0.076 44
1622587104702 0.075 45
1622587106935 0.088 46
1622587109165 0.076 47
1622587111413 0.076 48
1622587113691 0.075 49
1622587116056 0.079 50
1622587118563 0.076 51
1622587120985 0.076 52
1622587123410 0.082 53
1622587125874 0.075 54
1622587128375 0.076 55
1622587130928 0.076 56
1622587133612 0.076 57
1622587136211 0.077 58
1622587139013 0.076 59
1622587141675 0.076 60
1622587144449 0.077 61
1622587147197 0.075 62
1622587149998 0.075 63
1622587152810 0.078 64
1622587155779 0.078 65
1622587158695 0.076 66
1622587161726 0.076 67
1622587164740 0.088 68
1622587167759 0.094 69
1622587170817 0.075 70
1622587173949 0.076 71
1622587177050 0.076 72
1622587180200 0.075 73
1622587183309 0.075 74
1622587186520 0.075 75
1622587189760 0.075 76
1622587192990 0.075 77
1622587196357 0.075 78
1622587199779 0.076 79
1622587203281 0.076 80
1622587206816 0.075 81
1622587210395 0.077 82
1622587213927 0.075 83
1622587217536 0.077 84
1622587221116 0.076 85
1622587224691 0.076 86
1622587228320 0.075 87
1622587231976 0.077 88
1622587235664 0.077 89
1622587239426 0.076 90
1622587243216 0.076 91
1622587247022 0.075 92
1622587250867 0.077 93
1622587254795 0.075 94
1622587258866 0.076 95
1622587262935 0.079 96
1622587266942 0.076 97
1622587271038 0.083 98
1622587275070 0.078 99
1622587279211 0.075 100
1622587283315 0.076 101
1622587287804 0.081 102
1622587291987 0.076 103
1622587296265 0.076 104
1622587300446 0.074 105
1622587304758 0.078 106
1622587309247 0.076 107
1622587313665 0.075 108
1622587318048 0.077 109
1622587322469 0.076 110
1622587327011 0.078 111
1622587331568 0.076 112
1622587336141 0.076 113
1622587340737 0.076 114
1622587345370 0.075 115
1622587349986 0.076 116
1622587354611 0.074 117
1622587359321 0.075 118
1622587364086 0.075 119
1622587368993 0.076 120
1622587373908 0.077 121
1622587378808 0.076 122
1622587383770 0.077 123
1622587388702 0.075 124
1622587393708 0.074 125
1622587398789 0.077 126
1622587403840 0.075 127
1622587409196 0.076 128
1622587414601 0.077 129
1622587420182 0.085 130
1622587425377 0.083 131
1622587430701 0.076 132
1622587436016 0.077 133
1622587441389 0.076 134
1622587447132 0.078 135
1622587452694 0.079 136
1622587458345 0.079 137
1622587463903 0.076 138
1622587469404 0.075 139
1622587474975 0.076 140
1622587480682 0.075 141
1622587486370 0.075 142
1622587492144 0.083 143
1622587498881 0.15 144
1622587504778 0.076 145
1622587510592 0.077 146
1622587516455 0.075 147
1622587522573 0.076 148
1622587528530 0.08 149
1622587534571 0.077 150
1622587540584 0.077 151
1622587546684 0.076 152
1622587552724 0.075 153
1622587558902 0.074 154
1622587565127 0.074 155
1622587571532 0.078 156
1622587579122 0.076 157
1622587585432 0.079 158
1622587592646 0.076 159
1622587599136 0.077 160
1622587605977 0.076 161
1622587612953 0.082 162
1622587619819 0.087 163
1622587626823 0.082 164
1622587633319 0.074 165
1622587640057 0.075 166
1622587646784 0.078 167
1622587653281 0.075 168
1622587659769 0.074 169
1622587666882 0.168 170
1622587673714 0.078 171
1622587680503 0.075 172
1622587687257 0.074 173
1622587694329 0.074 174
1622587701270 0.075 175
1622587708212 0.074 176
1622587715265 0.075 177
1622587722336 0.074 178
1622587729453 0.076 179
1622587736749 0.076 180
1622587743899 0.076 181
1622587750890 0.074 182
1622587758133 0.075 183
1622587765339 0.076 184
1622587772450 0.075 185
1622587779783 0.077 186
1622587787047 0.076 187
1622587794458 0.075 188
1622587801860 0.075 189
1622587809237 0.075 190
1622587816623 0.074 191
1622587824284 0.075 192
1622587832077 0.076 193
1622587839631 0.076 194
1622587847269 0.074 195
1622587855331 0.075 196
1622587863434 0.088 197
1622587871559 0.076 198
1622587879556 0.077 199
1622587887747 0.079 200
1622587895444 0.075 201
1622587903330 0.075 202
1622587911097 0.076 203
1622587919109 0.075 204
1622587926935 0.083 205
1622587934850 0.074 206
1622587942854 0.074 207
1622587950917 0.075 208
1622587959205 0.078 209
1622587967920 0.082 210
1622587976018 0.083 211
1622587984104 0.075 212
1622587992256 0.074 213
1622588000377 0.074 214
1622588008568 0.075 215
1622588016803 0.075 216
1622588025101 0.075 217
1622588033644 0.076 218
1622588042194 0.086 219
1622588050708 0.075 220
1622588059225 0.074 221
1622588068281 0.074 222
1622588077376 0.077 223
1622588086795 0.078 224
1622588095883 0.079 225
1622588104636 0.074 226
1622588113350 0.075 227
1622588122941 0.159 228
1622588131557 0.077 229
1622588140171 0.076 230
1622588148993 0.075 231
1622588157698 0.075 232
1622588166503 0.076 233
1622588175920 0.075 234
1622588185130 0.08 235
1622588194044 0.078 236
1622588203134 0.074 237
1622588213569 0.075 238
1622588222617 0.075 239
1622588231972 0.075 240
1622588241381 0.076 241
1622588250806 0.077 242
1622588260138 0.075 243
1622588269563 0.075 244
1622588279509 0.074 245
1622588288887 0.073 246
1622588298339 0.074 247
1622588307641 0.076 248
1622588317308 0.076 249
1622588326813 0.074 250
1622588336450 0.075 251
1622588346402 0.08 252
1622588356119 0.076 253
1622588365791 0.077 254
1622588375766 0.076 255
1622588385679 0.076 256
1622588395405 0.076 257
1622588405373 0.079 258
1622588415587 0.077 259
1622588426466 0.149 260
1622588436515 0.077 261
1622588446755 0.076 262
1622588456738 0.077 263
1622588467630 0.152 264
1622588477995 0.076 265
1622588488890 0.08 266
1622588499017 0.078 267
1622588509886 0.079 268
1622588521259 0.076 269
1622588531738 0.078 270
1622588541957 0.076 271
1622588552195 0.075 272
1622588562688 0.076 273
1622588573348 0.075 274
1622588583694 0.078 275
1622588594096 0.074 276
1622588604536 0.075 277
1622588615144 0.074 278
1622588625701 0.076 279
1622588637192 0.168 280
1622588647918 0.075 281
1622588658564 0.075 282
1622588669222 0.075 283
1622588679980 0.074 284
1622588691053 0.074 285
1622588701872 0.076 286
1622588712997 0.075 287
1622588724325 0.082 288
1622588735268 0.075 289
1622588746345 0.076 290
1622588757526 0.076 291
1622588769430 0.163 292
1622588781313 0.161 293
1622588792508 0.075 294
1622588803605 0.074 295
1622588814818 0.074 296
1622588826065 0.079 297
1622588837353 0.076 298
1622588848764 0.074 299
1622588860232 0.075 300
1622588871635 0.078 301
1622588883373 0.075 302
1622588894754 0.075 303
1622588907227 0.075 304
1622588918835 0.075 305
1622588930877 0.077 306
1622588942950 0.083 307
1622588954565 0.074 308
1622588966457 0.077 309
1622588978401 0.088 310
1622588990500 0.076 311
1622589002920 0.145 312
1622589015016 0.074 313
1622589027089 0.075 314
1622589039128 0.076 315
1622589051616 0.082 316
1622589063916 0.098 317
1622589076620 0.156 318
1622589088884 0.074 319
1622589101243 0.075 320
1622589113756 0.074 321
1622589126088 0.078 322
1622589138179 0.075 323
1622589150482 0.073 324
1622589162694 0.074 325
1622589174896 0.074 326
1622589187195 0.075 327
1622589199597 0.074 328
1622589211915 0.074 329
1622589224482 0.078 330
1622589237674 0.08 331
1622589250650 0.079 332
1622589263124 0.074 333
1622589275745 0.075 334
1622589288437 0.075 335
1622589301083 0.075 336
1622589313816 0.075 337
1622589326579 0.074 338
1622589339236 0.076 339
1622589352002 0.075 340
1622589364761 0.075 341
1622589377804 0.078 342
1622589390669 0.077 343
1622589403641 0.075 344
1622589416831 0.091 345
1622589429662 0.074 346
1622589442611 0.074 347
1622589455638 0.076 348
1622589468662 0.073 349
1622589481650 0.075 350
1622589494821 0.074 351
1622589508599 0.075 352
1622589522235 0.077 353
1622589535446 0.074 354
1622589548902 0.075 355
1622589562537 0.075 356
1622589576352 0.078 357
1622589590745 0.153 358
1622589604825 0.076 359
1622589618308 0.078 360
1622589631915 0.074 361
1622589646241 0.081 362
1622589660182 0.077 363
1622589673748 0.083 364
1622589687509 0.077 365
1622589701316 0.075 366
1622589716020 0.157 367
1622589729958 0.076 368
1622589744257 0.075 369
1622589758332 0.077 370
1622589772664 0.076 371
1622589786719 0.076 372
1622589800882 0.078 373
1622589814858 0.078 374
1622589828854 0.076 375
1622589843087 0.075 376
1622589857250 0.079 377
1622589871404 0.076 378
1622589885757 0.076 379
1622589900112 0.076 380
1622589914501 0.077 381
1622589928931 0.079 382
1622589943322 0.079 383
1622589957685 0.076 384
1622589972138 0.076 385
1622589986907 0.076 386
1622590002109 0.076 387
1622590017342 0.076 388
1622590032416 0.081 389
1622590047088 0.075 390
1622590062345 0.077 391
1622590078037 0.078 392
1622590093072 0.08 393
1622590108416 0.078 394
1622590123448 0.078 395
1622590138152 0.074 396
1622590152923 0.075 397
1622590167679 0.078 398
1622590182665 0.075 399
1622590197642 0.076 400
1622590212643 0.075 401
1622590227673 0.074 402
1622590242823 0.074 403
1622590258909 0.163 404
1622590274878 0.074 405
1622590289962 0.076 406
1622590305628 0.075 407
1622590321892 0.079 408
1622590337012 0.075 409
1622590352095 0.074 410
1622590367645 0.074 411
1622590382927 0.074 412
1622590398312 0.075 413
1622590413792 0.075 414
1622590430605 0.076 415
1622590446137 0.074 416
1622590461750 0.074 417
1622590477311 0.075 418
1622590493786 0.074 419
1622590509258 0.074 420
1622590524936 0.075 421
1622590540628 0.073 422
1622590556313 0.075 423
1622590572159 0.075 424
1622590588303 0.074 425
1622590604354 0.078 426
1622590620194 0.075 427
1622590636308 0.075 428
1622590652483 0.076 429
1622590668407 0.075 430
1622590684503 0.083 431
1622590700551 0.075 432
1622590717240 0.083 433
1622590733597 0.075 434
1622590749753 0.074 435
1622590766955 0.076 436
1622590783584 0.074 437
1622590800090 0.075 438
1622590816346 0.075 439
1622590832852 0.076 440
1622590849144 0.075 441
1622590865757 0.077 442
1622590882364 0.081 443
1622590899779 0.078 444
1622590916704 0.084 445
1622590933348 0.076 446
1622590951317 0.075 447
1622590968685 0.08 448
1622590986208 0.08 449
1622591003079 0.076 450
1622591020064 0.079 451
1622591037408 0.075 452
1622591054286 0.076 453
1622591071348 0.077 454
1622591088132 0.076 455
1622591104976 0.076 456
1622591122346 0.075 457
1622591139593 0.077 458
1622591157109 0.076 459
1622591174524 0.077 460
1622591191768 0.077 461
1622591209824 0.076 462
1622591228176 0.081 463
1622591245376 0.081 464
1622591263327 0.079 465
1622591280594 0.077 466
1622591299031 0.077 467
1622591316934 0.079 468
1622591334414 0.078 469
1622591352193 0.075 470
1622591370112 0.075 471
1622591388013 0.085 472
1622591406794 0.079 473
1622591426129 0.076 474
1622591444314 0.076 475
1622591463276 0.081 476
1622591481734 0.079 477
1622591499788 0.08 478
1622591517550 0.078 479
1622591535851 0.08 480
1622591554806 0.081 481
1622591572731 0.078 482
1622591590816 0.078 483
1622591609500 0.079 484
1622591627518 0.075 485
1622591645804 0.077 486
1622591665414 0.083 487
1622591684980 0.08 488
1622591703328 0.079 489
1622591721798 0.074 490
1622591740153 0.075 491
1622591758715 0.076 492
1622591777995 0.075 493
1622591796411 0.077 494
1622591814873 0.077 495
1622591833472 0.076 496
1622591851985 0.077 497
1622591870581 0.079 498
1622591889086 0.076 499
1622591907817 0.075 500
