1622848868311 0.9477311231165187 0
1622848870357 0.9477311231165187 1
1622848872317 0.9477311231165187 2
1622848874529 0.9477311231165187 3
1622848876868 0.9477311231165187 4
1622848879402 0.9477311231165187 5
1622848882099 0.9477311231165187 6
1622848884953 0.9477311231165187 7
1622848887959 0.9477311231165187 8
1622848891179 0.9477311231165187 9
1622848894494 0.9477311231165187 10
1622848898016 0.9477311231165187 11
1622848901695 0.9477311231165187 12
1622848905509 0.9477311231165187 13
1622848909517 0.9477311231165187 14
1622848913782 0.9477311231165187 15
1622848918036 0.9477311231165187 16
1622848922551 0.9477311231165187 17
1622848927272 0.9477311231165187 18
1622848932167 0.9477311231165187 19
1622848937230 0.9477311231165187 20
1622848942414 0.9477311231165187 21
1622848947766 0.9477311231165187 22
1622848953322 0.9477311231165187 23
1622848959086 0.9477311231165187 24
1622848965022 0.9477311231165187 25
1622848970994 0.9477311231165187 26
1622848977183 0.9477311231165187 27
1622848983456 0.9477311231165187 28
1622848989901 0.9477311231165187 29
1622848996479 0.9477311231165187 30
1622849003275 0.9477311231165187 31
1622849010254 0.9477311231165187 32
1622849017436 0.9477311231165187 33
1622849024609 0.9477311231165187 34
1622849032119 0.9477311231165187 35
1622849039756 0.9477311231165187 36
1622849047665 0.9477311231165187 37
1622849055713 0.9477311231165187 38
1622849063781 0.9477311231165187 39
1622849072164 0.9477311231165187 40
1622849080529 0.9477311231165187 41
1622849089251 0.9477311231165187 42
1622849098082 0.9477311231165187 43
1622849107156 0.9477311231165187 44
1622849116382 0.9477311231165187 45
1622849125628 0.9477311231165187 46
1622849135154 0.9477311231165187 47
1622849144891 0.9477311231165187 48
1622849154633 0.9477311231165187 49
1622849164638 0.9477311231165187 50
1622849174707 0.9477311231165187 51
1622849185121 0.9477311231165187 52
1622849195711 0.9477311231165187 53
1622849206420 0.9477311231165187 54
1622849217204 0.9477311231165187 55
1622849228321 0.9477311231165187 56
1622849239446 0.9477311231165187 57
1622849250928 0.9477311231165187 58
1622849262391 0.9477311231165187 59
1622849274079 0.9477311231165187 60
1622849285984 0.9477311231165187 61
1622849297911 0.9477311231165187 62
1622849310101 0.9477311231165187 63
1622849322512 0.9477311231165187 64
1622849335093 0.9477311231165187 65
1622849347878 0.9477311231165187 66
1622849360821 0.9477311231165187 67
1622849373906 0.9477311231165187 68
1622849387127 0.9477311231165187 69
1622849400465 0.9477311231165187 70
1622849413944 0.9477311231165187 71
1622849427596 0.9477311231165187 72
1622849441468 0.9477311231165187 73
1622849455489 0.9477311231165187 74
1622849469683 0.9477311231165187 75
1622849483909 0.9477311231165187 76
1622849498411 0.9477311231165187 77
1622849513222 0.9477311231165187 78
1622849527988 0.9477311231165187 79
1622849543013 0.9477311231165187 80
1622849558091 0.9477311231165187 81
1622849573402 0.9477311231165187 82
1622849589012 0.9477311231165187 83
1622849604871 0.9477311231165187 84
1622849620720 0.9477311231165187 85
1622849636939 0.9477311231165187 86
1622849652885 0.9477311231165187 87
1622849669132 0.9477311231165187 88
1622849685584 0.9477311231165187 89
1622849702242 0.9477311231165187 90
1622849718997 0.9477311231165187 91
1622849736001 0.9477311231165187 92
1622849753207 0.9477311231165187 93
1622849770599 0.9477311231165187 94
1622849788034 0.9477311231165187 95
1622849805821 0.9477311231165187 96
1622849823452 0.9477311231165187 97
1622849841433 0.9477311231165187 98
1622849859670 0.9477311231165187 99
1622849878170 0.9477311231165187 100
1622849896854 0.9477311231165187 101
1622849915583 0.9477311231165187 102
1622849934575 0.9477311231165187 103
1622849953444 0.9477311231165187 104
1622849972676 0.9477311231165187 105
1622849991997 0.9477311231165187 106
1622850011378 0.9477311231165187 107
1622850031018 0.9477311231165187 108
1622850050734 0.9477311231165187 109
1622850070702 0.9477311231165187 110
1622850090747 0.9477311231165187 111
1622850111116 0.9477311231165187 112
1622850131672 0.9477311231165187 113
1622850152308 0.9477311231165187 114
1622850173167 0.9477311231165187 115
1622850194323 0.9477311231165187 116
1622850215594 0.9477311231165187 117
1622850236971 0.9477311231165187 118
1622850258461 0.9477311231165187 119
1622850280258 0.9477311231165187 120
1622850302161 0.9477311231165187 121
1622850324073 0.9477311231165187 122
1622850346072 0.9477311231165187 123
1622850368480 0.9477311231165187 124
1622850391123 0.9477311231165187 125
1622850413700 0.9477311231165187 126
1622850436397 0.9477311231165187 127
1622850459690 0.9477311231165187 128
1622850483092 0.9477311231165187 129
1622850506514 0.9477311231165187 130
1622850529798 0.9477311231165187 131
1622850553383 0.9477311231165187 132
1622850577285 0.9477311231165187 133
1622850601260 0.9477311231165187 134
1622850625434 0.9477311231165187 135
1622850649838 0.9477311231165187 136
1622850674225 0.9477311231165187 137
1622850698972 0.9477311231165187 138
1622850723754 0.9477311231165187 139
1622850748800 0.9477311231165187 140
1622850773998 0.9477311231165187 141
1622850799406 0.9477311231165187 142
1622850824749 0.9477311231165187 143
1622850850281 0.9477311231165187 144
1622850876374 0.9477311231165187 145
1622850902500 0.9477311231165187 146
1622850928645 0.9477311231165187 147
1622850955045 0.9477311231165187 148
1622850981682 0.9477311231165187 149
1622851008362 0.9477311231165187 150
1622851035318 0.9477311231165187 151
1622851062216 0.9477311231165187 152
1622851089382 0.9477311231165187 153
1622851116730 0.9477311231165187 154
1622851144343 0.9477311231165187 155
1622851172047 0.9477311231165187 156
1622851199827 0.9477311231165187 157
1622851227973 0.9477311231165187 158
1622851256222 0.9477311231165187 159
1622851284656 0.9477311231165187 160
1622851313211 0.9477311231165187 161
1622851341985 0.9477311231165187 162
1622851370721 0.9477311231165187 163
1622851399634 0.9477311231165187 164
1622851428780 0.9477311231165187 165
1622851457925 0.9477311231165187 166
1622851487544 0.9477311231165187 167
1622851517317 0.9477311231165187 168
1622851547364 0.9477311231165187 169
1622851577412 0.9477311231165187 170
1622851607515 0.9477311231165187 171
1622851637761 0.9477311231165187 172
1622851668339 0.9477311231165187 173
1622851699340 0.9477311231165187 174
1622851729964 0.9477311231165187 175
1622851760958 0.9477311231165187 176
1622851792206 0.9477311231165187 177
1622851823671 0.9477311231165187 178
1622851855420 0.9477311231165187 179
1622851887107 0.9477311231165187 180
1622851919083 0.9477311231165187 181
1622851951048 0.9477311231165187 182
1622851983008 0.9477311231165187 183
1622852015369 0.9477311231165187 184
1622852048120 0.9477311231165187 185
1622852080830 0.9477311231165187 186
1622852113977 0.9477311231165187 187
1622852146977 0.9477311231165187 188
1622852180176 0.9477311231165187 189
1622852213369 0.9477311231165187 190
1622852246964 0.9477311231165187 191
1622852280570 0.9477311231165187 192
1622852314311 0.9477311231165187 193
1622852348244 0.9477311231165187 194
1622852382275 0.9477311231165187 195
1622852416532 0.9477311231165187 196
1622852450792 0.9477311231165187 197
1622852485429 0.9477311231165187 198
1622852520465 0.9477311231165187 199
1622852555564 0.9477311231165187 200
1622852590671 0.9477311231165187 201
1622852625943 0.9477311231165187 202
1622852661458 0.9477311231165187 203
1622852696995 0.9477311231165187 204
1622852732591 0.9477311231165187 205
1622852768584 0.9477311231165187 206
1622852804922 0.9477311231165187 207
1622852841435 0.9477311231165187 208
1622852877864 0.9477311231165187 209
1622852914730 0.9477311231165187 210
1622852951367 0.9477311231165187 211
1622852988339 0.9477311231165187 212
1622853025738 0.9477311231165187 213
1622853063265 0.9477311231165187 214
1622853100700 0.9477311231165187 215
1622853138704 0.9477311231165187 216
1622853176479 0.9477311231165187 217
1622853214676 0.9477311231165187 218
1622853253148 0.9477311231165187 219
1622853291275 0.9477311231165187 220
1622853329628 0.9477311231165187 221
1622853368188 0.9477311231165187 222
1622853406911 0.9477311231165187 223
1622853446079 0.9477311231165187 224
1622853485510 0.9477311231165187 225
1622853524915 0.9477311231165187 226
1622853564644 0.9477311231165187 227
1622853604157 0.9477311231165187 228
1622853644233 0.9477311231165187 229
1622853684214 0.9477311231165187 230
1622853724286 0.9477311231165187 231
1622853764533 0.9477311231165187 232
1622853804903 0.9477311231165187 233
1622853845641 0.9477311231165187 234
1622853886341 0.9477311231165187 235
1622853927821 0.9477311231165187 236
1622853968733 0.9477311231165187 237
1622854010128 0.9477311231165187 238
1622854051743 0.9477311231165187 239
1622854093245 0.9477311231165187 240
1622854135160 0.9477311231165187 241
1622854177274 0.9477311231165187 242
1622854219527 0.9477311231165187 243
1622854262159 0.9477311231165187 244
1622854304656 0.9477311231165187 245
1622854347285 0.9477311231165187 246
1622854390019 0.9477311231165187 247
1622854433005 0.9477311231165187 248
1622854476205 0.9477311231165187 249
1622854519697 0.9477311231165187 250
1622854563370 0.9477311231165187 251
1622854607115 0.9477311231165187 252
1622854650679 0.9477311231165187 253
1622854694739 0.9477311231165187 254
1622854738848 0.9477311231165187 255
1622854782839 0.9477311231165187 256
1622854827392 0.9477311231165187 257
1622854872265 0.9477311231165187 258
1622854917257 0.9477311231165187 259
1622854962479 0.9477311231165187 260
1622855007637 0.9477311231165187 261
1622855052997 0.9477311231165187 262
1622855098641 0.9477311231165187 263
1622855144593 0.9477311231165187 264
1622855190625 0.9477311231165187 265
1622855237036 0.9477311231165187 266
1622855283256 0.9477311231165187 267
1622855329535 0.9477311231165187 268
1622855375827 0.9477311231165187 269
1622855422885 0.9477311231165187 270
1622855469906 0.9477311231165187 271
1622855517229 0.9477311231165187 272
1622855564614 0.9477311231165187 273
1622855611781 0.9477311231165187 274
1622855659520 0.9477311231165187 275
1622855707270 0.9477311231165187 276
1622855755194 0.9477311231165187 277
1622855803474 0.9477311231165187 278
1622855851601 0.9477311231165187 279
1622855900086 0.9477311231165187 280
1622855948937 0.9477311231165187 281
1622855997264 0.9477311231165187 282
1622856046401 0.9477311231165187 283
1622856095490 0.9477311231165187 284
1622856144664 0.9477311231165187 285
1622856194223 0.9477311231165187 286
1622856244043 0.9477311231165187 287
1622856293777 0.9477311231165187 288
1622856343361 0.9477311231165187 289
1622856393317 0.9477311231165187 290
1622856443418 0.9477311231165187 291
1622856493578 0.9477311231165187 292
1622856544438 0.9477311231165187 293
1622856595224 0.9477311231165187 294
1622856646190 0.9477311231165187 295
1622856696793 0.9477311231165187 296
1622856747962 0.9477311231165187 297
1622856799380 0.9477311231165187 298
1622856850845 0.9477311231165187 299
1622856902639 0.9477311231165187 300
1622856954545 0.9477311231165187 301
1622857006457 0.9477311231165187 302
1622857058752 0.9477311231165187 303
1622857111083 0.9477311231165187 304
1622857163606 0.9477311231165187 305
1622857216212 0.9477311231165187 306
1622857269258 0.9477311231165187 307
1622857322251 0.9477311231165187 308
1622857375561 0.9477311231165187 309
1622857428788 0.9477311231165187 310
1622857482462 0.9477311231165187 311
1622857536303 0.9477311231165187 312
1622857590022 0.9477311231165187 313
1622857644107 0.9477311231165187 314
1622857698595 0.9477311231165187 315
1622857752888 0.9477311231165187 316
1622857807581 0.9477311231165187 317
1622857862351 0.9477311231165187 318
1622857917531 0.9477311231165187 319
1622857972556 0.9477311231165187 320
1622858028091 0.9477311231165187 321
1622858083604 0.9477311231165187 322
1622858139428 0.9477311231165187 323
1622858195303 0.9477311231165187 324
1622858251165 0.9477311231165187 325
1622858307189 0.9477311231165187 326
1622858363840 0.9477311231165187 327
1622858420552 0.9477311231165187 328
1622858476975 0.9477311231165187 329
1622858533777 0.9477311231165187 330
1622858590462 0.9477311231165187 331
1622858647473 0.9477311231165187 332
1622858704887 0.9477311231165187 333
1622858762418 0.9477311231165187 334
1622858819997 0.9477311231165187 335
1622858877817 0.9477311231165187 336
1622858935691 0.9477311231165187 337
1622858993957 0.9477311231165187 338
1622859052063 0.9477311231165187 339
1622859110192 0.9477311231165187 340
1622859168719 0.9477311231165187 341
1622859227476 0.9477311231165187 342
1622859286427 0.9477311231165187 343
1622859345156 0.9477311231165187 344
1622859404438 0.9477311231165187 345
1622859464069 0.9477311231165187 346
1622859523701 0.9477311231165187 347
1622859583373 0.9477311231165187 348
1622859643023 0.9477311231165187 349
1622859703244 0.9477311231165187 350
1622859763531 0.9477311231165187 351
1622859823671 0.9477311231165187 352
1622859884359 0.9477311231165187 353
1622859945287 0.9477311231165187 354
1622860005898 0.9477311231165187 355
1622860066871 0.9477311231165187 356
1622860127984 0.9477311231165187 357
1622860188985 0.9477311231165187 358
1622860250362 0.9477311231165187 359
1622860311634 0.9477311231165187 360
1622860373496 0.9477311231165187 361
1622860435517 0.9477311231165187 362
1622860497659 0.9477311231165187 363
1622860559994 0.9477311231165187 364
1622860622679 0.9477311231165187 365
1622860685665 0.9477311231165187 366
1622860748585 0.9477311231165187 367
1622860811958 0.9477311231165187 368
1622860874878 0.9477311231165187 369
1622860938192 0.9477311231165187 370
1622861001533 0.9477311231165187 371
1622861065603 0.9477311231165187 372
1622861129725 0.9477311231165187 373
1622861194014 0.9477311231165187 374
1622861258214 0.9477311231165187 375
1622861322906 0.9477311231165187 376
1622861387432 0.9477311231165187 377
1622861452094 0.9477311231165187 378
1622861516798 0.9477311231165187 379
1622861581650 0.9477311231165187 380
1622861646904 0.9477311231165187 381
1622861712012 0.9477311231165187 382
1622861777457 0.9477311231165187 383
1622861843173 0.9477311231165187 384
1622861908673 0.9477311231165187 385
1622861974617 0.9477311231165187 386
1622862040824 0.9477311231165187 387
1622862107066 0.9477311231165187 388
1622862173868 0.9477311231165187 389
1622862240828 0.9477311231165187 390
1622862307584 0.9477311231165187 391
1622862375102 0.9477311231165187 392
1622862443109 0.9477311231165187 393
1622862510631 0.9477311231165187 394
1622862578414 0.9477311231165187 395
1622862645882 0.9477311231165187 396
1622862713801 0.9477311231165187 397
1622862781733 0.9477311231165187 398
1622862849943 0.9477311231165187 399
1622862918481 0.9477311231165187 400
1622862986633 0.9477311231165187 401
1622863055316 0.9477311231165187 402
1622863123711 0.9477311231165187 403
1622863192621 0.9477311231165187 404
1622863261596 0.9477311231165187 405
1622863330979 0.9477311231165187 406
1622863400311 0.9477311231165187 407
1622863470163 0.9477311231165187 408
1622863540030 0.9477311231165187 409
1622863609888 0.9477311231165187 410
1622863679804 0.9477311231165187 411
1622863750579 0.9477311231165187 412
1622863821445 0.9477311231165187 413
1622863892383 0.9477311231165187 414
1622863963327 0.9477311231165187 415
1622864034355 0.9477311231165187 416
1622864105701 0.9477311231165187 417
1622864177265 0.9477311231165187 418
1622864248761 0.9477311231165187 419
1622864320512 0.9477311231165187 420
1622864392707 0.9477311231165187 421
1622864464514 0.9477311231165187 422
1622864537077 0.9477311231165187 423
1622864609409 0.9477311231165187 424
1622864682032 0.9477311231165187 425
1622864755198 0.9477311231165187 426
1622864828248 0.9477311231165187 427
1622864901003 0.9477311231165187 428
1622864974372 0.9477311231165187 429
1622865047948 0.9477311231165187 430
1622865121490 0.9477311231165187 431
1622865195559 0.9477311231165187 432
1622865269609 0.9477311231165187 433
1622865344047 0.9477311231165187 434
1622865418345 0.9477311231165187 435
1622865492558 0.9477311231165187 436
1622865567239 0.9477311231165187 437
1622865641866 0.9477311231165187 438
1622865716705 0.9477311231165187 439
1622865791529 0.9477311231165187 440
1622865866373 0.9477311231165187 441
1622865941709 0.9477311231165187 442
1622866017031 0.9477311231165187 443
1622866092580 0.9477311231165187 444
1622866167914 0.9477311231165187 445
1622866243963 0.9477311231165187 446
1622866319951 0.9477311231165187 447
1622866395621 0.9477311231165187 448
1622866471637 0.9477311231165187 449
1622866547753 0.9477311231165187 450
1622866624079 0.9477311231165187 451
1622866700683 0.9477311231165187 452
1622866777330 0.9477311231165187 453
1622866854781 0.9477311231165187 454
1622866932088 0.9477311231165187 455
1622867009575 0.9477311231165187 456
1622867087712 0.9477311231165187 457
1622867166184 0.9477311231165187 458
1622867244601 0.9477311231165187 459
1622867322822 0.9477311231165187 460
1622867401904 0.9477311231165187 461
1622867481089 0.9477311231165187 462
1622867560767 0.9477311231165187 463
1622867639970 0.9477311231165187 464
1622867719468 0.9477311231165187 465
1622867799112 0.9477311231165187 466
1622867878902 0.9477311231165187 467
1622867959651 0.9477311231165187 468
1622868040414 0.9477311231165187 469
1622868121025 0.9477311231165187 470
1622868201523 0.9477311231165187 471
1622868282424 0.9477311231165187 472
1622868363041 0.9477311231165187 473
1622868443938 0.9477311231165187 474
1622868525225 0.9477311231165187 475
1622868606436 0.9477311231165187 476
1622868688066 0.9477311231165187 477
1622868769366 0.9477311231165187 478
1622868851249 0.9477311231165187 479
1622868933005 0.9477311231165187 480
1622869014921 0.9477311231165187 481
1622869097636 0.9477311231165187 482
1622869180579 0.9477311231165187 483
1622869262946 0.9477311231165187 484
1622869345757 0.9477311231165187 485
1622869428658 0.9477311231165187 486
1622869511967 0.9477311231165187 487
1622869595041 0.9477311231165187 488
1622869678203 0.9477311231165187 489
1622869761417 0.9477311231165187 490
1622869845310 0.9477311231165187 491
1622869928661 0.9477311231165187 492
1622870012376 0.9477311231165187 493
1622870096694 0.9477311231165187 494
1622870181221 0.9477311231165187 495
1622870265564 0.9477311231165187 496
1622870350283 0.9477311231165187 497
1622870435214 0.9477311231165187 498
1622870520493 0.9477311231165187 499
1622870605427 0.9477311231165187 500
