1622724614831 0.375 0
1622724615398 0.076 1
1622724615946 0.075 2
1622724616527 0.075 3
1622724617160 0.075 4
1622724617832 0.076 5
1622724618522 0.078 6
1622724619246 0.076 7
1622724620002 0.075 8
1622724620799 0.074 9
1622724621627 0.075 10
1622724622507 0.076 11
1622724623402 0.075 12
1622724624344 0.075 13
1622724625319 0.075 14
1622724626320 0.075 15
1622724627346 0.076 16
1622724628429 0.075 17
1622724629551 0.077 18
1622724630707 0.076 19
1622724631905 0.075 20
1622724633131 0.076 21
1622724634372 0.075 22
1622724635657 0.075 23
1622724636990 0.075 24
1622724638365 0.075 25
1622724639770 0.075 26
1622724641180 0.075 27
1622724642648 0.075 28
1622724644160 0.075 29
1622724645691 0.075 30
1622724647264 0.075 31
1622724648880 0.075 32
1622724650515 0.075 33
1622724652194 0.076 34
1622724653942 0.075 35
1622724655694 0.076 36
1622724657488 0.076 37
1622724659310 0.074 38
1622724661173 0.075 39
1622724663095 0.076 40
1622724665026 0.076 41
1622724667019 0.075 42
1622724669022 0.075 43
1622724671057 0.076 44
1622724673142 0.074 45
1622724675259 0.075 46
1622724677415 0.075 47
1622724679592 0.075 48
1622724681825 0.075 49
1622724684028 0.075 50
1622724686357 0.075 51
1622724688704 0.076 52
1622724691066 0.075 53
1622724693489 0.076 54
1622724695919 0.075 55
1622724698416 0.076 56
1622724700901 0.076 57
1622724703456 0.076 58
1622724706030 0.076 59
1622724708624 0.076 60
1622724711273 0.075 61
1622724713978 0.076 62
1622724716724 0.077 63
1622724719509 0.076 64
1622724722299 0.076 65
1622724725156 0.075 66
1622724728006 0.075 67
1622724730917 0.077 68
1622724733886 0.075 69
1622724736871 0.075 70
1622724739915 0.075 71
1622724742963 0.075 72
1622724746091 0.076 73
1622724749246 0.077 74
1622724752405 0.074 75
1622724755629 0.075 76
1622724758885 0.076 77
1622724762142 0.075 78
1622724765397 0.076 79
1622724768676 0.074 80
1622724772022 0.075 81
1622724775461 0.075 82
1622724778909 0.074 83
1622724782403 0.076 84
1622724785930 0.076 85
1622724789557 0.076 86
1622724793124 0.076 87
1622724796745 0.075 88
1622724800461 0.075 89
1622724804195 0.075 90
1622724807938 0.075 91
1622724811731 0.076 92
1622724815546 0.075 93
1622724819396 0.076 94
1622724823252 0.077 95
1622724827145 0.075 96
1622724831089 0.076 97
1622724835081 0.075 98
1622724839079 0.075 99
1622724843155 0.076 100
1622724847261 0.076 101
1622724851390 0.075 102
1622724855590 0.075 103
1622724859980 0.082 104
1622724864245 0.077 105
1622724868599 0.077 106
1622724872935 0.077 107
1622724877275 0.076 108
1622724881623 0.075 109
1622724886059 0.075 110
1622724890481 0.076 111
1622724894993 0.076 112
1622724899509 0.077 113
1622724904130 0.076 114
1622724908723 0.077 115
1622724913323 0.077 116
1622724917998 0.075 117
1622724922671 0.076 118
1622724927388 0.076 119
1622724932175 0.076 120
1622724937027 0.075 121
1622724941847 0.075 122
1622724946725 0.075 123
1622724951642 0.076 124
1622724956637 0.075 125
1622724961606 0.076 126
1622724966642 0.076 127
1622724971670 0.075 128
1622724976765 0.076 129
1622724981866 0.075 130
1622724987047 0.076 131
1622724992249 0.076 132
1622724997537 0.076 133
1622725002837 0.075 134
1622725008110 0.076 135
1622725013452 0.076 136
1622725018822 0.075 137
1622725024239 0.075 138
1622725029718 0.076 139
1622725035185 0.076 140
1622725040706 0.075 141
1622725046373 0.075 142
1622725052066 0.076 143
1622725057729 0.076 144
1622725063431 0.076 145
1622725069163 0.076 146
1622725074915 0.075 147
1622725080690 0.076 148
1622725086588 0.075 149
1622725092480 0.077 150
1622725098408 0.075 151
1622725104327 0.076 152
1622725110295 0.076 153
1622725116295 0.075 154
1622725122313 0.076 155
1622725128378 0.076 156
1622725134486 0.075 157
1622725140651 0.076 158
1622725146818 0.076 159
1622725153006 0.075 160
1622725159229 0.077 161
1622725165495 0.076 162
1622725171771 0.076 163
1622725178111 0.075 164
1622725184498 0.075 165
1622725190924 0.075 166
1622725197457 0.076 167
1622725203944 0.076 168
1622725210469 0.075 169
1622725217056 0.075 170
1622725223641 0.075 171
1622725230263 0.076 172
1622725236867 0.075 173
1622725243647 0.076 174
1622725250388 0.075 175
1622725257168 0.075 176
1622725263968 0.076 177
1622725270833 0.076 178
1622725277731 0.076 179
1622725284645 0.076 180
1622725291689 0.075 181
1622725298641 0.075 182
1622725305671 0.075 183
1622725312713 0.075 184
1622725319855 0.076 185
1622725327024 0.076 186
1622725334200 0.076 187
1622725341441 0.075 188
1622725348652 0.075 189
1622725355906 0.075 190
1622725363269 0.076 191
1622725370624 0.076 192
1622725378038 0.077 193
1622725385561 0.076 194
1622725393073 0.075 195
1622725400584 0.076 196
1622725408064 0.075 197
1622725415669 0.075 198
1622725423298 0.075 199
1622725430971 0.075 200
1622725438691 0.075 201
1622725446471 0.075 202
1622725454224 0.076 203
1622725462038 0.075 204
1622725469963 0.075 205
1622725477794 0.076 206
1622725485689 0.076 207
1622725493644 0.074 208
1622725501633 0.076 209
1622725509626 0.075 210
1622725517649 0.076 211
1622725525704 0.075 212
1622725533832 0.075 213
1622725541995 0.075 214
1622725550220 0.076 215
1622725558463 0.075 216
1622725566794 0.076 217
1622725575134 0.075 218
1622725583504 0.076 219
1622725591905 0.076 220
1622725600332 0.076 221
1622725608718 0.076 222
1622725617201 0.074 223
1622725625713 0.075 224
1622725634223 0.076 225
1622725642782 0.076 226
1622725651369 0.076 227
1622725660012 0.076 228
1622725668682 0.076 229
1622725677400 0.075 230
1622725686183 0.076 231
1622725695003 0.077 232
1622725703856 0.075 233
1622725712695 0.074 234
1622725721587 0.076 235
1622725730483 0.075 236
1622725739598 0.075 237
1622725748703 0.076 238
1622725757775 0.075 239
1622725766869 0.075 240
1622725775930 0.076 241
1622725785067 0.075 242
1622725794230 0.075 243
1622725803428 0.075 244
1622725812704 0.076 245
1622725821973 0.075 246
1622725831353 0.076 247
1622725840732 0.075 248
1622725850107 0.075 249
1622725859486 0.076 250
1622725868918 0.075 251
1622725878445 0.076 252
1622725887981 0.076 253
1622725897561 0.076 254
1622725907198 0.075 255
1622725916797 0.076 256
1622725926482 0.076 257
1622725936297 0.075 258
1622725946065 0.075 259
1622725955854 0.075 260
1622725965685 0.075 261
1622725975527 0.076 262
1622725985524 0.075 263
1622725995526 0.076 264
1622726005545 0.075 265
1622726015518 0.076 266
1622726025652 0.075 267
1622726035713 0.075 268
1622726045952 0.076 269
1622726056096 0.076 270
1622726066321 0.076 271
1622726076533 0.075 272
1622726086797 0.075 273
1622726097061 0.076 274
1622726107376 0.076 275
1622726117730 0.077 276
1622726128113 0.075 277
1622726138531 0.076 278
1622726148993 0.077 279
1622726159480 0.075 280
1622726170020 0.076 281
1622726180632 0.076 282
1622726191270 0.076 283
1622726201954 0.075 284
1622726212692 0.075 285
1622726223451 0.076 286
1622726234195 0.076 287
1622726245013 0.077 288
1622726255821 0.076 289
1622726266717 0.076 290
1622726277641 0.075 291
1622726288579 0.076 292
1622726299538 0.076 293
1622726310523 0.076 294
1622726321527 0.075 295
1622726332636 0.075 296
1622726343833 0.075 297
1622726355071 0.075 298
1622726366272 0.074 299
1622726377516 0.075 300
1622726388836 0.077 301
1622726400195 0.076 302
1622726411601 0.075 303
1622726422920 0.076 304
1622726434341 0.076 305
1622726445803 0.075 306
1622726457277 0.076 307
1622726468821 0.075 308
1622726480409 0.075 309
1622726492051 0.076 310
1622726503620 0.075 311
1622726515271 0.076 312
1622726526964 0.076 313
1622726538689 0.076 314
1622726550438 0.076 315
1622726562291 0.077 316
1622726574172 0.077 317
1622726586098 0.075 318
1622726597932 0.075 319
1622726609880 0.076 320
1622726621847 0.075 321
1622726633757 0.075 322
1622726645790 0.076 323
1622726657825 0.075 324
1622726669966 0.076 325
1622726682091 0.075 326
1622726694291 0.075 327
1622726706493 0.076 328
1622726718819 0.075 329
1622726731201 0.075 330
1622726743631 0.076 331
1622726756046 0.076 332
1622726768495 0.076 333
1622726780970 0.076 334
1622726793423 0.075 335
1622726805915 0.075 336
1622726818539 0.076 337
1622726831126 0.076 338
1622726843776 0.074 339
1622726856543 0.075 340
1622726869261 0.075 341
1622726882018 0.075 342
1622726894906 0.075 343
1622726907827 0.075 344
1622726920640 0.076 345
1622726933554 0.076 346
1622726946514 0.076 347
1622726959521 0.075 348
1622726972485 0.075 349
1622726985526 0.076 350
1622726998560 0.076 351
1622727011733 0.075 352
1622727024896 0.076 353
1622727038051 0.076 354
1622727051250 0.077 355
1622727064486 0.076 356
1622727077752 0.075 357
1622727091028 0.076 358
1622727104365 0.075 359
1622727117740 0.076 360
1622727131115 0.076 361
1622727144491 0.075 362
1622727157936 0.076 363
1622727171375 0.076 364
1622727184981 0.076 365
1622727198596 0.075 366
1622727212200 0.075 367
1622727225819 0.076 368
1622727239569 0.075 369
1622727253320 0.076 370
1622727267056 0.076 371
1622727280849 0.075 372
1622727294716 0.076 373
1622727308632 0.076 374
1622727322537 0.077 375
1622727336447 0.076 376
1622727350505 0.074 377
1622727364620 0.076 378
1622727378747 0.075 379
1622727392913 0.076 380
1622727407117 0.075 381
1622727421322 0.075 382
1622727435840 0.076 383
1622727450034 0.075 384
1622727464408 0.076 385
1622727478700 0.075 386
1622727493079 0.076 387
1622727507605 0.075 388
1622727521995 0.075 389
1622727536415 0.074 390
1622727551072 0.075 391
1622727565706 0.076 392
1622727580381 0.075 393
1622727594945 0.076 394
1622727609672 0.076 395
1622727624436 0.075 396
1622727639107 0.077 397
1622727653910 0.075 398
1622727668687 0.075 399
1622727683457 0.077 400
1622727698338 0.075 401
1622727713232 0.075 402
1622727728144 0.075 403
1622727743155 0.075 404
1622727758217 0.075 405
1622727773327 0.076 406
1622727788412 0.075 407
1622727803496 0.075 408
1622727818620 0.075 409
1622727833792 0.075 410
1622727848968 0.075 411
1622727864166 0.076 412
1622727879485 0.076 413
1622727894787 0.075 414
1622727910201 0.076 415
1622727925566 0.076 416
1622727941061 0.075 417
1622727956488 0.076 418
1622727971974 0.076 419
1622727987513 0.076 420
1622728003037 0.075 421
1622728018585 0.074 422
1622728034188 0.074 423
1622728049903 0.076 424
1622728065655 0.076 425
1622728081410 0.076 426
1622728097093 0.075 427
1622728112852 0.075 428
1622728128636 0.075 429
1622728144499 0.075 430
1622728160444 0.075 431
1622728176320 0.075 432
1622728192246 0.076 433
1622728208264 0.075 434
1622728224418 0.075 435
1622728240429 0.076 436
1622728256482 0.075 437
1622728272599 0.074 438
1622728288817 0.075 439
1622728304957 0.075 440
1622728321179 0.076 441
1622728337380 0.075 442
1622728353657 0.076 443
1622728369912 0.076 444
1622728386307 0.076 445
1622728402700 0.075 446
1622728419264 0.075 447
1622728435954 0.075 448
1622728452623 0.076 449
1622728469306 0.076 450
1622728486050 0.077 451
1622728502749 0.074 452
1622728519338 0.074 453
1622728536094 0.074 454
1622728552811 0.074 455
1622728569601 0.076 456
1622728586481 0.075 457
1622728603401 0.075 458
1622728620397 0.075 459
1622728637409 0.076 460
1622728654421 0.076 461
1622728671526 0.076 462
1622728688596 0.076 463
1622728705761 0.075 464
1622728722768 0.074 465
1622728740043 0.075 466
1622728757158 0.074 467
1622728774392 0.075 468
1622728791634 0.076 469
1622728808912 0.075 470
1622728826231 0.076 471
1622728843624 0.077 472
1622728860957 0.075 473
1622728878509 0.075 474
1622728895902 0.075 475
1622728913361 0.075 476
1622728930919 0.074 477
1622728948466 0.076 478
1622728966118 0.076 479
1622728983734 0.074 480
1622729001419 0.075 481
1622729019060 0.074 482
1622729036837 0.076 483
1622729054653 0.075 484
1622729072377 0.075 485
1622729090348 0.075 486
1622729108260 0.074 487
1622729126181 0.075 488
1622729144062 0.074 489
1622729162061 0.075 490
1622729180027 0.074 491
1622729198088 0.075 492
1622729216141 0.074 493
1622729234306 0.075 494
1622729252559 0.078 495
1622729270844 0.074 496
1622729289054 0.074 497
1622729307313 0.074 498
1622729325602 0.075 499
1622729344008 0.076 500
