1622630315498 0.098 0
1622630316325 0.094 1
1622630317302 0.093 2
1622630318484 0.094 3
1622630319845 0.094 4
1622630321364 0.094 5
1622630323063 0.092 6
1622630324985 0.095 7
1622630327036 0.096 8
1622630329241 0.093 9
1622630331658 0.093 10
1622630334226 0.093 11
1622630336982 0.092 12
1622630339926 0.093 13
1622630343061 0.092 14
1622630346368 0.094 15
1622630349846 0.093 16
1622630353522 0.093 17
1622630357329 0.093 18
1622630361328 0.093 19
1622630365499 0.094 20
1622630369865 0.094 21
1622630374398 0.092 22
1622630379147 0.093 23
1622630383973 0.094 24
1622630389014 0.091 25
1622630394266 0.094 26
1622630399694 0.092 27
1622630405265 0.093 28
1622630411088 0.093 29
1622630417014 0.092 30
1622630423125 0.096 31
1622630429477 0.094 32
1622630435968 0.091 33
1622630442572 0.093 34
1622630449409 0.092 35
1622630456491 0.093 36
1622630463731 0.091 37
1622630471296 0.093 38
1622630478949 0.097 39
1622630486750 0.093 40
1622630494677 0.093 41
1622630502819 0.095 42
1622630511165 0.095 43
1622630519668 0.093 44
1622630528347 0.093 45
1622630537192 0.094 46
1622630546290 0.094 47
1622630555556 0.092 48
1622630564973 0.094 49
1622630574635 0.092 50
1622630584438 0.093 51
1622630594381 0.094 52
1622630604461 0.093 53
1622630614794 0.093 54
1622630625323 0.093 55
1622630635996 0.091 56
1622630646797 0.092 57
1622630657784 0.092 58
1622630668990 0.094 59
1622630680389 0.094 60
1622630691985 0.093 61
1622630703783 0.093 62
1622630715689 0.093 63
1622630727768 0.095 64
1622630740073 0.093 65
1622630752549 0.093 66
1622630765066 0.092 67
1622630777740 0.094 68
1622630790716 0.094 69
1622630803837 0.091 70
1622630817147 0.094 71
1622630830552 0.092 72
1622630844188 0.093 73
1622630857918 0.091 74
1622630871962 0.094 75
1622630886151 0.093 76
1622630900568 0.092 77
1622630915179 0.094 78
1622630929941 0.09 79
1622630944873 0.094 80
1622630960069 0.095 81
1622630975395 0.094 82
1622630990855 0.09 83
1622631006477 0.093 84
1622631022387 0.093 85
1622631038398 0.094 86
1622631054576 0.094 87
1622631071048 0.094 88
1622631087579 0.091 89
1622631104184 0.093 90
1622631121136 0.091 91
1622631138183 0.093 92
1622631155438 0.096 93
1622631172851 0.092 94
1622631190422 0.094 95
1622631208229 0.094 96
1622631226104 0.091 97
1622631244213 0.093 98
1622631262519 0.095 99
1622631281075 0.092 100
1622631299897 0.094 101
1622631318787 0.093 102
1622631337917 0.095 103
1622631357214 0.093 104
1622631376751 0.094 105
1622631396436 0.093 106
1622631416246 0.095 107
1622631436307 0.091 108
1622631456557 0.092 109
1622631476950 0.093 110
1622631497334 0.091 111
1622631517979 0.091 112
1622631538763 0.092 113
1622631559784 0.093 114
1622631581032 0.093 115
1622631602502 0.094 116
1622631624022 0.093 117
1622631645770 0.092 118
1622631667692 0.093 119
1622631689901 0.093 120
1622631712284 0.093 121
1622631734785 0.092 122
1622631757541 0.091 123
1622631780487 0.093 124
1622631803558 0.092 125
1622631826847 0.102 126
1622631850364 0.092 127
1622631874002 0.094 128
1622631897896 0.092 129
1622631921802 0.095 130
1622631946001 0.092 131
1622631970435 0.094 132
1622631995003 0.093 133
1622632019831 0.093 134
1622632044657 0.09 135
1622632069776 0.093 136
1622632094954 0.093 137
1622632120304 0.091 138
1622632145905 0.092 139
1622632171702 0.094 140
1622632197723 0.092 141
1622632223974 0.094 142
1622632250307 0.095 143
1622632276935 0.092 144
1622632303641 0.094 145
1622632330562 0.099 146
1622632357493 0.093 147
1622632384761 0.091 148
1622632412179 0.092 149
1622632439688 0.092 150
1622632467525 0.091 151
1622632495385 0.092 152
1622632523615 0.094 153
1622632551920 0.093 154
1622632580320 0.092 155
1622632609116 0.093 156
1622632637943 0.091 157
1622632666950 0.092 158
1622632696100 0.092 159
1622632725436 0.091 160
1622632755117 0.092 161
1622632784937 0.093 162
1622632815043 0.093 163
1622632845301 0.093 164
1622632875567 0.092 165
1622632905976 0.092 166
1622632936467 0.091 167
1622632967345 0.09 168
1622632998539 0.092 169
1622633029982 0.091 170
1622633061446 0.091 171
1622633092896 0.093 172
1622633124810 0.095 173
1622633156714 0.092 174
1622633188786 0.092 175
1622633221087 0.094 176
1622633253489 0.095 177
1622633286071 0.092 178
1622633318821 0.092 179
1622633351687 0.096 180
1622633384764 0.092 181
1622633418034 0.091 182
1622633451682 0.093 183
1622633485533 0.093 184
1622633519550 0.094 185
1622633553628 0.094 186
1622633587809 0.094 187
1622633622025 0.093 188
1622633656407 0.091 189
1622633691069 0.092 190
1622633725822 0.093 191
1622633760649 0.093 192
1622633795764 0.091 193
1622633831109 0.094 194
1622633866688 0.092 195
1622633902499 0.091 196
1622633938555 0.091 197
1622633974698 0.093 198
1622634010998 0.094 199
1622634047371 0.099 200
1622634084034 0.09 201
1622634120867 0.094 202
1622634157834 0.093 203
1622634194941 0.093 204
1622634232241 0.092 205
1622634269811 0.092 206
1622634307271 0.093 207
1622634344997 0.091 208
1622634382919 0.092 209
1622634421138 0.092 210
1622634459484 0.09 211
1622634498260 0.091 212
1622634537082 0.091 213
1622634575877 0.092 214
1622634614946 0.09 215
1622634654221 0.092 216
1622634693679 0.092 217
1622634733220 0.093 218
1622634772965 0.091 219
1622634813155 0.092 220
1622634853165 0.095 221
1622634893449 0.091 222
1622634933939 0.092 223
1622634974609 0.092 224
1622635015697 0.093 225
1622635056589 0.092 226
1622635097814 0.098 227
1622635139167 0.094 228
1622635180875 0.09 229
1622635222712 0.094 230
1622635264463 0.092 231
1622635306659 0.093 232
1622635348947 0.094 233
1622635391296 0.093 234
1622635434175 0.092 235
1622635476974 0.09 236
1622635519979 0.092 237
1622635563477 0.111 238
1622635606800 0.092 239
1622635650254 0.091 240
1622635693963 0.091 241
1622635737904 0.092 242
1622635781811 0.093 243
1622635826188 0.092 244
1622635870528 0.091 245
1622635915329 0.093 246
1622635960354 0.094 247
1622636005437 0.093 248
1622636050937 0.094 249
1622636096437 0.093 250
1622636142108 0.093 251
1622636188041 0.096 252
1622636234175 0.094 253
1622636280155 0.092 254
1622636326397 0.091 255
1622636373006 0.092 256
1622636419505 0.095 257
1622636466617 0.09 258
1622636513780 0.093 259
1622636560912 0.093 260
1622636608146 0.094 261
1622636655710 0.094 262
1622636703491 0.092 263
1622636751441 0.093 264
1622636799418 0.094 265
1622636847632 0.093 266
1622636895706 0.093 267
1622636944198 0.094 268
1622636992589 0.09 269
1622637041186 0.092 270
1622637089946 0.093 271
1622637138899 0.092 272
1622637188105 0.091 273
1622637237622 0.093 274
1622637287303 0.092 275
1622637337191 0.092 276
1622637387008 0.091 277
1622637437198 0.092 278
1622637487333 0.094 279
1622637538046 0.092 280
1622637588756 0.105 281
1622637639695 0.092 282
1622637690843 0.092 283
1622637742259 0.091 284
1622637794047 0.091 285
1622637845754 0.093 286
1622637897645 0.095 287
1622637952247 0.093 288
1622638004798 0.093 289
1622638057411 0.092 290
1622638110292 0.093 291
1622638163292 0.09 292
1622638216456 0.09 293
1622638269772 0.091 294
1622638323442 0.091 295
1622638377117 0.093 296
1622638430839 0.092 297
1622638484777 0.091 298
1622638538591 0.09 299
1622638592587 0.091 300
1622638647032 0.101 301
1622638701653 0.091 302
1622638756524 0.092 303
1622638811449 0.093 304
1622638866605 0.094 305
1622638921742 0.091 306
1622638977337 0.09 307
1622639032986 0.092 308
1622639089176 0.09 309
1622639145096 0.092 310
1622639201013 0.092 311
1622639257283 0.091 312
1622639313659 0.09 313
1622639370161 0.091 314
1622639426940 0.092 315
1622639483734 0.093 316
1622639540892 0.093 317
1622639598502 0.091 318
1622639656028 0.091 319
1622639714109 0.091 320
1622639772322 0.096 321
1622639830568 0.09 322
1622639889040 0.089 323
1622639947490 0.089 324
1622640006273 0.093 325
1622640065332 0.089 326
1622640124479 0.091 327
1622640183915 0.093 328
1622640243253 0.093 329
1622640302692 0.092 330
1622640362595 0.092 331
1622640422458 0.091 332
1622640482639 0.092 333
1622640543093 0.092 334
1622640603851 0.095 335
1622640665866 0.093 336
1622640727140 0.094 337
1622640788690 0.091 338
1622640850450 0.091 339
1622640912364 0.093 340
1622640974331 0.093 341
1622641036523 0.092 342
1622641099261 0.092 343
1622641161665 0.09 344
1622641224652 0.091 345
1622641287928 0.092 346
1622641351571 0.093 347
1622641415214 0.1 348
1622641479049 0.094 349
1622641543269 0.095 350
1622641607634 0.091 351
1622641671905 0.093 352
1622641736273 0.093 353
1622641800796 0.091 354
1622641866259 0.093 355
1622641931552 0.09 356
1622641997319 0.09 357
1622642062983 0.093 358
1622642129011 0.093 359
1622642195011 0.093 360
1622642261006 0.093 361
1622642327402 0.091 362
1622642394008 0.094 363
1622642548965 0.093 364
1622642616155 0.173 365
1622642682373 0.09 366
1622642750091 0.091 367
1622642817360 0.094 368
1622642884862 0.091 369
1622642952980 0.095 370
1622643020958 0.093 371
1622643089218 0.092 372
1622643158400 0.094 373
1622643226884 0.09 374
1622643295486 0.094 375
1622643363765 0.091 376
1622643432676 0.093 377
1622643501730 0.091 378
1622643571637 0.093 379
1622643641754 0.177 380
1622643711212 0.094 381
1622643781776 0.094 382
1622643851864 0.096 383
1622643921966 0.092 384
1622643992513 0.09 385
1622644062851 0.093 386
1622644133708 0.092 387
1622644204982 0.092 388
1622644275866 0.092 389
1622644347060 0.094 390
1622644418360 0.094 391
1622644489791 0.094 392
1622644561704 0.095 393
1622644633489 0.093 394
1622644705851 0.1 395
1622644778149 0.093 396
1622644851043 0.094 397
1622644923885 0.093 398
1622644996328 0.092 399
1622645069135 0.092 400
1622645142120 0.093 401
1622645215462 0.096 402
1622645288966 0.091 403
1622645362590 0.095 404
1622645436421 0.093 405
1622645510274 0.091 406
1622645584300 0.094 407
1622645658510 0.092 408
1622645732716 0.092 409
1622645808154 0.173 410
1622645882661 0.092 411
1622645956754 0.09 412
1622646031096 0.091 413
1622646105283 0.092 414
1622646180251 0.096 415
1622646255311 0.089 416
1622646330431 0.092 417
1622646405384 0.091 418
1622646480944 0.091 419
1622646556773 0.092 420
1622646632528 0.092 421
1622646708568 0.095 422
1622646784900 0.093 423
1622646861184 0.092 424
1622646938056 0.091 425
1622647014405 0.091 426
1622647091604 0.091 427
1622647168798 0.09 428
1622647246221 0.091 429
1622647324022 0.089 430
1622647402628 0.094 431
1622647480333 0.093 432
1622647558066 0.091 433
1622647636638 0.091 434
1622647714787 0.091 435
1622647793668 0.089 436
1622647872385 0.091 437
1622647951249 0.09 438
1622648030410 0.094 439
1622648110122 0.091 440
1622648189230 0.091 441
1622648269241 0.098 442
1622648349785 0.096 443
1622648431766 0.175 444
1622648512507 0.094 445
1622648593734 0.095 446
1622648675909 0.093 447
1622648757697 0.091 448
1622648840179 0.093 449
1622648921803 0.091 450
1622649003939 0.093 451
1622649085925 0.094 452
1622649168886 0.094 453
1622649251819 0.094 454
1622649334790 0.091 455
1622649418011 0.093 456
1622649501159 0.092 457
1622649584685 0.093 458
1622649668143 0.094 459
1622649751528 0.094 460
1622649835104 0.093 461
1622649918699 0.092 462
1622650002566 0.092 463
1622650086678 0.091 464
1622650170987 0.089 465
1622650255727 0.092 466
1622650340461 0.09 467
1622650425945 0.093 468
1622650511803 0.094 469
1622650598293 0.095 470
1622650684371 0.092 471
1622650770441 0.096 472
1622650857174 0.092 473
1622650944058 0.092 474
1622651030911 0.092 475
1622651118516 0.095 476
1622651206154 0.096 477
1622651293823 0.093 478
1622651381687 0.094 479
1622651469605 0.093 480
1622651557566 0.092 481
1622651644825 0.092 482
1622651732785 0.093 483
1622651821334 0.091 484
1622651909467 0.095 485
1622651997597 0.093 486
1622652085892 0.093 487
1622652174809 0.092 488
1622652263526 0.099 489
1622652352684 0.092 490
1622652441826 0.091 491
1622652531145 0.089 492
1622652620820 0.091 493
1622652710755 0.092 494
1622652800807 0.094 495
1622652891173 0.097 496
1622652981723 0.092 497
1622653073005 0.095 498
1622653164013 0.093 499
1622653255478 0.092 500
