1622747891075 50 0
1622747891632 60 1
1622747892200 70 2
1622747892794 80 3
1622747893431 90 4
1622747894099 100 5
1622747894811 110 6
1622747895538 120 7
1622747896307 130 8
1622747897125 140 9
1622747897978 150 10
1622747898873 160 11
1622747899788 170 12
1622747900744 180 13
1622747901748 190 14
1622747902795 200 15
1622747903848 210 16
1622747904975 220 17
1622747906124 230 18
1622747907300 240 19
1622747908539 250 20
1622747909782 260 21
1622747911092 270 22
1622747912440 280 23
1622747913788 290 24
1622747915194 300 25
1622747916662 310 26
1622747918167 320 27
1622747919688 330 28
1622747921266 340 29
1622747922862 350 30
1622747924483 360 31
1622747926175 370 32
1622747927893 380 33
1622747929621 390 34
1622747931390 400 35
1622747933217 410 36
1622747935089 420 37
1622747936971 430 38
1622747938884 440 39
1622747940856 450 40
1622747942852 460 41
1622747944895 470 42
1622747946951 480 43
1622747949087 490 44
1622747951233 500 45
1622747953435 510 46
1622747955669 520 47
1622747957942 530 48
1622747960238 540 49
1622747962571 550 50
1622747964958 560 51
1622747967389 570 52
1622747969838 580 53
1622747972323 590 54
1622747974855 600 55
1622747977428 610 56
1622747979994 620 57
1622747982620 630 58
1622747985261 640 59
1622747987993 650 60
1622747990744 660 61
1622747993540 670 62
1622747996370 680 63
1622747999202 690 64
1622748002066 700 65
1622748005008 710 66
1622748007995 720 67
1622748011009 730 68
1622748014079 740 69
1622748017182 750 70
1622748020299 760 71
1622748023486 770 72
1622748026676 780 73
1622748029888 790 74
1622748033165 800 75
1622748036500 810 76
1622748039806 820 77
1622748043164 830 78
1622748046594 840 79
1622748050034 850 80
1622748053546 860 81
1622748057080 870 82
1622748060662 880 83
1622748064245 890 84
1622748067884 900 85
1622748071530 910 86
1622748075215 920 87
1622748078938 930 88
1622748082695 940 89
1622748086470 950 90
1622748090291 960 91
1622748094147 970 92
1622748098064 980 93
1622748102017 990 94
1622748106025 1000 95
1622748110030 1010 96
1622748114058 1020 97
1622748118166 1030 98
1622748122344 1040 99
1622748126537 1050 100
1622748130789 1060 101
1622748135011 1070 102
1622748139313 1080 103
1622748143657 1090 104
1622748147979 1100 105
1622748152370 1110 106
1622748156830 1120 107
1622748161340 1130 108
1622748165874 1140 109
1622748170425 1150 110
1622748175046 1160 111
1622748179682 1170 112
1622748184343 1180 113
1622748189002 1190 114
1622748193719 1200 115
1622748198472 1210 116
1622748203315 1220 117
1622748208171 1230 118
1622748213038 1240 119
1622748217988 1250 120
1622748222962 1260 121
1622748227928 1270 122
1622748232968 1280 123
1622748238047 1290 124
1622748243155 1300 125
1622748248306 1310 126
1622748253448 1320 127
1622748258628 1330 128
1622748263886 1340 129
1622748269213 1350 130
1622748274549 1360 131
1622748279889 1370 132
1622748285363 1380 133
1622748290830 1390 134
1622748296376 1400 135
1622748301848 1410 136
1622748307393 1420 137
1622748313016 1430 138
1622748318593 1440 139
1622748324237 1450 140
1622748329996 1460 141
1622748335750 1470 142
1622748341525 1480 143
1622748347361 1490 144
1622748353173 1500 145
1622748359067 1510 146
1622748364952 1520 147
1622748370964 1530 148
1622748376957 1540 149
1622748383019 1550 150
1622748389097 1560 151
1622748395167 1570 152
1622748401340 1580 153
1622748407611 1590 154
1622748413889 1600 155
1622748420119 1610 156
1622748426417 1620 157
1622748432787 1630 158
1622748439160 1640 159
1622748445529 1650 160
1622748451995 1660 161
1622748458562 1670 162
1622748465164 1680 163
1622748471762 1690 164
1622748478367 1700 165
1622748485075 1710 166
1622748491787 1720 167
1622748498460 1730 168
1622748505221 1740 169
1622748512054 1750 170
1622748518833 1760 171
1622748525729 1770 172
1622748532612 1780 173
1622748539598 1790 174
1622748546586 1800 175
1622748553563 1810 176
1622748560569 1820 177
1622748567715 1830 178
1622748574792 1840 179
1622748581963 1850 180
1622748589122 1860 181
1622748596328 1870 182
1622748603567 1880 183
1622748610819 1890 184
1622748618152 1900 185
1622748625474 1910 186
1622748632832 1920 187
1622748640353 1930 188
1622748647855 1940 189
1622748655398 1950 190
1622748662978 1960 191
1622748670643 1970 192
1622748678356 1980 193
1622748686033 1990 194
1622748693750 2000 195
1622748701495 2010 196
1622748709282 2020 197
1622748717082 2030 198
1622748724968 2040 199
1622748732846 2050 200
1622748740716 2060 201
1622748748716 2070 202
1622748756728 2080 203
1622748764780 2090 204
1622748772840 2100 205
1622748780956 2110 206
1622748789094 2120 207
1622748797233 2130 208
1622748805489 2140 209
1622748813793 2150 210
1622748822114 2160 211
1622748830450 2170 212
1622748838824 2180 213
1622748847255 2190 214
1622748855651 2200 215
1622748864073 2210 216
1622748872589 2220 217
1622748881144 2230 218
1622748889738 2240 219
1622748898398 2250 220
1622748907057 2260 221
1622748915769 2270 222
1622748924554 2280 223
1622748933342 2290 224
1622748942223 2300 225
1622748951033 2310 226
1622748960000 2320 227
1622748968931 2330 228
1622748977972 2340 229
1622748987015 2350 230
1622748996009 2360 231
1622749005154 2370 232
1622749014396 2380 233
1622749023639 2390 234
1622749032923 2400 235
1622749042245 2410 236
1622749051527 2420 237
1622749060879 2430 238
1622749070223 2440 239
1622749079637 2450 240
1622749089080 2460 241
1622749098423 2470 242
1622749107873 2480 243
1622749117424 2490 244
1622749126985 2500 245
1622749136616 2510 246
1622749146291 2520 247
1622749156054 2530 248
1622749165781 2540 249
1622749175589 2550 250
1622749185402 2560 251
1622749195269 2570 252
1622749205121 2580 253
1622749215060 2590 254
1622749225074 2600 255
1622749234985 2610 256
1622749244941 2620 257
1622749254869 2630 258
1622749264970 2640 259
1622749275171 2650 260
1622749285367 2660 261
1622749295514 2670 262
1622749305778 2680 263
1622749316043 2690 264
1622749326345 2700 265
1622749336653 2710 266
1622749346959 2720 267
1622749357445 2730 268
1622749367902 2740 269
1622749378523 2750 270
1622749389195 2760 271
1622749399795 2770 272
1622749410443 2780 273
1622749421109 2790 274
1622749431797 2800 275
1622749442483 2810 276
1622749453241 2820 277
1622749464003 2830 278
1622749474908 2840 279
1622749485773 2850 280
1622749496680 2860 281
1622749507763 2870 282
1622749518708 2880 283
1622749529809 2890 284
1622749540851 2900 285
1622749551969 2910 286
1622749563029 2920 287
1622749574289 2930 288
1622749585555 2940 289
1622749596739 2950 290
1622749608006 2960 291
1622749619392 2970 292
1622749630835 2980 293
1622749642294 2990 294
1622749653714 3000 295
1622749665226 3010 296
1622749676776 3020 297
1622749688370 3030 298
1622749699954 3040 299
1622749711573 3050 300
1622749723311 3060 301
1622749735105 3070 302
1622749746932 3080 303
1622749758741 3090 304
1622749770623 3100 305
1622749782465 3110 306
1622749794392 3120 307
1622749806288 3130 308
1622749818177 3140 309
1622749830121 3150 310
1622749842147 3160 311
1622749854158 3170 312
1622749866235 3180 313
1622749878295 3190 314
1622749890460 3200 315
1622749902658 3210 316
1622749914851 3220 317
1622749927103 3230 318
1622749939382 3240 319
1622749951818 3250 320
1622749964195 3260 321
1622749976640 3270 322
1622749989152 3280 323
1622750001580 3290 324
1622750014092 3300 325
1622750026734 3310 326
1622750039280 3320 327
1622750051912 3330 328
1622750064573 3340 329
1622750077300 3350 330
1622750090016 3360 331
1622750102864 3370 332
1622750115725 3380 333
1622750128560 3390 334
1622750141344 3400 335
1622750154316 3410 336
1622750167337 3420 337
1622750180295 3430 338
1622750193410 3440 339
1622750206478 3450 340
1622750219531 3460 341
1622750232659 3470 342
1622750245756 3480 343
1622750259079 3490 344
1622750272290 3500 345
1622750285619 3510 346
1622750298938 3520 347
1622750312241 3530 348
1622750325687 3540 349
1622750339116 3550 350
1622750352635 3560 351
1622750366119 3570 352
1622750379598 3580 353
1622750393126 3590 354
1622750406744 3600 355
1622750420278 3610 356
1622750433962 3620 357
1622750447816 3630 358
1622750461596 3640 359
1622750475430 3650 360
1622750489356 3660 361
1622750503288 3670 362
1622750517214 3680 363
1622750531356 3690 364
1622750545394 3700 365
1622750559472 3710 366
1622750573549 3720 367
1622750587650 3730 368
1622750601903 3740 369
1622750616045 3750 370
1622750630290 3760 371
1622750644563 3770 372
1622750658824 3780 373
1622750673163 3790 374
1622750687467 3800 375
1622750701763 3810 376
1622750716148 3820 377
1622750730674 3830 378
1622750745162 3840 379
1622750759697 3850 380
1622750774377 3860 381
1622750788992 3870 382
1622750803568 3880 383
1622750818124 3890 384
1622750832837 3900 385
1622750847558 3910 386
1622750862333 3920 387
1622750877105 3930 388
1622750891974 3940 389
1622750906859 3950 390
1622750921793 3960 391
1622750936690 3970 392
1622750951579 3980 393
1622750966559 3990 394
1622750981627 4000 395
1622750996727 4010 396
1622751011910 4020 397
1622751027180 4030 398
1622751042581 4040 399
1622751057864 4050 400
1622751073263 4060 401
1622751088649 4070 402
1622751104085 4080 403
1622751119463 4090 404
1622751134799 4100 405
1622751150297 4110 406
1622751165931 4120 407
1622751181554 4130 408
1622751197129 4140 409
1622751212710 4150 410
1622751228379 4160 411
1622751244059 4170 412
1622751259764 4180 413
1622751275592 4190 414
1622751291281 4200 415
1622751307124 4210 416
1622751323286 4220 417
1622751339553 4230 418
1622751355888 4240 419
1622751371842 4250 420
1622751387882 4260 421
1622751403876 4270 422
1622751419922 4280 423
1622751436061 4290 424
1622751452144 4300 425
1622751468348 4310 426
1622751484538 4320 427
1622751500789 4330 428
1622751517014 4340 429
1622751532932 4350 430
1622751548843 4360 431
1622751564897 4370 432
1622751581115 4380 433
1622751597329 4390 434
1622751613577 4400 435
1622751629820 4410 436
1622751646101 4420 437
1622751662552 4430 438
1622751679035 4440 439
1622751695643 4450 440
1622751712080 4460 441
1622751728640 4470 442
1622751745316 4480 443
1622751761899 4490 444
1622751778471 4500 445
1622751795081 4510 446
1622751811870 4520 447
1622751828816 4530 448
1622751845771 4540 449
1622751862489 4550 450
1622751879216 4560 451
1622751895981 4570 452
1622751912874 4580 453
1622751929858 4590 454
1622751946797 4600 455
1622751963737 4610 456
1622751980671 4620 457
1622751997806 4630 458
1622752014979 4640 459
1622752032252 4650 460
1622752049280 4660 461
1622752066323 4670 462
1622752083521 4680 463
1622752100666 4690 464
1622752117929 4700 465
1622752135414 4710 466
1622752152862 4720 467
1622752169654 4730 468
1622752186373 4740 469
1622752203277 4750 470
1622752220144 4760 471
1622752237142 4770 472
1622752254182 4780 473
1622752271321 4790 474
1622752288326 4800 475
1622752305340 4810 476
1622752322439 4820 477
1622752339477 4830 478
1622752357093 4840 479
1622752374786 4850 480
1622752392539 4860 481
1622752410246 4870 482
1622752428005 4880 483
1622752445810 4890 484
1622752463179 4900 485
1622752480711 4910 486
1622752498109 4920 487
1622752515667 4930 488
1622752533302 4940 489
1622752550761 4950 490
1622752568280 4960 491
1622752584753 4970 492
1622752601268 4980 493
1622752617891 4990 494
1622752634609 5000 495
1622752651230 5010 496
1622752667945 5020 497
1622752684609 5030 498
1622752701320 5040 499
1622752718153 5050 500
