1622699577511 0.093 0
1622699578362 0.093 1
1622699579378 0.097 2
1622699580535 0.093 3
1622699581895 0.095 4
1622699583457 0.092 5
1622699585205 0.091 6
1622699587120 0.094 7
1622699589224 0.095 8
1622699591539 0.094 9
1622699594013 0.094 10
1622699596664 0.099 11
1622699599520 0.093 12
1622699602549 0.093 13
1622699605793 0.092 14
1622699609221 0.095 15
1622699612748 0.096 16
1622699616414 0.092 17
1622699620280 0.093 18
1622699624365 0.094 19
1622699628621 0.09 20
1622699633161 0.097 21
1622699637823 0.096 22
1622699642602 0.095 23
1622699647553 0.095 24
1622699652703 0.095 25
1622699658030 0.095 26
1622699663560 0.095 27
1622699669307 0.093 28
1622699675168 0.096 29
1622699681250 0.094 30
1622699687503 0.092 31
1622699693993 0.094 32
1622699700661 0.096 33
1622699707488 0.094 34
1622699714442 0.094 35
1622699721582 0.094 36
1622699728938 0.092 37
1622699736481 0.09 38
1622699744250 0.094 39
1622699752209 0.095 40
1622699760388 0.095 41
1622699768644 0.094 42
1622699777034 0.092 43
1622699785643 0.093 44
1622699794313 0.092 45
1622699803191 0.093 46
1622699812291 0.093 47
1622699822468 0.093 48
1622699832086 0.124 49
1622699841801 0.093 50
1622699851635 0.094 51
1622699861710 0.092 52
1622699872039 0.094 53
1622699882500 0.094 54
1622699893148 0.096 55
1622699904005 0.095 56
1622699915021 0.094 57
1622699926188 0.093 58
1622699937578 0.095 59
1622699949159 0.095 60
1622699960947 0.094 61
1622699972941 0.094 62
1622699985029 0.093 63
1622699997310 0.094 64
1622700009810 0.091 65
1622700022395 0.096 66
1622700035204 0.092 67
1622700048202 0.094 68
1622700061347 0.093 69
1622700074706 0.093 70
1622700088227 0.096 71
1622700102030 0.093 72
1622700115974 0.094 73
1622700130083 0.095 74
1622700144260 0.09 75
1622700158741 0.092 76
1622700173278 0.095 77
1622700188180 0.09 78
1622700203237 0.094 79
1622700218365 0.095 80
1622700233689 0.096 81
1622700249167 0.094 82
1622700264817 0.094 83
1622700280614 0.095 84
1622700296691 0.095 85
1622700312883 0.093 86
1622700329271 0.095 87
1622700345914 0.096 88
1622700362639 0.094 89
1622700379581 0.092 90
1622700396723 0.094 91
1622700413987 0.093 92
1622700431421 0.092 93
1622700449105 0.097 94
1622700467032 0.095 95
1622700485069 0.093 96
1622700503282 0.092 97
1622700521669 0.093 98
1622700540281 0.094 99
1622700559767 0.095 100
1622700578605 0.091 101
1622700597650 0.09 102
1622700616815 0.092 103
1622700636163 0.092 104
1622700655742 0.095 105
1622700675453 0.095 106
1622700695339 0.092 107
1622700715309 0.094 108
1622700735585 0.097 109
1622700755894 0.095 110
1622700776596 0.095 111
1622700797439 0.091 112
1622700818383 0.093 113
1622700839514 0.095 114
1622700860858 0.092 115
1622700882435 0.092 116
1622700904277 0.093 117
1622700926125 0.098 118
1622700948228 0.09 119
1622700970510 0.088 120
1622700992986 0.094 121
1622701015566 0.095 122
1622701038316 0.091 123
1622701061194 0.092 124
1622701084352 0.093 125
1622701107616 0.092 126
1622701131131 0.09 127
1622701154753 0.091 128
1622701178513 0.09 129
1622701202506 0.094 130
1622701226770 0.094 131
1622701251219 0.092 132
1622701275737 0.095 133
1622701300559 0.092 134
1622701325626 0.094 135
1622701350895 0.095 136
1622701376181 0.092 137
1622701401784 0.092 138
1622701427412 0.093 139
1622701453435 0.093 140
1622701479599 0.095 141
1622701505887 0.095 142
1622701532164 0.094 143
1622701558645 0.093 144
1622701585292 0.095 145
1622701612287 0.092 146
1622701638945 0.093 147
1622701666057 0.095 148
1622701693381 0.093 149
1622701720987 0.093 150
1622701748862 0.094 151
1622701776672 0.093 152
1622701804592 0.095 153
1622701832863 0.092 154
1622701861325 0.091 155
1622701890030 0.09 156
1622701918949 0.091 157
1622701947802 0.092 158
1622701976795 0.09 159
1622702006012 0.09 160
1622702035416 0.093 161
1622702065016 0.089 162
1622702094984 0.092 163
1622702124811 0.092 164
1622702154889 0.092 165
1622702185006 0.091 166
1622702215394 0.092 167
1622702245720 0.092 168
1622702276375 0.093 169
1622702307256 0.091 170
1622702338421 0.092 171
1622702369689 0.094 172
1622702400991 0.095 173
1622702432484 0.096 174
1622702464073 0.093 175
1622702496144 0.092 176
1622702528585 0.091 177
1622702560732 0.094 178
1622702593004 0.094 179
1622702625755 0.091 180
1622702658586 0.094 181
1622702691737 0.095 182
1622702724836 0.093 183
1622702758349 0.093 184
1622702792096 0.09 185
1622702825742 0.091 186
1622702859698 0.091 187
1622702893876 0.09 188
1622702928013 0.09 189
1622702962379 0.092 190
1622702996991 0.093 191
1622703031792 0.094 192
1622703066738 0.092 193
1622703101910 0.093 194
1622703137136 0.091 195
1622703172605 0.093 196
1622703208292 0.091 197
1622703244150 0.089 198
1622703279952 0.091 199
1622703316075 0.091 200
1622703352388 0.091 201
1622703388889 0.092 202
1622703425505 0.093 203
1622703462272 0.092 204
1622703499347 0.096 205
1622703536286 0.094 206
1622703573498 0.093 207
1622703611069 0.092 208
1622703648774 0.093 209
1622703686717 0.093 210
1622703724898 0.093 211
1622703763163 0.091 212
1622703801415 0.095 213
1622703840070 0.094 214
1622703878819 0.092 215
1622703917831 0.096 216
1622703956921 0.094 217
1622703996272 0.092 218
1622704036128 0.094 219
1622704075850 0.094 220
1622704116182 0.091 221
1622704156373 0.093 222
1622704196797 0.091 223
1622704237458 0.092 224
1622704278269 0.093 225
1622704319173 0.092 226
1622704360127 0.09 227
1622704401506 0.093 228
1622704443405 0.093 229
1622704485141 0.093 230
1622704527012 0.095 231
1622704569061 0.093 232
1622704610964 0.091 233
1622704653249 0.092 234
1622704695215 0.091 235
1622704737532 0.094 236
1622704780091 0.093 237
1622704823100 0.092 238
1622704866312 0.091 239
1622704909477 0.091 240
1622704952859 0.092 241
1622704996698 0.092 242
1622705040640 0.093 243
1622705084577 0.095 244
1622705128778 0.091 245
1622705173038 0.093 246
1622705217400 0.093 247
1622705261943 0.093 248
1622705306594 0.093 249
1622705351464 0.09 250
1622705396415 0.093 251
1622705441621 0.093 252
1622705487121 0.091 253
1622705532808 0.09 254
1622705578622 0.091 255
1622705624784 0.093 256
1622705671169 0.092 257
1622705717484 0.089 258
1622705764187 0.092 259
1622705810953 0.092 260
1622705857864 0.09 261
1622705905094 0.092 262
1622705952368 0.092 263
1622705999872 0.095 264
1622706047537 0.094 265
1622706095593 0.095 266
1622706143614 0.091 267
1622706191825 0.093 268
1622706240188 0.094 269
1622706288628 0.093 270
1622706337418 0.093 271
1622706386722 0.092 272
1622706435981 0.091 273
1622706485630 0.091 274
1622706535688 0.09 275
1622706585469 0.093 276
1622706635529 0.092 277
1622706685772 0.091 278
1622706736371 0.093 279
1622706786970 0.092 280
1622706837403 0.093 281
1622706888281 0.094 282
1622706939503 0.092 283
1622706991227 0.094 284
1622707042774 0.092 285
1622707094571 0.092 286
1622707146324 0.092 287
1622707198162 0.093 288
1622707250491 0.092 289
1622707303081 0.092 290
1622707355605 0.09 291
1622707408605 0.095 292
1622707461442 0.092 293
1622707514744 0.093 294
1622707568309 0.094 295
1622707621930 0.092 296
1622707675671 0.091 297
1622707729713 0.094 298
1622707783842 0.09 299
1622707837755 0.091 300
1622707892112 0.095 301
1622707946556 0.093 302
1622708001386 0.091 303
1622708056142 0.091 304
1622708110873 0.095 305
1622708166002 0.093 306
1622708221110 0.093 307
1622708276697 0.094 308
1622708332641 0.093 309
1622708388897 0.094 310
1622708445384 0.093 311
1622708502046 0.092 312
1622708559555 0.092 313
1622708616222 0.092 314
1622708673580 0.091 315
1622708730613 0.093 316
1622708787662 0.093 317
1622708845345 0.091 318
1622708903165 0.091 319
1622708961175 0.091 320
1622709019337 0.09 321
1622709077541 0.089 322
1622709135983 0.094 323
1622709193435 0.092 324
1622709251349 0.092 325
1622709309415 0.092 326
1622709367478 0.089 327
1622709425743 0.089 328
1622709482657 0.089 329
1622709539979 0.09 330
1622709598814 0.089 331
1622709656624 0.088 332
1622709714537 0.089 333
1622709772953 0.088 334
1622709831436 0.091 335
1622709890223 0.09 336
1622709949177 0.092 337
1622710008245 0.096 338
1622710068158 0.093 339
1622710128469 0.092 340
1622710188321 0.093 341
1622710248588 0.092 342
1622710309113 0.095 343
1622710369883 0.094 344
1622710430781 0.094 345
1622710491776 0.095 346
1622710552818 0.092 347
1622710613997 0.092 348
1622710675421 0.094 349
1622710736982 0.096 350
1622710798611 0.091 351
1622710860791 0.099 352
1622710923189 0.093 353
1622710985171 0.095 354
1622711047679 0.093 355
1622711110067 0.093 356
1622711172629 0.09 357
1622711235285 0.095 358
1622711298581 0.095 359
1622711361592 0.094 360
1622711424892 0.092 361
1622711488527 0.091 362
1622711552677 0.092 363
1622711617049 0.092 364
1622711681186 0.092 365
1622711745746 0.092 366
1622711810508 0.094 367
1622711875174 0.095 368
1622711940138 0.093 369
1622712005126 0.095 370
1622712070377 0.092 371
1622712135614 0.092 372
1622712200885 0.093 373
1622712266549 0.095 374
1622712332200 0.093 375
1622712397863 0.091 376
1622712463803 0.092 377
1622712530064 0.093 378
1622712596346 0.093 379
1622712663047 0.095 380
1622712730100 0.094 381
1622712797159 0.093 382
1622712864933 0.092 383
1622712932865 0.092 384
1622713000631 0.091 385
1622713068716 0.1 386
1622713137325 0.092 387
1622713206068 0.09 388
