1622752804699 0.9415880874966737 0
1622752805240 0.9477311231165187 1
1622752805758 0.9469728490297391 2
1622752806318 0.9469728490297391 3
1622752806900 0.9469728490297391 4
1622752807522 0.9469728490297391 5
1622752808184 0.9469728490297391 6
1622752808863 0.9469728490297391 7
1622752809581 0.9469728490297391 8
1622752810353 0.9469728490297391 9
1622752811157 0.9469728490297391 10
1622752811988 0.9469728490297391 11
1622752812868 0.9469728490297391 12
1622752813780 0.9469728490297391 13
1622752814703 0.9469728490297391 14
1622752815685 0.9469728490297391 15
1622752816700 0.9469728490297391 16
1622752817744 0.9469728490297391 17
1622752818841 0.9469728490297391 18
1622752819960 0.9469728490297391 19
1622752821113 0.9469728490297391 20
1622752822305 0.9469728490297391 21
1622752823537 0.9469728490297391 22
1622752824821 0.9469728490297391 23
1622752826115 0.9469728490297391 24
1622752827450 0.9469728490297391 25
1622752828782 0.9469728490297391 26
1622752830181 0.9469728490297391 27
1622752831623 0.9469728490297391 28
1622752833109 0.9469728490297391 29
1622752834625 0.9469728490297391 30
1622752836165 0.9469728490297391 31
1622752837751 0.9469728490297391 32
1622752839357 0.9469728490297391 33
1622752840994 0.9469728490297391 34
1622752842677 0.9469728490297391 35
1622752845380 0.9469728490297391 36
1622752847124 0.9469728490297391 37
1622752848920 0.9469728490297391 38
1622752850761 0.9469728490297391 39
1622752852632 0.9469728490297391 40
1622752854529 0.9469728490297391 41
1622752856480 0.9469728490297391 42
1622752858438 0.9469728490297391 43
1622752860479 0.9469728490297391 44
1622752862494 0.9469728490297391 45
1622752864593 0.9469728490297391 46
1622752866726 0.9469728490297391 47
1622752868882 0.9469728490297391 48
1622752871088 0.9469728490297391 49
1622752873302 0.9469728490297391 50
1622752875536 0.9469728490297391 51
1622752877823 0.9469728490297391 52
1622752880182 0.9469728490297391 53
1622752882563 0.9469728490297391 54
1622752884977 0.9469728490297391 55
1622752887394 0.9469728490297391 56
1622752889835 0.9469728490297391 57
1622752892336 0.9469728490297391 58
1622752894871 0.9469728490297391 59
1622752897449 0.9469728490297391 60
1622752900028 0.9469728490297391 61
1622752902652 0.9469728490297391 62
1622752905293 0.9469728490297391 63
1622752908033 0.9469728490297391 64
1622752910799 0.9469728490297391 65
1622752913554 0.9469728490297391 66
1622752916384 0.9469728490297391 67
1622752919288 0.9469728490297391 68
1622752922223 0.9469728490297391 69
1622752925155 0.9469728490297391 70
1622752928135 0.9469728490297391 71
1622752931152 0.9469728490297391 72
1622752934207 0.9469728490297391 73
1622752937312 0.9469728490297391 74
1622752940440 0.9469728490297391 75
1622752943600 0.9469728490297391 76
1622752946784 0.9469728490297391 77
1622752949976 0.9469728490297391 78
1622752953209 0.9469728490297391 79
1622752956493 0.9469728490297391 80
1622752959789 0.9469728490297391 81
1622752963181 0.9469728490297391 82
1622752966568 0.9469728490297391 83
1622752970000 0.9469728490297391 84
1622752973461 0.9469728490297391 85
1622752976959 0.9469728490297391 86
1622752980512 0.9469728490297391 87
1622752984075 0.9469728490297391 88
1622752987704 0.9469728490297391 89
1622752991341 0.9469728490297391 90
1622752995009 0.9469728490297391 91
1622752998756 0.9469728490297391 92
1622753002549 0.9469728490297391 93
1622753006336 0.9469728490297391 94
1622753010175 0.9469728490297391 95
1622753014025 0.9469728490297391 96
1622753018021 0.9469728490297391 97
1622753022153 0.9469728490297391 98
1622753026212 0.9469728490297391 99
1622753030256 0.9469728490297391 100
1622753034316 0.9469728490297391 101
1622753038510 0.9469728490297391 102
1622753042644 0.9469728490297391 103
1622753046838 0.9469728490297391 104
1622753051015 0.9469728490297391 105
1622753055237 0.9469728490297391 106
1622753059440 0.9469728490297391 107
1622753063715 0.9469728490297391 108
1622753068029 0.9469728490297391 109
1622753072365 0.9469728490297391 110
1622753076813 0.9469728490297391 111
1622753081215 0.9469728490297391 112
1622753085692 0.9469728490297391 113
1622753090197 0.9469728490297391 114
1622753094726 0.9469728490297391 115
1622753099285 0.9469728490297391 116
1622753103899 0.9469728490297391 117
1622753108584 0.9469728490297391 118
1622753113280 0.9469728490297391 119
1622753118000 0.9469728490297391 120
1622753122759 0.9469728490297391 121
1622753127556 0.9469728490297391 122
1622753132383 0.9469728490297391 123
1622753137190 0.9469728490297391 124
1622753142085 0.9469728490297391 125
1622753146976 0.9469728490297391 126
1622753151919 0.9469728490297391 127
1622753156916 0.9469728490297391 128
1622753161895 0.9469728490297391 129
1622753166954 0.9469728490297391 130
1622753172060 0.9469728490297391 131
1622753177139 0.9469728490297391 132
1622753182395 0.9469728490297391 133
1622753188723 0.9469728490297391 134
1622753194004 0.9469728490297391 135
1622753199351 0.9469728490297391 136
1622753204787 0.9469728490297391 137
1622753210187 0.9469728490297391 138
1622753216649 0.9469728490297391 139
1622753222077 0.9469728490297391 140
1622753227514 0.9469728490297391 141
1622753233006 0.9469728490297391 142
1622753238625 0.9469728490297391 143
1622753244172 0.9469728490297391 144
1622753249744 0.9469728490297391 145
1622753255382 0.9469728490297391 146
1622753261009 0.9469728490297391 147
1622753266692 0.9469728490297391 148
1622753272451 0.9469728490297391 149
1622753278267 0.9469728490297391 150
1622753284110 0.9469728490297391 151
1622753290039 0.9469728490297391 152
1622753295992 0.9469728490297391 153
1622753301938 0.9469728490297391 154
1622753307874 0.9469728490297391 155
1622753313852 0.9469728490297391 156
1622753319888 0.9469728490297391 157
1622753325938 0.9469728490297391 158
1622753332037 0.9469728490297391 159
1622753338191 0.9469728490297391 160
1622753344360 0.9469728490297391 161
1622753350577 0.9469728490297391 162
1622753356844 0.9469728490297391 163
1622753363061 0.9469728490297391 164
1622753369387 0.9469728490297391 165
1622753375770 0.9469728490297391 166
1622753382113 0.9469728490297391 167
1622753388538 0.9469728490297391 168
1622753395072 0.9469728490297391 169
1622753401557 0.9469728490297391 170
1622753408083 0.9469728490297391 171
1622753414582 0.9469728490297391 172
1622753421168 0.9469728490297391 173
1622753427773 0.9469728490297391 174
1622753434408 0.9469728490297391 175
1622753441068 0.9469728490297391 176
1622753447802 0.9469728490297391 177
1622753454500 0.9469728490297391 178
1622753461331 0.9469728490297391 179
1622753468160 0.9469728490297391 180
1622753475087 0.9469728490297391 181
1622753482071 0.9469728490297391 182
1622753488993 0.9469728490297391 183
1622753495981 0.9469728490297391 184
1622753503009 0.9469728490297391 185
1622753510063 0.9469728490297391 186
1622753517079 0.9469728490297391 187
1622753524194 0.9469728490297391 188
1622753531299 0.9469728490297391 189
1622753538452 0.9469728490297391 190
1622753545633 0.9469728490297391 191
1622753552843 0.9469728490297391 192
1622753560108 0.9469728490297391 193
1622753567424 0.9469728490297391 194
1622753574802 0.9469728490297391 195
1622753582147 0.9469728490297391 196
1622753589516 0.9469728490297391 197
1622753596956 0.9469728490297391 198
1622753604440 0.9469728490297391 199
1622753611879 0.9469728490297391 200
1622753619427 0.9469728490297391 201
1622753626960 0.9469728490297391 202
1622753634592 0.9469728490297391 203
1622753642299 0.9469728490297391 204
1622753650008 0.9469728490297391 205
1622753657741 0.9469728490297391 206
1622753665486 0.9469728490297391 207
1622753673259 0.9469728490297391 208
1622753681071 0.9469728490297391 209
1622753688934 0.9469728490297391 210
1622753696877 0.9469728490297391 211
1622753704757 0.9469728490297391 212
1622753712775 0.9469728490297391 213
1622753720772 0.9469728490297391 214
1622753728842 0.9469728490297391 215
1622753736880 0.9469728490297391 216
1622753744955 0.9469728490297391 217
1622753753134 0.9469728490297391 218
1622753761274 0.9469728490297391 219
1622753769506 0.9469728490297391 220
1622753777774 0.9469728490297391 221
1622753786091 0.9469728490297391 222
1622753794424 0.9469728490297391 223
1622753802771 0.9469728490297391 224
1622753811137 0.9469728490297391 225
1622753819636 0.9469728490297391 226
1622753828147 0.9469728490297391 227
1622753836652 0.9469728490297391 228
1622753845142 0.9469728490297391 229
1622753853761 0.9469728490297391 230
1622753862438 0.9469728490297391 231
1622753871134 0.9469728490297391 232
1622753879817 0.9469728490297391 233
1622753888644 0.9469728490297391 234
1622753897419 0.9469728490297391 235
1622753906305 0.9469728490297391 236
1622753915195 0.9469728490297391 237
1622753924157 0.9469728490297391 238
1622753933093 0.9469728490297391 239
1622753942063 0.9469728490297391 240
1622753951145 0.9469728490297391 241
1622753960274 0.9469728490297391 242
1622753969362 0.9469728490297391 243
1622753978566 0.9469728490297391 244
1622753987785 0.9469728490297391 245
1622753996953 0.9469728490297391 246
1622754006221 0.9469728490297391 247
1622754015485 0.9469728490297391 248
1622754024765 0.9469728490297391 249
1622754034085 0.9469728490297391 250
1622754043375 0.9469728490297391 251
1622754052772 0.9469728490297391 252
1622754062262 0.9469728490297391 253
1622754071731 0.9469728490297391 254
1622754081263 0.9469728490297391 255
1622754090751 0.9469728490297391 256
1622754100380 0.9469728490297391 257
1622754109924 0.9469728490297391 258
1622754119524 0.9469728490297391 259
1622754129178 0.9469728490297391 260
1622754138875 0.9469728490297391 261
1622754148650 0.9469728490297391 262
1622754158443 0.9469728490297391 263
1622754168196 0.9469728490297391 264
1622754178005 0.9469728490297391 265
1622754187912 0.9469728490297391 266
1622754197922 0.9469728490297391 267
1622754208207 0.9469728490297391 268
1622754218226 0.9469728490297391 269
1622754228365 0.9469728490297391 270
1622754238477 0.9469728490297391 271
1622754248563 0.9469728490297391 272
1622754258728 0.9469728490297391 273
1622754268967 0.9469728490297391 274
1622754279233 0.9469728490297391 275
1622754289457 0.9469728490297391 276
1622754299763 0.9469728490297391 277
1622754310105 0.9469728490297391 278
1622754320511 0.9469728490297391 279
1622754330956 0.9469728490297391 280
1622754341377 0.9469728490297391 281
1622754351978 0.9469728490297391 282
1622754362511 0.9469728490297391 283
1622754373157 0.9469728490297391 284
1622754383731 0.9469728490297391 285
1622754394372 0.9469728490297391 286
1622754405057 0.9469728490297391 287
1622754415711 0.9469728490297391 288
1622754426442 0.9469728490297391 289
1622754437174 0.9469728490297391 290
1622754448026 0.9469728490297391 291
1622754458849 0.9469728490297391 292
1622754469683 0.9469728490297391 293
1622754480646 0.9469728490297391 294
1622754491675 0.9469728490297391 295
1622754502671 0.9469728490297391 296
1622754513770 0.9469728490297391 297
1622754524835 0.9469728490297391 298
1622754535995 0.9469728490297391 299
1622754547119 0.9469728490297391 300
1622754558245 0.9469728490297391 301
1622754569448 0.9469728490297391 302
1622754580751 0.9469728490297391 303
1622754592046 0.9469728490297391 304
1622754603397 0.9469728490297391 305
1622754614691 0.9469728490297391 306
1622754626087 0.9469728490297391 307
1622754637626 0.9469728490297391 308
1622754649061 0.9469728490297391 309
1622754660536 0.9469728490297391 310
1622754672025 0.9469728490297391 311
1622754683621 0.9469728490297391 312
1622754695216 0.9469728490297391 313
1622754706915 0.9469728490297391 314
1622754718646 0.9469728490297391 315
1622754730325 0.9469728490297391 316
1622754742058 0.9469728490297391 317
1622754753836 0.9469728490297391 318
1622754765652 0.9469728490297391 319
1622754777477 0.9469728490297391 320
1622754789305 0.9469728490297391 321
1622754801189 0.9469728490297391 322
1622754813160 0.9469728490297391 323
1622754825180 0.9469728490297391 324
1622754837237 0.9469728490297391 325
1622754849241 0.9469728490297391 326
1622754861343 0.9469728490297391 327
1622754873420 0.9469728490297391 328
1622754885626 0.9469728490297391 329
1622754897889 0.9469728490297391 330
1622754910568 0.9469728490297391 331
1622754923522 0.9469728490297391 332
1622754935898 0.9469728490297391 333
1622754948284 0.9469728490297391 334
1622754960743 0.9469728490297391 335
1622754973258 0.9469728490297391 336
1622754985755 0.9469728490297391 337
1622754998202 0.9469728490297391 338
1622755010692 0.9469728490297391 339
1622755023264 0.9469728490297391 340
1622755035844 0.9469728490297391 341
1622755048566 0.9469728490297391 342
1622755061266 0.9469728490297391 343
1622755074053 0.9469728490297391 344
1622755086802 0.9469728490297391 345
1622755099583 0.9469728490297391 346
1622755112388 0.9469728490297391 347
1622755125265 0.9469728490297391 348
1622755138115 0.9469728490297391 349
1622755151092 0.9469728490297391 350
1622755164066 0.9469728490297391 351
1622755177070 0.9469728490297391 352
1622755190170 0.9469728490297391 353
1622755204335 0.9469728490297391 354
1622755217486 0.9469728490297391 355
1622755230812 0.9469728490297391 356
1622755244015 0.9469728490297391 357
1622755257250 0.9469728490297391 358
1622755270498 0.9469728490297391 359
1622755283755 0.9469728490297391 360
1622755297040 0.9469728490297391 361
1622755310436 0.9469728490297391 362
1622755323810 0.9469728490297391 363
1622755337134 0.9469728490297391 364
1622755350592 0.9469728490297391 365
1622755364183 0.9469728490297391 366
1622755377683 0.9469728490297391 367
1622755391325 0.9469728490297391 368
1622755404986 0.9469728490297391 369
1622755418566 0.9469728490297391 370
1622755432258 0.9469728490297391 371
1622755445954 0.9469728490297391 372
1622755459680 0.9469728490297391 373
1622755473419 0.9469728490297391 374
1622755487180 0.9469728490297391 375
1622755501027 0.9469728490297391 376
1622755514830 0.9469728490297391 377
1622755528772 0.9469728490297391 378
1622755542747 0.9469728490297391 379
1622755556705 0.9469728490297391 380
1622755570682 0.9469728490297391 381
1622755584726 0.9469728490297391 382
1622755598869 0.9469728490297391 383
1622755612999 0.9469728490297391 384
1622755627363 0.9469728490297391 385
1622755641857 0.9469728490297391 386
1622755656200 0.9469728490297391 387
1622755670562 0.9469728490297391 388
1622755684954 0.9469728490297391 389
1622755699348 0.9469728490297391 390
1622755713824 0.9469728490297391 391
1622755728246 0.9469728490297391 392
1622755742740 0.9469728490297391 393
1622755757279 0.9469728490297391 394
1622755772127 0.9469728490297391 395
1622755786892 0.9469728490297391 396
1622755801840 0.9469728490297391 397
1622755816686 0.9469728490297391 398
1622755831455 0.9469728490297391 399
1622755846182 0.9469728490297391 400
1622755860994 0.9469728490297391 401
1622755875859 0.9469728490297391 402
1622755890870 0.9469728490297391 403
1622755905735 0.9469728490297391 404
1622755920646 0.9469728490297391 405
1622755935559 0.9469728490297391 406
1622755950463 0.9469728490297391 407
1622755965517 0.9469728490297391 408
1622755980475 0.9469728490297391 409
1622755995598 0.9469728490297391 410
1622756010755 0.9469728490297391 411
1622756025916 0.9469728490297391 412
1622756041022 0.9469728490297391 413
1622756056164 0.9469728490297391 414
1622756071382 0.9469728490297391 415
1622756086634 0.9469728490297391 416
1622756101966 0.9469728490297391 417
1622756117375 0.9469728490297391 418
1622756132765 0.9469728490297391 419
1622756148203 0.9469728490297391 420
1622756163597 0.9469728490297391 421
1622756179187 0.9469728490297391 422
1622756194611 0.9469728490297391 423
1622756210209 0.9469728490297391 424
1622756225722 0.9469728490297391 425
1622756241438 0.9469728490297391 426
1622756257170 0.9469728490297391 427
1622756273106 0.9469728490297391 428
1622756289825 0.9469728490297391 429
1622756305653 0.9469728490297391 430
1622756321496 0.9469728490297391 431
1622756337452 0.9469728490297391 432
1622756353300 0.9469728490297391 433
1622756369214 0.9469728490297391 434
1622756385239 0.9469728490297391 435
1622756401092 0.9469728490297391 436
1622756417138 0.9469728490297391 437
1622756433149 0.9469728490297391 438
1622756449277 0.9469728490297391 439
1622756465410 0.9469728490297391 440
1622756481605 0.9469728490297391 441
1622756497787 0.9469728490297391 442
1622756513938 0.9469728490297391 443
1622756530199 0.9469728490297391 444
1622756546403 0.9469728490297391 445
1622756562675 0.9469728490297391 446
1622756579076 0.9469728490297391 447
1622756595435 0.9469728490297391 448
1622756611791 0.9469728490297391 449
1622756628231 0.9469728490297391 450
1622756644784 0.9469728490297391 451
1622756661269 0.9469728490297391 452
1622756677828 0.9469728490297391 453
1622756694367 0.9469728490297391 454
1622756711051 0.9469728490297391 455
1622756727681 0.9469728490297391 456
1622756744371 0.9469728490297391 457
1622756761047 0.9469728490297391 458
1622756777833 0.9469728490297391 459
1622756794595 0.9469728490297391 460
1622756811538 0.9469728490297391 461
1622756828396 0.9469728490297391 462
1622756845419 0.9469728490297391 463
1622756862409 0.9469728490297391 464
1622756879335 0.9469728490297391 465
1622756896434 0.9469728490297391 466
1622756913579 0.9469728490297391 467
1622756930778 0.9469728490297391 468
1622756947927 0.9469728490297391 469
1622756966024 0.9469728490297391 470
1622756983508 0.9469728490297391 471
1622757000853 0.9469728490297391 472
1622757018139 0.9469728490297391 473
1622757035507 0.9469728490297391 474
1622757052852 0.9469728490297391 475
1622757070217 0.9469728490297391 476
1622757087663 0.9469728490297391 477
1622757105228 0.9469728490297391 478
1622757122820 0.9469728490297391 479
1622757140386 0.9469728490297391 480
1622757157962 0.9469728490297391 481
1622757175934 0.9469728490297391 482
1622757193731 0.9469728490297391 483
1622757211455 0.9469728490297391 484
1622757229275 0.9469728490297391 485
1622757247066 0.9469728490297391 486
1622757264961 0.9469728490297391 487
1622757282855 0.9469728490297391 488
1622757300743 0.9469728490297391 489
1622757319668 0.9469728490297391 490
1622757337590 0.9469728490297391 491
1622757355583 0.9469728490297391 492
1622757373571 0.9469728490297391 493
1622757391659 0.9469728490297391 494
1622757409924 0.9469728490297391 495
1622757427977 0.9469728490297391 496
1622757446131 0.9469728490297391 497
1622757464297 0.9469728490297391 498
1622757482571 0.9469728490297391 499
1622757500925 0.9469728490297391 500
