1622752804727 0.376 0
1622752805261 0.452 1
1622752805780 0.528 2
1622752806338 0.604 3
1622752806919 0.6799999999999999 4
1622752807542 0.7569999999999999 5
1622752808204 0.8329999999999999 6
1622752808883 0.9079999999999998 7
1622752809601 0.9849999999999998 8
1622752810372 1.0599999999999998 9
1622752811176 1.1349999999999998 10
1622752812007 1.2099999999999997 11
1622752812887 1.2849999999999997 12
1622752813799 1.3599999999999997 13
1622752814723 1.4349999999999996 14
1622752815704 1.5099999999999996 15
1622752816719 1.5849999999999995 16
1622752817763 1.6609999999999996 17
1622752818860 1.7359999999999995 18
1622752819979 1.8109999999999995 19
1622752821133 1.8869999999999996 20
1622752822325 1.9619999999999995 21
1622752823558 2.0379999999999994 22
1622752824839 2.1139999999999994 23
1622752826136 2.1889999999999996 24
1622752827470 2.264 25
1622752828800 2.339 26
1622752830203 2.414 27
1622752831641 2.4890000000000003 28
1622752833128 2.5660000000000003 29
1622752834644 2.6410000000000005 30
1622752836183 2.7170000000000005 31
1622752837770 2.7910000000000004 32
1622752839376 2.8660000000000005 33
1622752841012 2.9410000000000007 34
1622752842700 3.017000000000001 35
1622752845399 3.166000000000001 36
1622752847142 3.2430000000000008 37
1622752848939 3.319000000000001 38
1622752850780 3.395000000000001 39
1622752852651 3.470000000000001 40
1622752854548 3.547000000000001 41
1622752856499 3.623000000000001 42
1622752858457 3.699000000000001 43
1622752860497 3.7740000000000014 44
1622752862512 3.8510000000000013 45
1622752864612 3.9270000000000014 46
1622752866744 4.003000000000001 47
1622752868901 4.079000000000001 48
1622752871107 4.154000000000001 49
1622752873321 4.229000000000001 50
1622752875555 4.304000000000001 51
1622752877842 4.379000000000001 52
1622752880201 4.455000000000001 53
1622752882582 4.530000000000001 54
1622752884996 4.606000000000001 55
1622752887413 4.681000000000001 56
1622752889854 4.757000000000001 57
1622752892355 4.832000000000001 58
1622752894888 4.907000000000001 59
1622752897467 4.9830000000000005 60
1622752900047 5.059 61
1622752902670 5.135 62
1622752905311 5.21 63
1622752908051 5.285 64
1622752910819 5.361 65
1622752913571 5.436 66
1622752916403 5.511 67
1622752919324 5.589 68
1622752922241 5.665 69
1622752925175 5.741 70
1622752928155 5.816999999999999 71
1622752931172 5.892999999999999 72
1622752934236 5.9689999999999985 73
1622752937332 6.044999999999998 74
1622752940459 6.119999999999998 75
1622752943620 6.1949999999999985 76
1622752946802 6.270999999999998 77
1622752949995 6.345999999999998 78
1622752953229 6.421999999999998 79
1622752956513 6.4979999999999976 80
1622752959809 6.573999999999997 81
1622752963202 6.649999999999997 82
1622752966587 6.724999999999997 83
1622752970020 6.799999999999997 84
1622752973480 6.876999999999997 85
1622752976978 6.952999999999997 86
1622752980531 7.027999999999997 87
1622752984094 7.1039999999999965 88
1622752987722 7.178999999999997 89
1622752991361 7.254999999999996 90
1622752995029 7.330999999999996 91
1622752998776 7.405999999999996 92
1622753002568 7.480999999999996 93
1622753006354 7.556999999999996 94
1622753010195 7.631999999999996 95
1622753014045 7.707999999999996 96
1622753018040 7.784999999999996 97
1622753022171 7.863999999999995 98
1622753026230 7.944999999999996 99
1622753030274 8.019999999999996 100
1622753034415 8.094999999999995 101
1622753038529 8.170999999999996 102
1622753042666 8.246999999999996 103
1622753046857 8.322999999999997 104
1622753051034 8.397999999999996 105
1622753055257 8.473999999999997 106
1622753059462 8.547999999999996 107
1622753063735 8.621999999999996 108
1622753068049 8.696999999999996 109
1622753072384 8.772999999999996 110
1622753076831 8.847999999999995 111
1622753081234 8.922999999999995 112
1622753085712 8.997999999999994 113
1622753090216 9.071999999999994 114
1622753094744 9.147999999999994 115
1622753099304 9.223999999999995 116
1622753103919 9.300999999999995 117
1622753108603 9.376999999999995 118
1622753113300 9.453999999999995 119
1622753118020 9.529999999999996 120
1622753122778 9.605999999999996 121
1622753127576 9.681999999999997 122
1622753132403 9.756999999999996 123
1622753137209 9.832999999999997 124
1622753142105 9.906999999999996 125
1622753146997 9.981999999999996 126
1622753151938 10.056999999999995 127
1622753156936 10.132999999999996 128
1622753161917 10.208999999999996 129
1622753166974 10.283999999999995 130
1622753172079 10.358999999999995 131
1622753177159 10.433999999999994 132
1622753182414 10.510999999999994 133
1622753188742 10.588999999999993 134
1622753194024 10.664999999999994 135
1622753199369 10.740999999999994 136
1622753204806 10.816999999999995 137
1622753210210 10.892999999999995 138
1622753216669 11.043999999999995 139
1622753222096 11.118999999999994 140
1622753227532 11.194999999999995 141
1622753233027 11.269999999999994 142
1622753238644 11.344999999999994 143
1622753244191 11.419999999999993 144
1622753249765 11.495999999999993 145
1622753255402 11.570999999999993 146
1622753261028 11.647999999999993 147
1622753266711 11.722999999999992 148
1622753272470 11.797999999999991 149
1622753278286 11.871999999999991 150
1622753284129 11.94599999999999 151
1622753290058 12.021999999999991 152
1622753296012 12.09699999999999 153
1622753301958 12.17199999999999 154
1622753307893 12.24799999999999 155
1622753313873 12.323999999999991 156
1622753319907 12.399999999999991 157
1622753325956 12.47499999999999 158
1622753332056 12.54899999999999 159
1622753338210 12.62399999999999 160
1622753344379 12.69999999999999 161
1622753350596 12.775999999999991 162
1622753356864 12.85099999999999 163
1622753363081 12.92599999999999 164
1622753369405 13.000999999999989 165
1622753375789 13.075999999999988 166
1622753382131 13.151999999999989 167
1622753388609 13.226999999999988 168
1622753395091 13.302999999999988 169
1622753401577 13.377999999999988 170
1622753408102 13.453999999999988 171
1622753414603 13.528999999999987 172
1622753421189 13.604999999999988 173
1622753427793 13.679999999999987 174
1622753434427 13.754999999999987 175
1622753441087 13.828999999999986 176
1622753447821 13.903999999999986 177
1622753454519 13.978999999999985 178
1622753461350 14.053999999999984 179
1622753468179 14.128999999999984 180
1622753475109 14.202999999999983 181
1622753482093 14.278999999999984 182
1622753489014 14.353999999999983 183
1622753496001 14.428999999999983 184
1622753503030 14.504999999999983 185
1622753510084 14.578999999999983 186
1622753517098 14.653999999999982 187
1622753524213 14.729999999999983 188
1622753531318 14.805999999999983 189
1622753538472 14.880999999999982 190
1622753545654 14.956999999999983 191
1622753552862 15.031999999999982 192
1622753560128 15.106999999999982 193
1622753567443 15.183999999999982 194
1622753574820 15.259999999999982 195
1622753582165 15.335999999999983 196
1622753589535 15.410999999999982 197
1622753596976 15.485999999999981 198
1622753604459 15.56099999999998 199
1622753611899 15.63599999999998 200
1622753619447 15.710999999999979 201
1622753626979 15.785999999999978 202
1622753634612 15.861999999999979 203
1622753642318 15.936999999999978 204
1622753650028 16.012999999999977 205
1622753657761 16.088999999999977 206
1622753665508 16.164999999999978 207
1622753673279 16.239999999999977 208
1622753681091 16.315999999999978 209
1622753688953 16.391999999999978 210
1622753696898 16.466999999999977 211
1622753704777 16.54099999999998 212
1622753712795 16.61599999999998 213
1622753720792 16.68999999999998 214
1622753728862 16.76499999999998 215
1622753736900 16.83999999999998 216
1622753744974 16.91699999999998 217
1622753753154 16.990999999999982 218
1622753761294 17.066999999999982 219
1622753769525 17.142999999999983 220
1622753777794 17.216999999999985 221
1622753786110 17.291999999999984 222
1622753794444 17.366999999999983 223
1622753802791 17.441999999999982 224
1622753811157 17.51699999999998 225
1622753819655 17.59199999999998 226
1622753828166 17.66799999999998 227
1622753836673 17.74299999999998 228
1622753845162 17.81799999999998 229
1622753853781 17.89399999999998 230
1622753862459 17.967999999999982 231
1622753871153 18.043999999999983 232
1622753879836 18.119999999999983 233
1622753888665 18.195999999999984 234
1622753897440 18.269999999999985 235
1622753906325 18.343999999999987 236
1622753915216 18.418999999999986 237
1622753924177 18.493999999999986 238
1622753933112 18.570999999999987 239
1622753942083 18.645999999999987 240
1622753951165 18.721999999999987 241
1622753960296 18.797999999999988 242
1622753969382 18.873999999999988 243
1622753978586 18.948999999999987 244
1622753987805 19.023999999999987 245
1622753996971 19.099999999999987 246
1622754006240 19.174999999999986 247
1622754015503 19.250999999999987 248
1622754024785 19.325999999999986 249
1622754034105 19.401999999999987 250
1622754043395 19.477999999999987 251
1622754052794 19.552999999999987 252
1622754062283 19.628999999999987 253
1622754071749 19.704999999999988 254
1622754081284 19.779999999999987 255
1622754090772 19.854999999999986 256
1622754100404 19.929999999999986 257
1622754109943 20.004999999999985 258
1622754119544 20.079999999999984 259
1622754129198 20.154999999999983 260
1622754138894 20.229999999999983 261
1622754148670 20.304999999999982 262
1622754158462 20.37999999999998 263
1622754168216 20.45499999999998 264
1622754178025 20.52999999999998 265
1622754187932 20.60599999999998 266
1622754197943 20.68199999999998 267
1622754208227 20.75799999999998 268
1622754218245 20.83299999999998 269
1622754228386 20.90799999999998 270
1622754238499 20.98299999999998 271
1622754248585 21.05899999999998 272
1622754258749 21.13499999999998 273
1622754268985 21.20999999999998 274
1622754279255 21.28599999999998 275
1622754289478 21.36099999999998 276
1622754299786 21.43699999999998 277
1622754310127 21.51299999999998 278
1622754320531 21.58899999999998 279
1622754330975 21.665999999999983 280
1622754341396 21.741999999999983 281
1622754351998 21.817999999999984 282
1622754362531 21.892999999999983 283
1622754373177 21.968999999999983 284
1622754383752 22.043999999999983 285
1622754394390 22.118999999999982 286
1622754405075 22.194999999999983 287
1622754415729 22.269999999999982 288
1622754426460 22.345999999999982 289
1622754437192 22.42099999999998 290
1622754448046 22.497999999999983 291
1622754458868 22.573999999999984 292
1622754469702 22.649999999999984 293
1622754480666 22.725999999999985 294
1622754491695 22.800999999999984 295
1622754502692 22.875999999999983 296
1622754513790 22.950999999999983 297
1622754524854 23.025999999999982 298
1622754536014 23.10099999999998 299
1622754547139 23.17599999999998 300
1622754558263 23.25099999999998 301
1622754569467 23.32699999999998 302
1622754580769 23.40299999999998 303
1622754592065 23.47899999999998 304
1622754603414 23.554999999999982 305
1622754614711 23.62999999999998 306
1622754626107 23.70599999999998 307
1622754637645 23.781999999999982 308
1622754649080 23.85699999999998 309
1622754660557 23.930999999999983 310
1622754672044 24.005999999999982 311
1622754683641 24.081999999999983 312
1622754695235 24.157999999999983 313
1622754706934 24.233999999999984 314
1622754718666 24.309999999999985 315
1622754730344 24.385999999999985 316
1622754742080 24.461999999999986 317
1622754753858 24.536999999999985 318
1622754765671 24.612999999999985 319
1622754777497 24.688999999999986 320
1622754789324 24.764999999999986 321
1622754801209 24.840999999999987 322
1622754813179 24.916999999999987 323
1622754825200 24.991999999999987 324
1622754837257 25.066999999999986 325
1622754849262 25.142999999999986 326
1622754861362 25.217999999999986 327
1622754873438 25.293999999999986 328
1622754885645 25.368999999999986 329
1622754897908 25.443999999999985 330
1622754910588 25.519999999999985 331
1622754923541 25.600999999999985 332
1622754935918 25.675999999999984 333
1622754948304 25.750999999999983 334
1622754960763 25.826999999999984 335
1622754973277 25.901999999999983 336
1622754985774 25.976999999999983 337
1622754998220 26.050999999999984 338
1622755010711 26.125999999999983 339
1622755023283 26.200999999999983 340
1622755035862 26.275999999999982 341
1622755048585 26.35099999999998 342
1622755061284 26.426999999999982 343
1622755074074 26.502999999999982 344
1622755086819 26.57799999999998 345
1622755099601 26.653999999999982 346
1622755112406 26.729999999999983 347
1622755125283 26.805999999999983 348
1622755138133 26.880999999999982 349
1622755151110 26.956999999999983 350
1622755164083 27.031999999999982 351
1622755177090 27.10699999999998 352
1622755190188 27.18199999999998 353
1622755204353 27.25699999999998 354
1622755217505 27.33299999999998 355
1622755230831 27.40799999999998 356
1622755244034 27.48299999999998 357
1622755257268 27.55799999999998 358
1622755270517 27.632999999999978 359
1622755283775 27.707999999999977 360
1622755297058 27.783999999999978 361
1622755310455 27.858999999999977 362
1622755323830 27.934999999999977 363
1622755337154 28.009999999999977 364
1622755350612 28.085999999999977 365
1622755364204 28.160999999999976 366
1622755377704 28.235999999999976 367
1622755391346 28.312999999999978 368
1622755405005 28.388999999999978 369
1622755418586 28.463999999999977 370
1622755432277 28.538999999999977 371
1622755445973 28.613999999999976 372
1622755459700 28.687999999999978 373
1622755473439 28.763999999999978 374
1622755487199 28.83999999999998 375
1622755501047 28.914999999999978 376
1622755514849 28.99099999999998 377
1622755528791 29.065999999999978 378
1622755542765 29.140999999999977 379
1622755556723 29.215999999999976 380
1622755570699 29.290999999999976 381
1622755584745 29.365999999999975 382
1622755598889 29.440999999999974 383
1622755613018 29.515999999999973 384
1622755627382 29.590999999999973 385
1622755641876 29.666999999999973 386
1622755656218 29.744999999999973 387
1622755670580 29.818999999999974 388
1622755684974 29.896999999999974 389
1622755699366 29.972999999999974 390
1622755713843 30.048999999999975 391
1622755728266 30.123999999999974 392
1622755742760 30.197999999999976 393
1622755757298 30.272999999999975 394
1622755772146 30.346999999999976 395
1622755786911 30.422999999999977 396
1622755801860 30.49999999999998 397
1622755816706 30.57599999999998 398
1622755831474 30.65099999999998 399
1622755846202 30.72699999999998 400
1622755861014 30.80299999999998 401
1622755875878 30.87799999999998 402
1622755890889 30.95399999999998 403
1622755905754 31.02899999999998 404
1622755920664 31.10499999999998 405
1622755935578 31.17999999999998 406
1622755950482 31.25599999999998 407
1622755965537 31.33199999999998 408
1622755980495 31.40899999999998 409
1622755995619 31.48399999999998 410
1622756010775 31.55899999999998 411
1622756025935 31.63399999999998 412
1622756041042 31.70899999999998 413
1622756056184 31.78499999999998 414
1622756071402 31.859999999999978 415
1622756086654 31.934999999999977 416
1622756101988 32.010999999999974 417
1622756117395 32.086999999999975 418
1622756132785 32.16199999999998 419
1622756148221 32.23799999999998 420
1622756163616 32.31299999999998 421
1622756179206 32.387999999999984 422
1622756194630 32.463999999999984 423
1622756210229 32.539999999999985 424
1622756225742 32.615999999999985 425
1622756241457 32.69099999999999 426
1622756257190 32.76699999999999 427
1622756273126 32.84199999999999 428
1622756289845 32.91799999999999 429
1622756305672 32.992999999999995 430
1622756321514 33.068999999999996 431
1622756337471 33.144 432
1622756353320 33.219 433
1622756369232 33.294000000000004 434
1622756385259 33.36900000000001 435
1622756401111 33.44400000000001 436
1622756417159 33.51800000000001 437
1622756433170 33.59300000000001 438
1622756449297 33.66700000000001 439
1622756465430 33.74200000000001 440
1622756481625 33.82400000000001 441
1622756497807 33.899000000000015 442
1622756513957 33.975000000000016 443
1622756530218 34.05000000000002 444
1622756546423 34.12500000000002 445
1622756562695 34.200000000000024 446
1622756579095 34.27400000000002 447
1622756595454 34.349000000000025 448
1622756611811 34.42400000000003 449
1622756628251 34.498000000000026 450
1622756644805 34.57300000000003 451
1622756661290 34.64800000000003 452
1622756677849 34.72200000000003 453
1622756694387 34.79700000000003 454
1622756711072 34.872000000000035 455
1622756727700 34.94700000000004 456
1622756744392 35.021000000000036 457
1622756761066 35.09600000000004 458
1622756777853 35.17100000000004 459
1622756794615 35.246000000000045 460
1622756811557 35.32100000000005 461
1622756828415 35.395000000000046 462
1622756845439 35.47000000000005 463
1622756862428 35.54500000000005 464
1622756879354 35.620000000000054 465
1622756896454 35.69500000000006 466
1622756913599 35.772000000000055 467
1622756930799 35.84700000000006 468
1622756947947 35.92300000000006 469
1622756966043 35.99700000000006 470
1622756983527 36.08200000000006 471
1622757000874 36.15700000000006 472
1622757018160 36.23200000000006 473
1622757035528 36.307000000000066 474
1622757052872 36.38200000000007 475
1622757070238 36.45700000000007 476
1622757087683 36.53100000000007 477
1622757105248 36.60700000000007 478
1622757122839 36.68200000000007 479
1622757140405 36.758000000000074 480
1622757157981 36.83300000000008 481
1622757175956 36.90800000000008 482
1622757193750 36.98300000000008 483
1622757211474 37.058000000000085 484
1622757229294 37.134000000000086 485
1622757247087 37.20900000000009 486
1622757264981 37.28400000000009 487
1622757282875 37.359000000000094 488
1622757300761 37.4340000000001 489
1622757319688 37.5090000000001 490
1622757337609 37.5840000000001 491
1622757355603 37.6600000000001 492
1622757373589 37.736000000000104 493
1622757391679 37.81100000000011 494
1622757409944 37.88600000000011 495
1622757427997 37.96200000000011 496
1622757446150 38.03700000000011 497
1622757464317 38.11300000000011 498
1622757482591 38.18700000000011 499
1622757500945 38.262000000000114 500
