1622610975067 -121.16083260253211 0
1622610975612 -36.09643498813648 1
1622610976151 -36.09643498813648 2
1622610976733 -36.09643498813648 3
1622610977353 -36.09643498813648 4
1622610977984 -36.09643498813648 5
1622610978656 -36.09643498813648 6
1622610979363 -36.09643498813648 7
1622610980130 -36.09643498813648 8
1622610980913 -36.09643498813648 9
1622610981741 -36.09643498813648 10
1622610982607 -36.09643498813648 11
1622610983494 -36.09643498813648 12
1622610984426 -36.09643498813648 13
1622610985409 -36.09643498813648 14
1622610986410 -36.09643498813648 15
1622610987451 -36.09643498813648 16
1622610988523 -36.09643498813648 17
1622610989632 -36.09643498813648 18
1622610990751 -36.09643498813648 19
1622610991919 -36.09643498813648 20
1622610993152 -36.09643498813648 21
1622610994430 -36.09643498813648 22
1622610995739 -36.09643498813648 23
1622610997085 -36.09643498813648 24
1622610998460 -36.09643498813648 25
1622610999863 -36.09643498813648 26
1622611001292 -36.09643498813648 27
1622611002748 -36.09643498813648 28
1622611004278 -36.09643498813648 29
1622611005848 -36.09643498813648 30
1622611007434 -36.09643498813648 31
1622611009051 -36.09643498813648 32
1622611010717 -36.09643498813648 33
1622611012388 -36.09643498813648 34
1622611014112 -36.09643498813648 35
1622611015866 -36.09643498813648 36
1622611017637 -36.09643498813648 37
1622611019447 -36.09643498813648 38
1622611021294 -36.09643498813648 39
1622611023150 -36.09643498813648 40
1622611025104 -36.09643498813648 41
1622611027114 -36.09643498813648 42
1622611029122 -36.09643498813648 43
1622611031153 -36.09643498813648 44
1622611033213 -36.09643498813648 45
1622611035340 -36.09643498813648 46
1622611037506 -36.09643498813648 47
1622611039704 -36.09643498813648 48
1622611041931 -36.09643498813648 49
1622611044190 -36.09643498813648 50
1622611046503 -36.09643498813648 51
1622611048832 -36.09643498813648 52
1622611051198 -36.09643498813648 53
1622611053612 -36.09643498813648 54
1622611056008 -36.09643498813648 55
1622611058467 -36.09643498813648 56
1622611060972 -36.09643498813648 57
1622611063515 -36.09643498813648 58
1622611066141 -36.09643498813648 59
1622611068759 -36.09643498813648 60
1622611071519 -36.09643498813648 61
1622611074201 -36.09643498813648 62
1622611076904 -36.09643498813648 63
1622611079653 -36.09643498813648 64
1622611082454 -36.09643498813648 65
1622611085275 -36.09643498813648 66
1622611088128 -36.09643498813648 67
1622611091252 -36.09643498813648 68
1622611094339 -36.09643498813648 69
1622611097315 -36.09643498813648 70
1622611100309 -36.09643498813648 71
1622611103329 -36.09643498813648 72
1622611106365 -36.09643498813648 73
1622611109499 -36.09643498813648 74
1622611112637 -36.09643498813648 75
1622611115779 -36.09643498813648 76
1622611118973 -36.09643498813648 77
1622611122199 -36.09643498813648 78
1622611125452 -36.09643498813648 79
1622611128774 -36.09643498813648 80
1622611132134 -36.09643498813648 81
1622611135528 -36.09643498813648 82
1622611138960 -36.09643498813648 83
1622611142418 -36.09643498813648 84
1622611145931 -36.09643498813648 85
1622611149501 -36.09643498813648 86
1622611153061 -36.09643498813648 87
1622611156894 -36.09643498813648 88
1622611160666 -36.09643498813648 89
1622611164553 -36.09643498813648 90
1622611168281 -36.09643498813648 91
1622611172066 -36.09643498813648 92
1622611175894 -36.09643498813648 93
1622611179726 -36.09643498813648 94
1622611183543 -36.09643498813648 95
1622611187439 -36.09643498813648 96
1622611191348 -36.09643498813648 97
1622611195325 -36.09643498813648 98
1622611199330 -36.09643498813648 99
1622611203394 -36.09643498813648 100
1622611207470 -36.09643498813648 101
1622611211610 -36.09643498813648 102
1622611215774 -36.09643498813648 103
1622611220022 -36.09643498813648 104
1622611224374 -36.09643498813648 105
1622611228646 -36.09643498813648 106
1622611234028 -36.09643498813648 107
1622611238483 -36.09643498813648 108
1622611243123 -36.09643498813648 109
1622611247756 -36.09643498813648 110
1622611252445 -36.09643498813648 111
1622611257312 -36.09643498813648 112
1622611262185 -36.09643498813648 113
1622611266775 -36.09643498813648 114
1622611271487 -36.09643498813648 115
1622611276212 -36.09643498813648 116
1622611280856 -36.09643498813648 117
1622611285614 -36.09643498813648 118
1622611290287 -36.09643498813648 119
1622611295059 -36.09643498813648 120
1622611299841 -36.09643498813648 121
1622611304665 -36.09643498813648 122
1622611309495 -36.09643498813648 123
1622611314396 -36.09643498813648 124
1622611319305 -36.09643498813648 125
1622611324310 -36.09643498813648 126
1622611329381 -36.09643498813648 127
1622611334515 -36.09643498813648 128
1622611339629 -36.09643498813648 129
1622611344770 -36.09643498813648 130
1622611349936 -36.09643498813648 131
1622611355119 -36.09643498813648 132
1622611360261 -36.09643498813648 133
1622611365572 -36.09643498813648 134
1622611370855 -36.09643498813648 135
1622611376232 -36.09643498813648 136
1622611381854 -36.09643498813648 137
1622611387263 -36.09643498813648 138
1622611392696 -36.09643498813648 139
1622611398133 -36.09643498813648 140
1622611403620 -36.09643498813648 141
1622611409175 -36.09643498813648 142
1622611414742 -36.09643498813648 143
1622611420345 -36.09643498813648 144
1622611426037 -36.09643498813648 145
1622611431678 -36.09643498813648 146
1622611437383 -36.09643498813648 147
1622611443325 -36.09643498813648 148
1622611449217 -36.09643498813648 149
1622611455052 -36.09643498813648 150
1622611460946 -36.09643498813648 151
1622611466831 -36.09643498813648 152
1622611472813 -36.09643498813648 153
1622611478791 -36.09643498813648 154
1622611484806 -36.09643498813648 155
1622611490812 -36.09643498813648 156
1622611496905 -36.09643498813648 157
1622611503017 -36.09643498813648 158
1622611509197 -36.09643498813648 159
1622611515385 -36.09643498813648 160
1622611521572 -36.09643498813648 161
1622611527847 -36.09643498813648 162
1622611534118 -36.09643498813648 163
1622611541481 -36.09643498813648 164
1622611547928 -36.09643498813648 165
1622611554365 -36.09643498813648 166
1622611560884 -36.09643498813648 167
1622611567363 -36.09643498813648 168
1622611573870 -36.09643498813648 169
1622611580407 -36.09643498813648 170
1622611587002 -36.09643498813648 171
1622611593590 -36.09643498813648 172
1622611600256 -36.09643498813648 173
1622611606949 -36.09643498813648 174
1622611613690 -36.09643498813648 175
1622611620416 -36.09643498813648 176
1622611627242 -36.09643498813648 177
1622611634072 -36.09643498813648 178
1622611640983 -36.09643498813648 179
1622611648134 -36.09643498813648 180
1622611655064 -36.09643498813648 181
1622611662036 -36.09643498813648 182
1622611669025 -36.09643498813648 183
1622611676039 -36.09643498813648 184
1622611683190 -36.09643498813648 185
1622611690319 -36.09643498813648 186
1622611697490 -36.09643498813648 187
1622611704685 -36.09643498813648 188
1622611711886 -36.09643498813648 189
1622611719121 -36.09643498813648 190
1622611726422 -36.09643498813648 191
1622611733721 -36.09643498813648 192
1622611741115 -36.09643498813648 193
1622611748544 -36.09643498813648 194
1622611756010 -36.09643498813648 195
1622611763455 -36.09643498813648 196
1622611771010 -36.09643498813648 197
1622611778514 -36.09643498813648 198
1622611786138 -36.09643498813648 199
1622611793735 -36.09643498813648 200
1622611801409 -36.09643498813648 201
1622611809065 -36.09643498813648 202
1622611816848 -36.09643498813648 203
1622611824626 -36.09643498813648 204
1622611832428 -36.09643498813648 205
1622611840238 -36.09643498813648 206
1622611848116 -36.09643498813648 207
1622611855946 -36.09643498813648 208
1622611864106 -36.09643498813648 209
1622611872361 -36.09643498813648 210
1622611880375 -36.09643498813648 211
1622611888376 -36.09643498813648 212
1622611896547 -36.09643498813648 213
1622611904635 -36.09643498813648 214
1622611912829 -36.09643498813648 215
1622611922015 -36.09643498813648 216
1622611930890 -36.09643498813648 217
1622611939136 -36.09643498813648 218
1622611947444 -36.09643498813648 219
1622611955765 -36.09643498813648 220
1622611964137 -36.09643498813648 221
1622611972881 -36.09643498813648 222
1622611981323 -36.09643498813648 223
1622611990876 -36.09643498813648 224
1622611999445 -36.09643498813648 225
1622612008296 -36.09643498813648 226
1622612017239 -36.09643498813648 227
1622612025826 -36.09643498813648 228
1622612034421 -36.09643498813648 229
1622612043187 -36.09643498813648 230
1622612051971 -36.09643498813648 231
1622612060731 -36.09643498813648 232
1622612069445 -36.09643498813648 233
1622612078232 -36.09643498813648 234
1622612087125 -36.09643498813648 235
1622612096014 -36.09643498813648 236
1622612104889 -36.09643498813648 237
1622612113863 -36.09643498813648 238
1622612122890 -36.09643498813648 239
1622612132011 -36.09643498813648 240
1622612141110 -36.09643498813648 241
1622612150233 -36.09643498813648 242
1622612159324 -36.09643498813648 243
1622612168484 -36.09643498813648 244
1622612177694 -36.09643498813648 245
1622612186875 -36.09643498813648 246
1622612196138 -36.09643498813648 247
1622612205545 -36.09643498813648 248
1622612215296 -36.09643498813648 249
1622612224719 -36.09643498813648 250
1622612234093 -36.09643498813648 251
1622612243505 -36.09643498813648 252
1622612253065 -36.09643498813648 253
1622612262930 -36.09643498813648 254
1622612272553 -36.09643498813648 255
1622612282659 -36.09643498813648 256
1622612293382 -36.09643498813648 257
1622612303078 -36.09643498813648 258
1622612312803 -36.09643498813648 259
1622612322557 -36.09643498813648 260
1622612332360 -36.09643498813648 261
1622612342244 -36.09643498813648 262
1622612352384 -36.09643498813648 263
1622612362331 -36.09643498813648 264
1622612372620 -36.09643498813648 265
1622612382596 -36.09643498813648 266
1622612392590 -36.09643498813648 267
1622612402634 -36.09643498813648 268
1622612412736 -36.09643498813648 269
1622612422873 -36.09643498813648 270
1622612433106 -36.09643498813648 271
1622612443916 -36.09643498813648 272
1622612454299 -36.09643498813648 273
1622612464582 -36.09643498813648 274
1622612474943 -36.09643498813648 275
1622612485929 -36.09643498813648 276
1622612497524 -36.09643498813648 277
1622612508283 -36.09643498813648 278
1622612518947 -36.09643498813648 279
1622612529447 -36.09643498813648 280
1622612539927 -36.09643498813648 281
1622612550630 -36.09643498813648 282
1622612561542 -36.09643498813648 283
1622612572186 -36.09643498813648 284
1622612582815 -36.09643498813648 285
1622612593575 -36.09643498813648 286
1622612604375 -36.09643498813648 287
1622612615587 -36.09643498813648 288
1622612626986 -36.09643498813648 289
1622612637845 -36.09643498813648 290
1622612649097 -36.09643498813648 291
1622612660012 -36.09643498813648 292
1622612671085 -36.09643498813648 293
1622612682144 -36.09643498813648 294
1622612693603 -36.09643498813648 295
1622612704745 -36.09643498813648 296
1622612715928 -36.09643498813648 297
1622612727127 -36.09643498813648 298
1622612738428 -36.09643498813648 299
1622612749621 -36.09643498813648 300
1622612760851 -36.09643498813648 301
1622612772127 -36.09643498813648 302
1622612783617 -36.09643498813648 303
1622612795027 -36.09643498813648 304
1622612806535 -36.09643498813648 305
1622612818103 -36.09643498813648 306
1622612829657 -36.09643498813648 307
1622612841153 -36.09643498813648 308
1622612852768 -36.09643498813648 309
1622612864361 -36.09643498813648 310
1622612876001 -36.09643498813648 311
1622612887860 -36.09643498813648 312
1622612899664 -36.09643498813648 313
1622612911492 -36.09643498813648 314
1622612923370 -36.09643498813648 315
1622612935365 -36.09643498813648 316
1622612947266 -36.09643498813648 317
1622612959194 -36.09643498813648 318
1622612971149 -36.09643498813648 319
1622612983094 -36.09643498813648 320
1622612995056 -36.09643498813648 321
1622613007063 -36.09643498813648 322
1622613019038 -36.09643498813648 323
1622613031131 -36.09643498813648 324
1622613043226 -36.09643498813648 325
1622613055372 -36.09643498813648 326
1622613067637 -36.09643498813648 327
1622613080579 -36.09643498813648 328
1622613093706 -36.09643498813648 329
1622613106035 -36.09643498813648 330
1622613118309 -36.09643498813648 331
1622613130737 -36.09643498813648 332
1622613143237 -36.09643498813648 333
1622613155706 -36.09643498813648 334
1622613168305 -36.09643498813648 335
1622613180801 -36.09643498813648 336
1622613193326 -36.09643498813648 337
1622613205814 -36.09643498813648 338
1622613218659 -36.09643498813648 339
1622613231318 -36.09643498813648 340
1622613244029 -36.09643498813648 341
1622613256843 -36.09643498813648 342
1622613269673 -36.09643498813648 343
1622613282458 -36.09643498813648 344
1622613295226 -36.09643498813648 345
1622613308187 -36.09643498813648 346
1622613321068 -36.09643498813648 347
1622613334515 -36.09643498813648 348
1622613347918 -36.09643498813648 349
1622613361151 -36.09643498813648 350
1622613374180 -36.09643498813648 351
1622613387267 -36.09643498813648 352
1622613400442 -36.09643498813648 353
1622613413892 -36.09643498813648 354
1622613428057 -36.09643498813648 355
1622613443030 -36.09643498813648 356
1622613456628 -36.09643498813648 357
1622613469935 -36.09643498813648 358
1622613483219 -36.09643498813648 359
1622613496626 -36.09643498813648 360
1622613510104 -36.09643498813648 361
1622613523445 -36.09643498813648 362
1622613536909 -36.09643498813648 363
1622613550437 -36.09643498813648 364
1622613564127 -36.09643498813648 365
1622613578858 -36.09643498813648 366
1622613593123 -36.09643498813648 367
1622613606792 -36.09643498813648 368
1622613620508 -36.09643498813648 369
1622613634207 -36.09643498813648 370
1622613647864 -36.09643498813648 371
1622613661617 -36.09643498813648 372
1622613675400 -36.09643498813648 373
1622613689184 -36.09643498813648 374
1622613703142 -36.09643498813648 375
1622613716994 -36.09643498813648 376
1622613730932 -36.09643498813648 377
1622613744849 -36.09643498813648 378
1622613758853 -36.09643498813648 379
1622613772844 -36.09643498813648 380
1622613787306 -36.09643498813648 381
1622613801420 -36.09643498813648 382
1622613815489 -36.09643498813648 383
1622613829627 -36.09643498813648 384
1622613843847 -36.09643498813648 385
1622613860049 -36.09643498813648 386
1622613875056 -36.09643498813648 387
1622613889568 -36.09643498813648 388
1622613904574 -36.09643498813648 389
1622613919019 -36.09643498813648 390
1622613933595 -36.09643498813648 391
1622613948922 -36.09643498813648 392
1622613964506 -36.09643498813648 393
1622613979579 -36.09643498813648 394
1622613994187 -36.09643498813648 395
1622614008785 -36.09643498813648 396
1622614023474 -36.09643498813648 397
1622614038250 -36.09643498813648 398
1622614053075 -36.09643498813648 399
1622614067826 -36.09643498813648 400
1622614082735 -36.09643498813648 401
1622614097625 -36.09643498813648 402
1622614112579 -36.09643498813648 403
1622614127814 -36.09643498813648 404
1622614143767 -36.09643498813648 405
1622614159275 -36.09643498813648 406
1622614174551 -36.09643498813648 407
1622614189702 -36.09643498813648 408
1622614204848 -36.09643498813648 409
1622614220105 -36.09643498813648 410
1622614235477 -36.09643498813648 411
1622614250827 -36.09643498813648 412
1622614266496 -36.09643498813648 413
1622614282498 -36.09643498813648 414
1622614298576 -36.09643498813648 415
1622614313963 -36.09643498813648 416
1622614329319 -36.09643498813648 417
1622614344737 -36.09643498813648 418
1622614360184 -36.09643498813648 419
1622614375753 -36.09643498813648 420
1622614391510 -36.09643498813648 421
1622614407070 -36.09643498813648 422
1622614422720 -36.09643498813648 423
1622614438741 -36.09643498813648 424
1622614454395 -36.09643498813648 425
1622614470808 -36.09643498813648 426
1622614486466 -36.09643498813648 427
1622614502334 -36.09643498813648 428
1622614518161 -36.09643498813648 429
1622614534015 -36.09643498813648 430
1622614550265 -36.09643498813648 431
1622614567300 -36.09643498813648 432
1622614583871 -36.09643498813648 433
1622614600292 -36.09643498813648 434
1622614616441 -36.09643498813648 435
1622614632465 -36.09643498813648 436
1622614648541 -36.09643498813648 437
1622614664665 -36.09643498813648 438
1622614680786 -36.09643498813648 439
1622614696999 -36.09643498813648 440
1622614713252 -36.09643498813648 441
1622614729599 -36.09643498813648 442
1622614747394 -36.09643498813648 443
1622614764238 -36.09643498813648 444
1622614780791 -36.09643498813648 445
1622614797456 -36.09643498813648 446
1622614814834 -36.09643498813648 447
1622614832020 -36.09643498813648 448
1622614848742 -36.09643498813648 449
1622614866514 -36.09643498813648 450
1622614883175 -36.09643498813648 451
1622614899802 -36.09643498813648 452
1622614917359 -36.09643498813648 453
1622614935632 -36.09643498813648 454
1622614952481 -36.09643498813648 455
1622614969193 -36.09643498813648 456
1622614985940 -36.09643498813648 457
1622615002749 -36.09643498813648 458
1622615019613 -36.09643498813648 459
1622615036429 -36.09643498813648 460
1622615053501 -36.09643498813648 461
1622615070490 -36.09643498813648 462
1622615087484 -36.09643498813648 463
1622615104541 -36.09643498813648 464
1622615121810 -36.09643498813648 465
1622615139925 -36.09643498813648 466
1622615157624 -36.09643498813648 467
1622615175923 -36.09643498813648 468
1622615193599 -36.09643498813648 469
1622615210930 -36.09643498813648 470
1622615228696 -36.09643498813648 471
1622615246018 -36.09643498813648 472
1622615263570 -36.09643498813648 473
1622615281127 -36.09643498813648 474
1622615298536 -36.09643498813648 475
1622615316449 -36.09643498813648 476
1622615334100 -36.09643498813648 477
1622615351683 -36.09643498813648 478
1622615369195 -36.09643498813648 479
1622615387221 -36.09643498813648 480
1622615404975 -36.09643498813648 481
1622615422698 -36.09643498813648 482
1622615440505 -36.09643498813648 483
1622615458334 -36.09643498813648 484
1622615476162 -36.09643498813648 485
1622615494011 -36.09643498813648 486
1622615511959 -36.09643498813648 487
1622615530361 -36.09643498813648 488
1622615550561 -36.09643498813648 489
1622615568485 -36.09643498813648 490
1622615586486 -36.09643498813648 491
1622615604480 -36.09643498813648 492
1622615623195 -36.09643498813648 493
1622615642512 -36.09643498813648 494
1622615661800 -36.09643498813648 495
1622615680004 -36.09643498813648 496
1622615700343 -36.09643498813648 497
1622615718572 -36.09643498813648 498
1622615737331 -36.09643498813648 499
1622615755756 -36.09643498813648 500
