1622610975118 0.006 0
1622610975653 0.405 1
1622610976191 0.411 2
1622610976771 0.455 3
1622610977388 0.496 4
1622610978018 0.511 5
1622610978688 0.553 6
1622610979398 0.591 7
1622610980165 0.647 8
1622610980948 0.661 9
1622610981775 0.708 10
1622610982643 0.746 11
1622610983529 0.765 12
1622610984461 0.811 13
1622610985444 0.865 14
1622610986443 0.883 15
1622610987482 0.923 16
1622610988554 0.957 17
1622610989661 0.994 18
1622610990781 1.006 19
1622610991954 1.055 20
1622610993187 1.114 21
1622610994464 1.159 22
1622610995775 1.191 23
1622610997120 1.224 24
1622610998496 1.255 25
1622610999899 1.282 26
1622611001327 1.309 27
1622611002783 1.335 28
1622611004311 1.411 29
1622611005881 1.453 30
1622611007469 1.467 31
1622611009085 1.497 32
1622611010753 1.548 33
1622611012423 1.55 34
1622611014147 1.604 35
1622611015900 1.633 36
1622611017675 1.652 37
1622611019479 1.685 38
1622611021328 1.73 39
1622611023186 1.737 40
1622611025137 1.834 41
1622611027151 1.89 42
1622611029155 1.882 43
1622611031188 1.913 44
1622611033244 1.94 45
1622611035374 2.009 46
1622611037539 2.048 47
1622611039742 2.081 48
1622611041968 2.104 49
1622611044225 2.136 50
1622611046538 2.192 51
1622611048872 2.205 52
1622611051233 2.24 53
1622611053649 2.291 54
1622611056044 2.273 55
1622611058502 2.337 56
1622611061007 2.384 57
1622611063550 2.423 58
1622611066173 2.506 59
1622611068788 2.503 60
1622611071549 2.647 61
1622611074229 2.569 62
1622611076933 2.592 63
1622611079686 2.637 64
1622611082489 2.685 65
1622611085309 2.703 66
1622611088162 2.734 67
1622611091286 3.004 68
1622611094371 2.964 69
1622611097348 2.859 70
1622611100345 2.877 71
1622611103359 2.901 72
1622611106397 2.923 73
1622611109529 3.018 74
1622611112665 3.023 75
1622611115809 3.031 76
1622611119006 3.082 77
1622611122230 3.107 78
1622611125482 3.137 79
1622611128803 3.208 80
1622611132167 3.248 81
1622611135559 3.277 82
1622611138992 3.318 83
1622611142448 3.34 84
1622611145963 3.4 85
1622611149537 3.453 86
1622611153096 3.439 87
1622611156931 3.713 88
1622611160703 3.646 89
1622611164592 3.763 90
1622611168320 3.603 91
1622611172101 3.659 92
1622611175929 3.708 93
1622611179761 3.71 94
1622611183580 3.696 95
1622611187476 3.773 96
1622611191380 3.784 97
1622611195365 3.861 98
1622611199364 3.878 99
1622611203427 3.944 100
1622611207507 3.959 101
1622611211644 4.019 102
1622611215811 4.046 103
1622611220056 4.126 104
1622611224407 4.235 105
1622611228685 4.154 106
1622611234065 5.255 107
1622611238519 4.326 108
1622611243158 4.515 109
1622611247792 4.512 110
1622611252478 4.563 111
1622611257348 4.745 112
1622611262224 4.751 113
1622611266805 4.462 114
1622611271520 4.597 115
1622611276244 4.608 116
1622611280888 4.528 117
1622611285644 4.641 118
1622611290320 4.559 119
1622611295089 4.655 120
1622611299870 4.666 121
1622611304695 4.711 122
1622611309525 4.716 123
1622611314427 4.788 124
1622611319339 4.794 125
1622611324343 4.887 126
1622611329417 4.95 127
1622611334548 5.013 128
1622611339664 4.995 129
1622611344805 5.022 130
1622611349970 5.045 131
1622611355150 5.064 132
1622611360293 5.026 133
1622611365607 5.195 134
1622611370890 5.163 135
1622611376266 5.257 136
1622611381892 5.503 137
1622611387299 5.287 138
1622611392731 5.31 139
1622611398169 5.317 140
1622611403654 5.363 141
1622611409209 5.435 142
1622611414776 5.448 143
1622611420385 5.484 144
1622611426074 5.565 145
1622611431711 5.52 146
1622611437419 5.589 147
1622611443364 5.822 148
1622611449249 5.761 149
1622611455085 5.719 150
1622611460984 5.777 151
1622611466871 5.761 152
1622611472850 5.856 153
1622611478824 5.855 154
1622611484835 5.898 155
1622611490846 5.894 156
1622611496935 5.973 157
1622611503047 5.999 158
1622611509229 6.066 159
1622611515418 6.072 160
1622611521605 6.069 161
1622611527879 6.158 162
1622611534151 6.155 163
1622611541522 7.246 164
1622611547968 6.319 165
1622611554402 6.309 166
1622611560923 6.395 167
1622611567398 6.354 168
1622611573908 6.383 169
1622611580442 6.413 170
1622611587038 6.475 171
1622611593626 6.466 172
1622611600288 6.545 173
1622611606986 6.577 174
1622611613725 6.619 175
1622611620450 6.605 176
1622611627281 6.706 177
1622611634103 6.706 178
1622611641018 6.795 179
1622611648169 7.03 180
1622611655096 6.81 181
1622611662068 6.856 182
1622611669059 6.871 183
1622611676070 6.896 184
1622611683224 7.037 185
1622611690350 7.01 186
1622611697521 7.056 187
1622611704716 7.08 188
1622611711915 7.086 189
1622611719150 7.123 190
1622611726453 7.188 191
1622611733755 7.184 192
1622611741147 7.274 193
1622611748578 7.312 194
1622611756045 7.346 195
1622611763491 7.326 196
1622611771045 7.433 197
1622611778552 7.384 198
1622611786178 7.501 199
1622611793770 7.471 200
1622611801444 7.555 201
1622611809105 7.535 202
1622611816886 7.658 203
1622611824661 7.654 204
1622611832461 7.682 205
1622611840269 7.693 206
1622611848151 7.761 207
1622611855981 7.711 208
1622611864142 8.04 209
1622611872396 8.129 210
1622611880410 7.893 211
1622611888411 7.88 212
1622611896583 8.05 213
1622611904669 7.967 214
1622611912863 8.074 215
1622611922055 9.068 216
1622611930924 8.731 217
1622611939171 8.128 218
1622611947480 8.188 219
1622611955799 8.201 220
1622611964170 8.252 221
1622611972913 8.627 222
1622611981356 8.325 223
1622611990912 9.436 224
1622611999475 8.43 225
1622612008330 8.738 226
1622612017269 8.823 227
1622612025860 8.473 228
1622612034454 8.476 229
1622612043222 8.641 230
1622612052005 8.662 231
1622612060766 8.638 232
1622612069480 8.595 233
1622612078268 8.666 234
1622612087162 8.771 235
1622612096046 8.768 236
1622612104924 8.758 237
1622612113897 8.854 238
1622612122924 8.906 239
1622612132044 9.001 240
1622612141147 8.983 241
1622612150270 9.002 242
1622612159357 8.969 243
1622612168517 9.044 244
1622612177725 9.092 245
1622612186907 9.067 246
1622612196168 9.147 247
1622612205576 9.294 248
1622612215327 9.634 249
1622612224748 9.308 250
1622612234128 9.261 251
1622612243539 9.293 252
1622612253101 9.442 253
1622612262964 9.737 254
1622612272592 9.505 255
1622612282698 9.98 256
1622612293414 10.592 257
1622612303110 9.578 258
1622612312836 9.609 259
1622612322590 9.635 260
1622612332389 9.685 261
1622612342277 9.771 262
1622612352421 10.024 263
1622612362369 9.823 264
1622612372656 10.167 265
1622612382631 9.854 266
1622612392623 9.873 267
1622612402669 9.927 268
1622612412770 9.983 269
1622612422905 10.019 270
1622612433139 10.117 271
1622612443948 10.691 272
1622612454336 10.262 273
1622612464618 10.16 274
1622612474978 10.237 275
1622612485969 10.859 276
1622612497562 11.466 277
1622612508317 10.633 278
1622612518981 10.54 279
1622612529480 10.38 280
1622612539962 10.363 281
1622612550664 10.583 282
1622612561580 10.793 283
1622612572223 10.518 284
1622612582852 10.508 285
1622612593615 10.638 286
1622612604413 10.673 287
1622612615625 11.088 288
1622612627018 11.269 289
1622612637879 10.743 290
1622612649133 11.132 291
1622612660045 10.795 292
1622612671116 10.954 293
1622612682172 10.944 294
1622612693635 11.348 295
1622612704781 11.024 296
1622612715962 11.063 297
1622612727160 11.08 298
1622612738461 11.183 299
1622612749655 11.075 300
1622612760885 11.111 301
1622612772162 11.158 302
1622612783649 11.37 303
1622612795061 11.294 304
1622612806568 11.387 305
1622612818135 11.448 306
1622612829692 11.438 307
1622612841184 11.374 308
1622612852800 11.5 309
1622612864391 11.477 310
1622612876030 11.526 311
1622612887893 11.745 312
1622612899695 11.686 313
1622612911526 11.712 314
1622612923405 11.761 315
1622612935401 11.876 316
1622612947301 11.78 317
1622612959227 11.81 318
1622612971181 11.838 319
1622612983130 11.828 320
1622612995091 11.841 321
1622613007102 11.887 322
1622613019075 11.848 323
1622613031166 11.97 324
1622613043259 11.974 325
1622613055407 12.026 326
1622613067668 12.145 327
1622613080609 12.827 328
1622613093738 13.011 329
1622613106064 12.212 330
1622613118338 12.161 331
1622613130774 12.316 332
1622613143275 12.378 333
1622613155739 12.345 334
1622613168338 12.482 335
1622613180834 12.378 336
1622613193359 12.407 337
1622613205849 12.37 338
1622613218695 12.726 339
1622613231355 12.537 340
1622613244064 12.59 341
1622613256877 12.695 342
1622613269706 12.711 343
1622613282491 12.668 344
1622613295255 12.649 345
1622613308216 12.847 346
1622613321097 12.767 347
1622613334545 13.335 348
1622613347951 13.288 349
1622613361188 13.112 350
1622613374216 12.908 351
1622613387299 12.967 352
1622613400477 13.06 353
1622613413928 13.329 354
1622613428091 14.04 355
1622613443061 14.851 356
1622613456658 13.483 357
1622613469970 13.195 358
1622613483247 13.166 359
1622613496655 13.295 360
1622613510134 13.366 361
1622613523475 13.227 362
1622613536939 13.351 363
1622613550467 13.414 364
1622613564166 13.577 365
1622613578893 14.607 366
1622613593157 14.139 367
1622613606827 13.55 368
1622613620538 13.595 369
1622613634241 13.584 370
1622613647896 13.538 371
1622613661647 13.639 372
1622613675430 13.669 373
1622613689216 13.67 374
1622613703173 13.842 375
1622613717023 13.738 376
1622613730966 13.826 377
1622613744883 13.798 378
1622613758886 13.886 379
1622613772876 13.873 380
1622613787344 14.347 381
1622613801457 13.99 382
1622613815526 13.947 383
1622613829661 14.014 384
1622613843883 14.101 385
1622613860080 15.997 386
1622613875088 14.891 387
1622613889598 14.395 388
1622613904608 14.892 389
1622613919051 14.324 390
1622613933631 14.459 391
1622613948955 15.207 392
1622613964539 15.461 393
1622613979612 14.952 394
1622613994226 14.492 395
1622614008819 14.474 396
1622614023512 14.57 397
1622614038282 14.652 398
1622614053103 14.708 399
1622614067860 14.64 400
1622614082763 14.79 401
1622614097655 14.779 402
1622614112609 14.841 403
1622614127849 15.12 404
1622614143801 15.83 405
1622614159312 15.389 406
1622614174587 15.151 407
1622614189734 15.029 408
1622614204888 15.029 409
1622614220140 15.131 410
1622614235512 15.252 411
1622614250863 15.228 412
1622614266535 15.547 413
1622614282533 15.877 414
1622614298609 15.953 415
1622614313993 15.267 416
1622614329350 15.24 417
1622614344770 15.303 418
1622614360222 15.328 419
1622614375790 15.444 420
1622614391545 15.633 421
1622614407105 15.438 422
1622614422753 15.53 423
1622614438776 15.903 424
1622614454429 15.534 425
1622614470846 16.293 426
1622614486499 15.534 427
1622614502366 15.751 428
1622614518193 15.71 429
1622614534048 15.738 430
1622614550295 16.133 431
1622614567334 16.918 432
1622614583908 16.45 433
1622614600328 16.298 434
1622614616478 16.027 435
1622614632505 15.902 436
1622614648578 15.949 437
1622614664703 15.999 438
1622614680824 15.995 439
1622614697029 16.089 440
1622614713280 16.14 441
1622614729634 16.235 442
1622614747423 17.603 443
1622614764270 16.728 444
1622614780826 16.434 445
1622614797490 16.545 446
1622614814869 17.257 447
1622614832054 17.065 448
1622614848779 16.602 449
1622614866546 17.646 450
1622614883208 16.541 451
1622614899835 16.509 452
1622614917390 17.438 453
1622614935667 18.156 454
1622614952516 16.724 455
1622614969230 16.591 456
1622614985973 16.623 457
1622615002785 16.69 458
1622615019646 16.742 459
1622615036468 16.699 460
1622615053538 16.948 461
1622615070525 16.868 462
1622615087516 16.875 463
1622615104575 16.941 464
1622615121845 17.15 465
1622615139958 17.993 466
1622615157659 17.583 467
1622615175956 18.172 468
1622615193635 17.559 469
1622615210966 17.209 470
1622615228733 17.645 471
1622615246054 17.199 472
1622615263600 17.43 473
1622615281159 17.444 474
1622615298569 17.292 475
1622615316486 17.795 476
1622615334140 17.521 477
1622615351719 17.457 478
1622615369235 17.391 479
1622615387255 17.892 480
1622615405006 17.634 481
1622615422729 17.607 482
1622615440537 17.69 483
1622615458365 17.712 484
1622615476193 17.712 485
1622615494043 17.733 486
1622615511994 17.833 487
1622615530399 18.282 488
1622615550593 20.072 489
1622615568520 17.806 490
1622615586522 17.881 491
1622615604515 17.873 492
1622615623234 18.595 493
1622615642546 19.185 494
1622615661833 19.169 495
1622615680036 18.087 496
1622615700372 20.223 497
1622615718602 18.117 498
1622615737361 18.646 499
1622615755791 18.312 500
