1622606306633 50 0
1622606307198 60 1
1622606307784 70 2
1622606308367 80 3
1622606308984 90 4
1622606309647 100 5
1622606310341 110 6
1622606311066 120 7
1622606312482 130 8
1622606313465 140 9
1622606314383 150 10
1622606315266 160 11
1622606316173 170 12
1622606317111 180 13
1622606318091 190 14
1622606319098 200 15
1622606320148 210 16
1622606321253 220 17
1622606322379 230 18
1622606324390 240 19
1622606325601 250 20
1622606326823 260 21
1622606328081 270 22
1622606329381 280 23
1622606330702 290 24
1622606332085 300 25
1622606333573 310 26
1622606335122 320 27
1622606336695 330 28
1622606338313 340 29
1622606339957 350 30
1622606341553 360 31
1622606343184 370 32
1622606344849 380 33
1622606346520 390 34
1622606348259 400 35
1622606349977 410 36
1622606351780 420 37
1622606353626 430 38
1622606355510 440 39
1622606357407 450 40
1622606359342 460 41
1622606361354 470 42
1622606363384 480 43
1622606365413 490 44
1622606367489 500 45
1622606369616 510 46
1622606371769 520 47
1622606373967 530 48
1622606376223 540 49
1622606378475 550 50
1622606380772 560 51
1622606383125 570 52
1622606385460 580 53
1622606387846 590 54
1622606390282 600 55
1622606392766 610 56
1622606395259 620 57
1622606397797 630 58
1622606400375 640 59
1622606403001 650 60
1622606405655 660 61
1622606408351 670 62
1622606411063 680 63
1622606413810 690 64
1622606416604 700 65
1622606419450 710 66
1622606422310 720 67
1622606425232 730 68
1622606428204 740 69
1622606431197 750 70
1622606434202 760 71
1622606437242 770 72
1622606440267 780 73
1622606443356 790 74
1622606446495 800 75
1622606449663 810 76
1622606452866 820 77
1622606456104 830 78
1622606459422 840 79
1622606462848 850 80
1622606466203 860 81
1622606469592 870 82
1622606473045 880 83
1622606476690 890 84
1622606480499 900 85
1622606484326 910 86
1622606488174 920 87
1622606492038 930 88
1622606495951 940 89
1622606499893 950 90
1622606503848 960 91
1622606507921 970 92
1622606511939 980 93
1622606515808 990 94
1622606519684 1000 95
1622606523622 1010 96
1622606527553 1020 97
1622606531560 1030 98
1622606535584 1040 99
1622606539658 1050 100
1622606543810 1060 101
1622606547918 1070 102
1622606552041 1080 103
1622606556172 1090 104
1622606560307 1100 105
1622606564554 1110 106
1622606568806 1120 107
1622606573141 1130 108
1622606577694 1140 109
1622606582173 1150 110
1622606586626 1160 111
1622606591099 1170 112
1622606595645 1180 113
1622606600270 1190 114
1622606605157 1200 115
1622606609922 1210 116
1622606614891 1220 117
1622606619801 1230 118
1622606624574 1240 119
1622606629339 1250 120
1622606634101 1260 121
1622606638910 1270 122
1622606643999 1280 123
1622606649236 1290 124
1622606654787 1300 125
1622606659823 1310 126
1622606664844 1320 127
1622606669878 1330 128
1622606674997 1340 129
1622606680057 1350 130
1622606685162 1360 131
1622606690443 1370 132
1622606695939 1380 133
1622606701427 1390 134
1622606706709 1400 135
1622606712006 1410 136
1622606717369 1420 137
1622606722710 1430 138
1622606728099 1440 139
1622606733569 1450 140
1622606739103 1460 141
1622606744784 1470 142
1622606750349 1480 143
1622606756287 1490 144
1622606761946 1500 145
1622606767839 1510 146
1622606773549 1520 147
1622606779505 1530 148
1622606785691 1540 149
1622606791909 1550 150
1622606798580 1560 151
1622606804847 1570 152
1622606810824 1580 153
1622606816852 1590 154
1622606822874 1600 155
1622606828932 1610 156
1622606835074 1620 157
1622606841250 1630 158
1622606847418 1640 159
1622606853676 1650 160
1622606859926 1660 161
1622606866204 1670 162
1622606872489 1680 163
1622606878829 1690 164
1622606885180 1700 165
1622606891538 1710 166
1622606897976 1720 167
1622606904424 1730 168
1622606910950 1740 169
1622606917491 1750 170
1622606924169 1760 171
1622606930850 1770 172
1622606937513 1780 173
1622606944272 1790 174
1622606951063 1800 175
1622606957925 1810 176
1622606964765 1820 177
1622606971635 1830 178
1622606979011 1840 179
1622606986302 1850 180
1622606993278 1860 181
1622607000296 1870 182
1622607007383 1880 183
1622607014458 1890 184
1622607021524 1900 185
1622607028768 1910 186
1622607035972 1920 187
1622607043235 1930 188
1622607050714 1940 189
1622607058339 1950 190
1622607066120 1960 191
1622607074003 1970 192
1622607081367 1980 193
1622607089115 1990 194
1622607096595 2000 195
1622607104098 2010 196
1622607111654 2020 197
1622607119235 2030 198
1622607126784 2040 199
1622607134421 2050 200
1622607142084 2060 201
1622607149804 2070 202
1622607157613 2080 203
1622607165425 2090 204
1622607173254 2100 205
1622607181088 2110 206
1622607188982 2120 207
1622607196890 2130 208
1622607204764 2140 209
1622607213298 2150 210
1622607221648 2160 211
1622607229767 2170 212
1622607238191 2180 213
1622607246609 2190 214
1622607255405 2200 215
1622607263818 2210 216
1622607272111 2220 217
1622607280491 2230 218
1622607288799 2240 219
1622607297317 2250 220
1622607305939 2260 221
1622607314404 2270 222
1622607323050 2280 223
1622607332240 2290 224
1622607341133 2300 225
1622607350039 2310 226
1622607358644 2320 227
1622607367343 2330 228
1622607375969 2340 229
1622607384665 2350 230
1622607393467 2360 231
1622607402245 2370 232
1622607411111 2380 233
1622607419985 2390 234
1622607428919 2400 235
1622607437913 2410 236
1622607447171 2420 237
1622607456163 2430 238
1622607465314 2440 239
1622607474655 2450 240
1622607483692 2460 241
1622607492849 2470 242
1622607501991 2480 243
1622607511145 2490 244
1622607520359 2500 245
1622607529665 2510 246
1622607539657 2520 247
1622607548990 2530 248
1622607558377 2540 249
1622607567761 2550 250
1622607577580 2560 251
1622607587636 2570 252
1622607597215 2580 253
1622607606770 2590 254
1622607616490 2600 255
1622607626063 2610 256
1622607635754 2620 257
1622607645520 2630 258
1622607655310 2640 259
1622607665079 2650 260
1622607674971 2660 261
1622607684870 2670 262
1622607694829 2680 263
1622607705000 2690 264
1622607714965 2700 265
1622607724944 2710 266
1622607735401 2720 267
1622607745434 2730 268
1622607755625 2740 269
1622607765823 2750 270
1622607776028 2760 271
1622607786271 2770 272
1622607796853 2780 273
1622607807854 2790 274
1622607818237 2800 275
1622607828915 2810 276
1622607840142 2820 277
1622607850713 2830 278
1622607861170 2840 279
1622607871831 2850 280
1622607882385 2860 281
1622607892921 2870 282
1622607903531 2880 283
1622607914219 2890 284
1622607924907 2900 285
1622607935673 2910 286
1622607946369 2920 287
1622607957171 2930 288
1622607968321 2940 289
1622607979697 2950 290
1622607990826 2960 291
1622608002171 2970 292
1622608015494 2980 293
1622608026455 2990 294
1622608037449 3000 295
1622608048488 3010 296
1622608061020 3020 297
1622608072845 3030 298
1622608083963 3040 299
1622608095146 3050 300
1622608106319 3060 301
1622608117765 3070 302
1622608129405 3080 303
1622608141121 3090 304
1622608152456 3100 305
1622608164108 3110 306
1622608175562 3120 307
1622608187037 3130 308
1622608198599 3140 309
1622608210127 3150 310
1622608221700 3160 311
1622608233244 3170 312
1622608244901 3180 313
1622608256491 3190 314
1622608268191 3200 315
1622608279929 3210 316
1622608291563 3220 317
1622608303980 3230 318
1622608315858 3240 319
1622608327750 3250 320
1622608340139 3260 321
1622608352167 3270 322
1622608364209 3280 323
1622608376925 3290 324
1622608389029 3300 325
1622608401736 3310 326
1622608413875 3320 327
1622608426116 3330 328
1622608439252 3340 329
1622608451671 3350 330
1622608464000 3360 331
1622608476412 3370 332
1622608488764 3380 333
1622608501140 3390 334
1622608513620 3400 335
1622608525998 3410 336
1622608538464 3420 337
1622608550959 3430 338
1622608563448 3440 339
1622608576035 3450 340
1622608588717 3460 341
1622608601341 3470 342
1622608614104 3480 343
1622608626868 3490 344
1622608639650 3500 345
1622608652435 3510 346
1622608665329 3520 347
1622608678306 3530 348
1622608691288 3540 349
1622608704320 3550 350
1622608717391 3560 351
1622608730404 3570 352
1622608743462 3580 353
1622608756675 3590 354
1622608770187 3600 355
1622608783308 3610 356
1622608796494 3620 357
1622608809844 3630 358
1622608823170 3640 359
1622608836449 3650 360
1622608849783 3660 361
1622608863463 3670 362
1622608877329 3680 363
1622608891962 3690 364
1622608905416 3700 365
1622608918869 3710 366
1622608932604 3720 367
1622608946302 3730 368
1622608959847 3740 369
1622608973419 3750 370
1622608987471 3760 371
1622609001210 3770 372
1622609014974 3780 373
1622609028734 3790 374
1622609042638 3800 375
1622609056563 3810 376
1622609070436 3820 377
1622609084372 3830 378
1622609098332 3840 379
1622609112330 3850 380
1622609127480 3860 381
1622609142520 3870 382
1622609156711 3880 383
1622609171038 3890 384
1622609185269 3900 385
1622609199583 3910 386
1622609213837 3920 387
1622609228185 3930 388
1622609242989 3940 389
1622609257667 3950 390
1622609272128 3960 391
1622609287219 3970 392
1622609301868 3980 393
1622609317109 3990 394
1622609332395 4000 395
1622609347106 4010 396
1622609361706 4020 397
1622609376495 4030 398
1622609391343 4040 399
1622609406163 4050 400
1622609421255 4060 401
1622609436460 4070 402
1622609451411 4080 403
1622609466432 4090 404
1622609481489 4100 405
1622609496467 4110 406
1622609511681 4120 407
1622609526828 4130 408
1622609541998 4140 409
1622609557300 4150 410
1622609572512 4160 411
1622609587653 4170 412
1622609602852 4180 413
1622609618142 4190 414
1622609633403 4200 415
1622609648697 4210 416
1622609664096 4220 417
1622609679521 4230 418
1622609695249 4240 419
1622609710878 4250 420
1622609726424 4260 421
1622609741945 4270 422
1622609757494 4280 423
1622609773205 4290 424
1622609788836 4300 425
1622609804564 4310 426
1622609820317 4320 427
1622609836016 4330 428
1622609851791 4340 429
1622609868073 4350 430
1622609884347 4360 431
1622609900722 4370 432
1622609917344 4380 433
1622609933358 4390 434
1622609949441 4400 435
1622609965509 4410 436
1622609981617 4420 437
1622609998404 4430 438
1622610014858 4440 439
1622610032248 4450 440
1622610048520 4460 441
1622610064753 4470 442
1622610081054 4480 443
1622610097552 4490 444
1622610114331 4500 445
1622610130981 4510 446
1622610147366 4520 447
1622610163880 4530 448
1622610180408 4540 449
1622610198539 4550 450
1622610215512 4560 451
1622610232522 4570 452
1622610249827 4580 453
1622610266903 4590 454
1622610283935 4600 455
1622610300652 4610 456
1622610317514 4620 457
1622610334297 4630 458
1622610351246 4640 459
1622610368085 4650 460
1622610385146 4660 461
1622610402579 4670 462
1622610419523 4680 463
1622610436643 4690 464
1622610453826 4700 465
1622610470984 4710 466
1622610488126 4720 467
1622610505255 4730 468
1622610522486 4740 469
1622610539875 4750 470
1622610557255 4760 471
1622610574472 4770 472
1622610591787 4780 473
1622610609217 4790 474
1622610626663 4800 475
1622610644101 4810 476
1622610661601 4820 477
1622610680962 4830 478
1622610698502 4840 479
1622610716019 4850 480
1622610733711 4860 481
1622610751415 4870 482
1622610769119 4880 483
1622610786904 4890 484
1622610805312 4900 485
1622610823653 4910 486
1622610842453 4920 487
1622610862408 4930 488
1622610880502 4940 489
1622610898492 4950 490
1622610916662 4960 491
1622610934779 4970 492
1622610952800 4980 493
1622610970952 4990 494
1622610989426 5000 495
1622611007950 5010 496
1622611026433 5020 497
1622611044724 5030 498
1622611062986 5040 499
1622611081602 5050 500
