1622887302097 0.119 0
1622887303467 0.108 1
1622887305169 0.106 2
1622887307195 0.106 3
1622887309563 0.107 4
1622887312247 0.107 5
1622887315251 0.108 6
1622887318595 0.109 7
1622887322304 0.108 8
1622887326316 0.107 9
1622887330647 0.107 10
1622887335317 0.109 11
1622887340315 0.108 12
1622887345648 0.109 13
1622887351248 0.108 14
1622887357262 0.105 15
1622887363580 0.106 16
1622887370216 0.106 17
1622887377185 0.108 18
1622887384489 0.108 19
1622887392098 0.107 20
1622887400083 0.108 21
1622887408368 0.104 22
1622887416913 0.107 23
1622887425856 0.107 24
1622887435195 0.106 25
1622887444803 0.108 26
1622887454753 0.107 27
1622887464976 0.108 28
1622887475613 0.108 29
1622887486548 0.11 30
1622887497861 0.107 31
1622887509415 0.104 32
1622887521387 0.108 33
1622887533635 0.103 34
1622887546265 0.106 35
1622887559169 0.106 36
1622887572458 0.11 37
1622887585978 0.107 38
1622887599949 0.107 39
1622887614116 0.107 40
1622887628742 0.107 41
1622887643675 0.108 42
1622887658970 0.106 43
1622887674514 0.109 44
1622887690441 0.11 45
1622887706699 0.107 46
1622887723279 0.108 47
1622887740158 0.107 48
1622887757435 0.109 49
1622887775099 0.106 50
1622887793258 0.109 51
1622887811389 0.109 52
1622887829953 0.109 53
1622887848979 0.11 54
1622887868139 0.108 55
1622887887625 0.103 56
1622887907275 0.105 57
1622887927334 0.107 58
1622887947800 0.104 59
1622887968512 0.109 60
1622887989641 0.107 61
1622888010991 0.105 62
1622888033214 0.106 63
1622888056351 0.108 64
1622888078945 0.108 65
1622888102479 0.108 66
1622888125495 0.105 67
1622888148885 0.104 68
1622888172295 0.106 69
1622888196837 0.104 70
1622888221176 0.109 71
1622888246026 0.107 72
1622888271076 0.107 73
1622888296530 0.109 74
1622888322831 0.109 75
1622888348666 0.11 76
1622888375308 0.107 77
1622888402128 0.109 78
1622888429640 0.104 79
1622888457254 0.111 80
1622888485280 0.108 81
1622888513609 0.108 82
1622888542466 0.108 83
1622888571335 0.112 84
1622888599841 0.107 85
1622888628808 0.107 86
1622888658186 0.105 87
1622888687662 0.108 88
1622888717404 0.108 89
1622888747615 0.11 90
1622888779172 0.111 91
1622888809960 0.109 92
1622888840938 0.105 93
1622888872485 0.11 94
1622888903984 0.144 95
1622888936108 0.103 96
1622888968465 0.108 97
1622889001291 0.107 98
1622889034476 0.104 99
1622889068083 0.105 100
1622889102597 0.103 101
1622889137633 0.109 102
1622889172945 0.11 103
1622889207766 0.107 104
1622889243232 0.104 105
1622889278942 0.108 106
1622889314916 0.107 107
1622889351544 0.105 108
1622889388301 0.107 109
1622889425027 0.107 110
1622889462293 0.107 111
1622889499782 0.106 112
1622889537803 0.104 113
1622889575907 0.105 114
1622889615079 0.104 115
1622889653608 0.106 116
1622889692890 0.11 117
1622889732330 0.106 118
1622889772745 0.106 119
1622889813338 0.107 120
1622889853680 0.106 121
1622889894649 0.108 122
1622889935921 0.109 123
1622889978193 0.106 124
1622890020082 0.108 125
1622890062158 0.103 126
1622890104598 0.107 127
1622890147589 0.11 128
1622890191302 0.108 129
1622890234658 0.11 130
1622890278805 0.108 131
1622890323425 0.107 132
1622890370801 0.107 133
1622890416957 0.107 134
1622890462810 0.108 135
1622890508660 0.107 136
1622890556082 0.108 137
1622890607314 0.11 138
1622890656517 0.112 139
1622890703720 0.112 140
1622890751706 0.108 141
1622890799749 0.108 142
1622890847668 0.109 143
1622890896549 0.105 144
1622890944839 0.104 145
1622890994278 0.108 146
1622891043423 0.11 147
1622891092911 0.105 148
1622891142581 0.106 149
1622891192657 0.107 150
1622891244000 0.108 151
1622891294583 0.107 152
1622891346594 0.106 153
1622891398358 0.11 154
1622891451446 0.108 155
1622891504176 0.107 156
1622891557115 0.106 157
1622891609852 0.105 158
1622891662697 0.107 159
1622891717109 0.109 160
1622891773299 0.106 161
1622891829878 0.109 162
1622891887393 0.108 163
1622891944779 0.107 164
1622892001854 0.107 165
1622892058318 0.106 166
1622892114355 0.107 167
1622892170350 0.108 168
1622892226878 0.106 169
1622892283703 0.107 170
1622892340508 0.106 171
1622892397649 0.105 172
1622892456014 0.103 173
1622892514654 0.106 174
1622892573419 0.105 175
1622892632459 0.106 176
1622892691712 0.104 177
1622892750916 0.106 178
1622892811181 0.107 179
1622892872743 0.108 180
1622892937915 0.11 181
1622892999058 0.111 182
1622893060832 0.106 183
1622893123276 0.107 184
1622893185582 0.104 185
1622893251899 0.106 186
1622893314264 0.108 187
1622893376530 0.104 188
1622893439558 0.106 189
1622893502540 0.107 190
1622893565847 0.107 191
1622893631681 0.105 192
1622893696089 0.107 193
1622893762359 0.108 194
1622893828650 0.109 195
1622893894761 0.107 196
1622893960983 0.106 197
1622894027421 0.107 198
1622894093901 0.101 199
1622894160330 0.106 200
1622894228131 0.107 201
1622894296827 0.107 202
1622894366818 0.108 203
1622894436243 0.108 204
1622894506081 0.11 205
1622894575290 0.107 206
1622894644347 0.104 207
1622894713443 0.103 208
1622894783229 0.108 209
1622894853202 0.104 210
1622894924801 0.104 211
1622894996071 0.108 212
1622895068012 0.102 213
1622895139354 0.112 214
1622895212672 0.111 215
1622895284842 0.11 216
1622895357788 0.108 217
1622895430286 0.107 218
1622895503467 0.104 219
1622895576553 0.105 220
1622895649827 0.106 221
1622895723463 0.107 222
1622895798007 0.107 223
1622895873121 0.106 224
1622895948047 0.104 225
1622896023765 0.106 226
1622896100885 0.106 227
1622896175286 0.11 228
1622896251181 0.108 229
1622896328640 0.112 230
1622896406770 0.112 231
1622896486813 0.114 232
1622896567650 0.111 233
1622896650906 0.111 234
1622896734362 0.108 235
1622896814693 0.105 236
1622896893498 0.106 237
1622896971352 0.108 238
1622897051367 0.106 239
1622897127631 0.111 240
1622897206899 0.11 241
1622897284743 0.113 242
1622897362209 0.107 243
1622897440062 0.109 244
1622897521681 0.109 245
1622897602453 0.11 246
1622897683802 0.108 247
1622897768314 0.107 248
1622897851297 0.11 249
1622897934694 0.111 250
1622898015101 0.114 251
1622898096735 0.109 252
1622898177849 0.109 253
1622898259405 0.106 254
1622898340649 0.107 255
1622898422318 0.105 256
1622898507096 0.105 257
1622898591317 0.107 258
1622898679162 0.108 259
1622898764036 0.107 260
1622898852053 0.112 261
1622898942646 0.111 262
1622899029113 0.115 263
1622899118042 0.111 264
1622899204446 0.111 265
1622899292434 0.108 266
1622899379486 0.111 267
1622899468497 0.119 268
1622899556704 0.109 269
1622899643685 0.112 270
1622899730545 0.112 271
1622899820247 0.111 272
1622899907670 0.107 273
1622899996819 0.109 274
1622900084936 0.113 275
1622900172752 0.113 276
1622900261146 0.106 277
1622900351240 0.11 278
1622900440845 0.103 279
1622900531781 0.109 280
1622900626631 0.115 281
1622900716617 0.109 282
1622900814030 0.115 283
1622900909991 0.109 284
1622901004220 0.114 285
1622901097858 0.114 286
1622901189590 0.11 287
1622901282631 0.106 288
1622901376161 0.107 289
1622901470238 0.108 290
1622901565164 0.109 291
1622901660047 0.109 292
1622901754556 0.109 293
1622901849612 0.106 294
1622901944378 0.11 295
1622902039167 0.107 296
1622902135139 0.104 297
1622902230515 0.108 298
1622902327083 0.103 299
1622902427355 0.109 300
1622902524803 0.112 301
1622902624463 0.11 302
1622902722022 0.11 303
1622902820027 0.109 304
1622902918497 0.108 305
1622903016955 0.105 306
1622903116617 0.106 307
1622903216214 0.106 308
1622903318920 0.107 309
1622903419970 0.109 310
1622903522382 0.112 311
1622903625798 0.112 312
1622903727394 0.109 313
1622903828202 0.109 314
1622903930424 0.108 315
1622904041965 0.108 316
1622904155634 0.116 317
1622904264987 0.114 318
1622904380534 0.114 319
1622904494084 0.111 320
1622904598820 0.108 321
1622904704460 0.111 322
1622904809935 0.111 323
1622904915796 0.107 324
1622905020554 0.109 325
1622905127667 0.106 326
1622905234367 0.117 327
1622905340152 0.107 328
1622905445764 0.111 329
1622905554060 0.106 330
1622905661132 0.111 331
1622905768794 0.108 332
1622905876968 0.106 333
1622905985718 0.106 334
1622906094612 0.109 335
1622906203104 0.11 336
1622906313192 0.115 337
1622906423039 0.108 338
1622906533494 0.106 339
1622906643125 0.106 340
1622906758481 0.107 341
1622906874067 0.104 342
1622906987371 0.104 343
1622907101091 0.109 344
1622907216547 0.11 345
1622907328863 0.111 346
1622907440875 0.11 347
1622907553134 0.108 348
1622907666423 0.103 349
1622907779392 0.106 350
1622907893345 0.107 351
1622908008733 0.106 352
1622908123093 0.105 353
1622908240043 0.109 354
1622908355142 0.107 355
1622908472090 0.106 356
1622908594435 0.109 357
1622908714529 0.113 358
1622908832480 0.108 359
1622908949238 0.11 360
1622909065302 0.101 361
1622909184146 0.105 362
1622909303479 0.11 363
1622909423577 0.113 364
1622909544727 0.11 365
1622909666467 0.115 366
1622909786159 0.111 367
1622909906834 0.109 368
1622910032031 0.111 369
1622910160083 0.109 370
1622910286997 0.111 371
1622910416347 0.11 372
1622910547607 0.113 373
1622910672401 0.116 374
1622910796959 0.108 375
1622910920459 0.107 376
1622911042512 0.107 377
1622911164249 0.108 378
1622911286221 0.105 379
1622911409064 0.107 380
1622911531691 0.106 381
1622911654672 0.105 382
1622911780348 0.105 383
1622911905929 0.107 384
1622912032227 0.107 385
1622912158135 0.106 386
1622912285117 0.105 387
1622912413483 0.108 388
1622912539425 0.11 389
1622912665870 0.108 390
1622912794168 0.108 391
1622912921529 0.107 392
1622913056428 0.106 393
1622913193712 0.109 394
1622913321865 0.108 395
1622913448518 0.106 396
1622913577122 0.103 397
1622913706375 0.112 398
1622913833977 0.107 399
1622913962383 0.104 400
1622914091060 0.115 401
1622914220140 0.105 402
1622914350986 0.108 403
1622914481045 0.106 404
1622914613890 0.104 405
1622914749238 0.113 406
1622914885018 0.11 407
1622915020626 0.112 408
1622915155408 0.112 409
1622915287519 0.113 410
1622915420244 0.116 411
1622915559293 0.113 412
1622915694353 0.113 413
1622915827929 0.106 414
1622915963645 0.11 415
1622916097556 0.109 416
1622916230780 0.109 417
1622916364074 0.107 418
1622916497743 0.103 419
1622916631272 0.106 420
1622916766169 0.107 421
1622916900743 0.105 422
1622917036083 0.107 423
1622917171300 0.11 424
1622917307206 0.107 425
1622917443524 0.108 426
1622917581743 0.109 427
1622917718419 0.107 428
1622917856568 0.111 429
1622917993578 0.108 430
1622918130703 0.11 431
1622918268276 0.106 432
1622918408251 0.11 433
1622918546591 0.107 434
1622918688348 0.111 435
1622918834520 0.112 436
1622918984290 0.115 437
1622919126095 0.124 438
1622919267696 0.109 439
1622919414975 0.111 440
1622919557943 0.112 441
1622919702262 0.108 442
1622919844955 0.11 443
1622919986783 0.108 444
1622920129714 0.11 445
1622920275231 0.112 446
1622920420269 0.109 447
1622920584105 0.111 448
1622920747274 0.117 449
1622920893986 0.115 450
1622921039789 0.111 451
1622921183378 0.11 452
1622921327769 0.111 453
1622921473070 0.109 454
1622921617922 0.108 455
1622921763913 0.107 456
1622921910750 0.107 457
1622922058446 0.104 458
1622922207824 0.106 459
1622922354744 0.108 460
1622922501789 0.111 461
1622922649252 0.11 462
1622922802026 0.11 463
1622922949295 0.107 464
1622923099399 0.115 465
1622923250917 0.108 466
1622923402358 0.109 467
1622923556158 0.109 468
1622923713924 0.11 469
1622923870816 0.109 470
1622924020873 0.107 471
1622924171523 0.107 472
1622924321279 0.106 473
1622924479446 0.108 474
1622924631474 0.106 475
1622924785903 0.105 476
1622924939641 0.113 477
1622925098300 0.112 478
1622925253006 0.11 479
1622925407248 0.107 480
1622925561478 0.106 481
1622925730754 0.112 482
1622925899308 0.11 483
1622926068733 0.113 484
1622926236630 0.118 485
1622926398326 0.113 486
1622926560717 0.117 487
1622926728201 0.114 488
1622926886697 0.11 489
1622927063572 0.11 490
1622927227760 0.116 491
1622927393103 0.122 492
1622927554345 0.116 493
1622927719573 0.109 494
1622927885579 0.104 495
1622928047651 0.113 496
1622928212221 0.11 497
1622928376845 0.109 498
1622928540966 0.11 499
1622928709967 0.107 500
