1622887302111 0.009 0
1622887303478 1.205 1
1622887305179 1.545 2
1622887307205 1.871 3
1622887309573 2.213 4
1622887312255 2.53 5
1622887315262 2.851 6
1622887318605 3.186 7
1622887322314 3.553 8
1622887326325 3.859 9
1622887330657 4.178 10
1622887335327 4.513 11
1622887340325 4.844 12
1622887345657 5.178 13
1622887351258 5.444 14
1622887357272 5.863 15
1622887363589 6.164 16
1622887370226 6.483 17
1622887377195 6.815 18
1622887384499 7.149 19
1622887392108 7.456 20
1622887400093 7.83 21
1622887408380 8.135 22
1622887416923 8.39 23
1622887425867 8.789 24
1622887435205 9.185 25
1622887444812 9.453 26
1622887454763 9.795 27
1622887464986 10.067 28
1622887475622 10.482 29
1622887486558 10.781 30
1622887497871 11.158 31
1622887509425 11.402 32
1622887521397 11.817 33
1622887533645 12.096 34
1622887546276 12.477 35
1622887559179 12.75 36
1622887572468 13.131 37
1622887585988 13.365 38
1622887599961 13.817 39
1622887614126 14.009 40
1622887628751 14.469 41
1622887643685 14.778 42
1622887658980 15.143 43
1622887674524 15.386 44
1622887690451 15.769 45
1622887706709 16.103 46
1622887723289 16.425 47
1622887740168 16.722 48
1622887757446 17.121 49
1622887775109 17.509 50
1622887793269 18.0 51
1622887811399 17.973 52
1622887829962 18.409 53
1622887848989 18.869 54
1622887868149 19.004 55
1622887887635 19.334 56
1622887907285 19.498 57
1622887927344 19.904 58
1622887947810 20.315 59
1622887968521 20.556 60
1622887989650 20.975 61
1622888011002 21.199 62
1622888033224 22.07 63
1622888056361 22.982 64
1622888078955 22.44 65
1622888102488 23.38 66
1622888125504 22.865 67
1622888148894 23.239 68
1622888172304 23.259 69
1622888196847 24.393 70
1622888221186 24.184 71
1622888246036 24.697 72
1622888271086 24.897 73
1622888296539 25.299 74
1622888322840 26.147 75
1622888348675 25.679 76
1622888375317 26.49 77
1622888402138 26.665 78
1622888429649 27.363 79
1622888457264 27.458 80
1622888485289 27.87 81
1622888513617 28.174 82
1622888542475 28.705 83
1622888571345 28.713 84
1622888599850 28.353 85
1622888628816 28.816 86
1622888658194 29.23 87
1622888687671 29.325 88
1622888717413 29.589 89
1622888747624 30.054 90
1622888779182 31.4 91
1622888809969 30.632 92
1622888840946 30.827 93
1622888872495 31.391 94
1622888903994 31.306 95
1622888936119 31.971 96
1622888968475 32.191 97
1622889001302 32.67 98
1622889034486 33.029 99
1622889068094 33.45 100
1622889102607 34.358 101
1622889137644 34.877 102
1622889172956 35.15 103
1622889207776 34.663 104
1622889243243 35.312 105
1622889278953 35.553 106
1622889314926 35.817 107
1622889351553 36.473 108
1622889388312 36.603 109
1622889425037 36.571 110
1622889462302 37.113 111
1622889499791 37.338 112
1622889537812 37.87 113
1622889575915 37.955 114
1622889615088 39.025 115
1622889653617 38.377 116
1622889692899 39.127 117
1622889732340 39.29 118
1622889772754 40.263 119
1622889813346 40.442 120
1622889853689 40.192 121
1622889894658 40.817 122
1622889935931 41.119 123
1622889978201 42.121 124
1622890020091 41.735 125
1622890062167 41.928 126
1622890104607 42.289 127
1622890147598 42.836 128
1622890191311 43.56 129
1622890234666 43.201 130
1622890278814 43.996 131
1622890323433 44.47 132
1622890370812 47.224 133
1622890416966 45.998 134
1622890462819 45.697 135
1622890508669 45.698 136
1622890556092 47.268 137
1622890607324 51.076 138
1622890656526 49.045 139
1622890703730 47.045 140
1622890751714 47.832 141
1622890799759 47.891 142
1622890847677 47.763 143
1622890896558 48.73 144
1622890944848 48.14 145
1622890994287 49.284 146
1622891043433 48.99 147
1622891092921 49.338 148
1622891142590 49.518 149
1622891192666 49.925 150
1622891244010 51.189 151
1622891294592 50.431 152
1622891346604 51.857 153
1622891398368 51.605 154
1622891451457 52.93 155
1622891504186 52.575 156
1622891557126 52.783 157
1622891609861 52.581 158
1622891662710 52.69 159
1622891717119 54.251 160
1622891773309 56.032 161
1622891829888 56.419 162
1622891887402 57.358 163
1622891944790 57.232 164
1622892001864 56.918 165
1622892058328 56.31 166
1622892114364 55.883 167
1622892170360 55.841 168
1622892226887 56.374 169
1622892283712 56.673 170
1622892340517 56.652 171
1622892397658 56.99 172
1622892456023 58.215 173
1622892514664 58.49 174
1622892573428 58.613 175
1622892632470 58.889 176
1622892691721 59.099 177
1622892750926 59.051 178
1622892811191 60.109 179
1622892872753 61.404 180
1622892937924 65.016 181
1622892999067 60.987 182
1622893060842 61.622 183
1622893123285 62.291 184
1622893185592 62.156 185
1622893251908 66.163 186
1622893314274 62.212 187
1622893376539 62.115 188
1622893439568 62.876 189
1622893502550 62.83 190
1622893565856 63.153 191
1622893631690 65.684 192
1622893696098 64.256 193
1622893762368 66.115 194
1622893828659 66.137 195
1622893894770 65.958 196
1622893960992 66.07 197
1622894027431 66.281 198
1622894093912 66.329 199
1622894160341 66.272 200
1622894228142 67.643 201
1622894296837 68.538 202
1622894366827 69.837 203
1622894436253 69.27 204
1622894506091 69.682 205
1622894575299 69.056 206
1622894644358 68.907 207
1622894713453 68.944 208
1622894783239 69.629 209
1622894853212 69.823 210
1622894924810 71.447 211
1622894996081 71.117 212
1622895068021 71.791 213
1622895139364 71.184 214
1622895212682 73.158 215
1622895284851 72.012 216
1622895357797 72.792 217
1622895430295 72.346 218
1622895503478 73.031 219
1622895576563 72.931 220
1622895649837 73.121 221
1622895723473 73.479 222
1622895798016 74.389 223
1622895873130 74.96 224
1622895948057 74.774 225
1622896023776 75.562 226
1622896100896 76.964 227
1622896175296 74.242 228
1622896251192 75.739 229
1622896328651 77.295 230
1622896406782 77.965 231
1622896486822 79.874 232
1622896567659 80.678 233
1622896650914 83.099 234
1622896734372 83.304 235
1622896814703 80.177 236
1622896893508 78.649 237
1622896971361 77.698 238
1622897051376 79.863 239
1622897127639 76.107 240
1622897206908 79.114 241
1622897284753 77.683 242
1622897362218 77.312 243
1622897440071 77.696 244
1622897521690 81.464 245
1622897602463 80.617 246
1622897683811 81.193 247
1622897768323 84.358 248
1622897851307 82.826 249
1622897934705 83.234 250
1622898015112 80.235 251
1622898096746 81.473 252
1622898177859 80.953 253
1622898259416 81.397 254
1622898340659 81.085 255
1622898422330 81.511 256
1622898507106 84.619 257
1622898591328 84.058 258
1622898679173 87.683 259
1622898764047 84.715 260
1622898852063 87.849 261
1622898942655 90.433 262
1622899029123 86.305 263
1622899118052 88.77 264
1622899204456 86.246 265
1622899292445 87.831 266
1622899379496 86.891 267
1622899468507 88.843 268
1622899556714 88.043 269
1622899643695 86.819 270
1622899730555 86.699 271
1622899820258 89.539 272
1622899907680 87.267 273
1622899996829 88.982 274
1622900084946 87.956 275
1622900172762 87.653 276
1622900261157 88.237 277
1622900351250 89.933 278
1622900440856 89.451 279
1622900531792 90.775 280
1622900626642 94.681 281
1622900716625 89.825 282
1622900814038 97.253 283
1622900910003 95.808 284
1622901004231 94.064 285
1622901097869 93.475 286
1622901189603 91.572 287
1622901282640 92.882 288
1622901376171 93.377 289
1622901470248 93.919 290
1622901565175 94.768 291
1622901660057 94.724 292
1622901754565 94.348 293
1622901849621 94.901 294
1622901944388 94.61 295
1622902039177 94.635 296
1622902135149 95.813 297
1622902230525 95.219 298
1622902327093 96.417 299
1622902427364 100.116 300
1622902524813 97.284 301
1622902624472 99.501 302
1622902722030 97.403 303
1622902820037 97.849 304
1622902918506 98.315 305
1622903016966 98.306 306
1622903116626 99.506 307
1622903216224 99.445 308
1622903318929 102.553 309
1622903419980 100.891 310
1622903522392 102.196 311
1622903625808 103.249 312
1622903727403 101.436 313
1622903828213 100.648 314
1622903930434 102.061 315
1622904041975 111.38 316
1622904155644 113.501 317
1622904264996 109.188 318
1622904380543 115.382 319
1622904494094 113.387 320
1622904598828 104.578 321
1622904704470 105.485 322
1622904809944 105.316 323
1622904915806 105.707 324
1622905020563 104.601 325
1622905127677 106.959 326
1622905234378 106.531 327
1622905340162 105.624 328
1622905445774 105.451 329
1622905554070 108.139 330
1622905661142 106.91 331
1622905768804 107.503 332
1622905876978 108.014 333
1622905985728 108.593 334
1622906094622 108.735 335
1622906203114 108.327 336
1622906313203 109.924 337
1622906423050 109.685 338
1622906533505 110.296 339
1622906643135 109.473 340
1622906758491 115.197 341
1622906874076 115.433 342
1622906987380 113.154 343
1622907101100 113.564 344
1622907216556 115.301 345
1622907328872 112.162 346
1622907440884 111.859 347
1622907553143 112.105 348
1622907666432 113.141 349
1622907779401 112.819 350
1622907893357 113.797 351
1622908008743 115.228 352
1622908123104 114.199 353
1622908240053 116.789 354
1622908355152 114.94 355
1622908472101 116.792 356
1622908594445 122.181 357
1622908714540 119.928 358
1622908832491 117.79 359
1622908949248 116.598 360
1622909065312 115.913 361
1622909184155 118.691 362
1622909303488 119.174 363
1622909423588 119.932 364
1622909544738 120.986 365
1622909666477 121.574 366
1622909786168 119.533 367
1622909906843 120.516 368
1622910032041 125.037 369
1622910160092 127.894 370
1622910287007 126.755 371
1622910416356 129.192 372
1622910547617 131.1 373
1622910672412 124.629 374
1622910796969 124.397 375
1622910920470 123.342 376
1622911042523 121.892 377
1622911164260 121.578 378
1622911286232 121.811 379
1622911409077 122.683 380
1622911531702 122.465 381
1622911654683 122.822 382
1622911780359 125.516 383
1622911905940 125.42 384
1622912032238 126.136 385
1622912158147 125.739 386
1622912285127 126.822 387
1622912413492 128.208 388
1622912539434 125.782 389
1622912665879 126.289 390
1622912794178 128.142 391
1622912921538 127.206 392
1622913056438 134.746 393
1622913193723 137.121 394
1622913321875 127.992 395
1622913448528 126.495 396
1622913577133 128.453 397
1622913706387 129.091 398
1622913833988 127.441 399
1622913962394 128.249 400
1622914091070 128.511 401
1622914220150 128.925 402
1622914350996 130.691 403
1622914481055 129.906 404
1622914613899 132.693 405
1622914749248 135.186 406
1622914885029 135.623 407
1622915020635 135.448 408
1622915155417 134.619 409
1622915287529 131.95 410
1622915420254 132.562 411
1622915559304 138.889 412
1622915694364 134.897 413
1622915827940 133.417 414
1622915963656 135.551 415
1622916097565 133.75 416
1622916230791 133.067 417
1622916364086 133.134 418
1622916497754 133.51 419
1622916631283 133.367 420
1622916766180 134.736 421
1622916900753 134.414 422
1622917036093 135.177 423
1622917171311 135.055 424
1622917307217 135.747 425
1622917443535 136.158 426
1622917581754 138.057 427
1622917718432 136.516 428
1622917856579 137.985 429
1622917993589 136.849 430
1622918130714 136.963 431
1622918268287 137.415 432
1622918408261 139.812 433
1622918546602 138.184 434
1622918688358 141.596 435
1622918834529 146.014 436
1622918984299 149.606 437
1622919126106 141.632 438
1622919267706 141.442 439
1622919414985 147.117 440
1622919557953 142.807 441
1622919702271 144.162 442
1622919844964 142.535 443
1622919986794 141.671 444
1622920129724 142.773 445
1622920275242 145.357 446
1622920420279 144.879 447
1622920584114 163.674 448
1622920747284 163.002 449
1622920893997 146.548 450
1622921039798 145.641 451
1622921183389 143.427 452
1622921327778 144.231 453
1622921473080 145.145 454
1622921617932 144.698 455
1622921763926 145.838 456
1622921910759 146.68 457
1622922058454 147.547 458
1622922207833 149.227 459
1622922354753 146.766 460
1622922501800 146.879 461
1622922649263 147.3 462
1622922802037 152.612 463
1622922949305 147.11 464
1622923099409 149.941 465
1622923250926 151.362 466
1622923402367 151.285 467
1622923556166 153.644 468
1622923713935 157.61 469
1622923870826 156.734 470
1622924020882 149.902 471
1622924171533 150.496 472
1622924321289 149.602 473
1622924479456 158.01 474
1622924631484 151.873 475
1622924785913 154.275 476
1622924939650 153.577 477
1622925098310 158.499 478
1622925253017 154.547 479
1622925407259 154.086 480
1622925561488 154.074 481
1622925730764 169.114 482
1622925899319 168.394 483
1622926068744 169.259 484
1622926236641 167.726 485
1622926398337 161.529 486
1622926560727 162.222 487
1622926728210 167.319 488
1622926886706 158.336 489
1622927063582 176.716 490
1622927227769 164.022 491
1622927393113 165.171 492
1622927554355 161.075 493
1622927719582 165.067 494
1622927885589 165.853 495
1622928047661 161.909 496
1622928212230 164.408 497
1622928376856 164.464 498
1622928540976 163.957 499
1622928709977 168.844 500
