1622753085901 50 0
1622753086476 60 1
1622753087028 70 2
1622753087617 80 3
1622753088255 90 4
1622753088925 100 5
1622753089616 110 6
1622753090342 120 7
1622753091106 130 8
1622753091911 140 9
1622753092745 150 10
1622753093630 160 11
1622753094532 170 12
1622753095476 180 13
1622753096457 190 14
1622753097467 200 15
1622753098502 210 16
1622753099592 220 17
1622753100721 230 18
1622753101885 240 19
1622753103090 250 20
1622753104325 260 21
1622753105574 270 22
1622753106871 280 23
1622753108213 290 24
1622753109601 300 25
1622753111014 310 26
1622753112434 320 27
1622753113921 330 28
1622753115446 340 29
1622753116991 350 30
1622753118571 360 31
1622753120203 370 32
1622753121853 380 33
1622753123546 390 34
1622753125306 400 35
1622753127080 410 36
1622753128910 420 37
1622753130764 430 38
1622753132641 440 39
1622753134577 450 40
1622753136523 460 41
1622753138527 470 42
1622753140541 480 43
1622753142597 490 44
1622753144703 500 45
1622753146840 510 46
1622753149013 520 47
1622753151210 530 48
1622753153464 540 49
1622753155693 550 50
1622753158050 560 51
1622753160431 570 52
1622753162811 580 53
1622753165261 590 54
1622753167707 600 55
1622753170230 610 56
1622753172733 620 57
1622753175312 630 58
1622753177903 640 59
1622753180514 650 60
1622753183174 660 61
1622753185885 670 62
1622753188644 680 63
1622753191446 690 64
1622753194269 700 65
1622753197135 710 66
1622753200010 720 67
1622753202932 730 68
1622753205926 740 69
1622753208929 750 70
1622753211999 760 71
1622753215067 770 72
1622753218210 780 73
1622753221388 790 74
1622753224561 800 75
1622753227814 810 76
1622753231099 820 77
1622753234390 830 78
1622753237680 840 79
1622753240989 850 80
1622753244385 860 81
1622753247849 870 82
1622753251346 880 83
1622753254913 890 84
1622753258484 900 85
1622753262078 910 86
1622753265684 920 87
1622753269344 930 88
1622753273098 940 89
1622753276860 950 90
1622753280627 960 91
1622753284488 970 92
1622753288355 980 93
1622753292229 990 94
1622753296131 1000 95
1622753300073 1010 96
1622753304063 1020 97
1622753308111 1030 98
1622753312154 1040 99
1622753316251 1050 100
1622753320407 1060 101
1622753324575 1070 102
1622753328733 1080 103
1622753332936 1090 104
1622753337190 1100 105
1622753341522 1110 106
1622753345885 1120 107
1622753350260 1130 108
1622753354651 1140 109
1622753359128 1150 110
1622753363587 1160 111
1622753368107 1170 112
1622753372624 1180 113
1622753377232 1190 114
1622753381846 1200 115
1622753386469 1210 116
1622753391154 1220 117
1622753395839 1230 118
1622753400594 1240 119
1622753406400 1250 120
1622753411303 1260 121
1622753416160 1270 122
1622753421104 1280 123
1622753426052 1290 124
1622753431053 1300 125
1622753436055 1310 126
1622753441131 1320 127
1622753446191 1330 128
1622753451314 1340 129
1622753456444 1350 130
1622753461646 1360 131
1622753466879 1370 132
1622753472216 1380 133
1622753477575 1390 134
1622753482905 1400 135
1622753488292 1410 136
1622753493713 1420 137
1622753499164 1430 138
1622753504658 1440 139
1622753510163 1450 140
1622753515698 1460 141
1622753521356 1470 142
1622753527058 1480 143
1622753532693 1490 144
1622753538425 1500 145
1622753544205 1510 146
1622753550034 1520 147
1622753555909 1530 148
1622753561817 1540 149
1622753567742 1550 150
1622753573738 1560 151
1622753579704 1570 152
1622753585731 1580 153
1622753591766 1590 154
1622753597830 1600 155
1622753603928 1610 156
1622753610068 1620 157
1622753616286 1630 158
1622753622518 1640 159
1622753628751 1650 160
1622753635025 1660 161
1622753641329 1670 162
1622753647669 1680 163
1622753654068 1690 164
1622753660514 1700 165
1622753667018 1710 166
1622753673619 1720 167
1622753680163 1730 168
1622753686753 1740 169
1622753693413 1750 170
1622753700063 1760 171
1622753706773 1770 172
1622753713444 1780 173
1622753720324 1790 174
1622753727197 1800 175
1622753734050 1810 176
1622753740933 1820 177
1622753747849 1830 178
1622753754793 1840 179
1622753761743 1850 180
1622753768854 1860 181
1622753775953 1870 182
1622753783042 1880 183
1622753790114 1890 184
1622753797327 1900 185
1622753804549 1910 186
1622753811829 1920 187
1622753819164 1930 188
1622753826471 1940 189
1622753833812 1950 190
1622753841235 1960 191
1622753848646 1970 192
1622753856115 1980 193
1622753863618 1990 194
1622753871210 2000 195
1622753878765 2010 196
1622753886296 2020 197
1622753893993 2030 198
1622753901676 2040 199
1622753909411 2050 200
1622753917186 2060 201
1622753925011 2070 202
1622753932820 2080 203
1622753940684 2090 204
1622753948683 2100 205
1622753956556 2110 206
1622753964508 2120 207
1622753972471 2130 208
1622753980552 2140 209
1622753988594 2150 210
1622753996675 2160 211
1622754004798 2170 212
1622754013005 2180 213
1622754021216 2190 214
1622754029518 2200 215
1622754037828 2210 216
1622754046226 2220 217
1622754054550 2230 218
1622754062953 2240 219
1622754071418 2250 220
1622754079899 2260 221
1622754088363 2270 222
1622754096927 2280 223
1622754105529 2290 224
1622754114121 2300 225
1622754122730 2310 226
1622754131429 2320 227
1622754140175 2330 228
1622754148917 2340 229
1622754157702 2350 230
1622754166586 2360 231
1622754175454 2370 232
1622754184443 2380 233
1622754193381 2390 234
1622754202379 2400 235
1622754211441 2410 236
1622754220593 2420 237
1622754229769 2430 238
1622754238924 2440 239
1622754248109 2450 240
1622754257254 2460 241
1622754266517 2470 242
1622754275765 2480 243
1622754284988 2490 244
1622754294295 2500 245
1622754303629 2510 246
1622754313064 2520 247
1622754322555 2530 248
1622754332076 2540 249
1622754341543 2550 250
1622754351061 2560 251
1622754360641 2570 252
1622754370272 2580 253
1622754379929 2590 254
1622754389765 2600 255
1622754399520 2610 256
1622754409390 2620 257
1622754419295 2630 258
1622754429157 2640 259
1622754438998 2650 260
1622754448884 2660 261
1622754458797 2670 262
1622754468788 2680 263
1622754478782 2690 264
1622754488813 2700 265
1622754498820 2710 266
1622754508935 2720 267
1622754519066 2730 268
1622754529355 2740 269
1622754539546 2750 270
1622754549786 2760 271
1622754560038 2770 272
1622754570366 2780 273
1622754580685 2790 274
1622754591089 2800 275
1622754601515 2810 276
1622754611988 2820 277
1622754622533 2830 278
1622754633136 2840 279
1622754643710 2850 280
1622754654331 2860 281
1622754665042 2870 282
1622754675782 2880 283
1622754686554 2890 284
1622754697389 2900 285
1622754708246 2910 286
1622754719061 2920 287
1622754729996 2930 288
1622754740900 2940 289
1622754751860 2950 290
1622754762854 2960 291
1622754773879 2970 292
1622754784928 2980 293
1622754796005 2990 294
1622754807044 3000 295
1622754818193 3010 296
1622754829420 3020 297
1622754840665 3030 298
1622754851943 3040 299
1622754863224 3050 300
1622754874558 3060 301
1622754885958 3070 302
1622754897446 3080 303
1622754909759 3090 304
1622754921154 3100 305
1622754932630 3110 306
1622754944128 3120 307
1622754955695 3130 308
1622754967295 3140 309
1622754978901 3150 310
1622754990439 3160 311
1622755002088 3170 312
1622755013759 3180 313
1622755025480 3190 314
1622755037222 3200 315
1622755049030 3210 316
1622755060896 3220 317
1622755072783 3230 318
1622755084587 3240 319
1622755096527 3250 320
1622755108480 3260 321
1622755120373 3270 322
1622755132391 3280 323
1622755144411 3290 324
1622755156549 3300 325
1622755168665 3310 326
1622755180881 3320 327
1622755193065 3330 328
1622755205419 3340 329
1622755217771 3350 330
1622755230201 3360 331
1622755242601 3370 332
1622755255042 3380 333
1622755267530 3390 334
1622755279954 3400 335
1622755292385 3410 336
1622755304960 3420 337
1622755317473 3430 338
1622755330097 3440 339
1622755342782 3450 340
1622755355427 3460 341
1622755368156 3470 342
1622755380995 3480 343
1622755393906 3490 344
1622755406710 3500 345
1622755419576 3510 346
1622755432478 3520 347
1622755445444 3530 348
1622755458419 3540 349
1622755471455 3550 350
1622755484544 3560 351
1622755497722 3570 352
1622755510888 3580 353
1622755524068 3590 354
1622755537294 3600 355
1622755550530 3610 356
1622755563800 3620 357
1622755577061 3630 358
1622755590425 3640 359
1622755603764 3650 360
1622755617107 3660 361
1622755630511 3670 362
1622755643934 3680 363
1622755657356 3690 364
1622755670963 3700 365
1622755684586 3710 366
1622755698232 3720 367
1622755711890 3730 368
1622755725731 3740 369
1622755739514 3750 370
1622755753294 3760 371
1622755767076 3770 372
1622755780949 3780 373
1622755794866 3790 374
1622755809795 3800 375
1622755823811 3810 376
1622755837976 3820 377
1622755852109 3830 378
1622755866302 3840 379
1622755880536 3850 380
1622755894850 3860 381
1622755909100 3870 382
1622755923431 3880 383
1622755937731 3890 384
1622755952185 3900 385
1622755966613 3910 386
1622755981111 3920 387
1622755995751 3930 388
1622756010231 3940 389
1622756024735 3950 390
1622756039488 3960 391
1622756055265 3970 392
1622756070216 3980 393
1622756084809 3990 394
1622756099490 4000 395
1622756114242 4010 396
1622756128951 4020 397
1622756143708 4030 398
1622756158481 4040 399
1622756173289 4050 400
1622756188210 4060 401
1622756203126 4070 402
1622756218028 4080 403
1622756233094 4090 404
1622756248135 4100 405
1622756263179 4110 406
1622756278307 4120 407
1622756293464 4130 408
1622756308652 4140 409
1622756323858 4150 410
1622756339081 4160 411
1622756354341 4170 412
1622756369700 4180 413
1622756385036 4190 414
1622756400509 4200 415
1622756415947 4210 416
1622756431507 4220 417
1622756446914 4230 418
1622756462354 4240 419
1622756477870 4250 420
1622756493376 4260 421
1622756509002 4270 422
1622756524647 4280 423
1622756540449 4290 424
1622756556272 4300 425
1622756572081 4310 426
1622756587889 4320 427
1622756603705 4330 428
1622756619681 4340 429
1622756635621 4350 430
1622756651624 4360 431
1622756667545 4370 432
1622756683568 4380 433
1622756699669 4390 434
1622756715881 4400 435
1622756731900 4410 436
1622756748020 4420 437
1622756764157 4430 438
1622756780404 4440 439
1622756796581 4450 440
1622756812820 4460 441
1622756828998 4470 442
1622756845319 4480 443
1622756861617 4490 444
1622756878063 4500 445
1622756894437 4510 446
1622756910902 4520 447
1622756927631 4530 448
1622756944207 4540 449
1622756960836 4550 450
1622756977494 4560 451
1622756994067 4570 452
1622757010682 4580 453
1622757027384 4590 454
1622757044097 4600 455
1622757060830 4610 456
1622757077764 4620 457
1622757094656 4630 458
1622757111656 4640 459
1622757128656 4650 460
1622757145643 4660 461
1622757162769 4670 462
1622757179852 4680 463
1622757196985 4690 464
1622757213942 4700 465
1622757231174 4710 466
1622757248302 4720 467
1622757265535 4730 468
1622757282895 4740 469
1622757300149 4750 470
1622757317550 4760 471
1622757334993 4770 472
1622757352424 4780 473
1622757369990 4790 474
1622757387547 4800 475
1622757405164 4810 476
1622757422803 4820 477
1622757440379 4830 478
1622757458053 4840 479
1622757475775 4850 480
1622757493559 4860 481
1622757511235 4870 482
1622757529058 4880 483
1622757546849 4890 484
1622757564674 4900 485
1622757582669 4910 486
1622757600654 4920 487
1622757618647 4930 488
1622757636670 4940 489
1622757654680 4950 490
1622757672682 4960 491
1622757690764 4970 492
1622757708927 4980 493
1622757727138 4990 494
1622757745476 5000 495
1622757763789 5010 496
1622757782136 5020 497
1622757800431 5030 498
1622757818764 5040 499
1622757837210 5050 500
