1622753085883 -99.135865730328 0
1622753086460 -33.71876155338603 1
1622753087012 -23.84584974290992 2
1622753087601 -23.84584974290992 3
1622753088239 -23.84584974290992 4
1622753088911 -23.84584974290992 5
1622753089602 -23.84584974290992 6
1622753090329 -23.84584974290992 7
1622753091091 -23.84584974290992 8
1622753091897 -23.84584974290992 9
1622753092732 -23.84584974290992 10
1622753093616 -23.84584974290992 11
1622753094519 -23.84584974290992 12
1622753095463 -23.84584974290992 13
1622753096443 -23.84584974290992 14
1622753097453 -23.84584974290992 15
1622753098486 -23.84584974290992 16
1622753099578 -23.84584974290992 17
1622753100705 -23.84584974290992 18
1622753101870 -23.84584974290992 19
1622753103077 -23.84584974290992 20
1622753104310 -23.84584974290992 21
1622753105561 -23.84584974290992 22
1622753106857 -23.84584974290992 23
1622753108200 -23.84584974290992 24
1622753109588 -23.84584974290992 25
1622753111001 -23.84584974290992 26
1622753112420 -23.84584974290992 27
1622753113906 -23.84584974290992 28
1622753115431 -23.84584974290992 29
1622753116977 -23.84584974290992 30
1622753118557 -23.84584974290992 31
1622753120188 -23.84584974290992 32
1622753121839 -23.84584974290992 33
1622753123532 -23.84584974290992 34
1622753125293 -23.84584974290992 35
1622753127065 -23.84584974290992 36
1622753128895 -23.84584974290992 37
1622753130749 -23.84584974290992 38
1622753132626 -23.84584974290992 39
1622753134563 -23.84584974290992 40
1622753136510 -23.84584974290992 41
1622753138513 -23.84584974290992 42
1622753140527 -23.84584974290992 43
1622753142581 -23.84584974290992 44
1622753144687 -23.84584974290992 45
1622753146825 -23.84584974290992 46
1622753148998 -23.84584974290992 47
1622753151196 -23.84584974290992 48
1622753153449 -23.84584974290992 49
1622753155678 -23.84584974290992 50
1622753158035 -23.84584974290992 51
1622753160416 -23.84584974290992 52
1622753162796 -23.84584974290992 53
1622753165247 -23.84584974290992 54
1622753167693 -23.84584974290992 55
1622753170216 -23.84584974290992 56
1622753172717 -23.84584974290992 57
1622753175296 -23.84584974290992 58
1622753177887 -23.84584974290992 59
1622753180500 -23.84584974290992 60
1622753183160 -23.84584974290992 61
1622753185870 -23.84584974290992 62
1622753188630 -23.84584974290992 63
1622753191429 -23.84584974290992 64
1622753194254 -23.84584974290992 65
1622753197123 -23.84584974290992 66
1622753199995 -23.84584974290992 67
1622753202919 -23.84584974290992 68
1622753205912 -23.84584974290992 69
1622753208915 -23.84584974290992 70
1622753211985 -23.84584974290992 71
1622753215053 -23.84584974290992 72
1622753218196 -23.84584974290992 73
1622753221374 -23.84584974290992 74
1622753224546 -23.84584974290992 75
1622753227798 -23.84584974290992 76
1622753231084 -23.84584974290992 77
1622753234375 -23.84584974290992 78
1622753237666 -23.84584974290992 79
1622753240975 -23.84584974290992 80
1622753244371 -23.84584974290992 81
1622753247835 -23.84584974290992 82
1622753251332 -23.84584974290992 83
1622753254898 -23.84584974290992 84
1622753258470 -23.84584974290992 85
1622753262064 -23.84584974290992 86
1622753265670 -23.84584974290992 87
1622753269330 -23.84584974290992 88
1622753273083 -23.84584974290992 89
1622753276844 -23.84584974290992 90
1622753280613 -23.84584974290992 91
1622753284473 -23.84584974290992 92
1622753288341 -23.84584974290992 93
1622753292214 -23.84584974290992 94
1622753296117 -23.84584974290992 95
1622753300058 -23.84584974290992 96
1622753304049 -23.84584974290992 97
1622753308097 -23.84584974290992 98
1622753312139 -23.84584974290992 99
1622753316238 -23.84584974290992 100
1622753320392 -23.84584974290992 101
1622753324561 -23.84584974290992 102
1622753328718 -23.84584974290992 103
1622753332922 -23.84584974290992 104
1622753337175 -23.84584974290992 105
1622753341506 -23.84584974290992 106
1622753345871 -23.84584974290992 107
1622753350245 -23.84584974290992 108
1622753354636 -23.84584974290992 109
1622753359113 -23.84584974290992 110
1622753363573 -23.84584974290992 111
1622753368093 -23.84584974290992 112
1622753372610 -23.84584974290992 113
1622753377217 -23.84584974290992 114
1622753381833 -23.84584974290992 115
1622753386454 -23.84584974290992 116
1622753391139 -23.84584974290992 117
1622753395824 -23.84584974290992 118
1622753400580 -23.84584974290992 119
1622753406385 -23.84584974290992 120
1622753411287 -23.84584974290992 121
1622753416145 -23.84584974290992 122
1622753421089 -23.84584974290992 123
1622753426036 -23.84584974290992 124
1622753431038 -23.84584974290992 125
1622753436041 -23.84584974290992 126
1622753441118 -23.84584974290992 127
1622753446177 -23.84584974290992 128
1622753451300 -23.84584974290992 129
1622753456431 -23.84584974290992 130
1622753461632 -23.84584974290992 131
1622753466866 -23.84584974290992 132
1622753472200 -23.84584974290992 133
1622753477559 -23.84584974290992 134
1622753482889 -23.84584974290992 135
1622753488277 -23.84584974290992 136
1622753493697 -23.84584974290992 137
1622753499149 -23.84584974290992 138
1622753504643 -23.84584974290992 139
1622753510148 -23.84584974290992 140
1622753515683 -23.84584974290992 141
1622753521342 -23.84584974290992 142
1622753527045 -23.84584974290992 143
1622753532679 -23.84584974290992 144
1622753538410 -23.84584974290992 145
1622753544189 -23.84584974290992 146
1622753550020 -23.84584974290992 147
1622753555894 -23.84584974290992 148
1622753561802 -23.84584974290992 149
1622753567727 -23.84584974290992 150
1622753573724 -23.84584974290992 151
1622753579691 -23.84584974290992 152
1622753585716 -23.84584974290992 153
1622753591751 -23.84584974290992 154
1622753597815 -23.84584974290992 155
1622753603916 -23.84584974290992 156
1622753610053 -23.84584974290992 157
1622753616271 -23.84584974290992 158
1622753622503 -23.84584974290992 159
1622753628736 -23.84584974290992 160
1622753635009 -23.84584974290992 161
1622753641315 -23.84584974290992 162
1622753647654 -23.84584974290992 163
1622753654052 -23.84584974290992 164
1622753660501 -23.84584974290992 165
1622753667004 -23.84584974290992 166
1622753673604 -23.84584974290992 167
1622753680148 -23.84584974290992 168
1622753686740 -23.84584974290992 169
1622753693399 -23.84584974290992 170
1622753700048 -23.84584974290992 171
1622753706758 -23.84584974290992 172
1622753713430 -23.84584974290992 173
1622753720309 -23.84584974290992 174
1622753727182 -23.84584974290992 175
1622753734035 -23.84584974290992 176
1622753740918 -23.84584974290992 177
1622753747835 -23.84584974290992 178
1622753754779 -23.84584974290992 179
1622753761728 -23.84584974290992 180
1622753768840 -23.84584974290992 181
1622753775938 -23.84584974290992 182
1622753783028 -23.84584974290992 183
1622753790100 -23.84584974290992 184
1622753797312 -23.84584974290992 185
1622753804535 -23.84584974290992 186
1622753811814 -23.84584974290992 187
1622753819149 -23.84584974290992 188
1622753826457 -23.84584974290992 189
1622753833796 -23.84584974290992 190
1622753841220 -23.84584974290992 191
1622753848630 -23.84584974290992 192
1622753856101 -23.84584974290992 193
1622753863604 -23.84584974290992 194
1622753871194 -23.84584974290992 195
1622753878749 -23.84584974290992 196
1622753886281 -23.84584974290992 197
1622753893979 -23.84584974290992 198
1622753901661 -23.84584974290992 199
1622753909395 -23.84584974290992 200
1622753917172 -23.84584974290992 201
1622753924995 -23.84584974290992 202
1622753932805 -23.84584974290992 203
1622753940658 -23.84584974290992 204
1622753948668 -23.84584974290992 205
1622753956541 -23.84584974290992 206
1622753964492 -23.84584974290992 207
1622753972455 -23.84584974290992 208
1622753980537 -23.84584974290992 209
1622753988579 -23.84584974290992 210
1622753996660 -23.84584974290992 211
1622754004783 -23.84584974290992 212
1622754012989 -23.84584974290992 213
1622754021201 -23.84584974290992 214
1622754029502 -23.84584974290992 215
1622754037814 -23.84584974290992 216
1622754046212 -23.84584974290992 217
1622754054534 -23.84584974290992 218
1622754062937 -23.84584974290992 219
1622754071404 -23.84584974290992 220
1622754079884 -23.84584974290992 221
1622754088346 -23.84584974290992 222
1622754096912 -23.84584974290992 223
1622754105512 -23.84584974290992 224
1622754114107 -23.84584974290992 225
1622754122716 -23.84584974290992 226
1622754131415 -23.84584974290992 227
1622754140160 -23.84584974290992 228
1622754148902 -23.84584974290992 229
1622754157688 -23.84584974290992 230
1622754166571 -23.84584974290992 231
1622754175439 -23.84584974290992 232
1622754184428 -23.84584974290992 233
1622754193366 -23.84584974290992 234
1622754202365 -23.84584974290992 235
1622754211425 -23.84584974290992 236
1622754220578 -23.84584974290992 237
1622754229754 -23.84584974290992 238
1622754238909 -23.84584974290992 239
1622754248094 -23.84584974290992 240
1622754257239 -23.84584974290992 241
1622754266501 -23.84584974290992 242
1622754275751 -23.84584974290992 243
1622754284972 -23.84584974290992 244
1622754294279 -23.84584974290992 245
1622754303613 -23.84584974290992 246
1622754313049 -23.84584974290992 247
1622754322540 -23.84584974290992 248
1622754332061 -23.84584974290992 249
1622754341527 -23.84584974290992 250
1622754351046 -23.84584974290992 251
1622754360626 -23.84584974290992 252
1622754370255 -23.84584974290992 253
1622754379915 -23.84584974290992 254
1622754389751 -23.84584974290992 255
1622754399506 -23.84584974290992 256
1622754409376 -23.84584974290992 257
1622754419282 -23.84584974290992 258
1622754429143 -23.84584974290992 259
1622754438983 -23.84584974290992 260
1622754448869 -23.84584974290992 261
1622754458783 -23.84584974290992 262
1622754468773 -23.84584974290992 263
1622754478768 -23.84584974290992 264
1622754488798 -23.84584974290992 265
1622754498804 -23.84584974290992 266
1622754508921 -23.84584974290992 267
1622754519051 -23.84584974290992 268
1622754529341 -23.84584974290992 269
1622754539531 -23.84584974290992 270
1622754549773 -23.84584974290992 271
1622754560025 -23.84584974290992 272
1622754570352 -23.84584974290992 273
1622754580671 -23.84584974290992 274
1622754591074 -23.84584974290992 275
1622754601502 -23.84584974290992 276
1622754611974 -23.84584974290992 277
1622754622518 -23.84584974290992 278
1622754633122 -23.84584974290992 279
1622754643696 -23.84584974290992 280
1622754654316 -23.84584974290992 281
1622754665027 -23.84584974290992 282
1622754675768 -23.84584974290992 283
1622754686541 -23.84584974290992 284
1622754697375 -23.84584974290992 285
1622754708231 -23.84584974290992 286
1622754719047 -23.84584974290992 287
1622754729981 -23.84584974290992 288
1622754740884 -23.84584974290992 289
1622754751845 -23.84584974290992 290
1622754762839 -23.84584974290992 291
1622754773864 -23.84584974290992 292
1622754784913 -23.84584974290992 293
1622754795991 -23.84584974290992 294
1622754807028 -23.84584974290992 295
1622754818178 -23.84584974290992 296
1622754829404 -23.84584974290992 297
1622754840649 -23.84584974290992 298
1622754851927 -23.84584974290992 299
1622754863210 -23.84584974290992 300
1622754874544 -23.84584974290992 301
1622754885944 -23.84584974290992 302
1622754897432 -23.84584974290992 303
1622754909743 -23.84584974290992 304
1622754921140 -23.84584974290992 305
1622754932616 -23.84584974290992 306
1622754944114 -23.84584974290992 307
1622754955680 -23.84584974290992 308
1622754967281 -23.84584974290992 309
1622754978886 -23.84584974290992 310
1622754990426 -23.84584974290992 311
1622755002074 -23.84584974290992 312
1622755013746 -23.84584974290992 313
1622755025465 -23.84584974290992 314
1622755037208 -23.84584974290992 315
1622755049016 -23.84584974290992 316
1622755060882 -23.84584974290992 317
1622755072767 -23.84584974290992 318
1622755084572 -23.84584974290992 319
1622755096513 -23.84584974290992 320
1622755108466 -23.84584974290992 321
1622755120359 -23.84584974290992 322
1622755132377 -23.84584974290992 323
1622755144398 -23.84584974290992 324
1622755156536 -23.84584974290992 325
1622755168652 -23.84584974290992 326
1622755180867 -23.84584974290992 327
1622755193050 -23.84584974290992 328
1622755205405 -23.84584974290992 329
1622755217756 -23.84584974290992 330
1622755230186 -23.84584974290992 331
1622755242586 -23.84584974290992 332
1622755255028 -23.84584974290992 333
1622755267516 -23.84584974290992 334
1622755279939 -23.84584974290992 335
1622755292370 -23.84584974290992 336
1622755304947 -23.84584974290992 337
1622755317458 -23.84584974290992 338
1622755330083 -23.84584974290992 339
1622755342767 -23.84584974290992 340
1622755355413 -23.84584974290992 341
1622755368139 -23.84584974290992 342
1622755380979 -23.84584974290992 343
1622755393891 -23.84584974290992 344
1622755406695 -23.84584974290992 345
1622755419561 -23.84584974290992 346
1622755432463 -23.84584974290992 347
1622755445429 -23.84584974290992 348
1622755458404 -23.84584974290992 349
1622755471441 -23.84584974290992 350
1622755484531 -23.84584974290992 351
1622755497707 -23.84584974290992 352
1622755510874 -23.84584974290992 353
1622755524053 -23.84584974290992 354
1622755537281 -23.84584974290992 355
1622755550516 -23.84584974290992 356
1622755563786 -23.84584974290992 357
1622755577047 -23.84584974290992 358
1622755590410 -23.84584974290992 359
1622755603750 -23.84584974290992 360
1622755617093 -23.84584974290992 361
1622755630497 -23.84584974290992 362
1622755643919 -23.84584974290992 363
1622755657341 -23.84584974290992 364
1622755670950 -23.84584974290992 365
1622755684572 -23.84584974290992 366
1622755698218 -23.84584974290992 367
1622755711875 -23.84584974290992 368
1622755725715 -23.84584974290992 369
1622755739496 -23.84584974290992 370
1622755753278 -23.84584974290992 371
1622755767060 -23.84584974290992 372
1622755780936 -23.84584974290992 373
1622755794851 -23.84584974290992 374
1622755809780 -23.84584974290992 375
1622755823797 -23.84584974290992 376
1622755837962 -23.84584974290992 377
1622755852093 -23.84584974290992 378
1622755866288 -23.84584974290992 379
1622755880522 -23.84584974290992 380
1622755894834 -23.84584974290992 381
1622755909085 -23.84584974290992 382
1622755923416 -23.84584974290992 383
1622755937717 -23.84584974290992 384
1622755952171 -23.84584974290992 385
1622755966597 -23.84584974290992 386
1622755981095 -23.84584974290992 387
1622755995737 -23.84584974290992 388
1622756010216 -23.84584974290992 389
1622756024719 -23.84584974290992 390
1622756039474 -23.84584974290992 391
1622756055250 -23.84584974290992 392
1622756070200 -23.84584974290992 393
1622756084795 -23.84584974290992 394
1622756099474 -23.84584974290992 395
1622756114226 -23.84584974290992 396
1622756128934 -23.84584974290992 397
1622756143694 -23.84584974290992 398
1622756158467 -23.84584974290992 399
1622756173275 -23.84584974290992 400
1622756188196 -23.84584974290992 401
1622756203110 -23.84584974290992 402
1622756218013 -23.84584974290992 403
1622756233079 -23.84584974290992 404
1622756248120 -23.84584974290992 405
1622756263164 -23.84584974290992 406
1622756278291 -23.84584974290992 407
1622756293449 -23.84584974290992 408
1622756308638 -23.84584974290992 409
1622756323842 -23.84584974290992 410
1622756339067 -23.84584974290992 411
1622756354327 -23.84584974290992 412
1622756369687 -23.84584974290992 413
1622756385020 -23.84584974290992 414
1622756400493 -23.84584974290992 415
1622756415931 -23.84584974290992 416
1622756431493 -23.84584974290992 417
1622756446899 -23.84584974290992 418
1622756462339 -23.84584974290992 419
1622756477854 -23.84584974290992 420
1622756493361 -23.84584974290992 421
1622756508986 -23.84584974290992 422
1622756524632 -23.84584974290992 423
1622756540434 -23.84584974290992 424
1622756556256 -23.84584974290992 425
1622756572066 -23.84584974290992 426
1622756587873 -23.84584974290992 427
1622756603690 -23.84584974290992 428
1622756619663 -23.84584974290992 429
1622756635606 -23.84584974290992 430
1622756651610 -23.84584974290992 431
1622756667528 -23.84584974290992 432
1622756683552 -23.84584974290992 433
1622756699653 -23.84584974290992 434
1622756715867 -23.84584974290992 435
1622756731884 -23.84584974290992 436
1622756748006 -23.84584974290992 437
1622756764142 -23.84584974290992 438
1622756780389 -23.84584974290992 439
1622756796565 -23.84584974290992 440
1622756812803 -23.84584974290992 441
1622756828983 -23.84584974290992 442
1622756845305 -23.84584974290992 443
1622756861603 -23.84584974290992 444
1622756878047 -23.84584974290992 445
1622756894422 -23.84584974290992 446
1622756910887 -23.84584974290992 447
1622756927614 -23.84584974290992 448
1622756944192 -23.84584974290992 449
1622756960822 -23.84584974290992 450
1622756977480 -23.84584974290992 451
1622756994052 -23.84584974290992 452
1622757010667 -23.84584974290992 453
1622757027364 -23.84584974290992 454
1622757044081 -23.84584974290992 455
1622757060815 -23.84584974290992 456
1622757077751 -23.84584974290992 457
1622757094642 -23.84584974290992 458
1622757111640 -23.84584974290992 459
1622757128641 -23.84584974290992 460
1622757145629 -23.84584974290992 461
1622757162753 -23.84584974290992 462
1622757179839 -23.84584974290992 463
1622757196971 -23.84584974290992 464
1622757213928 -23.84584974290992 465
1622757231161 -23.84584974290992 466
1622757248287 -23.84584974290992 467
1622757265520 -23.84584974290992 468
1622757282881 -23.84584974290992 469
1622757300135 -23.84584974290992 470
1622757317535 -23.84584974290992 471
1622757334979 -23.84584974290992 472
1622757352410 -23.84584974290992 473
1622757369976 -23.84584974290992 474
1622757387532 -23.84584974290992 475
1622757405149 -23.84584974290992 476
1622757422788 -23.84584974290992 477
1622757440365 -23.84584974290992 478
1622757458037 -23.84584974290992 479
1622757475759 -23.84584974290992 480
1622757493545 -23.84584974290992 481
1622757511220 -23.84584974290992 482
1622757529043 -23.84584974290992 483
1622757546835 -23.84584974290992 484
1622757564659 -23.84584974290992 485
1622757582654 -23.84584974290992 486
1622757600639 -23.84584974290992 487
1622757618632 -23.84584974290992 488
1622757636654 -23.84584974290992 489
1622757654665 -23.84584974290992 490
1622757672666 -23.84584974290992 491
1622757690750 -23.84584974290992 492
1622757708912 -23.84584974290992 493
1622757727125 -23.84584974290992 494
1622757745462 -23.84584974290992 495
1622757763774 -23.84584974290992 496
1622757782123 -23.84584974290992 497
1622757800416 -23.84584974290992 498
1622757818750 -23.84584974290992 499
1622757837196 -23.84584974290992 500
