1622870606882 0.019 0
1622870608916 1.762 1
1622870610878 3.436 2
1622870613081 5.348 3
1622870615417 7.396 4
1622870617949 9.639 5
1622870620655 12.055 6
1622870623515 14.626 7
1622870626543 17.364 8
1622870629769 20.301000000000002 9
1622870633089 23.330000000000002 10
1622870636617 26.568 11
1622870640301 29.964000000000002 12
1622870644110 33.482 13
1622870648123 37.204 14
1622870652396 41.186 15
1622870656663 45.163 16
1622870661183 49.393 17
1622870665918 53.84 18
1622870670829 58.459 19
1622870675886 63.228 20
1622870681079 68.133 21
1622870686451 73.217 22
1622870692021 78.498 23
1622870697781 83.968 24
1622870703722 89.622 25
1622870709714 95.322 26
1622870715928 101.245 27
1622870722213 107.24300000000001 28
1622870728669 113.41100000000002 29
1622870735243 119.69600000000001 30
1622870742055 126.21900000000001 31
1622870749056 132.93300000000002 32
1622870756256 139.84600000000003 33
1622870763436 146.73800000000003 34
1622870770954 153.96700000000004 35
1622870778614 161.33800000000005 36
1622870786533 168.96900000000005 37
1622870794590 176.73600000000005 38
1622870802675 184.52900000000005 39
1622870811086 192.65100000000007 40
1622870819466 200.74400000000006 41
1622870828191 209.18100000000007 42
1622870837054 217.75500000000008 43
1622870846148 226.56200000000007 44
1622870855384 235.50800000000007 45
1622870864662 244.49600000000007 46
1622870874225 253.77000000000007 47
1622870883965 263.22100000000006 48
1622870893727 272.69500000000005 49
1622870903774 282.45200000000006 50
1622870913844 292.23100000000005 51
1622870924287 302.38500000000005 52
1622870934904 312.708 53
1622870945611 323.125 54
1622870956443 333.666 55
1622870967592 344.524 56
1622870978738 355.382 57
1622870990247 366.603 58
1622871001717 377.784 59
1622871013426 389.204 60
1622871025347 400.836 61
1622871037284 412.483 62
1622871049513 424.425 63
1622871061946 436.567 64
1622871074551 448.884 65
1622871087359 461.40200000000004 66
1622871100328 474.08200000000005 67
1622871113457 486.9200000000001 68
1622871126701 499.87500000000006 69
1622871140090 512.974 70
1622871153589 526.1850000000001 71
1622871167281 539.5870000000001 72
1622871181176 553.1910000000001 73
1622871195228 566.9510000000001 74
1622871209432 580.8670000000002 75
1622871223672 594.8190000000002 76
1622871238219 609.0790000000002 77
1622871253033 623.6050000000001 78
1622871267833 638.1180000000002 79
1622871282887 652.8850000000002 80
1622871298004 667.7150000000003 81
1622871313343 682.7650000000002 82
1622871328999 698.1320000000002 83
1622871344859 713.7020000000002 84
1622871360726 729.2810000000002 85
1622871376978 745.2400000000001 86
1622871392951 760.9250000000001 87
1622871409240 776.9240000000001 88
1622871425717 793.1140000000001 89
1622871442403 809.5100000000001 90
1622871459180 825.9990000000001 91
1622871476225 842.7560000000001 92
1622871493461 859.705 93
1622871510902 876.854 94
1622871528383 894.0450000000001 95
1622871546193 911.5670000000001 96
1622871563879 928.9620000000001 97
1622871581905 946.6980000000001 98
1622871600187 964.6890000000001 99
1622871618726 982.9390000000001 100
1622871637446 1001.3700000000001 101
1622871656214 1019.8500000000001 102
1622871675250 1038.5980000000002 103
1622871694173 1057.2350000000001 104
1622871713461 1076.2340000000002 105
1622871732824 1095.3100000000002 106
1622871752261 1114.4600000000003 107
1622871771945 1133.8550000000002 108
1622871791696 1153.3170000000002 109
1622871811727 1173.0580000000002 110
1622871831811 1192.8530000000003 111
1622871852213 1212.9660000000003 112
1622871872862 1233.3280000000004 113
1622871893534 1253.7100000000005 114
1622871914433 1274.3200000000004 115
1622871935636 1295.2300000000005 116
1622871956984 1316.2900000000004 117
1622871978430 1337.4480000000003 118
1622871999944 1358.6730000000002 119
1622872021794 1380.2350000000001 120
1622872043752 1401.9060000000002 121
1622872065694 1423.5610000000001 122
1622872087746 1445.3220000000001 123
1622872110216 1467.5030000000002 124
1622872132909 1489.9040000000002 125
1622872155516 1512.2220000000002 126
1622872178256 1534.6760000000002 127
1622872201614 1557.7450000000001 128
1622872225065 1580.9070000000002 129
1622872248526 1604.0780000000002 130
1622872271857 1627.1200000000001 131
1622872295498 1650.4750000000001 132
1622872319437 1674.123 133
1622872343484 1697.88 134
1622872367701 1721.8090000000002 135
1622872392150 1745.967 136
1622872416583 1770.111 137
1622872441383 1794.621 138
1622872466202 1819.152 139
1622872491325 1843.9850000000001 140
1622872516584 1868.958 141
1622872542037 1894.122 142
1622872567409 1919.2060000000001 143
1622872592995 1944.5020000000002 144
1622872619142 1970.3600000000001 145
1622872645315 1996.2440000000001 146
1622872671530 2022.171 147
1622872697983 2048.335 148
1622872724672 2074.737 149
1622872751368 2101.143 150
1622872778360 2127.8450000000003 151
1622872805349 2154.545 152
1622872832530 2181.438 153
1622872859924 2208.543 154
1622872887585 2235.917 155
1622872915337 2263.382 156
1622872943156 2290.913 157
1622872971368 2318.837 158
1622872999691 2346.869 159
1622873028222 2375.1110000000003 160
1622873056877 2403.476 161
1622873085725 2432.0350000000003 162
1622873114550 2460.568 163
1622873143507 2489.235 164
1622873172712 2518.152 165
1622873201947 2547.098 166
1622873231631 2576.4919999999997 167
1622873261472 2606.0409999999997 168
1622873291528 2635.805 169
1622873321606 2665.596 170
1622873351751 2695.453 171
1622873382017 2725.431 172
1622873412646 2755.768 173
1622873443659 2786.4900000000002 174
1622873474311 2816.853 175
1622873505341 2847.59 176
1622873536638 2878.598 177
1622873568150 2909.821 178
1622873599908 2941.292 179
1622873631605 2972.697 180
1622873663619 3004.424 181
1622873695612 3036.13 182
1622873727593 3067.8230000000003 183
1622873759945 3099.8840000000005 184
1622873792708 3132.3600000000006 185
1622873825442 3164.8040000000005 186
1622873858613 3197.6860000000006 187
1622873891633 3230.419000000001 188
1622873924744 3263.241000000001 189
1622873957966 3296.172000000001 190
1622873991614 3329.530000000001 191
1622874025309 3362.9350000000013 192
1622874059121 3396.4600000000014 193
1622874093108 3430.1580000000013 194
1622874127221 3463.9840000000013 195
1622874161536 3498.008000000001 196
1622874195882 3532.066000000001 197
1622874230588 3566.483000000001 198
1622874265691 3601.3010000000013 199
1622874300867 3636.1860000000015 200
1622874336047 3671.0760000000014 201
1622874371382 3706.122000000001 202
1622874406976 3741.4260000000013 203
1622874442597 3776.760000000001 204
1622874478280 3812.1560000000013 205
1622874514364 3847.952000000001 206
1622874550717 3884.018000000001 207
1622874587314 3920.3250000000007 208
1622874623810 3956.5320000000006 209
1622874660752 3993.1840000000007 210
1622874697498 4029.640000000001 211
1622874734614 4066.469000000001 212
1622874772102 4103.666000000001 213
1622874809676 4140.949000000001 214
1622874847143 4178.126000000001 215
1622874885239 4215.934000000001 216
1622874923097 4253.506000000001 217
1622874961502 4291.621000000001 218
1622874999983 4329.813000000001 219
1622875038168 4367.707000000001 220
1622875076580 4405.832000000001 221
1622875115210 4444.171000000001 222
1622875153989 4482.664000000002 223
1622875193196 4521.5790000000015 224
1622875232683 4560.777000000002 225
1622875272147 4599.952000000002 226
1622875311937 4639.452000000002 227
1622875351539 4678.766000000002 228
1622875391661 4718.600000000002 229
1622875431677 4758.327000000002 230
1622875471785 4798.147000000002 231
1622875512027 4838.100000000002 232
1622875552540 4878.323000000002 233
1622875593394 4918.888000000002 234
1622875634147 4959.352000000002 235
1622875675596 5000.510000000002 236
1622875716556 5041.183000000002 237
1622875758083 5082.422000000001 238
1622875799768 5123.817000000002 239
1622875841346 5165.106000000002 240
1622875883363 5206.834000000002 241
1622875925589 5248.773000000002 242
1622875967976 5290.872000000002 243
1622876010719 5333.326000000002 244
1622876053299 5375.616000000002 245
1622876096041 5418.068000000002 246
1622876138913 5460.651000000002 247
1622876182057 5503.502000000001 248
1622876225395 5546.5520000000015 249
1622876269029 5589.898000000001 250
1622876312829 5633.410000000001 251
1622876356597 5676.8910000000005 252
1622876400257 5720.26 253
1622876444334 5764.0470000000005 254
1622876488494 5807.915000000001 255
1622876532559 5851.689000000001 256
1622876577174 5896.016000000001 257
1622876622092 5940.646000000002 258
1622876667154 5985.4180000000015 259
1622876712399 6030.375000000002 260
1622876757604 6075.2930000000015 261
1622876803064 6120.465000000001 262
1622876848820 6165.933000000001 263
1622876894842 6211.668000000001 264
1622876940924 6257.460000000001 265
1622876987398 6303.647000000001 266
1622877033687 6349.647000000001 267
1622877080033 6395.704000000001 268
1622877126422 6441.804000000001 269
1622877173517 6488.610000000001 270
1622877220628 6535.432000000001 271
1622877268070 6582.584000000001 272
1622877315502 6629.727000000001 273
1622877362751 6676.684000000001 274
1622877410552 6724.198000000001 275
1622877458424 6771.783000000001 276
1622877506376 6819.447000000001 277
1622877554772 6867.554000000001 278
1622877602962 6915.453000000001 279
1622877651560 6963.7620000000015 280
1622877700518 7012.430000000001 281
1622877748911 7060.531000000001 282
1622877798105 7109.436000000001 283
1622877847283 7158.327 284
1622877896587 7207.341 285
1622877946223 7256.687 286
1622877996063 7306.24 287
1622878045806 7355.695 288
1622878095482 7405.08 289
1622878145524 7454.832 290
1622878195678 7504.697 291
1622878245832 7554.563 292
1622878296713 7605.155 293
1622878347475 7655.6269999999995 294
1622878398426 7706.289 295
1622878449061 7756.634999999999 296
1622878500341 7807.624999999999 297
1622878551910 7858.9039999999995 298
1622878603420 7910.124 299
1622878655172 7961.586 300
1622878707158 8013.280000000001 301
1622878759134 8064.965000000001 302
1622878811504 8117.048000000001 303
1622878863800 8169.0560000000005 304
1622878916357 8221.325 305
1622878969060 8273.738000000001 306
1622879022174 8326.564 307
1622879075159 8379.26 308
1622879128511 8432.321 309
1622879181788 8485.309 310
1622879235529 8538.760999999999 311
1622879289447 8592.39 312
1622879343273 8645.927 313
1622879397515 8699.88 314
1622879452143 8754.22 315
1622879506616 8808.404999999999 316
1622879561441 8862.943 317
1622879616292 8917.505 318
1622879671567 8972.491 319
1622879726646 9027.28 320
1622879782298 9082.643 321
1622879837937 9137.994 322
1622879893918 9193.686 323
1622879949931 9249.401 324
1622880005921 9305.101999999999 325
1622880061983 9360.875999999998 326
1622880118660 9417.264 327
1622880175407 9473.721 328
1622880231879 9529.904 329
1622880288726 9586.461000000001 330
1622880345513 9642.961000000001 331
1622880402586 9699.745 332
1622880460081 9756.952000000001 333
1622880517758 9814.340000000002 334
1622880575461 9871.752000000002 335
1622880633402 9929.404000000002 336
1622880691443 9987.156000000003 337
1622880749852 10045.277000000002 338
1622880808082 10103.218000000003 339
1622880866293 10161.138000000003 340
1622880924936 10219.492000000002 341
1622880983733 10277.998000000001 342
1622881042802 10336.776000000002 343
1622881101561 10395.248000000001 344
1622881160841 10454.236 345
1622881220546 10513.651000000002 346
1622881280309 10573.127000000002 347
1622881340029 10632.557000000003 348
1622881399771 10692.012000000002 349
1622881460059 10752.013000000003 350
1622881520421 10812.085000000003 351
1622881580702 10872.078000000003 352
1622881641532 10932.618000000004 353
1622881702568 10993.363000000005 354
1622881763315 11053.823000000004 355
1622881824368 11114.587000000003 356
1622881885555 11175.486000000003 357
1622881946638 11236.281000000003 358
1622882008105 11297.458000000002 359
1622882069468 11358.532000000003 360
1622882131333 11420.107000000004 361
1622882193394 11481.879000000004 362
1622882255551 11543.746000000005 363
1622882317972 11605.878000000004 364
1622882380789 11668.406000000004 365
1622882443845 11731.176000000005 366
1622882506906 11793.943000000005 367
1622882570401 11857.149000000005 368
1622882633371 11919.829000000005 369
1622882696737 11982.904000000006 370
1622882760215 12046.094000000006 371
1622882824314 12109.904000000006 372
1622882888425 12173.728000000006 373
1622882952720 12237.733000000006 374
1622883016907 12301.630000000006 375
1622883081622 12366.057000000006 376
1622883146168 12430.315000000006 377
1622883210927 12494.785000000005 378
1622883275738 12559.309000000005 379
1622883340616 12623.901000000005 380
1622883405932 12688.933000000005 381
1622883471062 12753.777000000004 382
1622883536674 12819.101000000004 383
1622883602460 12884.600000000004 384
1622883667776 12949.626000000004 385
1622883733745 13015.304000000004 386
1622883799803 13081.065000000004 387
1622883866031 13147.004000000004 388
1622883932662 13213.343000000004 389
1622883999666 13280.059000000005 390
1622884066490 13346.595000000005 391
1622884133600 13413.416000000005 392
1622884201146 13480.673000000004 393
1622884268669 13547.908000000005 394
1622884336407 13615.356000000005 395
1622884404146 13682.807000000004 396
1622884472273 13750.646000000004 397
1622884540449 13818.533000000005 398
1622884608885 13886.680000000006 399
1622884677589 13955.094000000006 400
1622884746006 14023.221000000007 401
1622884814787 14091.713000000007 402
1622884883520 14160.152000000007 403
1622884952570 14228.913000000008 404
1622885021726 14297.776000000007 405
1622885091241 14367.002000000008 406
1622885160708 14436.179000000007 407
1622885230628 14505.810000000007 408
1622885300612 14575.503000000006 409
1622885370715 14645.319000000007 410
1622885440799 14715.113000000007 411
1622885511684 14785.709000000006 412
1622885582519 14856.256000000007 413
1622885653369 14926.818000000007 414
1622885724537 14997.697000000007 415
1622885795571 15068.443000000007 416
1622885866856 15139.438000000007 417
1622885938539 15210.832000000008 418
1622886010062 15282.065000000008 419
1622886081815 15353.530000000008 420
1622886153912 15425.338000000009 421
1622886225680 15496.818000000008 422
1622886297972 15568.819000000009 423
1622886370157 15640.712000000009 424
1622886442616 15712.882000000009 425
1622886515415 15785.39300000001 426
1622886588199 15857.88800000001 427
1622886660731 15930.13100000001 428
1622886733852 16002.96200000001 429
1622886807188 16076.001000000011 430
1622886880523 16149.048000000012 431
1622886954287 16222.523000000012 432
1622887028360 16296.309000000012 433
1622887102660 16370.321000000013 434
1622887176971 16444.34200000001 435
1622887251045 16518.12600000001 436
1622887325673 16592.46500000001 437
1622887400401 16666.90700000001 438
1622887475456 16741.67300000001 439
1622887550421 16816.34700000001 440
1622887625353 16890.99100000001 441
1622887700631 16965.98100000001 442
1622887775909 17040.970000000012 443
1622887851309 17116.083000000013 444
1622887926706 17191.188000000013 445
1622888002908 17267.105000000014 446
1622888078889 17342.799000000014 447
1622888154605 17418.226000000013 448
1622888230658 17493.991000000013 449
1622888306751 17569.797000000013 450
1622888383180 17645.940000000013 451
1622888459787 17722.260000000013 452
1622888536461 17798.64600000001 453
1622888613738 17875.634000000013 454
1622888690835 17952.443000000014 455
1622888768194 18029.511000000013 456
1622888846077 18107.106000000014 457
1622888924418 18185.160000000014 458
1622889002639 18263.090000000015 459
1622889080868 18341.030000000013 460
1622889159738 18419.612000000012 461
1622889238847 18498.434000000012 462
1622889318520 18577.81800000001 463
1622889397927 18656.93600000001 464
1622889477117 18735.83600000001 465
1622889556820 18815.25200000001 466
1622889636568 18894.70800000001 467
1622889716910 18974.76100000001 468
1622889796995 19054.558000000008 469
1622889877008 19134.283000000007 470
1622889957294 19214.281000000006 471
1622890037979 19294.679000000007 472
1622890118416 19374.82800000001 473
1622890198997 19455.12200000001 474
1622890279920 19535.75400000001 475
1622890360762 19616.30800000001 476
1622890441802 19697.061000000012 477
1622890523101 19778.07200000001 478
1622890605031 19859.71400000001 479
1622890686772 19941.16300000001 480
1622890768800 20022.899000000012 481
1622890851673 20105.48000000001 482
1622890934937 20188.45500000001 483
1622891017457 20270.68600000001 484
1622891100404 20353.34600000001 485
1622891183570 20436.22000000001 486
1622891266940 20519.29800000001 487
1622891350210 20602.28000000001 488
1622891433418 20685.200000000008 489
1622891516532 20768.02600000001 490
1622891600327 20851.53000000001 491
1622891683485 20934.39900000001 492
1622891767125 21017.752000000008 493
1622891850987 21101.324000000008 494
1622891935211 21185.262000000006 495
1622892019432 21269.186000000005 496
1622892103817 21353.282000000007 497
1622892188790 21437.958000000006 498
1622892273645 21522.527000000006 499
1622892358246 21606.838000000007 500
