1622642937395 -98.42216620555877 0
1622642939562 -35.35985661186085 1
1622642941710 -35.35985661186085 2
1622642943978 -29.506564804452054 3
1622642946402 -29.506564804452054 4
1622642948937 -29.506564804452054 5
1622642951667 -29.506564804452054 6
1622642954557 -29.506564804452054 7
1622642957588 -29.506564804452054 8
1622642960812 -29.506564804452054 9
1622642964165 -29.506564804452054 10
1622642967660 -29.506564804452054 11
1622642971363 -29.506564804452054 12
1622642975169 -29.506564804452054 13
1622642979143 -29.506564804452054 14
1622642983411 -29.506564804452054 15
1622642987691 -29.506564804452054 16
1622642992221 -29.506564804452054 17
1622642996873 -29.506564804452054 18
1622643001716 -29.506564804452054 19
1622643006694 -29.506564804452054 20
1622643011845 -29.506564804452054 21
1622643017110 -29.506564804452054 22
1622643022586 -29.506564804452054 23
1622643028102 -29.506564804452054 24
1622643033852 -29.506564804452054 25
1622643039751 -29.506564804452054 26
1622643045809 -29.506564804452054 27
1622643052030 -29.506564804452054 28
1622643058473 -29.506564804452054 29
1622643064948 -29.506564804452054 30
1622643071741 -29.506564804452054 31
1622643078567 -29.506564804452054 32
1622643085614 -29.506564804452054 33
1622643092900 -29.506564804452054 34
1622643100305 -29.506564804452054 35
1622643107834 -29.506564804452054 36
1622643115546 -29.506564804452054 37
1622643123465 -29.506564804452054 38
1622643131352 -29.506564804452054 39
1622643139520 -29.506564804452054 40
1622643147798 -29.506564804452054 41
1622643156356 -29.506564804452054 42
1622643165030 -29.506564804452054 43
1622643173827 -29.506564804452054 44
1622643182764 -29.506564804452054 45
1622643191958 -29.506564804452054 46
1622643201230 -29.506564804452054 47
1622643210670 -29.506564804452054 48
1622643220260 -29.506564804452054 49
1622643230038 -29.506564804452054 50
1622643239849 -29.506564804452054 51
1622643249882 -29.506564804452054 52
1622643260137 -29.506564804452054 53
1622643270652 -29.506564804452054 54
1622643281244 -29.506564804452054 55
1622643292045 -29.506564804452054 56
1622643302922 -29.506564804452054 57
1622643313986 -29.506564804452054 58
1622643325203 -29.506564804452054 59
1622643336617 -29.506564804452054 60
1622643348161 -29.506564804452054 61
1622643359933 -29.506564804452054 62
1622643371712 -29.506564804452054 63
1622643383587 -29.506564804452054 64
1622643395846 -29.506564804452054 65
1622643408259 -29.506564804452054 66
1622643420926 -29.506564804452054 67
1622643433570 -29.506564804452054 68
1622643446460 -29.506564804452054 69
1622643459397 -29.506564804452054 70
1622643472720 -29.506564804452054 71
1622643486050 -29.506564804452054 72
1622643499466 -29.506564804452054 73
1622643512922 -29.506564804452054 74
1622643527372 -29.506564804452054 75
1622643543011 -29.506564804452054 76
1622643557832 -29.506564804452054 77
1622643572810 -29.506564804452054 78
1622643589850 -29.506564804452054 79
1622643605581 -29.506564804452054 80
1622643620568 -29.506564804452054 81
1622643635568 -29.506564804452054 82
1622643650617 -29.506564804452054 83
1622643666306 -29.506564804452054 84
1622643681912 -29.506564804452054 85
1622643698158 -29.506564804452054 86
1622643714413 -29.506564804452054 87
1622643730808 -29.506564804452054 88
1622643748374 -29.506564804452054 89
1622643764921 -29.506564804452054 90
1622643782684 -29.506564804452054 91
1622643799364 -29.506564804452054 92
1622643816092 -29.506564804452054 93
1622643832880 -29.506564804452054 94
1622643849724 -29.506564804452054 95
1622643866946 -29.506564804452054 96
1622643884400 -29.506564804452054 97
1622643901779 -29.506564804452054 98
1622643919485 -29.506564804452054 99
1622643937204 -29.506564804452054 100
1622643954991 -29.506564804452054 101
1622644097423 -29.506564804452054 102
1622644115811 -29.506564804452054 103
1622644134324 -29.506564804452054 104
1622644152952 -29.506564804452054 105
1622644171699 -29.506564804452054 106
1622644190483 -29.506564804452054 107
1622644209381 -29.506564804452054 108
1622644228745 -29.506564804452054 109
1622644248197 -29.506564804452054 110
1622644267866 -29.506564804452054 111
1622644287489 -29.506564804452054 112
1622644307432 -29.506564804452054 113
1622644327488 -29.506564804452054 114
1622644347668 -29.506564804452054 115
1622644367971 -29.506564804452054 116
1622644388517 -29.506564804452054 117
1622644409102 -29.506564804452054 118
1622644429976 -29.506564804452054 119
1622644450889 -29.506564804452054 120
1622644472057 -29.506564804452054 121
1622644493269 -29.506564804452054 122
1622644514712 -29.506564804452054 123
1622644536584 -29.506564804452054 124
1622644558469 -29.506564804452054 125
1622644580527 -29.506564804452054 126
1622644602680 -29.506564804452054 127
1622644624933 -29.506564804452054 128
1622644647387 -29.506564804452054 129
1622644670080 -29.506564804452054 130
1622644692723 -29.506564804452054 131
1622644715566 -29.506564804452054 132
1622644738718 -29.506564804452054 133
1622644761858 -29.506564804452054 134
1622644785359 -29.506564804452054 135
1622644808830 -29.506564804452054 136
1622644832694 -29.506564804452054 137
1622644856545 -29.506564804452054 138
1622644880262 -29.506564804452054 139
1622644904430 -29.506564804452054 140
1622644928729 -29.506564804452054 141
1622644953184 -29.506564804452054 142
1622644977911 -29.506564804452054 143
1622645002567 -29.506564804452054 144
1622645027552 -29.506564804452054 145
1622645052398 -29.506564804452054 146
1622645077628 -29.506564804452054 147
1622645102980 -29.506564804452054 148
1622645128389 -29.506564804452054 149
1622645154338 -29.506564804452054 150
1622645180365 -29.506564804452054 151
1622645206417 -29.506564804452054 152
1622645232413 -29.506564804452054 153
1622645258693 -29.506564804452054 154
1622645285191 -29.506564804452054 155
1622645311916 -29.506564804452054 156
1622645338756 -29.506564804452054 157
1622645365761 -29.506564804452054 158
1622645393002 -29.506564804452054 159
1622645420305 -29.506564804452054 160
1622645447698 -29.506564804452054 161
1622645475324 -29.506564804452054 162
1622645503164 -29.506564804452054 163
1622645531045 -29.506564804452054 164
1622645559232 -29.506564804452054 165
1622645587367 -29.506564804452054 166
1622645615660 -29.506564804452054 167
1622645644003 -29.506564804452054 168
1622645672566 -29.506564804452054 169
1622645701583 -29.506564804452054 170
1622645730876 -29.506564804452054 171
1622645760175 -29.506564804452054 172
1622645789559 -29.506564804452054 173
1622645818964 -29.506564804452054 174
1622645848622 -29.506564804452054 175
1622645878470 -29.506564804452054 176
1622645908422 -29.506564804452054 177
1622645938455 -29.506564804452054 178
1622645968673 -29.506564804452054 179
1622645999036 -29.506564804452054 180
1622646029735 -29.506564804452054 181
1622646060480 -29.506564804452054 182
1622646091530 -29.506564804452054 183
1622646122656 -29.506564804452054 184
1622646154062 -29.506564804452054 185
1622646185667 -29.506564804452054 186
1622646217544 -29.506564804452054 187
1622646249248 -29.506564804452054 188
1622646280960 -29.506564804452054 189
1622646313373 -29.506564804452054 190
1622646345683 -29.506564804452054 191
1622646378189 -29.506564804452054 192
1622646410670 -29.506564804452054 193
1622646443378 -29.506564804452054 194
1622646476229 -29.506564804452054 195
1622646508985 -29.506564804452054 196
1622646542155 -29.506564804452054 197
1622646575570 -29.506564804452054 198
1622646609236 -29.506564804452054 199
1622646642988 -29.506564804452054 200
1622646676826 -29.506564804452054 201
1622646710736 -29.506564804452054 202
1622646744898 -29.506564804452054 203
1622646779288 -29.506564804452054 204
1622646813943 -29.506564804452054 205
1622646848649 -29.506564804452054 206
1622646883606 -29.506564804452054 207
1622646918632 -29.506564804452054 208
1622646953814 -29.506564804452054 209
1622646989065 -29.506564804452054 210
1622647024491 -29.506564804452054 211
1622647059930 -29.506564804452054 212
1622647095913 -29.506564804452054 213
1622647131953 -29.506564804452054 214
1622647168095 -29.506564804452054 215
1622647204236 -29.506564804452054 216
1622647240674 -29.506564804452054 217
1622647277466 -29.506564804452054 218
1622647314223 -29.506564804452054 219
1622647351174 -29.506564804452054 220
1622647388192 -29.506564804452054 221
1622647425431 -29.506564804452054 222
1622647462647 -29.506564804452054 223
1622647500191 -29.506564804452054 224
1622647537807 -29.506564804452054 225
1622647575634 -29.506564804452054 226
1622647613628 -29.506564804452054 227
1622647651643 -29.506564804452054 228
1622647689582 -29.506564804452054 229
1622647728237 -29.506564804452054 230
1622647766925 -29.506564804452054 231
1622647805786 -29.506564804452054 232
1622647844391 -29.506564804452054 233
1622647883629 -29.506564804452054 234
1622647922757 -29.506564804452054 235
1622647962214 -29.506564804452054 236
1622648001805 -29.506564804452054 237
1622648041567 -29.506564804452054 238
1622648081544 -29.506564804452054 239
1622648121599 -29.506564804452054 240
1622648161621 -29.506564804452054 241
1622648202014 -29.506564804452054 242
1622648242744 -29.506564804452054 243
1622648283507 -29.506564804452054 244
1622648324620 -29.506564804452054 245
1622648365553 -29.506564804452054 246
1622648406768 -29.506564804452054 247
1622648448243 -29.506564804452054 248
1622648489718 -29.506564804452054 249
1622648531459 -29.506564804452054 250
1622648573633 -29.506564804452054 251
1622648615518 -29.506564804452054 252
1622648657628 -29.506564804452054 253
1622648700113 -29.506564804452054 254
1622648743057 -29.506564804452054 255
1622648785756 -29.506564804452054 256
1622648828564 -29.506564804452054 257
1622648871407 -29.506564804452054 258
1622648914509 -29.506564804452054 259
1622648957933 -29.506564804452054 260
1622649001376 -29.506564804452054 261
1622649044795 -29.506564804452054 262
1622649088435 -29.506564804452054 263
1622649132566 -29.506564804452054 264
1622649176589 -29.506564804452054 265
1622649220661 -29.506564804452054 266
1622649264699 -29.506564804452054 267
1622649308938 -29.506564804452054 268
1622649353368 -29.506564804452054 269
1622649398162 -29.506564804452054 270
1622649443427 -29.506564804452054 271
1622649488852 -29.506564804452054 272
1622649534409 -29.506564804452054 273
1622649579891 -29.506564804452054 274
1622649625150 -29.506564804452054 275
1622649670722 -29.506564804452054 276
1622649716575 -29.506564804452054 277
1622649762560 -29.506564804452054 278
1622649809169 -29.506564804452054 279
1622649855925 -29.506564804452054 280
1622649902450 -29.506564804452054 281
1622649949057 -29.506564804452054 282
1622649996004 -29.506564804452054 283
1622650043507 -29.506564804452054 284
1622650091050 -29.506564804452054 285
1622650138295 -29.506564804452054 286
1622650186074 -29.506564804452054 287
1622650233446 -29.506564804452054 288
1622650281400 -29.506564804452054 289
1622650328902 -29.506564804452054 290
1622650377416 -29.506564804452054 291
1622650425977 -29.506564804452054 292
1622650474637 -29.506564804452054 293
1622650523172 -29.506564804452054 294
1622650572438 -29.506564804452054 295
1622650621210 -29.506564804452054 296
1622650670784 -29.506564804452054 297
1622650720174 -29.506564804452054 298
1622650769556 -29.506564804452054 299
1622650818980 -29.506564804452054 300
1622650868518 -29.506564804452054 301
1622650918718 -29.506564804452054 302
1622650968647 -29.506564804452054 303
1622651018678 -29.506564804452054 304
1622651069239 -29.506564804452054 305
1622651120001 -29.506564804452054 306
1622651171058 -29.506564804452054 307
1622651222025 -29.506564804452054 308
1622651273266 -29.506564804452054 309
1622651324572 -29.506564804452054 310
1622651375741 -29.506564804452054 311
1622651427320 -29.506564804452054 312
1622651478915 -29.506564804452054 313
1622651531008 -29.506564804452054 314
1622651582981 -29.506564804452054 315
1622651634985 -29.506564804452054 316
1622651687433 -29.506564804452054 317
1622651739627 -29.506564804452054 318
1622651792491 -29.506564804452054 319
1622651845265 -29.506564804452054 320
1622651897909 -29.506564804452054 321
1622651950918 -29.506564804452054 322
1622652004427 -29.506564804452054 323
1622652057636 -29.506564804452054 324
1622652111691 -29.506564804452054 325
1622652165750 -29.506564804452054 326
1622652219763 -29.506564804452054 327
1622652273842 -29.506564804452054 328
1622652328058 -29.506564804452054 329
1622652382346 -29.506564804452054 330
1622652436997 -29.506564804452054 331
1622652491662 -29.506564804452054 332
1622652546751 -29.506564804452054 333
1622652601875 -29.506564804452054 334
1622652656927 -29.506564804452054 335
1622652712411 -29.506564804452054 336
1622652767947 -29.506564804452054 337
1622652823847 -29.506564804452054 338
1622652880062 -29.506564804452054 339
1622652936224 -29.506564804452054 340
1622652992271 -29.506564804452054 341
1622653048744 -29.506564804452054 342
1622653105222 -29.506564804452054 343
1622653161931 -29.506564804452054 344
1622653219361 -29.506564804452054 345
1622653276313 -29.506564804452054 346
1622653333443 -29.506564804452054 347
1622653390900 -29.506564804452054 348
1622653448693 -29.506564804452054 349
1622653506231 -29.506564804452054 350
1622653563922 -29.506564804452054 351
1622653621903 -29.506564804452054 352
1622653680212 -29.506564804452054 353
1622653738603 -29.506564804452054 354
1622653797293 -29.506564804452054 355
1622653855931 -29.506564804452054 356
1622653914571 -29.506564804452054 357
1622653973833 -29.506564804452054 358
1622654032689 -29.506564804452054 359
1622654092218 -29.506564804452054 360
1622654151389 -29.506564804452054 361
1622654210742 -29.506564804452054 362
1622654270896 -29.506564804452054 363
1622654331003 -29.506564804452054 364
1622654390935 -29.506564804452054 365
1622654450759 -29.506564804452054 366
1622654511086 -29.506564804452054 367
1622654571629 -29.506564804452054 368
1622654631889 -29.506564804452054 369
1622654692958 -29.506564804452054 370
1622654753808 -29.506564804452054 371
1622654814591 -29.506564804452054 372
1622654875669 -29.506564804452054 373
1622654936986 -29.506564804452054 374
1622654998701 -29.506564804452054 375
1622655060362 -29.506564804452054 376
1622655122158 -29.506564804452054 377
1622655184315 -29.506564804452054 378
1622655246689 -29.506564804452054 379
1622655307109 -29.506564804452054 380
1622655367907 -29.506564804452054 381
1622655429120 -29.506564804452054 382
1622655490175 -29.506564804452054 383
1622655551610 -29.506564804452054 384
1622655612816 -29.506564804452054 385
1622655674523 -29.506564804452054 386
1622655736343 -29.506564804452054 387
1622655798401 -29.506564804452054 388
1622655860649 -29.506564804452054 389
1622655922444 -29.506564804452054 390
1622655984650 -29.506564804452054 391
1622656047260 -29.506564804452054 392
1622656109735 -29.506564804452054 393
1622656172630 -29.506564804452054 394
1622656235524 -29.506564804452054 395
1622656299215 -29.506564804452054 396
1622656362350 -29.506564804452054 397
1622656425923 -29.506564804452054 398
1622656489416 -29.506564804452054 399
1622656553068 -29.506564804452054 400
1622656616724 -29.506564804452054 401
1622656680899 -29.506564804452054 402
1622656745282 -29.506564804452054 403
1622656809475 -29.506564804452054 404
1622656873687 -29.506564804452054 405
1622656938563 -29.506564804452054 406
1622657003543 -29.506564804452054 407
1622657068504 -29.506564804452054 408
1622657133315 -29.506564804452054 409
1622657198466 -29.506564804452054 410
1622657263724 -29.506564804452054 411
1622657329386 -29.506564804452054 412
1622657395285 -29.506564804452054 413
1622657461070 -29.506564804452054 414
1622657526725 -29.506564804452054 415
1622657592467 -29.506564804452054 416
1622657658524 -29.506564804452054 417
1622657724904 -29.506564804452054 418
1622657791158 -29.506564804452054 419
1622657857864 -29.506564804452054 420
1622657924718 -29.506564804452054 421
1622657992099 -29.506564804452054 422
1622658059314 -29.506564804452054 423
1622658126843 -29.506564804452054 424
1622658194241 -29.506564804452054 425
1622658261558 -29.506564804452054 426
1622658329140 -29.506564804452054 427
1622658397014 -29.506564804452054 428
1622658464980 -29.506564804452054 429
1622658532594 -29.506564804452054 430
1622658601233 -29.506564804452054 431
1622658669807 -29.506564804452054 432
1622658738256 -29.506564804452054 433
1622658806629 -29.506564804452054 434
1622658875592 -29.506564804452054 435
1622658944752 -29.506564804452054 436
1622659013818 -29.506564804452054 437
1622659083205 -29.506564804452054 438
1622659152490 -29.506564804452054 439
1622659222483 -29.506564804452054 440
1622659292694 -29.506564804452054 441
1622659362319 -29.506564804452054 442
1622659432622 -29.506564804452054 443
1622659502904 -29.506564804452054 444
1622659572980 -29.506564804452054 445
1622659643453 -29.506564804452054 446
1622659714520 -29.506564804452054 447
1622659785318 -29.506564804452054 448
1622659856405 -29.506564804452054 449
1622659927411 -29.506564804452054 450
1622659998955 -29.506564804452054 451
1622660070471 -29.506564804452054 452
1622660142129 -29.506564804452054 453
1622660214193 -29.506564804452054 454
1622660286351 -29.506564804452054 455
1622660358489 -29.506564804452054 456
1622660430580 -29.506564804452054 457
1622660503198 -29.506564804452054 458
1622660576035 -29.506564804452054 459
1622660648812 -29.506564804452054 460
1622660721708 -29.506564804452054 461
1622660794802 -29.506564804452054 462
1622660867995 -29.506564804452054 463
1622660942236 -29.506564804452054 464
1622661016387 -29.506564804452054 465
1622661090214 -29.506564804452054 466
1622661164383 -29.506564804452054 467
1622661238497 -29.506564804452054 468
1622661312785 -29.506564804452054 469
1622661388731 -29.506564804452054 470
1622661464963 -29.506564804452054 471
1622661541526 -29.506564804452054 472
1622661617882 -29.506564804452054 473
1622661694641 -29.506564804452054 474
1622661771869 -29.506564804452054 475
1622661849352 -29.506564804452054 476
1622661926935 -29.506564804452054 477
1622662005139 -29.506564804452054 478
1622662083205 -29.506564804452054 479
1622662161288 -29.506564804452054 480
1622662239523 -29.506564804452054 481
1622662318206 -29.506564804452054 482
1622662397219 -29.506564804452054 483
1622662476346 -29.506564804452054 484
1622662555254 -29.506564804452054 485
1622662634359 -29.506564804452054 486
1622662713959 -29.506564804452054 487
1622662793566 -29.506564804452054 488
1622662872943 -29.506564804452054 489
1622662952389 -29.506564804452054 490
1622663032255 -29.506564804452054 491
1622663112241 -29.506564804452054 492
1622663191666 -29.506564804452054 493
1622663271605 -29.506564804452054 494
1622663351891 -29.506564804452054 495
1622663432199 -29.506564804452054 496
1622663512913 -29.506564804452054 497
1622663593623 -29.506564804452054 498
1622663674938 -29.506564804452054 499
1622663755436 -29.506564804452054 500
