1622642937429 0.02 0
1622642939587 1.871 1
1622642941734 1.86 2
1622642944002 1.984 3
1622642946425 2.137 4
1622642948961 2.25 5
1622642951691 2.443 6
1622642954580 2.605 7
1622642957612 2.746 8
1622642960836 2.94 9
1622642964189 3.07 10
1622642967684 3.211 11
1622642971386 3.418 12
1622642975193 3.521 13
1622642979167 3.689 14
1622642983435 3.985 15
1622642987715 3.995 16
1622642992245 4.246 17
1622642996897 4.368 18
1622643001739 4.56 19
1622643006718 4.695 20
1622643011868 4.864 21
1622643017133 4.982 22
1622643022609 5.192 23
1622643028126 5.232 24
1622643033876 5.465 25
1622643039775 5.614 26
1622643045833 5.773 27
1622643052055 5.939 28
1622643058497 6.156 29
1622643064971 6.186 30
1622643071765 6.505 31
1622643078591 6.541 32
1622643085638 6.759 33
1622643092924 7.003 34
1622643100329 7.121 35
1622643107858 7.244 36
1622643115570 7.428 37
1622643123489 7.63 38
1622643131376 7.603 39
1622643139544 7.88 40
1622643147822 7.991 41
1622643156380 8.274 42
1622643165055 8.39 43
1622643173851 8.513 44
1622643182788 8.648 45
1622643191982 8.906 46
1622643201254 8.987 47
1622643210694 9.156 48
1622643220284 9.306 49
1622643230062 9.486 50
1622643239873 9.524 51
1622643249906 9.746 52
1622643260161 9.971 53
1622643270676 10.229 54
1622643281268 10.307 55
1622643292070 10.515 56
1622643302946 10.591 57
1622643314010 10.78 58
1622643325227 10.934 59
1622643336641 11.128 60
1622643348185 11.26 61
1622643359957 11.486 62
1622643371736 11.496 63
1622643383611 11.592 64
1622643395870 11.972 65
1622643408283 12.128 66
1622643420950 12.38 67
1622643433594 12.359 68
1622643446484 12.606 69
1622643459421 12.65 70
1622643472744 13.039 71
1622643486074 13.044 72
1622643499490 13.13 73
1622643512946 13.171 74
1622643527401 14.161 75
1622643543039 15.296 76
1622643557860 14.508 77
1622643572837 14.65 78
1622643589874 16.74 79
1622643605605 15.43 80
1622643620592 14.699 81
1622643635592 14.715 82
1622643650641 14.761 83
1622643666332 15.404 84
1622643681936 15.31 85
1622643698184 15.957 86
1622643714438 15.957 87
1622643730833 16.109 88
1622643748399 17.279 89
1622643764951 16.255 90
1622643782709 17.453 91
1622643799388 16.391 92
1622643816117 16.445 93
1622643832904 16.5 94
1622643849748 16.561 95
1622643866970 16.936 96
1622643884424 17.155 97
1622643901809 17.089 98
1622643919509 17.416 99
1622643937228 17.432 100
1622643955015 17.503 101
1622644097447 142.147 102
1622644115835 18.104 103
1622644134349 18.226 104
1622644152976 18.34 105
1622644171723 18.459 106
1622644190507 18.499 107
1622644209405 18.613 108
1622644228769 19.079 109
1622644248221 19.168 110
1622644267890 19.384 111
1622644287513 19.334 112
1622644307456 19.658 113
1622644327512 19.772 114
1622644347692 19.895 115
1622644367995 20.019 116
1622644388541 20.262 117
1622644409127 20.299 118
1622644430000 20.589 119
1622644450913 20.626 120
1622644472081 20.881 121
1622644493293 20.928 122
1622644514737 21.158 123
1622644536608 21.588 124
1622644558493 21.599 125
1622644580551 21.771 126
1622644602704 21.867 127
1622644624957 21.967 128
1622644647411 22.168 129
1622644670104 22.407 130
1622644692748 22.357 131
1622644715590 22.556 132
1622644738742 22.864 133
1622644761883 22.857 134
1622644785384 23.214 135
1622644808854 23.183 136
1622644832718 23.58 137
1622644856569 23.565 138
1622644880286 23.43 139
1622644904454 23.883 140
1622644928753 24.014 141
1622644953208 24.171 142
1622644977935 24.443 143
1622645002591 24.372 144
1622645027575 24.701 145
1622645052422 24.559 146
1622645077652 24.946 147
1622645103004 25.069 148
1622645128414 25.125 149
1622645154362 25.664 150
1622645180389 25.743 151
1622645206441 25.767 152
1622645232437 25.71 153
1622645258717 25.991 154
1622645285216 26.211 155
1622645311940 26.439 156
1622645338780 26.554 157
1622645365785 26.718 158
1622645393026 26.96 159
1622645420329 27.02 160
1622645447722 27.109 161
1622645475349 27.342 162
1622645503188 27.554 163
1622645531069 27.598 164
1622645559256 27.9 165
1622645587391 27.852 166
1622645615685 28.008 167
1622645644027 28.058 168
1622645672590 28.279 169
1622645701607 28.733 170
1622645730900 29.008 171
1622645760200 29.013 172
1622645789583 29.098 173
1622645818988 29.122 174
1622645848646 29.373 175
1622645878495 29.564 176
1622645908446 29.667 177
1622645938479 29.746 178
1622645968698 29.933 179
1622645999060 30.08 180
1622646029759 30.415 181
1622646060504 30.459 182
1622646091554 30.767 183
1622646122680 30.841 184
1622646154086 31.119 185
1622646185691 31.32 186
1622646217568 31.593 187
1622646249273 31.419 188
1622646280984 31.426 189
1622646313397 32.13 190
1622646345708 32.026 191
1622646378214 32.219 192
1622646410694 32.194 193
1622646443401 32.424 194
1622646476253 32.566 195
1622646509009 32.472 196
1622646542179 32.886 197
1622646575594 33.13 198
1622646609260 33.378 199
1622646643012 33.465 200
1622646676850 33.554 201
1622646710760 33.624 202
1622646744922 33.88 203
1622646779312 34.103 204
1622646813967 34.373 205
1622646848673 34.421 206
1622646883630 34.673 207
1622646918656 34.729 208
1622646953838 34.899 209
1622646989089 34.967 210
1622647024516 35.137 211
1622647059954 35.15 212
1622647095937 35.698 213
1622647131978 35.754 214
1622647168119 35.859 215
1622647204260 35.855 216
1622647240698 36.15 217
1622647277491 36.507 218
1622647314247 36.471 219
1622647351198 36.667 220
1622647388216 36.734 221
1622647425455 36.956 222
1622647462671 36.93 223
1622647500215 37.261 224
1622647537831 37.332 225
1622647575658 37.542 226
1622647613653 37.71 227
1622647651667 37.731 228
1622647689606 37.653 229
1622647728261 38.368 230
1622647766949 38.404 231
1622647805810 38.574 232
1622647844416 38.318 233
1622647883653 38.952 234
1622647922781 38.842 235
1622647962238 39.172 236
1622648001829 39.304 237
1622648041591 39.477 238
1622648081569 39.689 239
1622648121623 39.771 240
1622648161646 39.738 241
1622648202038 40.107 242
1622648242768 40.445 243
1622648283531 40.479 244
1622648324644 40.826 245
1622648365577 40.648 246
1622648406792 40.931 247
1622648448267 41.188 248
1622648489742 41.189 249
1622648531483 41.456 250
1622648573657 41.891 251
1622648615542 41.595 252
1622648657652 41.821 253
1622648700137 42.2 254
1622648743081 42.66 255
1622648785781 42.415 256
1622648828588 42.524 257
1622648871431 42.559 258
1622648914533 42.82 259
1622648957957 43.14 260
1622649001400 43.16 261
1622649044819 43.133 262
1622649088459 43.357 263
1622649132589 43.846 264
1622649176613 43.74 265
1622649220685 43.79 266
1622649264723 43.756 267
1622649308962 43.955 268
1622649353393 44.148 269
1622649398186 44.509 270
1622649443451 44.982 271
1622649488876 45.141 272
1622649534433 45.272 273
1622649579915 45.199 274
1622649625174 44.975 275
1622649670747 45.291 276
1622649716600 45.564 277
1622649762584 45.695 278
1622649809193 46.322 279
1622649855948 46.473 280
1622649902474 46.242 281
1622649949081 46.324 282
1622649996028 46.663 283
1622650043532 47.22 284
1622650091074 47.257 285
1622650138319 46.958 286
1622650186098 47.494 287
1622650233470 47.087 288
1622650281425 47.67 289
1622650328926 47.215 290
1622650377441 48.227 291
1622650426001 48.272 292
1622650474661 48.376 293
1622650523196 48.25 294
1622650572463 48.982 295
1622650621234 48.486 296
1622650670808 49.291 297
1622650720199 49.104 298
1622650769580 49.097 299
1622650819004 49.136 300
1622650868542 49.253 301
1622650918742 49.916 302
1622650968671 49.643 303
1622651018702 49.747 304
1622651069263 50.276 305
1622651120026 50.477 306
1622651171082 50.771 307
1622651222050 50.685 308
1622651273290 50.957 309
1622651324597 51.021 310
1622651375765 50.885 311
1622651427344 51.295 312
1622651478939 51.309 313
1622651531032 51.808 314
1622651583006 51.689 315
1622651635009 51.718 316
1622651687457 52.161 317
1622651739652 51.91 318
1622651792516 52.58 319
1622651845289 52.489 320
1622651897933 52.361 321
1622651950942 52.723 322
1622652004451 53.227 323
1622652057660 52.923 324
1622652111715 53.767 325
1622652165774 53.774 326
1622652219788 53.73 327
1622652273866 53.795 328
1622652328082 53.931 329
1622652382370 54.0 330
1622652437021 54.365 331
1622652491687 54.378 332
1622652546775 54.805 333
1622652601899 54.842 334
1622652656951 54.767 335
1622652712435 55.199 336
1622652767971 55.252 337
1622652823871 55.613 338
1622652880086 55.927 339
1622652936248 55.874 340
1622652992295 55.761 341
1622653048769 56.188 342
1622653105246 56.193 343
1622653161955 56.423 344
1622653219386 57.146 345
1622653276337 56.665 346
1622653333468 56.846 347
1622653390924 57.162 348
1622653448717 57.507 349
1622653506255 57.253 350
1622653563946 57.406 351
1622653621927 57.698 352
1622653680236 58.021 353
1622653738628 58.106 354
1622653797317 58.407 355
1622653855956 58.353 356
1622653914595 58.352 357
1622653973857 58.975 358
1622654032713 58.572 359
1622654092243 59.246 360
1622654151413 58.884 361
1622654210766 59.068 362
1622654270921 59.871 363
1622654331028 59.821 364
1622654390960 59.647 365
1622654450783 59.539 366
1622654511110 60.039 367
1622654571654 60.257 368
1622654631914 59.972 369
1622654692983 60.783 370
1622654753833 60.563 371
1622654814615 60.497 372
1622654875694 60.793 373
1622654937011 61.032 374
1622654998726 61.43 375
1622655060387 61.376 376
1622655122183 61.512 377
1622655184339 61.867 378
1622655246714 62.091 379
1622655307133 60.137 380
1622655367932 60.514 381
1622655429145 60.93 382
1622655490199 60.773 383
1622655551635 61.152 384
1622655612840 60.924 385
1622655674548 61.425 386
1622655736367 61.537 387
1622655798426 61.775 388
1622655860674 61.967 389
1622655922469 61.512 390
1622655984674 61.918 391
1622656047284 62.327 392
1622656109760 62.194 393
1622656172654 62.612 394
1622656235549 62.611 395
1622656299239 63.406 396
1622656362375 62.855 397
1622656425947 63.291 398
1622656489441 63.211 399
1622656553092 63.369 400
1622656616748 63.373 401
1622656680923 63.889 402
1622656745306 64.099 403
1622656809500 63.912 404
1622656873715 63.928 405
1622656938587 64.581 406
1622657003567 64.698 407
1622657068529 64.679 408
1622657133339 64.527 409
1622657198490 64.87 410
1622657263749 64.977 411
1622657329410 65.379 412
1622657395311 65.619 413
1622657461094 65.502 414
1622657526749 65.374 415
1622657592491 65.46 416
1622657658548 65.772 417
1622657724928 66.097 418
1622657791182 65.974 419
1622657857888 66.425 420
1622657924742 66.571 421
1622657992123 67.101 422
1622658059339 66.931 423
1622658126868 67.248 424
1622658194265 67.115 425
1622658261583 67.027 426
1622658329164 67.301 427
1622658397038 67.592 428
1622658465004 67.684 429
1622658532619 67.329 430
1622658601257 68.357 431
1622658669831 68.291 432
1622658738280 68.168 433
1622658806654 68.094 434
1622658875617 68.676 435
1622658944777 68.877 436
1622659013842 68.784 437
1622659083229 69.105 438
1622659152514 69.004 439
1622659222508 69.713 440
1622659292718 69.926 441
1622659362344 69.344 442
1622659432646 70.02 443
1622659502930 70.0 444
1622659573005 69.794 445
1622659643477 70.191 446
1622659714544 70.787 447
1622659785342 70.516 448
1622659856429 70.805 449
1622659927435 70.725 450
1622659998979 71.263 451
1622660070496 71.228 452
1622660142154 71.376 453
1622660214219 71.782 454
1622660286375 71.874 455
1622660358514 71.857 456
1622660430604 71.808 457
1622660503224 72.337 458
1622660576060 72.556 459
1622660648837 72.495 460
1622660721733 72.612 461
1622660794827 72.812 462
1622660868019 72.911 463
1622660942261 73.958 464
1622661016411 73.868 465
1622661090239 73.547 466
1622661164408 73.887 467
1622661238522 73.828 468
1622661312809 74.005 469
1622661388755 75.665 470
1622661464988 75.953 471
1622661541551 76.281 472
1622661617907 76.072 473
1622661694666 76.48 474
1622661771894 76.947 475
1622661849377 77.201 476
1622661926959 77.301 477
1622662005163 77.922 478
1622662083229 77.784 479
1622662161313 77.801 480
1622662239548 77.952 481
1622662318231 78.398 482
1622662397243 78.727 483
1622662476371 78.841 484
1622662555279 78.623 485
1622662634384 78.822 486
1622662713984 79.314 487
1622662793591 79.323 488
1622662872968 79.094 489
1622662952413 79.16 490
1622663032280 79.581 491
1622663112266 79.702 492
1622663191690 79.14 493
1622663271630 79.654 494
1622663351916 80.002 495
1622663432224 80.023 496
1622663512937 80.427 497
1622663593648 80.425 498
1622663674963 81.024 499
1622663755461 80.216 500
