1622691057755 50 0
1622691059857 60 1
1622691062152 70 2
1622691064583 80 3
1622691067154 90 4
1622691069896 100 5
1622691072792 110 6
1622691075911 120 7
1622691079122 130 8
1622691082443 140 9
1622691085893 150 10
1622691089622 160 11
1622691093547 170 12
1622691097552 180 13
1622691101688 190 14
1622691105975 200 15
1622691110501 210 16
1622691115131 220 17
1622691119956 230 18
1622691124868 240 19
1622691129915 250 20
1622691135089 260 21
1622691140425 270 22
1622691146015 280 23
1622691151659 290 24
1622691157553 300 25
1622691163505 310 26
1622691169672 320 27
1622691176074 330 28
1622691182657 340 29
1622691189385 350 30
1622691196238 360 31
1622691203252 370 32
1622691210299 380 33
1622691217614 390 34
1622691224991 400 35
1622691232620 410 36
1622691240435 420 37
1622691248262 430 38
1622691256300 440 39
1622691264443 450 40
1622691272803 460 41
1622691281223 470 42
1622691289733 480 43
1622691298681 490 44
1622691307533 500 45
1622691316686 510 46
1622691325968 520 47
1622691335375 530 48
1622691345041 540 49
1622691354786 550 50
1622691364798 560 51
1622691374968 570 52
1622691385460 580 53
1622691395931 590 54
1622691406395 600 55
1622691417179 610 56
1622691427996 620 57
1622691438994 630 58
1622691450166 640 59
1622691461466 650 60
1622691472952 660 61
1622691484608 670 62
1622691496471 680 63
1622691508399 690 64
1622691520389 700 65
1622691532690 710 66
1622691545184 720 67
1622691557765 730 68
1622691570534 740 69
1622691583508 750 70
1622691596764 760 71
1622691610063 770 72
1622691623512 780 73
1622691637009 790 74
1622691650754 800 75
1622691664552 810 76
1622691678782 820 77
1622691692948 830 78
1622691707382 840 79
1622691721806 850 80
1622691736447 860 81
1622691751185 870 82
1622691766235 880 83
1622691781383 890 84
1622691796757 900 85
1622691812347 910 86
1622691827845 920 87
1622691843599 930 88
1622691859624 940 89
1622691875577 950 90
1622691891826 960 91
1622691908160 970 92
1622691924881 980 93
1622691941492 990 94
1622691958465 1000 95
1622691975456 1010 96
1622691992450 1020 97
1622692009749 1030 98
1622692027144 1040 99
1622692044576 1050 100
1622692062361 1060 101
1622692080506 1070 102
1622692098581 1080 103
1622692116981 1090 104
1622692135378 1100 105
1622692153827 1110 106
1622692172630 1120 107
1622692191648 1130 108
1622692210830 1140 109
1622692229882 1150 110
1622692248972 1160 111
1622692268538 1170 112
1622692288490 1180 113
1622692308305 1190 114
1622692328254 1200 115
1622692348222 1210 116
1622692368564 1220 117
1622692389161 1230 118
1622692409966 1240 119
1622692430911 1250 120
1622692451656 1260 121
1622692472698 1270 122
1622692493839 1280 123
1622692515318 1290 124
1622692536991 1300 125
1622692558599 1310 126
1622692580426 1320 127
1622692602116 1330 128
1622692624081 1340 129
1622692646329 1350 130
1622692668583 1360 131
1622692691146 1370 132
1622692714011 1380 133
1622692737007 1390 134
1622692760256 1400 135
1622692783494 1410 136
1622692807059 1420 137
1622692830420 1430 138
1622692854079 1440 139
1622692878026 1450 140
1622692902026 1460 141
1622692926369 1470 142
1622692950764 1480 143
1622692975344 1490 144
1622693000439 1500 145
1622693025477 1510 146
1622693050723 1520 147
1622693075773 1530 148
1622693101075 1540 149
1622693126570 1550 150
1622693152161 1560 151
1622693177825 1570 152
1622693203664 1580 153
1622693229337 1590 154
1622693255508 1600 155
1622693281908 1610 156
1622693308538 1620 157
1622693335130 1630 158
1622693361875 1640 159
1622693388567 1650 160
1622693415549 1660 161
1622693442976 1670 162
1622693470632 1680 163
1622693498284 1690 164
1622693526030 1700 165
1622693554269 1710 166
1622693582496 1720 167
1622693610948 1730 168
1622693639558 1740 169
1622693668209 1750 170
1622693696995 1760 171
1622693725794 1770 172
1622693754741 1780 173
1622693784053 1790 174
1622693813718 1800 175
1622693843120 1810 176
1622693872974 1820 177
1622693902782 1830 178
1622693932988 1840 179
1622693963188 1850 180
1622693993452 1860 181
1622694023940 1870 182
1622694054699 1880 183
1622694085229 1890 184
1622694116007 1900 185
1622694147347 1910 186
1622694178441 1920 187
1622694209707 1930 188
1622694241289 1940 189
1622694272865 1950 190
1622694305081 1960 191
1622694337416 1970 192
1622694369542 1980 193
1622694402202 1990 194
1622694434747 2000 195
1622694467540 2010 196
1622694500177 2020 197
1622694533254 2030 198
1622694566366 2040 199
1622694599685 2050 200
1622694633188 2060 201
1622694666647 2070 202
1622694700528 2080 203
1622694734435 2090 204
1622694768670 2100 205
1622694802607 2110 206
1622694837017 2120 207
1622694871495 2130 208
1622694906390 2140 209
1622694941160 2150 210
1622694976153 2160 211
1622695011371 2170 212
1622695046789 2180 213
1622695082226 2190 214
1622695117842 2200 215
1622695153516 2210 216
1622695189613 2220 217
1622695225797 2230 218
1622695262121 2240 219
1622695298616 2250 220
1622695335241 2260 221
1622695371749 2270 222
1622695408735 2280 223
1622695445890 2290 224
1622695482970 2300 225
1622695520197 2310 226
1622695557778 2320 227
1622695595242 2330 228
1622695632984 2340 229
1622695671130 2350 230
1622695708828 2360 231
1622695747125 2370 232
1622695785672 2380 233
1622695824125 2390 234
1622695862838 2400 235
1622695901650 2410 236
1622695941000 2420 237
1622695980305 2430 238
1622696019902 2440 239
1622696059436 2450 240
1622696099081 2460 241
1622696138766 2470 242
1622696178868 2480 243
1622696218968 2490 244
1622696259055 2500 245
1622696299557 2510 246
1622696340005 2520 247
1622696380785 2530 248
1622696421700 2540 249
1622696462752 2550 250
1622696504073 2560 251
1622696545266 2570 252
1622696586653 2580 253
1622696628375 2590 254
1622696670222 2600 255
1622696712182 2610 256
1622696754402 2620 257
1622696796632 2630 258
1622696839066 2640 259
1622696881663 2650 260
1622696924586 2660 261
1622696967406 2670 262
1622697010441 2680 263
1622697053455 2690 264
1622697097121 2700 265
1622697140434 2710 266
1622697183898 2720 267
1622697227788 2730 268
1622697271981 2740 269
1622697316351 2750 270
1622697360843 2760 271
1622697405184 2770 272
1622697450049 2780 273
1622697495032 2790 274
1622697539902 2800 275
1622697585093 2810 276
1622697630511 2820 277
1622697675837 2830 278
1622697721439 2840 279
1622697767481 2850 280
1622697813552 2860 281
1622697859502 2870 282
1622697905928 2880 283
1622697952420 2890 284
1622697998989 2900 285
1622698045747 2910 286
1622698092562 2920 287
1622698139388 2930 288
1622698186368 2940 289
1622698233819 2950 290
1622698281376 2960 291
1622698328664 2970 292
1622698376229 2980 293
1622698424190 2990 294
1622698472098 3000 295
1622698520328 3010 296
1622698568836 3020 297
1622698617127 3030 298
1622698665828 3040 299
1622698714772 3050 300
1622698763902 3060 301
1622698813339 3070 302
1622698862892 3080 303
1622698912444 3090 304
1622698962563 3100 305
1622699012431 3110 306
1622699062636 3120 307
1622699112722 3130 308
1622699162943 3140 309
1622699213304 3150 310
1622699264001 3160 311
1622699314737 3170 312
1622699365772 3180 313
1622699416761 3190 314
1622699467840 3200 315
1622699519204 3210 316
1622699570961 3220 317
1622699622757 3230 318
1622699674416 3240 319
1622699726252 3250 320
1622699778470 3260 321
1622699830955 3270 322
1622699883365 3280 323
1622699936048 3290 324
1622699988961 3300 325
1622700041995 3310 326
1622700094864 3320 327
1622700147966 3330 328
1622700201159 3340 329
1622700254815 3350 330
1622700308633 3360 331
1622700362309 3370 332
1622700415852 3380 333
1622700469853 3390 334
1622700524560 3400 335
1622700579400 3410 336
1622700633991 3420 337
1622700688763 3430 338
1622700743822 3440 339
1622700798860 3450 340
1622700853948 3460 341
1622700909387 3470 342
1622700964789 3480 343
1622701020812 3490 344
1622701076554 3500 345
1622701132625 3510 346
1622701188848 3520 347
1622701245337 3530 348
1622701301728 3540 349
1622701358686 3550 350
1622701415830 3560 351
1622701473311 3570 352
1622701530881 3580 353
1622701588349 3590 354
1622701645884 3600 355
1622701703522 3610 356
1622701761383 3620 357
1622701819572 3630 358
1622701877886 3640 359
1622701936060 3650 360
1622701994720 3660 361
1622702053344 3670 362
1622702112212 3680 363
1622702171293 3690 364
1622702230461 3700 365
1622702289604 3710 366
1622702349040 3720 367
1622702408571 3730 368
1622702468191 3740 369
1622702528177 3750 370
1622702588260 3760 371
1622702648453 3770 372
1622702708744 3780 373
1622702769216 3790 374
1622702829772 3800 375
1622702890399 3810 376
1622702951131 3820 377
1622703012176 3830 378
1622703073317 3840 379
1622703134596 3850 380
1622703195968 3860 381
1622703257616 3870 382
1622703319038 3880 383
1622703381071 3890 384
1622703443189 3900 385
1622703505431 3910 386
1622703567987 3920 387
1622703630638 3930 388
1622703693590 3940 389
1622703756395 3950 390
1622703819487 3960 391
1622703882332 3970 392
1622703945922 3980 393
1622704009556 3990 394
1622704073255 4000 395
1622704137343 4010 396
1622704201454 4020 397
1622704265202 4030 398
1622704329784 4040 399
1622704394358 4050 400
1622704459027 4060 401
1622704523922 4070 402
1622704588747 4080 403
1622704653896 4090 404
1622704719277 4100 405
1622704784659 4110 406
1622704850453 4120 407
1622704916023 4130 408
1622704981975 4140 409
1622705047953 4150 410
1622705114167 4160 411
1622705180717 4170 412
1622705247197 4180 413
1622705314164 4190 414
1622705381012 4200 415
1622705447552 4210 416
1622705514917 4220 417
1622705582160 4230 418
1622705649425 4240 419
1622705716988 4250 420
1622705784733 4260 421
1622705852778 4270 422
1622705920552 4280 423
1622705988353 4290 424
1622706056487 4300 425
1622706125138 4310 426
1622706194306 4320 427
1622706263086 4330 428
1622706332057 4340 429
1622706400939 4350 430
1622706470321 4360 431
1622706539867 4370 432
1622706609064 4380 433
1622706678423 4390 434
1622706748211 4400 435
1622706817835 4410 436
1622706887678 4420 437
1622706957804 4430 438
1622707028224 4440 439
1622707098927 4450 440
1622707169626 4460 441
1622707240178 4470 442
1622707311391 4480 443
1622707382751 4490 444
1622707454237 4500 445
1622707525499 4510 446
1622707596814 4520 447
1622707668841 4530 448
1622707740919 4540 449
1622707813146 4550 450
1622707885501 4560 451
1622707958111 4570 452
1622708030762 4580 453
1622708103504 4590 454
1622708176149 4600 455
1622708249330 4610 456
1622708322872 4620 457
1622708396593 4630 458
1622708470411 4640 459
1622708544283 4650 460
1622708617992 4660 461
1622708691747 4670 462
1622708765657 4680 463
1622708840092 4690 464
1622708914560 4700 465
1622708989067 4710 466
1622709063911 4720 467
1622709139176 4730 468
1622709214183 4740 469
1622709289331 4750 470
1622709364779 4760 471
1622709440440 4770 472
1622709516271 4780 473
1622709592157 4790 474
1622709667865 4800 475
1622709744168 4810 476
1622709820016 4820 477
1622709896537 4830 478
1622709972789 4840 479
1622710049343 4850 480
1622710126031 4860 481
1622710202786 4870 482
1622710279887 4880 483
1622710357062 4890 484
1622710434623 4900 485
1622710511964 4910 486
1622710589920 4920 487
1622710667883 4930 488
1622710746683 4940 489
1622710825781 4950 490
1622710904808 4960 491
1622710983791 4970 492
1622711062726 4980 493
1622711141994 4990 494
1622711221465 5000 495
1622711300609 5010 496
1622711381201 5020 497
1622711460338 5030 498
1622711539473 5040 499
1622711619278 5050 500
