1622743583242 0.006 0
1622743583774 0.407 1
1622743584326 0.428 2
1622743584920 0.472 3
1622743585520 0.481 4
1622743586166 0.532 5
1622743586848 0.569 6
1622743587570 0.606 7
1622743588329 0.644 8
1622743589119 0.675 9
1622743589936 0.701 10
1622743590799 0.746 11
1622743591675 0.763 12
1622743592606 0.815 13
1622743593567 0.848 14
1622743594568 0.889 15
1622743595606 0.926 16
1622743596681 0.962 17
1622743597782 0.989 18
1622743598908 1.013 19
1622743600067 1.046 20
1622743601274 1.096 21
1622743602535 1.148 22
1622743603843 1.191 23
1622743605147 1.189 24
1622743606506 1.244 25
1622743607925 1.302 26
1622743609355 1.317 27
1622743610815 1.349 28
1622743612320 1.388 29
1622743613864 1.429 30
1622743615436 1.456 31
1622743617064 1.511 32
1622743618711 1.53 33
1622743620394 1.566 34
1622743622113 1.605 35
1622743623890 1.662 36
1622743625656 1.65 37
1622743627492 1.719 38
1622743629375 1.768 39
1622743631258 1.767 40
1622743633204 1.831 41
1622743635155 1.835 42
1622743637170 1.899 43
1622743639218 1.933 44
1622743641302 1.972 45
1622743643431 2.016 46
1622743645597 2.05 47
1622743647801 2.088 48
1622743650018 2.1 49
1622743652287 2.15 50
1622743654592 2.186 51
1622743656955 2.245 52
1622743659346 2.273 53
1622743661734 2.27 54
1622743664190 2.342 55
1622743666675 2.371 56
1622743669198 2.408 57
1622743671758 2.447 58
1622743674369 2.498 59
1622743677022 2.54 60
1622743679688 2.552 61
1622743682405 2.601 62
1622743685143 2.626 63
1622743687918 2.66 64
1622743690695 2.662 65
1622743693535 2.723 66
1622743696385 2.736 67
1622743699279 2.779 68
1622743702219 2.824 69
1622743705212 2.876 70
1622743708221 2.896 71
1622743711304 2.97 72
1622743714398 2.98 73
1622743717512 3.002 74
1622743720713 3.088 75
1622743723941 3.117 76
1622743727219 3.163 77
1622743730516 3.185 78
1622743733765 3.137 79
1622743737095 3.217 80
1622743740413 3.205 81
1622743743843 3.317 82
1622743747300 3.343 83
1622743750819 3.404 84
1622743754355 3.422 85
1622743757910 3.444 86
1622743761509 3.486 87
1622743765124 3.503 88
1622743768869 3.63 89
1622743772549 3.566 90
1622743776277 3.614 91
1622743780114 3.725 92
1622743783893 3.668 93
1622743787770 3.766 94
1622743791703 3.82 95
1622743795646 3.83 96
1622743799594 3.834 97
1622743803556 3.849 98
1622743807559 3.89 99
1622743811621 3.949 100
1622743815733 3.998 101
1622743819911 4.066 102
1622743824043 4.016 103
1622743828250 4.093 104
1622743832481 4.117 105
1622743836738 4.144 106
1622743841061 4.211 107
1622743845436 4.262 108
1622743849834 4.286 109
1622743854275 4.324 110
1622743858751 4.358 111
1622743863257 4.389 112
1622743867993 4.619 113
1622743872745 4.632 114
1622743877371 4.509 115
1622743882049 4.56 116
1622743886763 4.599 117
1622743891513 4.635 118
1622743896289 4.658 119
1622743901058 4.653 120
1622743905899 4.728 121
1622743910767 4.754 122
1622743915678 4.798 123
1622743920619 4.827 124
1622743925579 4.847 125
1622743930665 4.973 126
1622743935716 4.936 127
1622743940811 4.98 128
1622743945911 4.986 129
1622743951068 5.043 130
1622743956231 5.047 131
1622743961473 5.128 132
1622743966716 5.128 133
1622743971989 5.158 134
1622743977328 5.226 135
1622743982653 5.213 136
1622743988070 5.305 137
1622743993489 5.303 138
1622743998936 5.334 139
1622744004465 5.416 140
1622744010047 5.471 141
1622744015648 5.487 142
1622744021238 5.476 143
1622744026863 5.512 144
1622744032609 5.631 145
1622744038308 5.586 146
1622744044170 5.749 147
1622744049995 5.713 148
1622744055845 5.737 149
1622744061768 5.811 150
1622744067661 5.783 151
1622744073681 5.908 152
1622744079681 5.889 153
1622744085702 5.906 154
1622744091798 5.981 155
1622744097885 5.973 156
1622744104046 6.047 157
1622744110256 6.096 158
1622744116495 6.125 159
1622744122763 6.152 160
1622744129037 6.16 161
1622744135306 6.157 162
1622744141685 6.263 163
1622744147994 6.194 164
1622744154367 6.257 165
1622744160892 6.411 166
1622744167437 6.43 167
1622744174022 6.47 168
1622744180564 6.427 169
1622744187328 6.65 170
1622744193979 6.535 171
1622744200646 6.551 172
1622744207343 6.579 173
1622744214126 6.668 174
1622744220880 6.637 175
1622744227773 6.771 176
1622744234579 6.691 177
1622744241412 6.718 178
1622744248359 6.831 179
1622744255271 6.795 180
1622744262307 6.917 181
1622744269390 6.965 182
1622744276407 6.9 183
1622744283497 6.974 184
1622744290669 7.053 185
1622744297846 7.058 186
1622744305043 7.081 187
1622744312278 7.12 188
1622744319500 7.108 189
1622744326857 7.243 190
1622744334150 7.175 191
1622744341508 7.242 192
1622744348982 7.36 193
1622744356394 7.299 194
1622744363900 7.393 195
1622744371409 7.398 196
1622744379023 7.502 197
1622744386665 7.527 198
1622744394233 7.456 199
1622744401900 7.555 200
1622744409657 7.645 201
1622744417397 7.627 202
1622744425185 7.674 203
1622744433042 7.743 204
1622744440930 7.776 205
1622744448767 7.725 206
1622744456607 7.728 207
1622744464574 7.855 208
1622744472600 7.914 209
1622744480617 7.905 210
1622744488728 7.998 211
1622744496767 7.925 212
1622744505022 8.08 213
1622744513159 8.0 214
1622744521394 8.119 215
1622744529638 8.132 216
1622744537892 8.14 217
1622744546209 8.204 218
1622744554554 8.231 219
1622744562935 8.268 220
1622744571415 8.361 221
1622744579886 8.355 222
1622744588362 8.364 223
1622744596921 8.447 224
1622744605538 8.503 225
1622744614097 8.446 226
1622744622755 8.545 227
1622744631465 8.598 228
1622744640210 8.633 229
1622744649048 8.723 230
1622744657823 8.662 231
1622744666688 8.752 232
1622744675544 8.743 233
1622744684486 8.829 234
1622744693454 8.855 235
1622744702476 8.909 236
1622744711478 8.888 237
1622744720492 8.901 238
1622744729510 8.902 239
1622744738606 8.981 240
1622744747892 9.036 241
1622744757263 9.098 242
1622744766547 9.123 243
1622744775825 9.162 244
1622744785216 9.274 245
1622744794671 9.343 246
1622744804030 9.243 247
1622744813414 9.268 248
1622744822953 9.425 249
1622744832425 9.356 250
1622744841920 9.381 251
1622744851507 9.473 252
1622744861117 9.495 253
1622744870695 9.466 254
1622744880326 9.518 255
1622744889988 9.552 256
1622744899669 9.569 257
1622744909403 9.619 258
1622744919131 9.612 259
1622744928994 9.749 260
1622744938844 9.735 261
1622744948737 9.78 262
1622744958705 9.857 263
1622744968625 9.809 264
1622744978624 9.885 265
1622744988732 9.992 266
1622744998772 9.925 267
1622745008919 10.032 268
1622745019047 10.011 269
1622745029254 10.091 270
1622745039674 10.123 271
1622745050334 10.523 272
1622745060946 10.493 273
1622745071255 10.194 274
1622745081671 10.297 275
1622745092147 10.358 276
1622745102688 10.425 277
1622745113171 10.367 278
1622745123759 10.473 279
1622745134360 10.485 280
1622745145031 10.554 281
1622745155676 10.53 282
1622745166410 10.614 283
1622745177109 10.585 284
1622745187862 10.64 285
1622745198670 10.696 286
1622745209511 10.725 287
1622745220411 10.786 288
1622745231350 10.826 289
1622745242282 10.819 290
1622745253235 10.836 291
1622745264208 10.859 292
1622745275257 10.94 293
1622745287261 11.818 294
1622745298414 11.04 295
1622745309627 11.098 296
1622745321629 11.887 297
1622745332716 10.974 298
1622745344177 11.345 299
1622745355361 11.067 300
1622745366587 11.116 301
1622745377911 11.212 302
1622745389219 11.192 303
1622745400538 11.206 304
1622745411930 11.279 305
1622745423264 11.223 306
1622745434805 11.426 307
1622745446265 11.345 308
1622745457843 11.462 309
1622745469405 11.448 310
1622745481051 11.529 311
1622745492652 11.485 312
1622745504272 11.506 313
1622745515949 11.564 314
1622745527733 11.671 315
1622745539513 11.666 316
1622745551310 11.682 317
1622745563138 11.712 318
1622745574932 11.68 319
1622745586863 11.816 320
1622745598912 11.932 321
1622745610850 11.824 322
1622745622945 11.98 323
1622745635003 11.946 324
1622745647069 11.952 325
1622745659259 12.078 326
1622745671462 12.091 327
1622745683668 12.095 328
1622745695964 12.183 329
1622745708214 12.139 330
1622745720524 12.198 331
1622745732945 12.309 332
1622745745404 12.307 333
1622745757807 12.282 334
1622745770305 12.386 335
1622745782776 12.357 336
1622745795389 12.498 337
1622745807933 12.43 338
1622745820538 12.493 339
1622745833182 12.531 340
1622745845944 12.651 341
1622745858619 12.562 342
1622745871392 12.658 343
1622745884215 12.709 344
1622745896997 12.669 345
1622745909886 12.776 346
1622745922776 12.777 347
1622745935717 12.828 348
1622745948561 12.73 349
1622745961600 12.924 350
1622745974675 12.962 351
1622745987831 13.046 352
1622746000956 13.013 353
1622746014095 13.026 354
1622746027315 13.104 355
1622746040595 13.163 356
1622746053838 13.129 357
1622746067103 13.149 358
1622746080544 13.327 359
1622746093800 13.142 360
1622746107242 13.328 361
1622746120636 13.279 362
1622746134165 13.416 363
1622746147716 13.438 364
1622746161278 13.445 365
1622746174782 13.393 366
1622746188437 13.542 367
1622746202120 13.57 368
1622746215789 13.556 369
1622746229513 13.586 370
1622746243226 13.601 371
1622746257011 13.672 372
1622746270794 13.671 373
1622746284607 13.702 374
1622746298572 13.852 375
1622746312492 13.809 376
1622746326370 13.764 377
1622746340405 13.919 378
1622746354450 13.928 379
1622746368522 13.959 380
1622746382690 14.057 381
1622746396852 14.05 382
1622746411128 14.164 383
1622746425427 14.186 384
1622746439757 14.204 385
1622746454110 14.225 386
1622746468395 14.165 387
1622746482805 14.299 388
1622746497302 14.385 389
1622746511666 14.251 390
1622746526162 14.384 391
1622746540764 14.488 392
1622746555286 14.407 393
1622746569878 14.476 394
1622746584521 14.527 395
1622746599163 14.528 396
1622746613821 14.547 397
1622746629485 15.55 398
1622746644317 14.72 399
1622746659264 14.828 400
1622746674242 14.863 401
1622746689324 14.969 402
1622746704301 14.864 403
1622746719304 14.887 404
1622746734336 14.917 405
1622746749433 14.987 406
1622746764596 15.053 407
1622746779701 14.991 408
1622746794958 15.141 409
1622746810211 15.136 410
1622746825519 15.196 411
1622746840923 15.293 412
1622746856289 15.252 413
1622746871766 15.363 414
1622746887239 15.359 415
1622746902640 15.288 416
1622746918193 15.442 417
1622746933714 15.407 418
1622746949296 15.467 419
1622746964900 15.492 420
1622746980567 15.551 421
1622746996308 15.627 422
1622747011956 15.532 423
1622747027669 15.599 424
1622747043482 15.699 425
1622747059259 15.663 426
1622747075079 15.707 427
1622747090876 15.683 428
1622747106861 15.871 429
1622747122754 15.782 430
1622747138777 15.902 431
1622747155634 16.672 432
1622747171602 15.853 433
1622747187605 15.888 434
1622747203675 15.957 435
1622747219814 16.026 436
1622747235972 16.041 437
1622747252172 16.086 438
1622747268371 16.083 439
1622747284608 16.12 440
1622747300954 16.233 441
1622747317279 16.213 442
1622747333525 16.133 443
1622747349913 16.274 444
1622747366343 16.317 445
1622747382816 16.355 446
1622747399392 16.462 447
1622747415888 16.383 448
1622747432358 16.356 449
1622747448999 16.53 450
1622747465566 16.457 451
1622747482198 16.517 452
1622747498970 16.656 453
1622747515782 16.699 454
1622747532471 16.576 455
1622747549274 16.688 456
1622747566094 16.701 457
1622747583080 16.869 458
1622747599948 16.753 459
1622747616918 16.853 460
1622747633917 16.884 461
1622747650873 16.841 462
1622747668001 17.016 463
1622747685066 16.95 464
1622747702171 16.99 465
1622747719417 17.133 466
1622747736551 17.021 467
1622747753720 17.055 468
1622747770993 17.158 469
1622747788401 17.295 470
1622747805699 17.183 471
1622747823083 17.273 472
1622747840489 17.29 473
1622747857867 17.262 474
1622747875376 17.395 475
1622747892898 17.409 476
1622747910436 17.423 477
1622747927984 17.435 478
1622747945539 17.443 479
1622747964131 18.481 480
1622747982069 17.827 481
1622748000022 17.84 482
1622748017950 17.814 483
1622748036002 17.944 484
1622748053942 17.828 485
1622748071912 17.861 486
1622748089919 17.898 487
1622748107996 17.965 488
1622748126101 17.996 489
1622748144216 18.002 490
1622748162348 18.017 491
1622748180672 18.21 492
1622748198947 18.162 493
1622748217276 18.22 494
1622748235607 18.22 495
1622748254051 18.331 496
1622748272521 18.356 497
1622748291038 18.402 498
1622748309541 18.388 499
1622748328829 19.175 500
