1622621651997 0.017 0
1622621654011 1.732 1
1622621656151 3.574 2
1622621658373 5.504 3
1622621660868 7.715999999999999 4
1622621663451 10.013 5
1622621666186 12.463000000000001 6
1622621669091 15.084000000000001 7
1622621672246 17.948 8
1622621675530 20.947 9
1622621678989 24.118 10
1622621682536 27.372999999999998 11
1622621686379 30.913999999999998 12
1622621690372 34.62 13
1622621694464 38.425 14
1622621698712 42.385999999999996 15
1622621703120 46.51 16
1622621707807 50.908 17
1622621712558 55.367000000000004 18
1622621717416 59.940000000000005 19
1622621722490 64.71900000000001 20
1622621727680 69.62 21
1622621733017 74.671 22
1622621738579 79.941 23
1622621744278 85.351 24
1622621750151 90.938 25
1622621756154 96.646 26
1622621762331 102.541 27
1622621768623 108.55 28
1622621775128 114.761 29
1622621781772 121.122 30
1622621788687 127.738 31
1622621795674 134.43 32
1622621802846 141.31 33
1622621810141 148.30700000000002 34
1622621817511 155.39200000000002 35
1622621825108 162.70400000000004 36
1622621832959 170.26600000000005 37
1622621840892 177.91300000000004 38
1622621848937 185.67300000000003 39
1622621857227 193.67700000000002 40
1622621865671 201.82300000000004 41
1622621874269 210.12400000000002 42
1622621882964 218.53400000000002 43
1622621891946 227.223 44
1622621900829 235.82100000000003 45
1622621909962 244.66900000000004 46
1622621919352 253.77500000000003 47
1622621928900 263.03900000000004 48
1622621938585 272.42400000000004 49
1622621948399 281.95500000000004 50
1622621958206 291.482 51
1622621968240 301.232 52
1622621978502 311.20700000000005 53
1622621989031 321.44800000000004 54
1622621999667 331.79400000000004 55
1622622010301 342.141 56
1622622021207 352.757 57
1622622032215 363.482 58
1622622043509 374.48900000000003 59
1622622054829 385.52500000000003 60
1622622066244 396.65500000000003 61
1622622077994 408.12300000000005 62
1622622089689 419.535 63
1622622101657 431.21200000000005 64
1622622113899 443.15700000000004 65
1622622126162 455.13300000000004 66
1622622138451 467.13800000000003 67
1622622151360 479.75800000000004 68
1622622164275 492.38700000000006 69
1622622177541 505.36800000000005 70
1622622190832 518.3710000000001 71
1622622204136 531.392 72
1622622217779 544.7550000000001 73
1622622231437 558.1320000000001 74
1622622245437 571.85 75
1622622259323 585.4540000000001 76
1622622273564 599.4100000000001 77
1622622287648 613.2080000000001 78
1622622302183 627.4580000000001 79
1622622316855 641.845 80
1622622331556 656.255 81
1622622346529 670.933 82
1622622361594 685.703 83
1622622376921 700.7379999999999 84
1622622392493 716.025 85
1622622408040 731.286 86
1622622423889 746.852 87
1622622439765 762.443 88
1622622455664 778.054 89
1622622471826 793.9309999999999 90
1622622488320 810.1419999999999 91
1622622504829 826.367 92
1622622521558 842.813 93
1622622538310 859.277 94
1622622555210 875.888 95
1622622572323 892.719 96
1622622589856 909.969 97
1622622607473 927.296 98
1622622624917 944.456 99
1622622642664 961.918 100
1622622660591 979.562 101
1622622678691 997.375 102
1622622697037 1015.438 103
1622622715516 1033.633 104
1622622734105 1051.931 105
1622622752888 1070.43 106
1622622771846 1089.101 107
1622622790853 1107.823 108
1622622810054 1126.7340000000002 109
1622622829583 1145.967 110
1622622849051 1165.1490000000001 111
1622622868687 1184.499 112
1622622888600 1204.123 113
1622622908820 1224.059 114
1622622929109 1244.065 115
1622622949569 1264.239 116
1622622970180 1284.56 117
1622622990722 1304.8129999999999 118
1622623011155 1324.9599999999998 119
1622623032160 1345.6819999999998 120
1622623053209 1366.4499999999998 121
1622623074554 1387.5079999999998 122
1622623095791 1408.4629999999997 123
1622623117454 1429.8409999999997 124
1622623139339 1451.4409999999996 125
1622623161177 1472.9929999999995 126
1622623183196 1494.7289999999996 127
1622623205363 1516.6079999999995 128
1622623227728 1538.6889999999994 129
1622623250192 1560.8699999999994 130
1622623272999 1583.3669999999995 131
1622623295680 1605.7609999999995 132
1622623318786 1628.5759999999996 133
1622623341916 1651.4149999999995 134
1622623365195 1674.4069999999995 135
1622623388846 1697.7739999999994 136
1622623412515 1721.1589999999994 137
1622623436408 1744.7669999999994 138
1622623460443 1768.5199999999993 139
1622623484474 1792.2679999999993 140
1622623508706 1816.2109999999993 141
1622623532973 1840.1919999999993 142
1622623557534 1864.4699999999993 143
1622623582342 1888.9979999999994 144
1622623607076 1913.4469999999994 145
1622623632283 1938.3719999999994 146
1622623657267 1963.0729999999994 147
1622623682688 1988.2119999999993 148
1622623707975 2013.2159999999992 149
1622623733459 2038.4159999999993 150
1622623759324 2063.9969999999994 151
1622623785237 2089.6239999999993 152
1622623811419 2115.5209999999993 153
1622623837752 2141.5699999999993 154
1622623864348 2167.8719999999994 155
1622623890963 2194.2049999999995 156
1622623917714 2220.6719999999996 157
1622623944706 2247.374 158
1622623971897 2274.278 159
1622623999442 2301.537 160
1622624026831 2328.6409999999996 161
1622624054580 2356.1009999999997 162
1622624082642 2383.8669999999997 163
1622624110858 2411.763 164
1622624139070 2439.6859999999997 165
1622624167309 2467.644 166
1622624195637 2495.691 167
1622624224127 2523.899 168
1622624253067 2552.558 169
1622624281782 2580.987 170
1622624311121 2610.039 171
1622624340111 2638.748 172
1622624369693 2668.044 173
1622624399108 2697.173 174
1622624428644 2726.4249999999997 175
1622624458347 2755.839 176
1622624488257 2785.4629999999997 177
1622624518120 2815.042 178
1622624548304 2844.933 179
1622624578588 2874.934 180
1622624609141 2905.202 181
1622624640034 2935.8050000000003 182
1622624671024 2966.5130000000004 183
1622624702141 2997.3450000000003 184
1622624733542 3028.4550000000004 185
1622624764918 3059.5400000000004 186
1622624796641 3090.9750000000004 187
1622624828460 3122.5090000000005 188
1622624860394 3154.1570000000006 189
1622624892564 3186.042000000001 190
1622624925184 3218.3670000000006 191
1622624957373 3250.2730000000006 192
1622624990206 3282.8180000000007 193
1622625022875 3315.2060000000006 194
1622625055805 3347.8500000000004 195
1622625088775 3380.5380000000005 196
1622625121860 3413.3410000000003 197
1622625155348 3446.5440000000003 198
1622625188981 3479.8900000000003 199
1622625222569 3513.1940000000004 200
1622625256490 3546.827 201
1622625290713 3580.768 202
1622625324805 3614.576 203
1622625358846 3648.333 204
1622625393228 3682.4300000000003 205
1622625427787 3716.704 206
1622625462814 3751.4480000000003 207
1622625497675 3786.021 208
1622625532812 3820.867 209
1622625568335 3856.1000000000004 210
1622625603871 3891.3530000000005 211
1622625640257 3927.4480000000003 212
1622625676040 3962.947 213
1622625712007 3998.6330000000003 214
1622625748131 4034.4750000000004 215
1622625785065 4071.1200000000003 216
1622625822245 4108.018 217
1622625859118 4144.603 218
1622625895840 4181.028 219
1622625932816 4217.719 220
1622625970001 4254.615 221
1622626007491 4291.809 222
1622626045038 4329.070000000001 223
1622626082535 4366.285000000001 224
1622626120378 4403.841 225
1622626158348 4441.524 226
1622626196156 4479.0470000000005 227
1622626234363 4516.96 228
1622626272900 4555.213 229
1622626311740 4593.759 230
1622626350793 4632.511 231
1622626390003 4671.425 232
1622626430262 4711.3910000000005 233
1622626469790 4750.629000000001 234
1622626510077 4790.633000000001 235
1622626549677 4829.945000000001 236
1622626589658 4869.635 237
1622626629440 4909.128000000001 238
1622626669916 4949.322000000001 239
1622626710415 4989.537000000001 240
1622626751139 5029.9760000000015 241
1622626791949 5070.496000000002 242
1622626832709 5110.971000000002 243
1622626873632 5151.602000000003 244
1622626914982 5192.667000000002 245
1622626955673 5233.073000000002 246
1622626997030 5274.1460000000025 247
1622627038443 5315.275000000002 248
1622627080166 5356.700000000003 249
1622627121960 5398.210000000003 250
1622627163828 5439.796000000003 251
1622627206170 5481.853000000003 252
1622627248276 5523.674000000003 253
1622627290642 5565.754000000003 254
1622627333108 5607.934000000003 255
1622627375840 5650.384000000003 256
1622627418394 5692.654000000003 257
1622627461477 5735.456000000003 258
1622627504658 5778.354000000003 259
1622627547566 5820.982000000003 260
1622627590941 5864.077000000003 261
1622627634191 5907.045000000003 262
1622627677989 5950.562000000003 263
1622627722134 5994.4050000000025 264
1622627766400 6038.3830000000025 265
1622627811027 6082.723000000003 266
1622627855120 6126.533000000003 267
1622627899499 6170.623000000003 268
1622627944179 6215.013000000004 269
1622627989352 6259.905000000003 270
1622628034100 6304.3610000000035 271
1622628079180 6349.156000000004 272
1622628124855 6394.545000000004 273
1622628170144 6439.548000000003 274
1622628215636 6484.755000000004 275
1622628261473 6530.308000000004 276
1622628307584 6576.133000000003 277
1622628353929 6622.195000000003 278
1622628400320 6668.301000000003 279
1622628446723 6714.413000000003 280
1622628493620 6761.019000000003 281
1622628540427 6807.542000000003 282
1622628587314 6854.140000000003 283
1622628634369 6900.914000000003 284
1622628681713 6947.975000000003 285
1622628729267 6995.248000000003 286
1622628777215 7042.908000000003 287
1622628825032 7090.441000000003 288
1622628872995 7138.124000000003 289
1622628920836 7185.681000000003 290
1622628968969 7233.530000000003 291
1622629017563 7281.837000000003 292
1622629066307 7330.297000000003 293
1622629115407 7379.104000000003 294
1622629164265 7427.673000000003 295
1622629213543 7476.661000000004 296
1622629263390 7526.2180000000035 297
1622629312684 7575.2180000000035 298
1622629362411 7624.6600000000035 299
1622629412102 7674.065000000003 300
1622629461777 7723.454000000003 301
1622629512469 7773.855000000003 302
1622629563162 7824.260000000003 303
1622629614281 7875.091000000003 304
1622629665413 7925.939000000003 305
1622629716947 7977.181000000003 306
1622629767983 8027.933000000004 307
1622629819849 8079.516000000003 308
1622629872205 8131.5840000000035 309
1622629924436 8183.532000000004 310
1622629976839 8235.647000000004 311
1622630029511 8288.038000000004 312
1622630081990 8340.229000000005 313
1622630135153 8393.104000000005 314
1622630188186 8445.849000000006 315
1622630241296 8498.662000000006 316
1622630294619 8551.686000000005 317
1622630348636 8605.408000000005 318
1622630402381 8658.865000000005 319
1622630456554 8712.752000000006 320
1622630510411 8766.321000000005 321
1622630564973 8820.590000000006 322
1622630619598 8874.922000000006 323
1622630674068 8929.103000000006 324
1622630728694 8983.440000000006 325
1622630783368 9037.824000000006 326
1622630838223 9092.391000000005 327
1622630893050 9146.924000000005 328
1622630948420 9202.008000000005 329
1622631003006 9256.310000000005 330
1622631058677 9311.680000000006 331
1622631113641 9366.356000000005 332
1622631169085 9421.515000000005 333
1622631224331 9476.470000000005 334
1622631280406 9532.258000000005 335
1622631335997 9587.563000000006 336
1622631391929 9643.213000000005 337
1622631447731 9698.728000000005 338
1622631503951 9754.663000000004 339
1622631560073 9810.497000000005 340
1622631616558 9866.697000000006 341
1622631673316 9923.170000000006 342
1622631730172 9979.739000000005 343
1622631787043 10036.327000000005 344
1622631843963 10092.962000000005 345
1622631901020 10149.728000000005 346
1622631958220 10206.640000000005 347
1622632016334 10264.468000000004 348
1622632074491 10322.340000000004 349
1622632132767 10380.332000000004 350
1622632191274 10438.554000000004 351
1622632250244 10497.239000000003 352
1622632309131 10555.829000000003 353
1622632368147 10614.562000000004 354
1622632427115 10673.248000000003 355
1622632485845 10731.695000000003 356
1622632544838 10790.407000000003 357
1622632603513 10848.799000000003 358
1622632662790 10907.777000000002 359
1622632722065 10966.768000000002 360
1622632781751 11026.163000000002 361
1622632841593 11085.718000000003 362
1622632901475 11145.316000000003 363
1622632961335 11204.879000000003 364
1622633021542 11264.798000000003 365
1622633081814 11324.784000000003 366
1622633142307 11384.990000000003 367
1622633203173 11445.571000000004 368
1622633264112 11506.225000000004 369
1622633324820 11566.647000000004 370
1622633386212 11627.748000000005 371
1622633450149 11691.399000000005 372
1622633517382 11758.318000000005 373
1622633581137 11821.783000000005 374
1622633644824 11885.174000000005 375
1622633708670 11948.728000000005 376
1622633772364 12012.129000000004 377
1622633837014 12076.494000000004 378
1622633901106 12140.298000000004 379
1622633965949 12204.853000000005 380
1622634034276 12272.891000000005 381
1622634101477 12339.797000000006 382
1622634167732 12405.743000000006 383
1622634234565 12472.279000000006 384
1622634301004 12538.412000000006 385
1622634368349 12605.449000000006 386
1622634435364 12672.156000000006 387
1622634502131 12738.618000000006 388
1622634569205 12805.402000000006 389
1622634636315 12872.218000000006 390
1622634703447 12939.050000000007 391
1622634771396 13006.703000000007 392
1622634839023 13074.035000000007 393
1622634906807 13141.527000000007 394
1622634975099 13209.511000000008 395
1622635042960 13277.074000000008 396
1622635111159 13344.984000000008 397
1622635179367 13412.881000000008 398
1622635247515 13480.735000000008 399
1622635315859 13548.784000000009 400
1622635384412 13617.04700000001 401
1622635453126 13685.47100000001 402
1622635522035 13754.090000000011 403
1622635591538 13823.304000000011 404
1622635661499 13892.976000000011 405
1622635731192 13962.380000000012 406
1622635800813 14031.701000000012 407
1622635870613 14101.209000000012 408
1622635940554 14170.845000000012 409
1622636011605 14241.602000000012 410
1622636082065 14311.769000000011 411
1622636153066 14382.477000000012 412
1622636224033 14453.145000000011 413
1622636295104 14523.91000000001 414
1622636366416 14594.92500000001 415
1622636438493 14666.69200000001 416
1622636510066 14737.96000000001 417
1622636582095 14809.69400000001 418
1622636654266 14881.57400000001 419
1622636726449 14953.463000000009 420
1622636798898 15025.604000000008 421
1622636871738 15098.13400000001 422
1622636944707 15170.811000000009 423
1622637016916 15242.722000000009 424
1622637089892 15315.40300000001 425
1622637162710 15387.928000000009 426
1622637235851 15460.77800000001 427
1622637308688 15533.31300000001 428
1622637382633 15606.95700000001 429
1622637456568 15680.605000000009 430
1622637531213 15754.925000000008 431
1622637605819 15829.234000000008 432
1622637680298 15903.418000000007 433
1622637755408 15978.234000000008 434
1622637830708 16053.240000000007 435
1622637905719 16127.957000000008 436
1622637981400 16203.344000000008 437
1622638056545 16278.196000000009 438
1622638132483 16353.838000000009 439
1622638208458 16429.517000000007 440
1622638284408 16505.159000000007 441
1622638359395 16579.853000000006 442
1622638434467 16654.631000000005 443
1622638509162 16729.032000000007 444
1622638583944 16803.522000000008 445
1622638659010 16878.29700000001 446
1622638734235 16953.22800000001 447
1622638810364 17029.06500000001 448
1622638886350 17104.75900000001 449
1622638963016 17181.13300000001 450
1622639039401 17257.22300000001 451
1622639116228 17333.76000000001 452
1622639192975 17410.20400000001 453
1622639270297 17487.236000000008 454
1622639347436 17564.08200000001 455
1622639425250 17641.60400000001 456
1622639503210 17719.27500000001 457
1622639580888 17796.660000000007 458
1622639659500 17874.965000000007 459
1622639737673 17952.84700000001 460
1622639816025 18030.90100000001 461
1622639894140 18108.72800000001 462
1622639972640 18186.93800000001 463
1622640051617 18265.61300000001 464
1622640130272 18343.965000000007 465
1622640209273 18422.673000000006 466
1622640289103 18502.200000000004 467
1622640369123 18581.923000000006 468
1622640449149 18661.641000000007 469
1622640529218 18741.41700000001 470
1622640609630 18821.54200000001 471
1622640689843 18901.448000000008 472
1622640770797 18982.11300000001 473
1622640851032 19062.06100000001 474
1622640931908 19142.645000000008 475
1622641010593 19221.031000000006 476
1622641089569 19299.723000000005 477
1622641169773 19379.638000000006 478
1622641255088 19464.647000000004 479
1622641339993 19549.253000000004 480
1622641424607 19633.544000000005 481
1622641509286 19717.917000000005 482
1622641593874 19802.208000000006 483
1622641678624 19886.663000000008 484
1622641764218 19971.945000000007 485
1622641850315 20057.729000000007 486
1622641936193 20143.297000000006 487
1622642021489 20228.286000000007 488
1622642106261 20312.753000000008 489
1622642191186 20397.38100000001 490
1622642274155 20480.058000000008 491
1622642364363 20569.933000000008 492
1622642452595 20657.87000000001 493
1622642532530 20737.50600000001 494
1622642613431 20818.13000000001 495
1622642693691 20898.105000000007 496
1622642774077 20978.212000000007 497
1622642856463 21060.30900000001 498
1622642938746 21142.31000000001 499
1622643021266 21224.55000000001 500
