1622734078825 50 0
1622734079358 60 1
1622734079889 70 2
1622734080464 80 3
1622734081077 90 4
1622734081706 100 5
1622734082371 110 6
1622734083077 120 7
1622734083838 130 8
1622734084651 140 9
1622734085583 150 10
1622734086566 160 11
1622734087574 170 12
1622734088611 180 13
1622734089588 190 14
1622734090582 200 15
1622734091616 210 16
1622734092687 220 17
1622734093795 230 18
1622734094916 240 19
1622734096084 250 20
1622734097308 260 21
1622734098579 270 22
1622734099879 280 23
1622734101215 290 24
1622734102585 300 25
1622734103977 310 26
1622734105395 320 27
1622734106836 330 28
1622734108351 340 29
1622734109915 350 30
1622734111490 360 31
1622734113093 370 32
1622734114744 380 33
1622734116403 390 34
1622734119069 400 35
1622734120791 410 36
1622734122533 420 37
1622734124299 430 38
1622734127109 440 39
1622734128940 450 40
1622734130867 460 41
1622734132840 470 42
1622734134815 480 43
1622734136831 490 44
1622734138861 500 45
1622734140962 510 46
1622734143098 520 47
1622734145266 530 48
1622734147460 540 49
1622734149707 550 50
1622734152020 560 51
1622734154328 570 52
1622734156667 580 53
1622734159052 590 54
1622734161426 600 55
1622734163875 610 56
1622734166372 620 57
1622734168907 630 58
1622734171495 640 59
1622734174101 650 60
1622734176712 660 61
1622734179390 670 62
1622734182083 680 63
1622734184825 690 64
1622734187614 700 65
1622734190424 710 66
1622734193272 720 67
1622734196160 730 68
1622734199074 740 69
1622734202045 750 70
1622734205030 760 71
1622734208035 770 72
1622734211062 780 73
1622734214182 790 74
1622734217310 800 75
1622734220464 810 76
1622734223673 820 77
1622734226902 830 78
1622734230147 840 79
1622734233471 850 80
1622734236840 860 81
1622734240225 870 82
1622734243653 880 83
1622734247105 890 84
1622734250621 900 85
1622734254188 910 86
1622734257765 920 87
1622734261405 930 88
1622734265041 940 89
1622734268760 950 90
1622734272476 960 91
1622734276260 970 92
1622734280081 980 93
1622734283907 990 94
1622734287725 1000 95
1622734291618 1010 96
1622734295566 1020 97
1622734299529 1030 98
1622734303506 1040 99
1622734307568 1050 100
1622734311640 1060 101
1622734315784 1070 102
1622734319954 1080 103
1622734324190 1090 104
1622734328450 1100 105
1622734332704 1110 106
1622734337036 1120 107
1622734341338 1130 108
1622734345752 1140 109
1622734350187 1150 110
1622734354586 1160 111
1622734359059 1170 112
1622734363601 1180 113
1622734368165 1190 114
1622734372745 1200 115
1622734377389 1210 116
1622734382075 1220 117
1622734386862 1230 118
1622734391558 1240 119
1622734396327 1250 120
1622734401111 1260 121
1622734405933 1270 122
1622734410756 1280 123
1622734415650 1290 124
1622734420560 1300 125
1622734425555 1310 126
1622734430614 1320 127
1622734435739 1330 128
1622734440848 1340 129
1622734445988 1350 130
1622734451152 1360 131
1622734456347 1370 132
1622734461570 1380 133
1622734466962 1390 134
1622734472253 1400 135
1622734477633 1410 136
1622734482994 1420 137
1622734488393 1430 138
1622734493844 1440 139
1622734499281 1450 140
1622734504761 1460 141
1622734510317 1470 142
1622734515876 1480 143
1622734521482 1490 144
1622734527171 1500 145
1622734532819 1510 146
1622734538536 1520 147
1622734544298 1530 148
1622734550152 1540 149
1622734555985 1550 150
1622734561876 1560 151
1622734567739 1570 152
1622734573713 1580 153
1622734579687 1590 154
1622734585715 1600 155
1622734591733 1610 156
1622734597811 1620 157
1622734603937 1630 158
1622734610138 1640 159
1622734616311 1650 160
1622734622500 1660 161
1622734628789 1670 162
1622734635075 1680 163
1622734641405 1690 164
1622734647816 1700 165
1622734654224 1710 166
1622734660705 1720 167
1622734667164 1730 168
1622734673656 1740 169
1622734680182 1750 170
1622734686800 1760 171
1622734693404 1770 172
1622734700055 1780 173
1622734706737 1790 174
1622734713497 1800 175
1622734720252 1810 176
1622734727088 1820 177
1622734733908 1830 178
1622734740750 1840 179
1622734747725 1850 180
1622734754656 1860 181
1622734761646 1870 182
1622734768648 1880 183
1622734775675 1890 184
1622734782826 1900 185
1622734789958 1910 186
1622734797151 1920 187
1622734804371 1930 188
1622734811653 1940 189
1622734818911 1950 190
1622734826190 1960 191
1622734833505 1970 192
1622734840910 1980 193
1622734848346 1990 194
1622734855866 2000 195
1622734863377 2010 196
1622734870976 2020 197
1622734878529 2030 198
1622734886207 2040 199
1622734893808 2050 200
1622734901475 2060 201
1622734909176 2070 202
1622734916988 2080 203
1622734924802 2090 204
1622734932634 2100 205
1622734940520 2110 206
1622734948462 2120 207
1622734956350 2130 208
1622734964374 2140 209
1622734972355 2150 210
1622734980408 2160 211
1622734988416 2170 212
1622734996519 2180 213
1622735004634 2190 214
1622735012842 2200 215
1622735021083 2210 216
1622735029402 2220 217
1622735037745 2230 218
1622735046123 2240 219
1622735054518 2250 220
1622735063305 2260 221
1622735071787 2270 222
1622735080297 2280 223
1622735088743 2290 224
1622735097230 2300 225
1622735105854 2310 226
1622735114443 2320 227
1622735123109 2330 228
1622735131860 2340 229
1622735140636 2350 230
1622735149409 2360 231
1622735158225 2370 232
1622735166995 2380 233
1622735175852 2390 234
1622735184809 2400 235
1622735193777 2410 236
1622735202715 2420 237
1622735211779 2430 238
1622735221040 2440 239
1622735230471 2450 240
1622735239908 2460 241
1622735249066 2470 242
1622735258198 2480 243
1622735267397 2490 244
1622735276652 2500 245
1622735285896 2510 246
1622735295216 2520 247
1622735304535 2530 248
1622735313974 2540 249
1622735323468 2550 250
1622735332941 2560 251
1622735342461 2570 252
1622735352018 2580 253
1622735361588 2590 254
1622735371233 2600 255
1622735380870 2610 256
1622735391946 2620 257
1622735401623 2630 258
1622735411304 2640 259
1622735421081 2650 260
1622735430917 2660 261
1622735440801 2670 262
1622735450747 2680 263
1622735460684 2690 264
1622735470692 2700 265
1622735480686 2710 266
1622735490701 2720 267
1622735500796 2730 268
1622735510886 2740 269
1622735520954 2750 270
1622735531136 2760 271
1622735541364 2770 272
1622735551608 2780 273
1622735561889 2790 274
1622735572139 2800 275
1622735582526 2810 276
1622735592860 2820 277
1622735603322 2830 278
1622735613873 2840 279
1622735624356 2850 280
1622735634839 2860 281
1622735645351 2870 282
1622735655982 2880 283
1622735666864 2890 284
1622735677484 2900 285
1622735688202 2910 286
1622735698966 2920 287
1622735709741 2930 288
1622735720526 2940 289
1622735731337 2950 290
1622735742162 2960 291
1622735753008 2970 292
1622735763969 2980 293
1622735774922 2990 294
1622735785939 3000 295
1622735796935 3010 296
1622735808032 3020 297
1622735819089 3030 298
1622735830284 3040 299
1622735841423 3050 300
1622735852630 3060 301
1622735863838 3070 302
1622735875187 3080 303
1622735886402 3090 304
1622735897668 3100 305
1622735909130 3110 306
1622735920714 3120 307
1622735932127 3130 308
1622735943677 3140 309
1622735955225 3150 310
1622735966758 3160 311
1622735978426 3170 312
1622735990079 3180 313
1622736001790 3190 314
1622736013565 3200 315
1622736025368 3210 316
1622736037148 3220 317
1622736048971 3230 318
1622736060868 3240 319
1622736072749 3250 320
1622736084768 3260 321
1622736096775 3270 322
1622736108735 3280 323
1622736120885 3290 324
1622736133043 3300 325
1622736145429 3310 326
1622736157667 3320 327
1622736169919 3330 328
1622736182114 3340 329
1622736194420 3350 330
1622736206700 3360 331
1622736219149 3370 332
1622736231584 3380 333
1622736243930 3390 334
1622736256499 3400 335
1622736268942 3410 336
1622736281446 3420 337
1622736293891 3430 338
1622736306607 3440 339
1622736319240 3450 340
1622736332034 3460 341
1622736344770 3470 342
1622736357598 3480 343
1622736370351 3490 344
1622736383182 3500 345
1622736396197 3510 346
1622736409096 3520 347
1622736422138 3530 348
1622736435145 3540 349
1622736448173 3550 350
1622736461205 3560 351
1622736474544 3570 352
1622736487971 3580 353
1622736501134 3590 354
1622736514253 3600 355
1622736527472 3610 356
1622736540712 3620 357
1622736554063 3630 358
1622736567376 3640 359
1622736580738 3650 360
1622736594173 3660 361
1622736607512 3670 362
1622736620953 3680 363
1622736634445 3690 364
1622736647949 3700 365
1622736661544 3710 366
1622736675105 3720 367
1622736688700 3730 368
1622736702290 3740 369
1622736715958 3750 370
1622736729651 3760 371
1622736743391 3770 372
1622736757134 3780 373
1622736770906 3790 374
1622736784846 3800 375
1622736798725 3810 376
1622736812681 3820 377
1622736826596 3830 378
1622736840597 3840 379
1622736854591 3850 380
1622736868591 3860 381
1622736882628 3870 382
1622736896670 3880 383
1622736910780 3890 384
1622736925002 3900 385
1622736939252 3910 386
1622736953440 3920 387
1622736967763 3930 388
1622736982068 3940 389
1622736996409 3950 390
1622737010821 3960 391
1622737025258 3970 392
1622737039738 3980 393
1622737054262 3990 394
1622737068765 4000 395
1622737083313 4010 396
1622737097901 4020 397
1622737112533 4030 398
1622737127199 4040 399
1622737141840 4050 400
1622737156627 4060 401
1622737171486 4070 402
1622737186362 4080 403
1622737201266 4090 404
1622737216184 4100 405
1622737231156 4110 406
1622737246228 4120 407
1622737261241 4130 408
1622737276288 4140 409
1622737291434 4150 410
1622737306520 4160 411
1622737321669 4170 412
1622737336838 4180 413
1622737352043 4190 414
1622737367319 4200 415
1622737382603 4210 416
1622737397896 4220 417
1622737413261 4230 418
1622737428628 4240 419
1622737444073 4250 420
1622737459555 4260 421
1622737474982 4270 422
1622737490524 4280 423
1622737506145 4290 424
1622737521694 4300 425
1622737537195 4310 426
1622737552752 4320 427
1622737568507 4330 428
1622737584255 4340 429
1622737600014 4350 430
1622737615791 4360 431
1622737631617 4370 432
1622737647526 4380 433
1622737663543 4390 434
1622737679562 4400 435
1622737695520 4410 436
1622737711484 4420 437
1622737727507 4430 438
1622737743513 4440 439
1622737759653 4450 440
1622737775859 4460 441
1622737792121 4470 442
1622737808355 4480 443
1622737824568 4490 444
1622737840869 4500 445
1622737857123 4510 446
1622737873519 4520 447
1622737889859 4530 448
1622737906350 4540 449
1622737922846 4550 450
1622737939459 4560 451
1622737956062 4570 452
1622737972679 4580 453
1622737989363 4590 454
1622738006047 4600 455
1622738022740 4610 456
1622738039456 4620 457
1622738056250 4630 458
1622738073130 4640 459
1622738089974 4650 460
1622738106865 4660 461
1622738123777 4670 462
1622738140759 4680 463
1622738157790 4690 464
1622738174758 4700 465
1622738191841 4710 466
1622738208960 4720 467
1622738226077 4730 468
1622738243243 4740 469
1622738260517 4750 470
1622738277881 4760 471
1622738295236 4770 472
1622738312577 4780 473
1622738330176 4790 474
1622738347593 4800 475
1622738365098 4810 476
1622738382660 4820 477
1622738400218 4830 478
1622738417753 4840 479
1622738435339 4850 480
1622738452995 4860 481
1622738470628 4870 482
1622738488384 4880 483
1622738506152 4890 484
1622738523985 4900 485
1622738541844 4910 486
1622738559757 4920 487
1622738577684 4930 488
1622738595514 4940 489
1622738613478 4950 490
1622738631608 4960 491
1622738649750 4970 492
1622738667726 4980 493
1622738685819 4990 494
1622738704008 5000 495
1622738722237 5010 496
1622738740460 5020 497
1622738758821 5030 498
1622738777017 5040 499
1622738795353 5050 500
