1622734078805 -121.16083260253211 0
1622734079341 -36.09643498813648 1
1622734079872 -36.09643498813648 2
1622734080447 -36.09643498813648 3
1622734081060 -36.09643498813648 4
1622734081691 -36.09643498813648 5
1622734082357 -36.09643498813648 6
1622734083062 -36.09643498813648 7
1622734083824 -36.09643498813648 8
1622734084636 -36.09643498813648 9
1622734085568 -36.09643498813648 10
1622734086551 -36.09643498813648 11
1622734087559 -36.09643498813648 12
1622734088596 -36.09643498813648 13
1622734089574 -36.09643498813648 14
1622734090567 -36.09643498813648 15
1622734091602 -36.09643498813648 16
1622734092672 -36.09643498813648 17
1622734093780 -36.09643498813648 18
1622734094901 -36.09643498813648 19
1622734096070 -36.09643498813648 20
1622734097293 -36.09643498813648 21
1622734098565 -36.09643498813648 22
1622734099864 -36.09643498813648 23
1622734101201 -36.09643498813648 24
1622734102570 -36.09643498813648 25
1622734103964 -36.09643498813648 26
1622734105381 -36.09643498813648 27
1622734106822 -36.09643498813648 28
1622734108338 -36.09643498813648 29
1622734109902 -36.09643498813648 30
1622734111476 -36.09643498813648 31
1622734113080 -36.09643498813648 32
1622734114730 -36.09643498813648 33
1622734116389 -36.09643498813648 34
1622734119055 -36.09643498813648 35
1622734120778 -36.09643498813648 36
1622734122519 -36.09643498813648 37
1622734124283 -36.09643498813648 38
1622734127096 -36.09643498813648 39
1622734128925 -36.09643498813648 40
1622734130853 -36.09643498813648 41
1622734132827 -36.09643498813648 42
1622734134799 -36.09643498813648 43
1622734136815 -36.09643498813648 44
1622734138848 -36.09643498813648 45
1622734140947 -36.09643498813648 46
1622734143083 -36.09643498813648 47
1622734145254 -36.09643498813648 48
1622734147446 -36.09643498813648 49
1622734149693 -36.09643498813648 50
1622734152004 -36.09643498813648 51
1622734154312 -36.09643498813648 52
1622734156653 -36.09643498813648 53
1622734159037 -36.09643498813648 54
1622734161411 -36.09643498813648 55
1622734163861 -36.09643498813648 56
1622734166357 -36.09643498813648 57
1622734168892 -36.09643498813648 58
1622734171480 -36.09643498813648 59
1622734174086 -36.09643498813648 60
1622734176697 -36.09643498813648 61
1622734179375 -36.09643498813648 62
1622734182069 -36.09643498813648 63
1622734184810 -36.09643498813648 64
1622734187599 -36.09643498813648 65
1622734190409 -36.09643498813648 66
1622734193257 -36.09643498813648 67
1622734196146 -36.09643498813648 68
1622734199059 -36.09643498813648 69
1622734202030 -36.09643498813648 70
1622734205015 -36.09643498813648 71
1622734208020 -36.09643498813648 72
1622734211047 -36.09643498813648 73
1622734214167 -36.09643498813648 74
1622734217294 -36.09643498813648 75
1622734220448 -36.09643498813648 76
1622734223659 -36.09643498813648 77
1622734226889 -36.09643498813648 78
1622734230132 -36.09643498813648 79
1622734233456 -36.09643498813648 80
1622734236826 -36.09643498813648 81
1622734240210 -36.09643498813648 82
1622734243639 -36.09643498813648 83
1622734247091 -36.09643498813648 84
1622734250607 -36.09643498813648 85
1622734254172 -36.09643498813648 86
1622734257751 -36.09643498813648 87
1622734261390 -36.09643498813648 88
1622734265027 -36.09643498813648 89
1622734268746 -36.09643498813648 90
1622734272462 -36.09643498813648 91
1622734276246 -36.09643498813648 92
1622734280066 -36.09643498813648 93
1622734283892 -36.09643498813648 94
1622734287711 -36.09643498813648 95
1622734291603 -36.09643498813648 96
1622734295550 -36.09643498813648 97
1622734299512 -36.09643498813648 98
1622734303490 -36.09643498813648 99
1622734307552 -36.09643498813648 100
1622734311624 -36.09643498813648 101
1622734315768 -36.09643498813648 102
1622734319939 -36.09643498813648 103
1622734324175 -36.09643498813648 104
1622734328435 -36.09643498813648 105
1622734332689 -36.09643498813648 106
1622734337021 -36.09643498813648 107
1622734341323 -36.09643498813648 108
1622734345738 -36.09643498813648 109
1622734350173 -36.09643498813648 110
1622734354571 -36.09643498813648 111
1622734359045 -36.09643498813648 112
1622734363586 -36.09643498813648 113
1622734368150 -36.09643498813648 114
1622734372731 -36.09643498813648 115
1622734377375 -36.09643498813648 116
1622734382060 -36.09643498813648 117
1622734386847 -36.09643498813648 118
1622734391543 -36.09643498813648 119
1622734396312 -36.09643498813648 120
1622734401096 -36.09643498813648 121
1622734405919 -36.09643498813648 122
1622734410742 -36.09643498813648 123
1622734415635 -36.09643498813648 124
1622734420546 -36.09643498813648 125
1622734425540 -36.09643498813648 126
1622734430598 -36.09643498813648 127
1622734435725 -36.09643498813648 128
1622734440833 -36.09643498813648 129
1622734445971 -36.09643498813648 130
1622734451135 -36.09643498813648 131
1622734456332 -36.09643498813648 132
1622734461555 -36.09643498813648 133
1622734466948 -36.09643498813648 134
1622734472238 -36.09643498813648 135
1622734477619 -36.09643498813648 136
1622734482980 -36.09643498813648 137
1622734488379 -36.09643498813648 138
1622734493829 -36.09643498813648 139
1622734499266 -36.09643498813648 140
1622734504746 -36.09643498813648 141
1622734510302 -36.09643498813648 142
1622734515862 -36.09643498813648 143
1622734521467 -36.09643498813648 144
1622734527157 -36.09643498813648 145
1622734532804 -36.09643498813648 146
1622734538521 -36.09643498813648 147
1622734544285 -36.09643498813648 148
1622734550138 -36.09643498813648 149
1622734555971 -36.09643498813648 150
1622734561863 -36.09643498813648 151
1622734567724 -36.09643498813648 152
1622734573700 -36.09643498813648 153
1622734579673 -36.09643498813648 154
1622734585702 -36.09643498813648 155
1622734591718 -36.09643498813648 156
1622734597796 -36.09643498813648 157
1622734603923 -36.09643498813648 158
1622734610124 -36.09643498813648 159
1622734616298 -36.09643498813648 160
1622734622486 -36.09643498813648 161
1622734628774 -36.09643498813648 162
1622734635060 -36.09643498813648 163
1622734641390 -36.09643498813648 164
1622734647800 -36.09643498813648 165
1622734654209 -36.09643498813648 166
1622734660690 -36.09643498813648 167
1622734667150 -36.09643498813648 168
1622734673641 -36.09643498813648 169
1622734680167 -36.09643498813648 170
1622734686784 -36.09643498813648 171
1622734693390 -36.09643498813648 172
1622734700040 -36.09643498813648 173
1622734706721 -36.09643498813648 174
1622734713482 -36.09643498813648 175
1622734720237 -36.09643498813648 176
1622734727073 -36.09643498813648 177
1622734733893 -36.09643498813648 178
1622734740735 -36.09643498813648 179
1622734747711 -36.09643498813648 180
1622734754640 -36.09643498813648 181
1622734761631 -36.09643498813648 182
1622734768635 -36.09643498813648 183
1622734775660 -36.09643498813648 184
1622734782811 -36.09643498813648 185
1622734789944 -36.09643498813648 186
1622734797136 -36.09643498813648 187
1622734804357 -36.09643498813648 188
1622734811640 -36.09643498813648 189
1622734818896 -36.09643498813648 190
1622734826176 -36.09643498813648 191
1622734833491 -36.09643498813648 192
1622734840895 -36.09643498813648 193
1622734848331 -36.09643498813648 194
1622734855852 -36.09643498813648 195
1622734863362 -36.09643498813648 196
1622734870960 -36.09643498813648 197
1622734878514 -36.09643498813648 198
1622734886192 -36.09643498813648 199
1622734893792 -36.09643498813648 200
1622734901459 -36.09643498813648 201
1622734909160 -36.09643498813648 202
1622734916973 -36.09643498813648 203
1622734924787 -36.09643498813648 204
1622734932619 -36.09643498813648 205
1622734940505 -36.09643498813648 206
1622734948448 -36.09643498813648 207
1622734956334 -36.09643498813648 208
1622734964359 -36.09643498813648 209
1622734972340 -36.09643498813648 210
1622734980393 -36.09643498813648 211
1622734988400 -36.09643498813648 212
1622734996504 -36.09643498813648 213
1622735004619 -36.09643498813648 214
1622735012827 -36.09643498813648 215
1622735021068 -36.09643498813648 216
1622735029387 -36.09643498813648 217
1622735037729 -36.09643498813648 218
1622735046107 -36.09643498813648 219
1622735054502 -36.09643498813648 220
1622735063290 -36.09643498813648 221
1622735071772 -36.09643498813648 222
1622735080280 -36.09643498813648 223
1622735088728 -36.09643498813648 224
1622735097216 -36.09643498813648 225
1622735105839 -36.09643498813648 226
1622735114429 -36.09643498813648 227
1622735123095 -36.09643498813648 228
1622735131845 -36.09643498813648 229
1622735140621 -36.09643498813648 230
1622735149394 -36.09643498813648 231
1622735158210 -36.09643498813648 232
1622735166980 -36.09643498813648 233
1622735175836 -36.09643498813648 234
1622735184793 -36.09643498813648 235
1622735193761 -36.09643498813648 236
1622735202699 -36.09643498813648 237
1622735211762 -36.09643498813648 238
1622735221025 -36.09643498813648 239
1622735230456 -36.09643498813648 240
1622735239893 -36.09643498813648 241
1622735249051 -36.09643498813648 242
1622735258183 -36.09643498813648 243
1622735267382 -36.09643498813648 244
1622735276638 -36.09643498813648 245
1622735285882 -36.09643498813648 246
1622735295203 -36.09643498813648 247
1622735304521 -36.09643498813648 248
1622735313959 -36.09643498813648 249
1622735323454 -36.09643498813648 250
1622735332927 -36.09643498813648 251
1622735342447 -36.09643498813648 252
1622735352003 -36.09643498813648 253
1622735361573 -36.09643498813648 254
1622735371220 -36.09643498813648 255
1622735380856 -36.09643498813648 256
1622735391932 -36.09643498813648 257
1622735401608 -36.09643498813648 258
1622735411290 -36.09643498813648 259
1622735421067 -36.09643498813648 260
1622735430904 -36.09643498813648 261
1622735440787 -36.09643498813648 262
1622735450732 -36.09643498813648 263
1622735460669 -36.09643498813648 264
1622735470677 -36.09643498813648 265
1622735480670 -36.09643498813648 266
1622735490686 -36.09643498813648 267
1622735500781 -36.09643498813648 268
1622735510871 -36.09643498813648 269
1622735520940 -36.09643498813648 270
1622735531121 -36.09643498813648 271
1622735541349 -36.09643498813648 272
1622735551593 -36.09643498813648 273
1622735561874 -36.09643498813648 274
1622735572123 -36.09643498813648 275
1622735582511 -36.09643498813648 276
1622735592844 -36.09643498813648 277
1622735603306 -36.09643498813648 278
1622735613857 -36.09643498813648 279
1622735624341 -36.09643498813648 280
1622735634822 -36.09643498813648 281
1622735645336 -36.09643498813648 282
1622735655968 -36.09643498813648 283
1622735666850 -36.09643498813648 284
1622735677469 -36.09643498813648 285
1622735688186 -36.09643498813648 286
1622735698951 -36.09643498813648 287
1622735709726 -36.09643498813648 288
1622735720511 -36.09643498813648 289
1622735731324 -36.09643498813648 290
1622735742147 -36.09643498813648 291
1622735752993 -36.09643498813648 292
1622735763953 -36.09643498813648 293
1622735774906 -36.09643498813648 294
1622735785923 -36.09643498813648 295
1622735796918 -36.09643498813648 296
1622735808017 -36.09643498813648 297
1622735819073 -36.09643498813648 298
1622735830268 -36.09643498813648 299
1622735841408 -36.09643498813648 300
1622735852614 -36.09643498813648 301
1622735863823 -36.09643498813648 302
1622735875173 -36.09643498813648 303
1622735886386 -36.09643498813648 304
1622735897651 -36.09643498813648 305
1622735909115 -36.09643498813648 306
1622735920698 -36.09643498813648 307
1622735932113 -36.09643498813648 308
1622735943663 -36.09643498813648 309
1622735955210 -36.09643498813648 310
1622735966744 -36.09643498813648 311
1622735978411 -36.09643498813648 312
1622735990064 -36.09643498813648 313
1622736001775 -36.09643498813648 314
1622736013550 -36.09643498813648 315
1622736025352 -36.09643498813648 316
1622736037132 -36.09643498813648 317
1622736048955 -36.09643498813648 318
1622736060853 -36.09643498813648 319
1622736072733 -36.09643498813648 320
1622736084753 -36.09643498813648 321
1622736096759 -36.09643498813648 322
1622736108720 -36.09643498813648 323
1622736120870 -36.09643498813648 324
1622736133028 -36.09643498813648 325
1622736145414 -36.09643498813648 326
1622736157652 -36.09643498813648 327
1622736169903 -36.09643498813648 328
1622736182100 -36.09643498813648 329
1622736194406 -36.09643498813648 330
1622736206685 -36.09643498813648 331
1622736219134 -36.09643498813648 332
1622736231570 -36.09643498813648 333
1622736243916 -36.09643498813648 334
1622736256484 -36.09643498813648 335
1622736268928 -36.09643498813648 336
1622736281430 -36.09643498813648 337
1622736293876 -36.09643498813648 338
1622736306590 -36.09643498813648 339
1622736319224 -36.09643498813648 340
1622736332020 -36.09643498813648 341
1622736344755 -36.09643498813648 342
1622736357584 -36.09643498813648 343
1622736370336 -36.09643498813648 344
1622736383168 -36.09643498813648 345
1622736396182 -36.09643498813648 346
1622736409081 -36.09643498813648 347
1622736422123 -36.09643498813648 348
1622736435131 -36.09643498813648 349
1622736448159 -36.09643498813648 350
1622736461191 -36.09643498813648 351
1622736474530 -36.09643498813648 352
1622736487956 -36.09643498813648 353
1622736501120 -36.09643498813648 354
1622736514239 -36.09643498813648 355
1622736527459 -36.09643498813648 356
1622736540696 -36.09643498813648 357
1622736554048 -36.09643498813648 358
1622736567361 -36.09643498813648 359
1622736580723 -36.09643498813648 360
1622736594158 -36.09643498813648 361
1622736607497 -36.09643498813648 362
1622736620938 -36.09643498813648 363
1622736634432 -36.09643498813648 364
1622736647934 -36.09643498813648 365
1622736661528 -36.09643498813648 366
1622736675090 -36.09643498813648 367
1622736688685 -36.09643498813648 368
1622736702276 -36.09643498813648 369
1622736715943 -36.09643498813648 370
1622736729637 -36.09643498813648 371
1622736743377 -36.09643498813648 372
1622736757118 -36.09643498813648 373
1622736770891 -36.09643498813648 374
1622736784831 -36.09643498813648 375
1622736798710 -36.09643498813648 376
1622736812665 -36.09643498813648 377
1622736826580 -36.09643498813648 378
1622736840582 -36.09643498813648 379
1622736854577 -36.09643498813648 380
1622736868577 -36.09643498813648 381
1622736882614 -36.09643498813648 382
1622736896656 -36.09643498813648 383
1622736910766 -36.09643498813648 384
1622736924987 -36.09643498813648 385
1622736939236 -36.09643498813648 386
1622736953424 -36.09643498813648 387
1622736967749 -36.09643498813648 388
1622736982053 -36.09643498813648 389
1622736996393 -36.09643498813648 390
1622737010806 -36.09643498813648 391
1622737025244 -36.09643498813648 392
1622737039721 -36.09643498813648 393
1622737054247 -36.09643498813648 394
1622737068749 -36.09643498813648 395
1622737083298 -36.09643498813648 396
1622737097886 -36.09643498813648 397
1622737112517 -36.09643498813648 398
1622737127185 -36.09643498813648 399
1622737141826 -36.09643498813648 400
1622737156611 -36.09643498813648 401
1622737171470 -36.09643498813648 402
1622737186347 -36.09643498813648 403
1622737201252 -36.09643498813648 404
1622737216169 -36.09643498813648 405
1622737231142 -36.09643498813648 406
1622737246212 -36.09643498813648 407
1622737261225 -36.09643498813648 408
1622737276274 -36.09643498813648 409
1622737291419 -36.09643498813648 410
1622737306505 -36.09643498813648 411
1622737321655 -36.09643498813648 412
1622737336823 -36.09643498813648 413
1622737352029 -36.09643498813648 414
1622737367304 -36.09643498813648 415
1622737382589 -36.09643498813648 416
1622737397881 -36.09643498813648 417
1622737413247 -36.09643498813648 418
1622737428614 -36.09643498813648 419
1622737444057 -36.09643498813648 420
1622737459538 -36.09643498813648 421
1622737474967 -36.09643498813648 422
1622737490509 -36.09643498813648 423
1622737506129 -36.09643498813648 424
1622737521678 -36.09643498813648 425
1622737537180 -36.09643498813648 426
1622737552739 -36.09643498813648 427
1622737568493 -36.09643498813648 428
1622737584239 -36.09643498813648 429
1622737599999 -36.09643498813648 430
1622737615776 -36.09643498813648 431
1622737631601 -36.09643498813648 432
1622737647511 -36.09643498813648 433
1622737663523 -36.09643498813648 434
1622737679546 -36.09643498813648 435
1622737695506 -36.09643498813648 436
1622737711470 -36.09643498813648 437
1622737727492 -36.09643498813648 438
1622737743496 -36.09643498813648 439
1622737759637 -36.09643498813648 440
1622737775844 -36.09643498813648 441
1622737792106 -36.09643498813648 442
1622737808339 -36.09643498813648 443
1622737824553 -36.09643498813648 444
1622737840854 -36.09643498813648 445
1622737857108 -36.09643498813648 446
1622737873504 -36.09643498813648 447
1622737889844 -36.09643498813648 448
1622737906335 -36.09643498813648 449
1622737922831 -36.09643498813648 450
1622737939445 -36.09643498813648 451
1622737956047 -36.09643498813648 452
1622737972663 -36.09643498813648 453
1622737989348 -36.09643498813648 454
1622738006033 -36.09643498813648 455
1622738022724 -36.09643498813648 456
1622738039441 -36.09643498813648 457
1622738056235 -36.09643498813648 458
1622738073116 -36.09643498813648 459
1622738089960 -36.09643498813648 460
1622738106851 -36.09643498813648 461
1622738123765 -36.09643498813648 462
1622738140745 -36.09643498813648 463
1622738157775 -36.09643498813648 464
1622738174743 -36.09643498813648 465
1622738191827 -36.09643498813648 466
1622738208945 -36.09643498813648 467
1622738226062 -36.09643498813648 468
1622738243230 -36.09643498813648 469
1622738260503 -36.09643498813648 470
1622738277867 -36.09643498813648 471
1622738295222 -36.09643498813648 472
1622738312563 -36.09643498813648 473
1622738330163 -36.09643498813648 474
1622738347579 -36.09643498813648 475
1622738365083 -36.09643498813648 476
1622738382644 -36.09643498813648 477
1622738400203 -36.09643498813648 478
1622738417738 -36.09643498813648 479
1622738435323 -36.09643498813648 480
1622738452982 -36.09643498813648 481
1622738470613 -36.09643498813648 482
1622738488370 -36.09643498813648 483
1622738506137 -36.09643498813648 484
1622738523971 -36.09643498813648 485
1622738541829 -36.09643498813648 486
1622738559742 -36.09643498813648 487
1622738577668 -36.09643498813648 488
1622738595500 -36.09643498813648 489
1622738613464 -36.09643498813648 490
1622738631593 -36.09643498813648 491
1622738649736 -36.09643498813648 492
1622738667712 -36.09643498813648 493
1622738685800 -36.09643498813648 494
1622738703992 -36.09643498813648 495
1622738722221 -36.09643498813648 496
1622738740445 -36.09643498813648 497
1622738758804 -36.09643498813648 498
1622738777003 -36.09643498813648 499
1622738795339 -36.09643498813648 500
