1622734078849 0.006 0
1622734079376 0.403 1
1622734079908 0.41 2
1622734080481 0.453 3
1622734081095 0.494 4
1622734081722 0.509 5
1622734082388 0.55 6
1622734083093 0.59 7
1622734083853 0.645 8
1622734084668 0.699 9
1622734085599 0.805 10
1622734086583 0.858 11
1622734087591 0.883 12
1622734088627 0.912 13
1622734089604 0.862 14
1622734090599 0.879 15
1622734091632 0.92 16
1622734092703 0.954 17
1622734093812 0.991 18
1622734094932 1.004 19
1622734096100 1.052 20
1622734097323 1.109 21
1622734098595 1.159 22
1622734099895 1.185 23
1622734101232 1.221 24
1622734102601 1.253 25
1622734103993 1.278 26
1622734105412 1.305 27
1622734106852 1.324 28
1622734108367 1.402 29
1622734109931 1.451 30
1622734111507 1.461 31
1622734113107 1.487 32
1622734114760 1.538 33
1622734116420 1.544 34
1622734119085 2.474 35
1622734120806 1.608 36
1622734122549 1.629 37
1622734124319 1.649 38
1622734127125 2.618 39
1622734128956 1.716 40
1622734130882 1.813 41
1622734132856 1.86 42
1622734134830 1.859 43
1622734136845 1.902 44
1622734138876 1.919 45
1622734140977 1.986 46
1622734143114 2.022 47
1622734145280 2.054 48
1622734147476 2.082 49
1622734149723 2.132 50
1622734152037 2.195 51
1622734154345 2.189 52
1622734156683 2.222 53
1622734159068 2.269 54
1622734161443 2.258 55
1622734163890 2.334 56
1622734166388 2.381 57
1622734168921 2.419 58
1622734171510 2.475 59
1622734174116 2.491 60
1622734176728 2.496 61
1622734179405 2.563 62
1622734182099 2.579 63
1622734184841 2.628 64
1622734187631 2.673 65
1622734190442 2.692 66
1622734193288 2.73 67
1622734196177 2.771 68
1622734199090 2.798 69
1622734202061 2.856 70
1622734205046 2.869 71
1622734208051 2.889 72
1622734211079 2.911 73
1622734214200 3.002 74
1622734217329 3.009 75
1622734220482 3.032 76
1622734223690 3.091 77
1622734226918 3.113 78
1622734230162 3.13 79
1622734233488 3.209 80
1622734236855 3.253 81
1622734240241 3.271 82
1622734243670 3.312 83
1622734247121 3.335 84
1622734250637 3.401 85
1622734254204 3.451 86
1622734257780 3.462 87
1622734261420 3.524 88
1622734265058 3.521 89
1622734268775 3.603 90
1622734272492 3.602 91
1622734276276 3.668 92
1622734280097 3.706 93
1622734283924 3.709 94
1622734287740 3.702 95
1622734291635 3.778 96
1622734295582 3.83 97
1622734299546 3.846 98
1622734303523 3.858 99
1622734307584 3.942 100
1622734311657 3.955 101
1622734315801 4.026 102
1622734319972 4.052 103
1622734324207 4.118 104
1622734328466 4.144 105
1622734332719 4.138 106
1622734337051 4.216 107
1622734341354 4.187 108
1622734345769 4.299 109
1622734350202 4.32 110
1622734354601 4.285 111
1622734359075 4.36 112
1622734363617 4.426 113
1622734368181 4.447 114
1622734372761 4.464 115
1622734377405 4.529 116
1622734382090 4.57 117
1622734386878 4.671 118
1622734391574 4.578 119
1622734396344 4.653 120
1622734401128 4.665 121
1622734405948 4.704 122
1622734410772 4.709 123
1622734415667 4.777 124
1622734420575 4.794 125
1622734425571 4.881 126
1622734430631 4.941 127
1622734435755 5.009 128
1622734440864 4.993 129
1622734446006 5.021 130
1622734451170 5.042 131
1622734456364 5.076 132
1622734461587 5.104 133
1622734466978 5.275 134
1622734472270 5.173 135
1622734477649 5.264 136
1622734483009 5.245 137
1622734488408 5.286 138
1622734493860 5.336 139
1622734499298 5.322 140
1622734504778 5.362 141
1622734510332 5.438 142
1622734515893 5.445 143
1622734521498 5.488 144
1622734527187 5.574 145
1622734532834 5.532 146
1622734538552 5.604 147
1622734544312 5.649 148
1622734550167 5.742 149
1622734556000 5.72 150
1622734561891 5.777 151
1622734567755 5.748 152
1622734573727 5.86 153
1622734579702 5.862 154
1622734585730 5.914 155
1622734591750 5.904 156
1622734597827 5.961 157
1622734603954 6.012 158
1622734610154 6.086 159
1622734616326 6.06 160
1622734622514 6.076 161
1622734628805 6.176 162
1622734635092 6.17 163
1622734641421 6.214 164
1622734647832 6.293 165
1622734654240 6.29 166
1622734660721 6.365 167
1622734667180 6.345 168
1622734673671 6.376 169
1622734680198 6.412 170
1622734686815 6.5 171
1622734693420 6.489 172
1622734700070 6.536 173
1622734706754 6.567 174
1622734713514 6.643 175
1622734720267 6.638 176
1622734727104 6.72 177
1622734733924 6.705 178
1622734740766 6.725 179
1622734747741 6.86 180
1622734754672 6.814 181
1622734761662 6.874 182
1622734768664 6.888 183
1622734775692 6.912 184
1622734782841 7.035 185
1622734789974 7.019 186
1622734797167 7.077 187
1622734804388 7.106 188
1622734811668 7.166 189
1622734818926 7.143 190
1622734826205 7.164 191
1622734833520 7.201 192
1622734840925 7.29 193
1622734848362 7.321 194
1622734855882 7.404 195
1622734863394 7.395 196
1622734870992 7.482 197
1622734878544 7.437 198
1622734886224 7.564 199
1622734893825 7.483 200
1622734901492 7.549 201
1622734909193 7.581 202
1622734917005 7.694 203
1622734924818 7.695 204
1622734932650 7.715 205
1622734940537 7.77 206
1622734948479 7.826 207
1622734956365 7.771 208
1622734964391 7.908 209
1622734972371 7.863 210
1622734980425 7.935 211
1622734988433 7.89 212
1622734996535 7.985 213
1622735004651 7.998 214
1622735012859 8.089 215
1622735021100 8.123 216
1622735029419 8.202 217
1622735037762 8.225 218
1622735046140 8.26 219
1622735054534 8.277 220
1622735063322 8.671 221
1622735071804 8.365 222
1622735080313 8.391 223
1622735088759 8.331 224
1622735097246 8.373 225
1622735105870 8.51 226
1622735114460 8.474 227
1622735123126 8.549 228
1622735131877 8.634 229
1622735140652 8.659 230
1622735149425 8.656 231
1622735158242 8.698 232
1622735167011 8.652 233
1622735175868 8.74 234
1622735184825 8.84 235
1622735193793 8.85 236
1622735202732 8.82 237
1622735211796 8.946 238
1622735221057 9.143 239
1622735230486 9.312 240
1622735239924 9.323 241
1622735249083 9.04 242
1622735258214 9.014 243
1622735267413 9.083 244
1622735276667 9.14 245
1622735285911 9.131 246
1622735295231 9.208 247
1622735304550 9.206 248
1622735313991 9.326 249
1622735323483 9.378 250
1622735332956 9.359 251
1622735342476 9.407 252
1622735352034 9.443 253
1622735361605 9.455 254
1622735371249 9.528 255
1622735380885 9.522 256
1622735391963 10.962 257
1622735401639 9.56 258
1622735411321 9.566 259
1622735421097 9.661 260
1622735430933 9.721 261
1622735440817 9.769 262
1622735450764 9.83 263
1622735460701 9.82 264
1622735470708 9.892 265
1622735480703 9.875 266
1622735490717 9.898 267
1622735500812 9.979 268
1622735510903 9.976 269
1622735520971 9.953 270
1622735531153 10.065 271
1622735541380 10.111 272
1622735551623 10.128 273
1622735561905 10.167 274
1622735572155 10.134 275
1622735582543 10.271 276
1622735592876 10.216 277
1622735603340 10.346 278
1622735613891 10.432 279
1622735624373 10.364 280
1622735634856 10.364 281
1622735645368 10.395 282
1622735655996 10.515 283
1622735666881 10.765 284
1622735677500 10.502 285
1622735688219 10.601 286
1622735698982 10.647 287
1622735709757 10.659 288
1622735720543 10.669 289
1622735731352 10.697 290
1622735742178 10.71 291
1622735753025 10.731 292
1622735763986 10.842 293
1622735774939 10.835 294
1622735785956 10.899 295
1622735796951 10.876 296
1622735808048 10.982 297
1622735819107 10.94 298
1622735830300 11.075 299
1622735841441 11.023 300
1622735852648 11.088 301
1622735863855 11.09 302
1622735875203 11.234 303
1622735886420 11.098 304
1622735897686 11.145 305
1622735909145 11.342 306
1622735920731 11.467 307
1622735932144 11.297 308
1622735943694 11.434 309
1622735955241 11.431 310
1622735966774 11.419 311
1622735978443 11.551 312
1622735990094 11.536 313
1622736001806 11.596 314
1622736013580 11.661 315
1622736025385 11.688 316
1622736037165 11.662 317
1622736048988 11.705 318
1622736060885 11.779 319
1622736072767 11.763 320
1622736084784 11.901 321
1622736096792 11.89 322
1622736108751 11.841 323
1622736120900 12.034 324
1622736133059 12.043 325
1622736145444 12.269 326
1622736157683 12.123 327
1622736169935 12.134 328
1622736182129 12.08 329
1622736194435 12.191 330
1622736206716 12.165 331
1622736219164 12.332 332
1622736231599 12.321 333
1622736243946 12.232 334
1622736256514 12.454 335
1622736268957 12.329 336
1622736281462 12.389 337
1622736293906 12.329 338
1622736306624 12.6 339
1622736319256 12.512 340
1622736332051 12.679 341
1622736344786 12.617 342
1622736357615 12.713 343
1622736370368 12.637 344
1622736383199 12.715 345
1622736396214 12.898 346
1622736409113 12.78 347
1622736422154 12.926 348
1622736435160 12.891 349
1622736448188 12.915 350
1622736461221 12.919 351
1622736474560 13.224 352
1622736487987 13.312 353
1622736501149 13.048 354
1622736514267 13.006 355
1622736527488 13.105 356
1622736540728 13.124 357
1622736554077 13.236 358
1622736567392 13.201 359
1622736580754 13.245 360
1622736594189 13.319 361
1622736607527 13.223 362
1622736620968 13.327 363
1622736634460 13.379 364
1622736647965 13.39 365
1622736661561 13.478 366
1622736675122 13.442 367
1622736688715 13.477 368
1622736702307 13.476 369
1622736715974 13.552 370
1622736729667 13.578 371
1622736743406 13.625 372
1622736757151 13.628 373
1622736770923 13.653 374
1622736784862 13.824 375
1622736798742 13.763 376
1622736812697 13.839 377
1622736826612 13.798 378
1622736840613 13.884 379
1622736854606 13.878 380
1622736868606 13.888 381
1622736882643 13.923 382
1622736896685 13.929 383
1622736910795 13.996 384
1622736925017 14.108 385
1622736939270 14.134 386
1622736953456 14.067 387
1622736967777 14.209 388
1622736982085 14.192 389
1622736996426 14.222 390
1622737010838 14.295 391
1622737025274 14.322 392
1622737039755 14.362 393
1622737054278 14.407 394
1622737068781 14.387 395
1622737083330 14.431 396
1622737097917 14.471 397
1622737112549 14.515 398
1622737127215 14.551 399
1622737141857 14.525 400
1622737156642 14.67 401
1622737171503 14.744 402
1622737186378 14.758 403
1622737201283 14.787 404
1622737216200 14.802 405
1622737231172 14.858 406
1622737246245 14.955 407
1622737261259 14.895 408
1622737276304 14.928 409
1622737291451 15.031 410
1622737306536 14.969 411
1622737321685 15.03 412
1622737336854 15.052 413
1622737352059 15.09 414
1622737367336 15.16 415
1622737382620 15.167 416
1622737397912 15.174 417
1622737413277 15.25 418
1622737428644 15.252 419
1622737444089 15.327 420
1622737459572 15.363 421
1622737474999 15.309 422
1622737490540 15.425 423
1622737506163 15.505 424
1622737521711 15.431 425
1622737537211 15.383 426
1622737552767 15.443 427
1622737568522 15.643 428
1622737584272 15.633 429
1622737600036 15.642 430
1622737615807 15.65 431
1622737631633 15.711 432
1622737647542 15.794 433
1622737663569 15.897 434
1622737679578 15.884 435
1622737695535 15.844 436
1622737711499 15.85 437
1622737727524 15.909 438
1622737743530 15.888 439
1622737759669 16.022 440
1622737775875 16.089 441
1622737792137 16.145 442
1622737808371 16.117 443
1622737824584 16.096 444
1622737840887 16.186 445
1622737857139 16.137 446
1622737873535 16.281 447
1622737889874 16.225 448
1622737906367 16.375 449
1622737922863 16.379 450
1622737939474 16.497 451
1622737956079 16.488 452
1622737972695 16.498 453
1622737989379 16.568 454
1622738006063 16.571 455
1622738022757 16.576 456
1622738039473 16.599 457
1622738056265 16.676 458
1622738073146 16.765 459
1622738089989 16.73 460
1622738106880 16.778 461
1622738123791 16.799 462
1622738140774 16.872 463
1622738157806 16.917 464
1622738174774 16.852 465
1622738191856 16.968 466
1622738208975 17.004 467
1622738226093 17.003 468
1622738243259 17.053 469
1622738260532 17.16 470
1622738277896 17.25 471
1622738295251 17.24 472
1622738312590 17.228 473
1622738330191 17.49 474
1622738347609 17.303 475
1622738365114 17.389 476
1622738382677 17.446 477
1622738400235 17.44 478
1622738417769 17.418 479
1622738435356 17.468 480
1622738453009 17.541 481
1622738470643 17.521 482
1622738488400 17.64 483
1622738506169 17.652 484
1622738524002 17.717 485
1622738541860 17.743 486
1622738559774 17.798 487
1622738577701 17.809 488
1622738595530 17.714 489
1622738613493 17.848 490
1622738631623 18.016 491
1622738649766 18.028 492
1622738667742 17.862 493
1622738685835 17.974 494
1622738704024 18.073 495
1622738722254 18.112 496
1622738740476 18.106 497
1622738758839 18.242 498
1622738777032 18.079 499
1622738795369 18.225 500
