1622906151950 -315.61655666573165 0
1622906158322 -315.61655666573165 1
1622906166409 -315.61655666573165 2
1622906175903 -315.61655666573165 3
1622906186970 -315.61655666573165 4
1622906199731 -315.61655666573165 5
1622906213998 -315.61655666573165 6
1622906229859 -315.61655666573165 7
1622906247230 -315.61655666573165 8
1622906266052 -315.61655666573165 9
1622906286503 -315.61655666573165 10
1622906308575 -315.61655666573165 11
1622906332170 -315.61655666573165 12
1622906357475 -315.61655666573165 13
1622906384029 -315.61655666573165 14
1622906412307 -315.61655666573165 15
1622906441985 -315.61655666573165 16
1622906473597 -315.61655666573165 17
1622906506466 -315.61655666573165 18
1622906541277 -315.61655666573165 19
1622906577257 -315.61655666573165 20
1622906615062 -315.61655666573165 21
1622906654243 -315.61655666573165 22
1622906695016 -315.61655666573165 23
1622906737310 -315.61655666573165 24
1622906781260 -315.61655666573165 25
1622906826918 -315.61655666573165 26
1622906874027 -315.61655666573165 27
1622906922742 -315.61655666573165 28
1622906972855 -315.61655666573165 29
1622907024610 -315.61655666573165 30
1622907078031 -315.61655666573165 31
1622907133037 -315.61655666573165 32
1622907189053 -315.61655666573165 33
1622907247178 -315.61655666573165 34
1622907306726 -315.61655666573165 35
1622907367999 -315.61655666573165 36
1622907430759 -315.61655666573165 37
1622907495161 -315.61655666573165 38
1622907561203 -315.61655666573165 39
1622907628434 -315.61655666573165 40
1622907697239 -315.61655666573165 41
1622907767737 -315.61655666573165 42
1622907839268 -315.61655666573165 43
1622907912277 -315.61655666573165 44
1622907987092 -315.61655666573165 45
1622908063381 -315.61655666573165 46
1622908141141 -315.61655666573165 47
1622908220615 -315.61655666573165 48
1622908301970 -315.61655666573165 49
1622908385102 -315.61655666573165 50
1622908470253 -315.61655666573165 51
1622908556719 -315.61655666573165 52
1622908643786 -315.61655666573165 53
1622908732910 -315.61655666573165 54
1622908823727 -315.61655666573165 55
1622908915970 -315.61655666573165 56
1622909009502 -315.61655666573165 57
1622909105034 -315.61655666573165 58
1622909201856 -315.61655666573165 59
1622909298937 -315.61655666573165 60
1622909399385 -315.61655666573165 61
1622909500976 -315.61655666573165 62
1622909604255 -315.61655666573165 63
1622909708704 -315.61655666573165 64
1622909813892 -315.61655666573165 65
1622909922000 -315.61655666573165 66
1622910030907 -315.61655666573165 67
1622910141035 -315.61655666573165 68
1622910253218 -315.61655666573165 69
1622910366878 -315.61655666573165 70
1622910481555 -315.61655666573165 71
1622910596711 -315.61655666573165 72
1622910716043 -315.61655666573165 73
1622910836412 -315.61655666573165 74
1622910959117 -315.61655666573165 75
1622911081642 -315.61655666573165 76
1622911206582 -315.61655666573165 77
1622911333292 -315.61655666573165 78
1622911461204 -315.61655666573165 79
1622911591554 -315.61655666573165 80
1622911723674 -315.61655666573165 81
1622911854608 -315.61655666573165 82
1622911989828 -315.61655666573165 83
1622912123983 -315.61655666573165 84
1622912261121 -315.61655666573165 85
1622912399979 -315.61655666573165 86
1622912539433 -315.61655666573165 87
1622912680848 -315.61655666573165 88
1622912821494 -315.61655666573165 89
1622912965450 -315.61655666573165 90
1622913111019 -315.61655666573165 91
1622913256580 -315.61655666573165 92
1622913403519 -315.61655666573165 93
1622913553186 -315.61655666573165 94
1622913704418 -315.61655666573165 95
1622913854957 -315.61655666573165 96
1622914008923 -315.61655666573165 97
1622914164108 -315.61655666573165 98
1622914323735 -315.61655666573165 99
1622914484347 -315.61655666573165 100
1622914646821 -315.61655666573165 101
1622914811491 -315.61655666573165 102
1622914976892 -315.61655666573165 103
1622915143073 -315.61655666573165 104
1622915311215 -315.61655666573165 105
1622915482141 -315.61655666573165 106
1622915654481 -315.61655666573165 107
1622915822703 -315.61655666573165 108
1622916001338 -315.61655666573165 109
1622916179685 -315.61655666573165 110
1622916356746 -315.61655666573165 111
1622916535689 -315.61655666573165 112
1622916716308 -315.61655666573165 113
1622916897318 -315.61655666573165 114
1622917080708 -315.61655666573165 115
1622917265853 -315.61655666573165 116
1622917451403 -315.61655666573165 117
1622917638648 -315.61655666573165 118
1622917827213 -315.61655666573165 119
1622918017790 -315.61655666573165 120
1622918211149 -315.61655666573165 121
1622918405232 -315.61655666573165 122
1622918601599 -315.61655666573165 123
1622918798263 -315.61655666573165 124
1622918996324 -315.61655666573165 125
1622919195231 -315.61655666573165 126
1622919395322 -315.61655666573165 127
1622919599717 -315.61655666573165 128
1622919804694 -315.61655666573165 129
1622920011437 -315.61655666573165 130
1622920220758 -315.61655666573165 131
1622920431134 -315.61655666573165 132
1622920642568 -315.61655666573165 133
1622920856321 -315.61655666573165 134
1622921071015 -315.61655666573165 135
1622921288688 -315.61655666573165 136
1622921506094 -315.61655666573165 137
1622921725850 -315.61655666573165 138
1622921946885 -315.61655666573165 139
1622922167422 -315.61655666573165 140
1622922388731 -315.61655666573165 141
1622922612214 -315.61655666573165 142
1622922837339 -315.61655666573165 143
1622923065025 -315.61655666573165 144
1622923295891 -315.61655666573165 145
1622923526733 -315.61655666573165 146
1622923759612 -315.61655666573165 147
1622923991356 -315.61655666573165 148
1622924219753 -315.61655666573165 149
1622924453460 -315.61655666573165 150
1622924689232 -315.61655666573165 151
1622924928665 -315.61655666573165 152
1622925171016 -315.61655666573165 153
1622925413749 -315.61655666573165 154
1622925660024 -315.61655666573165 155
1622925908288 -315.61655666573165 156
1622926160089 -315.61655666573165 157
1622926414092 -315.61655666573165 158
1622926666251 -315.61655666573165 159
1622926917777 -315.61655666573165 160
1622927171251 -315.61655666573165 161
1622927426001 -315.61655666573165 162
1622927681139 -315.61655666573165 163
1622927944142 -315.61655666573165 164
1622928206148 -315.61655666573165 165
1622928467133 -315.61655666573165 166
1622928728586 -315.61655666573165 167
1622928992771 -315.61655666573165 168
1622929259790 -315.61655666573165 169
1622929525780 -315.61655666573165 170
1622929792367 -315.61655666573165 171
1622930062397 -315.61655666573165 172
1622930340516 -315.61655666573165 173
1622930615668 -315.61655666573165 174
1622930892903 -315.61655666573165 175
1622931167765 -315.61655666573165 176
1622931449609 -315.61655666573165 177
1622931731145 -315.61655666573165 178
1622932015390 -315.61655666573165 179
1622932299839 -315.61655666573165 180
1622932588007 -315.61655666573165 181
1622932876329 -315.61655666573165 182
1622933168114 -315.61655666573165 183
1622933456748 -315.61655666573165 184
1622933745185 -315.61655666573165 185
1622934035806 -315.61655666573165 186
1622934327478 -315.61655666573165 187
1622934618515 -315.61655666573165 188
1622934915109 -315.61655666573165 189
1622935213090 -315.61655666573165 190
1622935515798 -315.61655666573165 191
1622935815714 -315.61655666573165 192
1622936118579 -315.61655666573165 193
1622936425661 -315.61655666573165 194
1622936732641 -315.61655666573165 195
1622937042304 -315.61655666573165 196
1622937350783 -315.61655666573165 197
1622937665292 -315.61655666573165 198
1622937981518 -315.61655666573165 199
1622938296652 -315.61655666573165 200
1622938612667 -315.61655666573165 201
1622938930998 -315.61655666573165 202
1622939253390 -315.61655666573165 203
1622939575739 -315.61655666573165 204
1622939895876 -315.61655666573165 205
1622940221842 -315.61655666573165 206
1622940548372 -315.61655666573165 207
1622940875456 -315.61655666573165 208
1622941204299 -315.61655666573165 209
1622941542216 -315.61655666573165 210
1622941883060 -315.61655666573165 211
1622942213351 -315.61655666573165 212
1622942551099 -315.61655666573165 213
1622942889486 -315.61655666573165 214
1622943229359 -315.61655666573165 215
1622943571919 -315.61655666573165 216
1622943911163 -315.61655666573165 217
1622944256704 -315.61655666573165 218
1622944603232 -315.61655666573165 219
1622944953214 -315.61655666573165 220
1622945305912 -315.61655666573165 221
1622945662470 -315.61655666573165 222
1622946018569 -315.61655666573165 223
1622946377556 -315.61655666573165 224
1622946740713 -315.61655666573165 225
1622947102952 -315.61655666573165 226
1622947460878 -315.61655666573165 227
1622947818045 -315.61655666573165 228
1622948177088 -315.61655666573165 229
1622948539921 -315.61655666573165 230
1622948905355 -315.61655666573165 231
1622949269324 -315.61655666573165 232
1622949636397 -315.61655666573165 233
1622950004504 -315.61655666573165 234
1622950369608 -315.61655666573165 235
1622950737231 -315.61655666573165 236
1622951106154 -315.61655666573165 237
1622951477261 -315.61655666573165 238
1622951848870 -315.61655666573165 239
1622952223352 -315.61655666573165 240
1622952603715 -315.61655666573165 241
1622952986112 -315.61655666573165 242
1622953369825 -315.61655666573165 243
1622953758632 -315.61655666573165 244
1622954146245 -315.61655666573165 245
1622954537187 -315.61655666573165 246
1622954930077 -315.61655666573165 247
1622955321107 -315.61655666573165 248
1622955713723 -315.61655666573165 249
1622956104852 -315.61655666573165 250
1622956496455 -315.61655666573165 251
1622956886701 -315.61655666573165 252
1622957288032 -315.61655666573165 253
1622957692892 -315.61655666573165 254
1622958095927 -315.61655666573165 255
1622958500080 -315.61655666573165 256
1622958905176 -315.61655666573165 257
1622959307261 -315.61655666573165 258
1622959711835 -315.61655666573165 259
1622960116141 -315.61655666573165 260
1622960520313 -315.61655666573165 261
1622960927831 -315.61655666573165 262
1622961331033 -315.61655666573165 263
1622961737962 -315.61655666573165 264
1622962151016 -315.61655666573165 265
1622962562692 -315.61655666573165 266
1622962969251 -315.61655666573165 267
1622963387053 -315.61655666573165 268
1622963805018 -315.61655666573165 269
1622964223959 -315.61655666573165 270
1622964652065 -315.61655666573165 271
1622965076337 -315.61655666573165 272
1622965501482 -315.61655666573165 273
1622965924653 -315.61655666573165 274
1622966347416 -315.61655666573165 275
1622966774580 -315.61655666573165 276
1622967199806 -315.61655666573165 277
1622967627051 -315.61655666573165 278
1622968053169 -315.61655666573165 279
1622968484292 -315.61655666573165 280
1622968918008 -315.61655666573165 281
1622969356698 -315.61655666573165 282
1622969794368 -315.61655666573165 283
1622970232787 -315.61655666573165 284
1622970673385 -315.61655666573165 285
1622971119927 -315.61655666573165 286
1622971564463 -315.61655666573165 287
1622972009382 -315.61655666573165 288
1622972443854 -315.61655666573165 289
1622972890449 -315.61655666573165 290
1622973342384 -315.61655666573165 291
1622973787796 -315.61655666573165 292
1622974243586 -315.61655666573165 293
1622974693798 -315.61655666573165 294
1622975158712 -315.61655666573165 295
1622975601087 -315.61655666573165 296
1622976049885 -315.61655666573165 297
1622976500327 -315.61655666573165 298
1622976961575 -315.61655666573165 299
1622977424033 -315.61655666573165 300
1622977893566 -315.61655666573165 301
1622978369662 -315.61655666573165 302
1622978847822 -315.61655666573165 303
