1622942975240 0.9240326417094283 0
1622942976728 0.9240326417094283 1
1622942978587 0.9240326417094283 2
1622942980769 0.9240326417094283 3
1622942983309 0.9240326417094283 4
1622942986222 0.9240326417094283 5
1622942989495 0.9240326417094283 6
1622942993089 0.9240326417094283 7
1622942997077 0.9240326417094283 8
1622943001417 0.9240326417094283 9
1622943006127 0.9240326417094283 10
1622943011177 0.9240326417094283 11
1622943016572 0.9240326417094283 12
1622943022384 0.9240326417094283 13
1622943028507 0.9240326417094283 14
1622943034984 0.9240326417094283 15
1622943041771 0.9240326417094283 16
1622943049147 0.9240326417094283 17
1622943057020 0.9240326417094283 18
1622943065261 0.9240326417094283 19
1622943073569 0.9240326417094283 20
1622943082280 0.9240326417094283 21
1622943091306 0.9240326417094283 22
1622943100672 0.9240326417094283 23
1622943110395 0.9240326417094283 24
1622943120523 0.9240326417094283 25
1622943131029 0.9240326417094283 26
1622943141877 0.9240326417094283 27
1622943153074 0.9240326417094283 28
1622943164603 0.9240326417094283 29
1622943176496 0.9240326417094283 30
1622943188702 0.9240326417094283 31
1622943201287 0.9240326417094283 32
1622943214223 0.9240326417094283 33
1622943227600 0.9240326417094283 34
1622943241239 0.9240326417094283 35
1622943255277 0.9240326417094283 36
1622943269695 0.9240326417094283 37
1622943284430 0.9240326417094283 38
1622943299526 0.9240326417094283 39
1622943314958 0.9240326417094283 40
1622943330689 0.9240326417094283 41
1622943346907 0.9240326417094283 42
1622943363479 0.9240326417094283 43
1622943380312 0.9240326417094283 44
1622943397595 0.9240326417094283 45
1622943415261 0.9240326417094283 46
1622943433284 0.9240326417094283 47
1622943451578 0.9240326417094283 48
1622943470247 0.9240326417094283 49
1622943489435 0.9240326417094283 50
1622943508974 0.9240326417094283 51
1622943528801 0.9240326417094283 52
1622943548943 0.9240326417094283 53
1622943569354 0.9240326417094283 54
1622943590223 0.9240326417094283 55
1622943611388 0.9240326417094283 56
1622943632897 0.9240326417094283 57
1622943654684 0.9240326417094283 58
1622943676744 0.9240326417094283 59
1622943699292 0.9240326417094283 60
1622943722005 0.9240326417094283 61
1622943745082 0.9240326417094283 62
1622943768532 0.9240326417094283 63
1622943792452 0.9240326417094283 64
1622943816837 0.9240326417094283 65
1622943841242 0.9240326417094283 66
1622943866181 0.9240326417094283 67
1622943891505 0.9240326417094283 68
1622943917128 0.9240326417094283 69
1622943943135 0.9240326417094283 70
1622943969504 0.9240326417094283 71
1622943996188 0.9240326417094283 72
1622944023194 0.9240326417094283 73
1622944050536 0.9240326417094283 74
1622944078349 0.9240326417094283 75
1622944106580 0.9240326417094283 76
1622944135131 0.9240326417094283 77
1622944163985 0.9240326417094283 78
1622944193151 0.9240326417094283 79
1622944222715 0.9240326417094283 80
1622944252697 0.9240326417094283 81
1622944283143 0.9240326417094283 82
1622944313897 0.9240326417094283 83
1622944345086 0.9240326417094283 84
1622944376742 0.9240326417094283 85
1622944408512 0.9240326417094283 86
1622944440749 0.9240326417094283 87
1622944473270 0.9240326417094283 88
1622944507173 0.9240326417094283 89
1622944540639 0.9240326417094283 90
1622944574471 0.9240326417094283 91
1622944608838 0.9240326417094283 92
1622944643433 0.9240326417094283 93
1622944678313 0.9240326417094283 94
1622944713748 0.9240326417094283 95
1622944749483 0.9240326417094283 96
1622944785641 0.9240326417094283 97
1622944821964 0.9240326417094283 98
1622944858829 0.9240326417094283 99
1622944896005 0.9240326417094283 100
1622944933410 0.9240326417094283 101
1622944971062 0.9240326417094283 102
1622945008880 0.9240326417094283 103
1622945047267 0.9240326417094283 104
1622945086262 0.9240326417094283 105
1622945125592 0.9240326417094283 106
1622945165253 0.9240326417094283 107
1622945205272 0.9240326417094283 108
1622945245643 0.9240326417094283 109
1622945286388 0.9240326417094283 110
1622945327461 0.9240326417094283 111
1622945368773 0.9240326417094283 112
1622945410664 0.9240326417094283 113
1622945453132 0.9240326417094283 114
1622945495804 0.9240326417094283 115
1622945538592 0.9240326417094283 116
1622945581930 0.9240326417094283 117
1622945625550 0.9240326417094283 118
1622945669468 0.9240326417094283 119
1622945713850 0.9240326417094283 120
1622945759002 0.9240326417094283 121
1622945804187 0.9240326417094283 122
1622945849769 0.9240326417094283 123
1622945895773 0.9240326417094283 124
1622945942100 0.9240326417094283 125
1622945988777 0.9240326417094283 126
1622946035698 0.9240326417094283 127
1622946082888 0.9240326417094283 128
1622946129957 0.9240326417094283 129
1622946178193 0.9240326417094283 130
1622946226147 0.9240326417094283 131
1622946274356 0.9240326417094283 132
1622946321651 0.9240326417094283 133
1622946368964 0.9240326417094283 134
1622946417979 0.9240326417094283 135
1622946466713 0.9240326417094283 136
1622946514803 0.9240326417094283 137
1622946563236 0.9240326417094283 138
1622946612332 0.9240326417094283 139
1622946661654 0.9240326417094283 140
1622946711363 0.9240326417094283 141
1622946761698 0.9240326417094283 142
1622946812108 0.9240326417094283 143
1622946862661 0.9240326417094283 144
1622946913572 0.9240326417094283 145
1622946964799 0.9240326417094283 146
1622947016854 0.9240326417094283 147
1622947069223 0.9240326417094283 148
1622947121866 0.9240326417094283 149
1622947174521 0.9240326417094283 150
1622947227861 0.9240326417094283 151
1622947281535 0.9240326417094283 152
1622947335446 0.9240326417094283 153
1622947389740 0.9240326417094283 154
1622947444448 0.9240326417094283 155
1622947499265 0.9240326417094283 156
1622947554329 0.9240326417094283 157
1622947610072 0.9240326417094283 158
1622947666286 0.9240326417094283 159
1622947722665 0.9240326417094283 160
1622947779427 0.9240326417094283 161
1622947836541 0.9240326417094283 162
1622947894466 0.9240326417094283 163
1622947952764 0.9240326417094283 164
1622948011832 0.9240326417094283 165
1622948070061 0.9240326417094283 166
1622948129696 0.9240326417094283 167
1622948188622 0.9240326417094283 168
1622948248871 0.9240326417094283 169
1622948308584 0.9240326417094283 170
1622948369494 0.9240326417094283 171
1622948430763 0.9240326417094283 172
1622948493064 0.9240326417094283 173
1622948555909 0.9240326417094283 174
1622948619025 0.9240326417094283 175
1622948682447 0.9240326417094283 176
1622948745828 0.9240326417094283 177
1622948810142 0.9240326417094283 178
1622948874456 0.9240326417094283 179
1622948939359 0.9240326417094283 180
1622949004467 0.9240326417094283 181
1622949069798 0.9240326417094283 182
1622949135603 0.9240326417094283 183
1622949201878 0.9240326417094283 184
1622949268404 0.9240326417094283 185
1622949335128 0.9240326417094283 186
1622949402249 0.9240326417094283 187
1622949469819 0.9240326417094283 188
1622949537494 0.9240326417094283 189
1622949605451 0.9240326417094283 190
1622949673959 0.9240326417094283 191
1622949742674 0.9240326417094283 192
1622949811782 0.9240326417094283 193
1622949881570 0.9240326417094283 194
1622949951579 0.9240326417094283 195
1622950021833 0.9240326417094283 196
1622950092405 0.9240326417094283 197
1622950163533 0.9240326417094283 198
1622950235126 0.9240326417094283 199
1622950307410 0.9240326417094283 200
1622950379939 0.9240326417094283 201
1622950452582 0.9240326417094283 202
1622950527213 0.9240326417094283 203
1622950600919 0.9240326417094283 204
1622950675666 0.9240326417094283 205
1622950750809 0.9240326417094283 206
1622950825931 0.9240326417094283 207
1622950901385 0.9240326417094283 208
1622950977229 0.9240326417094283 209
1622951052950 0.9240326417094283 210
1622951129264 0.9240326417094283 211
1622951205562 0.9240326417094283 212
1622951282502 0.9240326417094283 213
1622951359610 0.9240326417094283 214
1622951437136 0.9240326417094283 215
1622951514939 0.9240326417094283 216
1622951592666 0.9240326417094283 217
1622951670655 0.9240326417094283 218
1622951748508 0.9240326417094283 219
1622951826840 0.9240326417094283 220
1622951905987 0.9240326417094283 221
1622951985158 0.9240326417094283 222
1622952064669 0.9240326417094283 223
1622952144157 0.9240326417094283 224
1622952224144 0.9240326417094283 225
1622952304367 0.9240326417094283 226
1622952385015 0.9240326417094283 227
1622952465829 0.9240326417094283 228
1622952547404 0.9240326417094283 229
1622952629480 0.9240326417094283 230
1622952712012 0.9240326417094283 231
1622952795049 0.9240326417094283 232
1622952877857 0.9240326417094283 233
1622952961728 0.9240326417094283 234
1622953045682 0.9240326417094283 235
1622953129790 0.9240326417094283 236
1622953214514 0.9240326417094283 237
1622953299835 0.9240326417094283 238
1622953384842 0.9240326417094283 239
1622953469908 0.9240326417094283 240
1622953555876 0.9240326417094283 241
1622953642175 0.9240326417094283 242
1622953729707 0.9240326417094283 243
1622953817546 0.9240326417094283 244
1622953904342 0.9240326417094283 245
1622953991557 0.9240326417094283 246
1622954079239 0.9240326417094283 247
1622954167305 0.9240326417094283 248
1622954255585 0.9240326417094283 249
1622954344172 0.9240326417094283 250
1622954434046 0.9240326417094283 251
1622954523718 0.9240326417094283 252
1622954613423 0.9240326417094283 253
1622954704277 0.9240326417094283 254
1622954794934 0.9240326417094283 255
1622954885983 0.9240326417094283 256
1622954976857 0.9240326417094283 257
1622955068337 0.9240326417094283 258
1622955159685 0.9240326417094283 259
1622955254987 0.9240326417094283 260
1622955348067 0.9240326417094283 261
1622955441429 0.9240326417094283 262
1622955535279 0.9240326417094283 263
1622955629510 0.9240326417094283 264
1622955724185 0.9240326417094283 265
1622955819212 0.9240326417094283 266
1622955915274 0.9240326417094283 267
1622956010978 0.9240326417094283 268
1622956106797 0.9240326417094283 269
1622956202603 0.9240326417094283 270
1622956299268 0.9240326417094283 271
1622956396252 0.9240326417094283 272
1622956493662 0.9240326417094283 273
1622956590876 0.9240326417094283 274
1622956687201 0.9240326417094283 275
1622956785623 0.9240326417094283 276
1622956883205 0.9240326417094283 277
1622956979907 0.9240326417094283 278
1622957076634 0.9240326417094283 279
1622957174368 0.9240326417094283 280
1622957272460 0.9240326417094283 281
1622957370982 0.9240326417094283 282
1622957471064 0.9240326417094283 283
1622957570375 0.9240326417094283 284
1622957670214 0.9240326417094283 285
1622957770245 0.9240326417094283 286
1622957870646 0.9240326417094283 287
1622957970383 0.9240326417094283 288
1622958071700 0.9240326417094283 289
1622958172644 0.9240326417094283 290
1622958273621 0.9240326417094283 291
1622958375057 0.9240326417094283 292
1622958477229 0.9240326417094283 293
1622958579459 0.9240326417094283 294
1622958681829 0.9240326417094283 295
1622958784434 0.9240326417094283 296
1622958887749 0.9240326417094283 297
1622958990790 0.9240326417094283 298
1622959094632 0.9240326417094283 299
1622959199015 0.9240326417094283 300
1622959303833 0.9240326417094283 301
1622959409495 0.9240326417094283 302
1622959515173 0.9240326417094283 303
1622959622036 0.9240326417094283 304
1622959728935 0.9240326417094283 305
1622959835990 0.9240326417094283 306
1622959943222 0.9240326417094283 307
1622960051383 0.9240326417094283 308
1622960159408 0.9240326417094283 309
1622960268025 0.9240326417094283 310
1622960377382 0.9240326417094283 311
1622960487100 0.9240326417094283 312
1622960597314 0.9240326417094283 313
1622960708020 0.9240326417094283 314
1622960818723 0.9240326417094283 315
1622960929217 0.9240326417094283 316
1622961040174 0.9240326417094283 317
1622961152078 0.9240326417094283 318
1622961265255 0.9240326417094283 319
1622961378655 0.9240326417094283 320
1622961490572 0.9240326417094283 321
1622961602816 0.9240326417094283 322
1622961715496 0.9240326417094283 323
1622961828698 0.9240326417094283 324
1622961942705 0.9240326417094283 325
1622962056643 0.9240326417094283 326
1622962171189 0.9240326417094283 327
1622962285766 0.9240326417094283 328
1622962400986 0.9240326417094283 329
1622962517485 0.9240326417094283 330
1622962633023 0.9240326417094283 331
1622962749482 0.9240326417094283 332
1622962867081 0.9240326417094283 333
1622962984811 0.9240326417094283 334
1622963103392 0.9240326417094283 335
1622963220826 0.9240326417094283 336
1622963338410 0.9240326417094283 337
1622963456067 0.9240326417094283 338
1622963576759 0.9240326417094283 339
1622963696593 0.9240326417094283 340
1622963814970 0.9240326417094283 341
1622963933936 0.9240326417094283 342
1622964054448 0.9240326417094283 343
1622964174050 0.9240326417094283 344
1622964293608 0.9240326417094283 345
1622964413235 0.9240326417094283 346
1622964534019 0.9240326417094283 347
1622964654875 0.9240326417094283 348
1622964775190 0.9240326417094283 349
1622964896848 0.9240326417094283 350
1622965022193 0.9240326417094283 351
1622965144225 0.9240326417094283 352
1622965266352 0.9240326417094283 353
1622965389497 0.9240326417094283 354
1622965513141 0.9240326417094283 355
1622965636310 0.9240326417094283 356
1622965759654 0.9240326417094283 357
1622965883926 0.9240326417094283 358
1622966007177 0.9240326417094283 359
1622966130878 0.9240326417094283 360
1622966254769 0.9240326417094283 361
1622966379713 0.9240326417094283 362
1622966504531 0.9240326417094283 363
1622966630051 0.9240326417094283 364
1622966756158 0.9240326417094283 365
1622966882642 0.9240326417094283 366
1622967008620 0.9240326417094283 367
1622967135773 0.9240326417094283 368
1622967263300 0.9240326417094283 369
1622967390177 0.9240326417094283 370
1622967518358 0.9240326417094283 371
1622967646570 0.9240326417094283 372
1622967776921 0.9240326417094283 373
1622967906864 0.9240326417094283 374
1622968037132 0.9240326417094283 375
1622968167038 0.9240326417094283 376
1622968297226 0.9240326417094283 377
1622968427133 0.9240326417094283 378
1622968557521 0.9240326417094283 379
1622968688647 0.9240326417094283 380
1622968820251 0.9240326417094283 381
1622968952149 0.9240326417094283 382
1622969083821 0.9240326417094283 383
1622969215925 0.9240326417094283 384
1622969348995 0.9240326417094283 385
1622969482005 0.9240326417094283 386
1622969615616 0.9240326417094283 387
1622969749833 0.9240326417094283 388
1622969883406 0.9240326417094283 389
1622970018154 0.9240326417094283 390
1622970153404 0.9240326417094283 391
1622970289195 0.9240326417094283 392
1622970425236 0.9240326417094283 393
1622970561648 0.9240326417094283 394
1622970698461 0.9240326417094283 395
1622970835965 0.9240326417094283 396
1622970974053 0.9240326417094283 397
1622971114505 0.9240326417094283 398
1622971252769 0.9240326417094283 399
1622971391291 0.9240326417094283 400
1622971530232 0.9240326417094283 401
1622971669542 0.9240326417094283 402
1622971809341 0.9240326417094283 403
1622971949391 0.9240326417094283 404
1622972089530 0.9240326417094283 405
1622972229829 0.9240326417094283 406
1622972371393 0.9240326417094283 407
1622972513327 0.9240326417094283 408
1622972655871 0.9240326417094283 409
1622972798112 0.9240326417094283 410
1622972940687 0.9240326417094283 411
1622973083486 0.9240326417094283 412
1622973226551 0.9240326417094283 413
1622973369931 0.9240326417094283 414
1622973514194 0.9240326417094283 415
1622973658527 0.9240326417094283 416
1622973803354 0.9240326417094283 417
1622973948313 0.9240326417094283 418
1622974093715 0.9240326417094283 419
1622974239672 0.9240326417094283 420
1622974385755 0.9240326417094283 421
1622974531656 0.9240326417094283 422
1622974678106 0.9240326417094283 423
1622974825737 0.9240326417094283 424
1622974974223 0.9240326417094283 425
1622975122145 0.9240326417094283 426
1622975270349 0.9240326417094283 427
1622975419203 0.9240326417094283 428
1622975567565 0.9240326417094283 429
1622975717128 0.9240326417094283 430
1622975866839 0.9240326417094283 431
1622976016857 0.9240326417094283 432
1622976166896 0.9240326417094283 433
1622976319507 0.9240326417094283 434
1622976473706 0.9240326417094283 435
1622976625441 0.9240326417094283 436
1622976777180 0.9240326417094283 437
1622976929916 0.9240326417094283 438
1622977082033 0.9240326417094283 439
1622977235132 0.9240326417094283 440
1622977389925 0.9240326417094283 441
1622977542586 0.9240326417094283 442
1622977696100 0.9240326417094283 443
1622977849556 0.9240326417094283 444
1622978004067 0.9240326417094283 445
1622978158599 0.9240326417094283 446
1622978313557 0.9240326417094283 447
1622978469598 0.9240326417094283 448
1622978625856 0.9240326417094283 449
1622978782233 0.9240326417094283 450
1622978939930 0.9240326417094283 451
1622979097803 0.9240326417094283 452
