1622729344551 0.916334756109454 0
1622729345123 0.9324893321051264 1
1622729345671 0.9297284505173636 2
1622729346253 0.9297284505173636 3
1622729346887 0.9297284505173636 4
1622729347548 0.9297284505173636 5
1622729348233 0.9297284505173636 6
1622729348957 0.9297284505173636 7
1622729349716 0.9297284505173636 8
1622729350512 0.9297284505173636 9
1622729351340 0.9297284505173636 10
1622729352223 0.9297284505173636 11
1622729353123 0.9297284505173636 12
1622729354065 0.9297284505173636 13
1622729355043 0.9297284505173636 14
1622729356046 0.9297284505173636 15
1622729357073 0.9297284505173636 16
1622729358153 0.9297284505173636 17
1622729359276 0.9297284505173636 18
1622729360431 0.9297284505173636 19
1622729361631 0.9297284505173636 20
1622729362857 0.9297284505173636 21
1622729364101 0.9297284505173636 22
1622729365390 0.9297284505173636 23
1622729366725 0.9297284505173636 24
1622729368102 0.9297284505173636 25
1622729369511 0.9297284505173636 26
1622729370926 0.9297284505173636 27
1622729372393 0.9297284505173636 28
1622729373904 0.9297284505173636 29
1622729375438 0.9297284505173636 30
1622729377009 0.9297284505173636 31
1622729378625 0.9297284505173636 32
1622729380258 0.9297284505173636 33
1622729381938 0.9297284505173636 34
1622729383683 0.9297284505173636 35
1622729385437 0.9297284505173636 36
1622729387226 0.9297284505173636 37
1622729389050 0.9297284505173636 38
1622729390911 0.9297284505173636 39
1622729392832 0.9297284505173636 40
1622729394760 0.9297284505173636 41
1622729396750 0.9297284505173636 42
1622729398752 0.9297284505173636 43
1622729400789 0.9297284505173636 44
1622729402870 0.9297284505173636 45
1622729404984 0.9297284505173636 46
1622729407139 0.9297284505173636 47
1622729409315 0.9297284505173636 48
1622729411552 0.9297284505173636 49
1622729413758 0.9297284505173636 50
1622729416088 0.9297284505173636 51
1622729418438 0.9297284505173636 52
1622729420795 0.9297284505173636 53
1622729423216 0.9297284505173636 54
1622729425636 0.9297284505173636 55
1622729428126 0.9297284505173636 56
1622729430608 0.9297284505173636 57
1622729433155 0.9297284505173636 58
1622729435725 0.9297284505173636 59
1622729438318 0.9297284505173636 60
1622729440957 0.9297284505173636 61
1622729443642 0.9297284505173636 62
1622729446378 0.9297284505173636 63
1622729449152 0.9297284505173636 64
1622729451926 0.9297284505173636 65
1622729454771 0.9297284505173636 66
1622729457614 0.9297284505173636 67
1622729460514 0.9297284505173636 68
1622729463472 0.9297284505173636 69
1622729466449 0.9297284505173636 70
1622729469488 0.9297284505173636 71
1622729472520 0.9297284505173636 72
1622729475648 0.9297284505173636 73
1622729478800 0.9297284505173636 74
1622729481952 0.9297284505173636 75
1622729485178 0.9297284505173636 76
1622729488431 0.9297284505173636 77
1622729491685 0.9297284505173636 78
1622729494936 0.9297284505173636 79
1622729498218 0.9297284505173636 80
1622729501571 0.9297284505173636 81
1622729505012 0.9297284505173636 82
1622729508457 0.9297284505173636 83
1622729511944 0.9297284505173636 84
1622729515470 0.9297284505173636 85
1622729519024 0.9297284505173636 86
1622729522592 0.9297284505173636 87
1622729526213 0.9297284505173636 88
1622729529922 0.9297284505173636 89
1622729533642 0.9297284505173636 90
1622729537368 0.9297284505173636 91
1622729541148 0.9297284505173636 92
1622729544942 0.9297284505173636 93
1622729548780 0.9297284505173636 94
1622729552636 0.9297284505173636 95
1622729556538 0.9297284505173636 96
1622729560474 0.9297284505173636 97
1622729564469 0.9297284505173636 98
1622729568472 0.9297284505173636 99
1622729572532 0.9297284505173636 100
1622729576640 0.9297284505173636 101
1622729580762 0.9297284505173636 102
1622729584869 0.9297284505173636 103
1622729589032 0.9297284505173636 104
1622729593231 0.9297284505173636 105
1622729597531 0.9297284505173636 106
1622729601849 0.9297284505173636 107
1622729606188 0.9297284505173636 108
1622729610532 0.9297284505173636 109
1622729614961 0.9297284505173636 110
1622729619372 0.9297284505173636 111
1622729623861 0.9297284505173636 112
1622729628341 0.9297284505173636 113
1622729632900 0.9297284505173636 114
1622729637480 0.9297284505173636 115
1622729642081 0.9297284505173636 116
1622729646728 0.9297284505173636 117
1622729651386 0.9297284505173636 118
1622729656110 0.9297284505173636 119
1622729660904 0.9297284505173636 120
1622729665758 0.9297284505173636 121
1622729670576 0.9297284505173636 122
1622729675447 0.9297284505173636 123
1622729680357 0.9297284505173636 124
1622729685321 0.9297284505173636 125
1622729690269 0.9297284505173636 126
1622729695307 0.9297284505173636 127
1622729700357 0.9297284505173636 128
1622729705466 0.9297284505173636 129
1622729710610 0.9297284505173636 130
1622729715762 0.9297284505173636 131
1622729720972 0.9297284505173636 132
1622729726273 0.9297284505173636 133
1622729731587 0.9297284505173636 134
1622729736861 0.9297284505173636 135
1622729742203 0.9297284505173636 136
1622729747567 0.9297284505173636 137
1622729752964 0.9297284505173636 138
1622729758411 0.9297284505173636 139
1622729763871 0.9297284505173636 140
1622729769400 0.9297284505173636 141
1622729775003 0.9297284505173636 142
1622729780643 0.9297284505173636 143
1622729786251 0.9297284505173636 144
1622729792635 0.9297284505173636 145
1622729798663 0.9297284505173636 146
1622729804388 0.9297284505173636 147
1622729810141 0.9297284505173636 148
1622729816007 0.9297284505173636 149
1622729821816 0.9297284505173636 150
1622729827716 0.9297284505173636 151
1622729833625 0.9297284505173636 152
1622729839587 0.9297284505173636 153
1622729845572 0.9297284505173636 154
1622729851591 0.9297284505173636 155
1622729857654 0.9297284505173636 156
1622729863756 0.9297284505173636 157
1622729869911 0.9297284505173636 158
1622729876068 0.9297284505173636 159
1622729882240 0.9297284505173636 160
1622729888460 0.9297284505173636 161
1622729894726 0.9297284505173636 162
1622729900988 0.9297284505173636 163
1622729907301 0.9297284505173636 164
1622729913663 0.9297284505173636 165
1622729920075 0.9297284505173636 166
1622729926594 0.9297284505173636 167
1622729933074 0.9297284505173636 168
1622729939599 0.9297284505173636 169
1622729946183 0.9297284505173636 170
1622729952770 0.9297284505173636 171
1622729959385 0.9297284505173636 172
1622729965970 0.9297284505173636 173
1622729972744 0.9297284505173636 174
1622729979478 0.9297284505173636 175
1622729986257 0.9297284505173636 176
1622729993057 0.9297284505173636 177
1622729999920 0.9297284505173636 178
1622730006829 0.9297284505173636 179
1622730013749 0.9297284505173636 180
1622730020810 0.9297284505173636 181
1622730027740 0.9297284505173636 182
1622730034750 0.9297284505173636 183
1622730041773 0.9297284505173636 184
1622730048891 0.9297284505173636 185
1622730056008 0.9297284505173636 186
1622730063176 0.9297284505173636 187
1622730070411 0.9297284505173636 188
1622730077609 0.9297284505173636 189
1622730084839 0.9297284505173636 190
1622730092180 0.9297284505173636 191
1622730099525 0.9297284505173636 192
1622730106892 0.9297284505173636 193
1622730114320 0.9297284505173636 194
1622730121796 0.9297284505173636 195
1622730129272 0.9297284505173636 196
1622730136735 0.9297284505173636 197
1622730144309 0.9297284505173636 198
1622730151921 0.9297284505173636 199
1622730159608 0.9297284505173636 200
1622730167278 0.9297284505173636 201
1622730175036 0.9297284505173636 202
1622730182763 0.9297284505173636 203
1622730190544 0.9297284505173636 204
1622730198452 0.9297284505173636 205
1622730206263 0.9297284505173636 206
1622730214131 0.9297284505173636 207
1622730222047 0.9297284505173636 208
1622730230014 0.9297284505173636 209
1622730237997 0.9297284505173636 210
1622730246019 0.9297284505173636 211
1622730254070 0.9297284505173636 212
1622730262183 0.9297284505173636 213
1622730270331 0.9297284505173636 214
1622730278541 0.9297284505173636 215
1622730286770 0.9297284505173636 216
1622730295057 0.9297284505173636 217
1622730303316 0.9297284505173636 218
1622730311630 0.9297284505173636 219
1622730320014 0.9297284505173636 220
1622730328424 0.9297284505173636 221
1622730336789 0.9297284505173636 222
1622730345306 0.9297284505173636 223
1622730353810 0.9297284505173636 224
1622730362318 0.9297284505173636 225
1622730370923 0.9297284505173636 226
1622730379490 0.9297284505173636 227
1622730388115 0.9297284505173636 228
1622730396766 0.9297284505173636 229
1622730405457 0.9297284505173636 230
1622730414215 0.9297284505173636 231
1622730422980 0.9297284505173636 232
1622730431814 0.9297284505173636 233
1622730440680 0.9297284505173636 234
1622730449650 0.9297284505173636 235
1622730458579 0.9297284505173636 236
1622730467638 0.9297284505173636 237
1622730476753 0.9297284505173636 238
1622730485861 0.9297284505173636 239
1622730494971 0.9297284505173636 240
1622730504081 0.9297284505173636 241
1622730513235 0.9297284505173636 242
1622730522396 0.9297284505173636 243
1622730531573 0.9297284505173636 244
1622730540787 0.9297284505173636 245
1622730550056 0.9297284505173636 246
1622730559408 0.9297284505173636 247
1622730568760 0.9297284505173636 248
1622730578139 0.9297284505173636 249
1622730587517 0.9297284505173636 250
1622730596927 0.9297284505173636 251
1622730606436 0.9297284505173636 252
1622730615951 0.9297284505173636 253
1622730625522 0.9297284505173636 254
1622730635167 0.9297284505173636 255
1622730644768 0.9297284505173636 256
1622730654462 0.9297284505173636 257
1622730664283 0.9297284505173636 258
1622730674053 0.9297284505173636 259
1622730683879 0.9297284505173636 260
1622730693703 0.9297284505173636 261
1622730703543 0.9297284505173636 262
1622730713511 0.9297284505173636 263
1622730723403 0.9297284505173636 264
1622730733375 0.9297284505173636 265
1622730743399 0.9297284505173636 266
1622730753448 0.9297284505173636 267
1622730763516 0.9297284505173636 268
1622730773753 0.9297284505173636 269
1622730783902 0.9297284505173636 270
1622730794125 0.9297284505173636 271
1622730804341 0.9297284505173636 272
1622730814622 0.9297284505173636 273
1622730824926 0.9297284505173636 274
1622730835263 0.9297284505173636 275
1622730845633 0.9297284505173636 276
1622730856020 0.9297284505173636 277
1622730866441 0.9297284505173636 278
1622730876925 0.9297284505173636 279
1622730887391 0.9297284505173636 280
1622730897938 0.9297284505173636 281
1622730908595 0.9297284505173636 282
1622730919252 0.9297284505173636 283
1622730929977 0.9297284505173636 284
1622730940739 0.9297284505173636 285
1622730951510 0.9297284505173636 286
1622730962250 0.9297284505173636 287
1622730973085 0.9297284505173636 288
1622730983898 0.9297284505173636 289
1622730994783 0.9297284505173636 290
1622731005669 0.9297284505173636 291
1622731016599 0.9297284505173636 292
1622731027551 0.9297284505173636 293
1622731038555 0.9297284505173636 294
1622731049553 0.9297284505173636 295
1622731060651 0.9297284505173636 296
1622731071839 0.9297284505173636 297
1622731083044 0.9297284505173636 298
1622731094235 0.9297284505173636 299
1622731105452 0.9297284505173636 300
1622731116693 0.9297284505173636 301
1622731128054 0.9297284505173636 302
1622731139476 0.9297284505173636 303
1622731150773 0.9297284505173636 304
1622731162169 0.9297284505173636 305
1622731173611 0.9297284505173636 306
1622731185071 0.9297284505173636 307
1622731196590 0.9297284505173636 308
1622731208159 0.9297284505173636 309
1622731219760 0.9297284505173636 310
1622731231306 0.9297284505173636 311
1622731242936 0.9297284505173636 312
1622731254604 0.9297284505173636 313
1622731266301 0.9297284505173636 314
1622731278046 0.9297284505173636 315
1622731289877 0.9297284505173636 316
1622731301737 0.9297284505173636 317
1622731313622 0.9297284505173636 318
1622731325427 0.9297284505173636 319
1622731337365 0.9297284505173636 320
1622731349342 0.9297284505173636 321
1622731361228 0.9297284505173636 322
1622731373227 0.9297284505173636 323
1622731385221 0.9297284505173636 324
1622731397360 0.9297284505173636 325
1622731409546 0.9297284505173636 326
1622731421762 0.9297284505173636 327
1622731433964 0.9297284505173636 328
1622731446354 0.9297284505173636 329
1622731459217 0.9297284505173636 330
1622731471879 0.9297284505173636 331
1622731484448 0.9297284505173636 332
1622731496801 0.9297284505173636 333
1622731509242 0.9297284505173636 334
1622731521664 0.9297284505173636 335
1622731534297 0.9297284505173636 336
1622731546910 0.9297284505173636 337
1622731559449 0.9297284505173636 338
1622731572063 0.9297284505173636 339
1622731584746 0.9297284505173636 340
1622731597381 0.9297284505173636 341
1622731610063 0.9297284505173636 342
1622731622874 0.9297284505173636 343
1622731635719 0.9297284505173636 344
1622731648464 0.9297284505173636 345
1622731661318 0.9297284505173636 346
1622731674252 0.9297284505173636 347
1622731687182 0.9297284505173636 348
1622731700099 0.9297284505173636 349
1622731713112 0.9297284505173636 350
1622731726089 0.9297284505173636 351
1622731739234 0.9297284505173636 352
1622731752390 0.9297284505173636 353
1622731765635 0.9297284505173636 354
1622731778917 0.9297284505173636 355
1622731792151 0.9297284505173636 356
1622731805424 0.9297284505173636 357
1622731818706 0.9297284505173636 358
1622731832052 0.9297284505173636 359
1622731845496 0.9297284505173636 360
1622731858946 0.9297284505173636 361
1622731872379 0.9297284505173636 362
1622731885788 0.9297284505173636 363
1622731899208 0.9297284505173636 364
1622731912767 0.9297284505173636 365
1622731926327 0.9297284505173636 366
1622731939881 0.9297284505173636 367
1622731953489 0.9297284505173636 368
1622731967200 0.9297284505173636 369
1622731980956 0.9297284505173636 370
1622731994658 0.9297284505173636 371
1622732008430 0.9297284505173636 372
1622732022339 0.9297284505173636 373
1622732036233 0.9297284505173636 374
1622732050106 0.9297284505173636 375
1622732064080 0.9297284505173636 376
1622732078084 0.9297284505173636 377
1622732092055 0.9297284505173636 378
1622732106040 0.9297284505173636 379
1622732120123 0.9297284505173636 380
1622732134247 0.9297284505173636 381
1622732148394 0.9297284505173636 382
1622732162586 0.9297284505173636 383
1622732176752 0.9297284505173636 384
1622732191068 0.9297284505173636 385
1622732205348 0.9297284505173636 386
1622732219722 0.9297284505173636 387
1622732234211 0.9297284505173636 388
1622732248493 0.9297284505173636 389
1622732262873 0.9297284505173636 390
1622732277429 0.9297284505173636 391
1622732292026 0.9297284505173636 392
1622732306611 0.9297284505173636 393
1622732321122 0.9297284505173636 394
1622732335701 0.9297284505173636 395
1622732350354 0.9297284505173636 396
1622732364936 0.9297284505173636 397
1622732379662 0.9297284505173636 398
1622732394399 0.9297284505173636 399
1622732409147 0.9297284505173636 400
1622732423976 0.9297284505173636 401
1622732438829 0.9297284505173636 402
1622732453668 0.9297284505173636 403
1622732468597 0.9297284505173636 404
1622732483511 0.9297284505173636 405
1622732498431 0.9297284505173636 406
1622732513429 0.9297284505173636 407
1622732528474 0.9297284505173636 408
1622732543577 0.9297284505173636 409
1622732558689 0.9297284505173636 410
1622732574852 0.9297284505173636 411
1622732590076 0.9297284505173636 412
1622732605488 0.9297284505173636 413
1622732620887 0.9297284505173636 414
1622732636365 0.9297284505173636 415
1622732651883 0.9297284505173636 416
1622732667470 0.9297284505173636 417
1622732682964 0.9297284505173636 418
1622732698521 0.9297284505173636 419
1622732714170 0.9297284505173636 420
1622732729749 0.9297284505173636 421
1622732745365 0.9297284505173636 422
1622732761101 0.9297284505173636 423
1622732776929 0.9297284505173636 424
1622732792761 0.9297284505173636 425
1622732808622 0.9297284505173636 426
1622732824453 0.9297284505173636 427
1622732840399 0.9297284505173636 428
1622732856340 0.9297284505173636 429
1622732872342 0.9297284505173636 430
1622732888423 0.9297284505173636 431
1622732904423 0.9297284505173636 432
1622732920522 0.9297284505173636 433
1622732936650 0.9297284505173636 434
1622732952925 0.9297284505173636 435
1622732969075 0.9297284505173636 436
1622732985249 0.9297284505173636 437
1622733001492 0.9297284505173636 438
1622733017809 0.9297284505173636 439
1622733034065 0.9297284505173636 440
1622733050409 0.9297284505173636 441
1622733066714 0.9297284505173636 442
1622733083080 0.9297284505173636 443
1622733099429 0.9297284505173636 444
1622733115922 0.9297284505173636 445
1622733132407 0.9297284505173636 446
1622733148942 0.9297284505173636 447
1622733165654 0.9297284505173636 448
1622733182264 0.9297284505173636 449
1622733198869 0.9297284505173636 450
1622733215578 0.9297284505173636 451
1622733232310 0.9297284505173636 452
1622733249099 0.9297284505173636 453
1622733265930 0.9297284505173636 454
1622733282742 0.9297284505173636 455
1622733299599 0.9297284505173636 456
1622733316553 0.9297284505173636 457
1622733333518 0.9297284505173636 458
1622733350565 0.9297284505173636 459
1622733367661 0.9297284505173636 460
1622733384714 0.9297284505173636 461
1622733401856 0.9297284505173636 462
1622733419036 0.9297284505173636 463
1622733436316 0.9297284505173636 464
1622733453415 0.9297284505173636 465
1622733470781 0.9297284505173636 466
1622733487997 0.9297284505173636 467
1622733505335 0.9297284505173636 468
1622733522731 0.9297284505173636 469
1622733540109 0.9297284505173636 470
1622733557570 0.9297284505173636 471
1622733575047 0.9297284505173636 472
1622733592503 0.9297284505173636 473
1622733610166 0.9297284505173636 474
1622733627740 0.9297284505173636 475
1622733645406 0.9297284505173636 476
1622733663130 0.9297284505173636 477
1622733680850 0.9297284505173636 478
1622733698627 0.9297284505173636 479
1622733716442 0.9297284505173636 480
1622733734295 0.9297284505173636 481
1622733752181 0.9297284505173636 482
1622733770145 0.9297284505173636 483
1622733788092 0.9297284505173636 484
1622733805926 0.9297284505173636 485
1622733823982 0.9297284505173636 486
1622733842078 0.9297284505173636 487
1622733860178 0.9297284505173636 488
1622733878308 0.9297284505173636 489
1622733896494 0.9297284505173636 490
1622733914651 0.9297284505173636 491
1622733932896 0.9297284505173636 492
1622733951159 0.9297284505173636 493
1622733969394 0.9297284505173636 494
1622733987860 0.9297284505173636 495
1622734006258 0.9297284505173636 496
1622734024708 0.9297284505173636 497
1622734043078 0.9297284505173636 498
1622734061695 0.9297284505173636 499
1622734080379 0.9297284505173636 500
