1622620595271 0.94313587677067 0
1622620595931 0.9417462178342805 1
1622620596556 0.9418582949428659 2
1622620597134 0.9418582949428659 3
1622620597761 0.9418582949428659 4
1622620598420 0.9418582949428659 5
1622620599165 0.9418582949428659 6
1622620599963 0.9418582949428659 7
1622620600776 0.9418582949428659 8
1622620601578 0.9418582949428659 9
1622620602403 0.9418582949428659 10
1622620603283 0.9418582949428659 11
1622620604185 0.9418582949428659 12
1622620605234 0.9418582949428659 13
1622620606262 0.9418582949428659 14
1622620607290 0.9418582949428659 15
1622620608426 0.9418582949428659 16
1622620609590 0.9418582949428659 17
1622620610775 0.9418582949428659 18
1622620612007 0.9418582949428659 19
1622620613295 0.9418582949428659 20
1622620615571 0.9418582949428659 21
1622620617752 0.9418582949428659 22
1622620619058 0.9418582949428659 23
1622620620411 0.9418582949428659 24
1622620621825 0.9418582949428659 25
1622620623272 0.9418582949428659 26
1622620624718 0.9418582949428659 27
1622620626199 0.9418582949428659 28
1622620627710 0.9418582949428659 29
1622620629268 0.9418582949428659 30
1622620630858 0.9418582949428659 31
1622620632516 0.9418582949428659 32
1622620634300 0.9418582949428659 33
1622620636041 0.9418582949428659 34
1622620637781 0.9418582949428659 35
1622620639592 0.9418582949428659 36
1622620641464 0.9418582949428659 37
1622620643302 0.9418582949428659 38
1622620645193 0.9418582949428659 39
1622620647102 0.9418582949428659 40
1622620649057 0.9418582949428659 41
1622620651043 0.9418582949428659 42
1622620653090 0.9418582949428659 43
1622620655105 0.9418582949428659 44
1622620657186 0.9418582949428659 45
1622620659321 0.9418582949428659 46
1622620661484 0.9418582949428659 47
1622620663698 0.9418582949428659 48
1622620665988 0.9418582949428659 49
1622620668238 0.9418582949428659 50
1622620670551 0.9418582949428659 51
1622620672914 0.9418582949428659 52
1622620675279 0.9418582949428659 53
1622620677669 0.9418582949428659 54
1622620680124 0.9418582949428659 55
1622620682632 0.9418582949428659 56
1622620685169 0.9418582949428659 57
1622620687736 0.9418582949428659 58
1622620690307 0.9418582949428659 59
1622620692950 0.9418582949428659 60
1622620695631 0.9418582949428659 61
1622620698346 0.9418582949428659 62
1622620701067 0.9418582949428659 63
1622620703878 0.9418582949428659 64
1622620706776 0.9418582949428659 65
1622620709627 0.9418582949428659 66
1622620712489 0.9418582949428659 67
1622620715399 0.9418582949428659 68
1622620718351 0.9418582949428659 69
1622620721305 0.9418582949428659 70
1622620724340 0.9418582949428659 71
1622620727410 0.9418582949428659 72
1622620730490 0.9418582949428659 73
1622620733603 0.9418582949428659 74
1622620736776 0.9418582949428659 75
1622620739962 0.9418582949428659 76
1622620744117 0.9418582949428659 77
1622620747481 0.9418582949428659 78
1622620750769 0.9418582949428659 79
1622620754181 0.9418582949428659 80
1622620757751 0.9418582949428659 81
1622620761238 0.9418582949428659 82
1622620764703 0.9418582949428659 83
1622620768447 0.9418582949428659 84
1622620771987 0.9418582949428659 85
1622620775492 0.9418582949428659 86
1622620779077 0.9418582949428659 87
1622620782693 0.9418582949428659 88
1622620786369 0.9418582949428659 89
1622620790065 0.9418582949428659 90
1622620793792 0.9418582949428659 91
1622620797557 0.9418582949428659 92
1622620801349 0.9418582949428659 93
1622620805204 0.9418582949428659 94
1622620809044 0.9418582949428659 95
1622620813010 0.9418582949428659 96
1622620817519 0.9418582949428659 97
1622620822987 0.9418582949428659 98
1622620827111 0.9418582949428659 99
1622620831160 0.9418582949428659 100
1622620835237 0.9418582949428659 101
1622620839355 0.9418582949428659 102
1622620843507 0.9418582949428659 103
1622620847697 0.9418582949428659 104
1622620851910 0.9418582949428659 105
1622620856316 0.9418582949428659 106
1622620860808 0.9418582949428659 107
1622620865364 0.9418582949428659 108
1622620869991 0.9418582949428659 109
1622620874727 0.9418582949428659 110
1622620879425 0.9418582949428659 111
1622620884077 0.9418582949428659 112
1622620888645 0.9418582949428659 113
1622620893280 0.9418582949428659 114
1622620897858 0.9418582949428659 115
1622620902436 0.9418582949428659 116
1622620907237 0.9418582949428659 117
1622620911927 0.9418582949428659 118
1622620916628 0.9418582949428659 119
1622620921406 0.9418582949428659 120
1622620926178 0.9418582949428659 121
1622620931297 0.9418582949428659 122
1622620936574 0.9418582949428659 123
1622620941505 0.9418582949428659 124
1622620946477 0.9418582949428659 125
1622620951683 0.9418582949428659 126
1622620956858 0.9418582949428659 127
1622620962094 0.9418582949428659 128
1622620967612 0.9418582949428659 129
1622620973051 0.9418582949428659 130
1622620979294 0.9418582949428659 131
1622620984687 0.9418582949428659 132
1622620991108 0.9418582949428659 133
1622620996731 0.9418582949428659 134
1622621002423 0.9418582949428659 135
1622621007867 0.9418582949428659 136
1622621013279 0.9418582949428659 137
1622621018726 0.9418582949428659 138
1622621024294 0.9418582949428659 139
1622621029901 0.9418582949428659 140
1622621035497 0.9418582949428659 141
1622621041216 0.9418582949428659 142
1622621046863 0.9418582949428659 143
1622621052524 0.9418582949428659 144
1622621058185 0.9418582949428659 145
1622621063917 0.9418582949428659 146
1622621069707 0.9418582949428659 147
1622621075456 0.9418582949428659 148
1622621081296 0.9418582949428659 149
1622621087857 0.9418582949428659 150
1622621093988 0.9418582949428659 151
1622621099916 0.9418582949428659 152
1622621105814 0.9418582949428659 153
1622621111750 0.9418582949428659 154
1622621117740 0.9418582949428659 155
1622621123898 0.9418582949428659 156
1622621130036 0.9418582949428659 157
1622621136155 0.9418582949428659 158
1622621142325 0.9418582949428659 159
1622621148559 0.9418582949428659 160
1622621154770 0.9418582949428659 161
1622621160996 0.9418582949428659 162
1622621167486 0.9418582949428659 163
1622621174420 0.9418582949428659 164
1622621183828 0.9418582949428659 165
1622621190311 0.9418582949428659 166
1622621196830 0.9418582949428659 167
1622621203586 0.9418582949428659 168
1622621210154 0.9418582949428659 169
1622621216738 0.9418582949428659 170
1622621223343 0.9418582949428659 171
1622621229978 0.9418582949428659 172
1622621236631 0.9418582949428659 173
1622621243388 0.9418582949428659 174
1622621250167 0.9418582949428659 175
1622621257085 0.9418582949428659 176
1622621264125 0.9418582949428659 177
1622621271463 0.9418582949428659 178
1622621278303 0.9418582949428659 179
1622621285252 0.9418582949428659 180
1622621292677 0.9418582949428659 181
1622621300030 0.9418582949428659 182
1622621307105 0.9418582949428659 183
1622621314252 0.9418582949428659 184
1622621321411 0.9418582949428659 185
1622621328729 0.9418582949428659 186
1622621336184 0.9418582949428659 187
1622621343413 0.9418582949428659 188
1622621350634 0.9418582949428659 189
1622621357961 0.9418582949428659 190
1622621365553 0.9418582949428659 191
1622621372952 0.9418582949428659 192
1622621380874 0.9418582949428659 193
1622621388540 0.9418582949428659 194
1622621395997 0.9418582949428659 195
1622621403735 0.9418582949428659 196
1622621411259 0.9418582949428659 197
1622621418907 0.9418582949428659 198
1622621427042 0.9418582949428659 199
1622621435075 0.9418582949428659 200
1622621443035 0.9418582949428659 201
1622621451135 0.9418582949428659 202
1622621459834 0.9418582949428659 203
1622621468741 0.9418582949428659 204
1622621476640 0.9418582949428659 205
1622621484478 0.9418582949428659 206
1622621492350 0.9418582949428659 207
1622621500297 0.9418582949428659 208
1622621508553 0.9418582949428659 209
1622621517640 0.9418582949428659 210
1622621526317 0.9418582949428659 211
1622621534548 0.9418582949428659 212
1622621543754 0.9418582949428659 213
1622621551892 0.9418582949428659 214
1622621560285 0.9418582949428659 215
1622621568645 0.9418582949428659 216
1622621576965 0.9418582949428659 217
1622621585259 0.9418582949428659 218
1622621595022 0.9418582949428659 219
1622621603510 0.9418582949428659 220
1622621612000 0.9418582949428659 221
1622621620448 0.9418582949428659 222
1622621629027 0.9418582949428659 223
1622621638527 0.9418582949428659 224
1622621647107 0.9418582949428659 225
1622621655723 0.9418582949428659 226
1622621664463 0.9418582949428659 227
1622621673223 0.9418582949428659 228
1622621682008 0.9418582949428659 229
1622621690753 0.9418582949428659 230
1622621699620 0.9418582949428659 231
1622621708641 0.9418582949428659 232
1622621717539 0.9418582949428659 233
1622621726502 0.9418582949428659 234
1622621735554 0.9418582949428659 235
1622621744621 0.9418582949428659 236
1622621754216 0.9418582949428659 237
1622621763277 0.9418582949428659 238
1622621772261 0.9418582949428659 239
1622621781332 0.9418582949428659 240
1622621790420 0.9418582949428659 241
1622621799616 0.9418582949428659 242
1622621809225 0.9418582949428659 243
1622621818974 0.9418582949428659 244
1622621828888 0.9418582949428659 245
1622621838390 0.9418582949428659 246
1622621848028 0.9418582949428659 247
1622621857463 0.9418582949428659 248
1622621866971 0.9418582949428659 249
1622621876433 0.9418582949428659 250
1622621886162 0.9418582949428659 251
1622621895566 0.9418582949428659 252
1622621905195 0.9418582949428659 253
1622621914709 0.9418582949428659 254
1622621924748 0.9418582949428659 255
1622621934546 0.9418582949428659 256
1622621944425 0.9418582949428659 257
1622621954112 0.9418582949428659 258
1622621964092 0.9418582949428659 259
1622621973798 0.9418582949428659 260
1622621984127 0.9418582949428659 261
1622621995067 0.9418582949428659 262
1622622005188 0.9418582949428659 263
1622622015480 0.9418582949428659 264
1622622025971 0.9418582949428659 265
1622622036622 0.9418582949428659 266
1622622046878 0.9418582949428659 267
1622622056939 0.9418582949428659 268
1622622067057 0.9418582949428659 269
1622622077341 0.9418582949428659 270
1622622087558 0.9418582949428659 271
1622622097734 0.9418582949428659 272
1622622108185 0.9418582949428659 273
1622622118430 0.9418582949428659 274
1622622128681 0.9418582949428659 275
1622622139019 0.9418582949428659 276
1622622149454 0.9418582949428659 277
1622622159988 0.9418582949428659 278
1622622170460 0.9418582949428659 279
1622622181013 0.9418582949428659 280
1622622191588 0.9418582949428659 281
1622622202099 0.9418582949428659 282
1622622212735 0.9418582949428659 283
1622622223343 0.9418582949428659 284
1622622233977 0.9418582949428659 285
1622622244651 0.9418582949428659 286
1622622255317 0.9418582949428659 287
1622622266923 0.9418582949428659 288
1622622277716 0.9418582949428659 289
1622622288805 0.9418582949428659 290
1622622300410 0.9418582949428659 291
1622622311217 0.9418582949428659 292
1622622322372 0.9418582949428659 293
1622622333573 0.9418582949428659 294
1622622344541 0.9418582949428659 295
1622622355602 0.9418582949428659 296
1622622366732 0.9418582949428659 297
1622622377777 0.9418582949428659 298
1622622388924 0.9418582949428659 299
1622622400083 0.9418582949428659 300
1622622411381 0.9418582949428659 301
1622622422621 0.9418582949428659 302
1622622433972 0.9418582949428659 303
1622622445397 0.9418582949428659 304
1622622456692 0.9418582949428659 305
1622622468111 0.9418582949428659 306
1622622479659 0.9418582949428659 307
1622622491168 0.9418582949428659 308
1622622502758 0.9418582949428659 309
1622622514338 0.9418582949428659 310
1622622526068 0.9418582949428659 311
1622622537909 0.9418582949428659 312
1622622549602 0.9418582949428659 313
1622622561297 0.9418582949428659 314
1622622573498 0.9418582949428659 315
1622622586006 0.9418582949428659 316
1622622597841 0.9418582949428659 317
1622622609985 0.9418582949428659 318
1622622622878 0.9418582949428659 319
1622622634805 0.9418582949428659 320
1622622646750 0.9418582949428659 321
1622622658673 0.9418582949428659 322
1622622670691 0.9418582949428659 323
1622622682740 0.9418582949428659 324
1622622694815 0.9418582949428659 325
1622622706915 0.9418582949428659 326
1622622719060 0.9418582949428659 327
1622622731252 0.9418582949428659 328
1622622743492 0.9418582949428659 329
1622622755647 0.9418582949428659 330
1622622767897 0.9418582949428659 331
1622622780297 0.9418582949428659 332
1622622792590 0.9418582949428659 333
1622622805013 0.9418582949428659 334
1622622817426 0.9418582949428659 335
1622622829915 0.9418582949428659 336
1622622842326 0.9418582949428659 337
1622622854754 0.9418582949428659 338
1622622867263 0.9418582949428659 339
1622622879835 0.9418582949428659 340
1622622892491 0.9418582949428659 341
1622622905098 0.9418582949428659 342
1622622917785 0.9418582949428659 343
1622622930562 0.9418582949428659 344
1622622944974 0.9418582949428659 345
1622622957949 0.9418582949428659 346
1622622971047 0.9418582949428659 347
1622622985100 0.9418582949428659 348
1622622998204 0.9418582949428659 349
1622623011408 0.9418582949428659 350
1622623026908 0.9418582949428659 351
1622623040105 0.9418582949428659 352
1622623055461 0.9418582949428659 353
1622623068604 0.9418582949428659 354
1622623082645 0.9418582949428659 355
1622623096592 0.9418582949428659 356
1622623109757 0.9418582949428659 357
1622623123027 0.9418582949428659 358
1622623139059 0.9418582949428659 359
1622623155963 0.9418582949428659 360
1622623170418 0.9418582949428659 361
1622623184587 0.9418582949428659 362
1622623198211 0.9418582949428659 363
1622623211823 0.9418582949428659 364
1622623225434 0.9418582949428659 365
1622623239082 0.9418582949428659 366
1622623252787 0.9418582949428659 367
1622623266465 0.9418582949428659 368
1622623281682 0.9418582949428659 369
1622623296913 0.9418582949428659 370
1622623310941 0.9418582949428659 371
1622623324591 0.9418582949428659 372
1622623339323 0.9418582949428659 373
1622623354714 0.9418582949428659 374
1622623370061 0.9418582949428659 375
1622623384004 0.9418582949428659 376
1622623398026 0.9418582949428659 377
1622623413009 0.9418582949428659 378
1622623427366 0.9418582949428659 379
1622623441509 0.9418582949428659 380
1622623455928 0.9418582949428659 381
1622623470191 0.9418582949428659 382
1622623484586 0.9418582949428659 383
1622623499057 0.9418582949428659 384
1622623515045 0.9418582949428659 385
1622623529277 0.9418582949428659 386
1622623544345 0.9418582949428659 387
1622623558748 0.9418582949428659 388
1622623573116 0.9418582949428659 389
1622623587824 0.9418582949428659 390
1622623602283 0.9418582949428659 391
1622623617530 0.9418582949428659 392
1622623632077 0.9418582949428659 393
1622623648085 0.9418582949428659 394
1622623663374 0.9418582949428659 395
1622623678725 0.9418582949428659 396
1622623697221 0.9418582949428659 397
1622623712935 0.9418582949428659 398
1622623729362 0.9418582949428659 399
1622623745592 0.9418582949428659 400
1622623762489 0.9418582949428659 401
1622623777332 0.9418582949428659 402
1622623792198 0.9418582949428659 403
1622623807099 0.9418582949428659 404
1622623822826 0.9418582949428659 405
1622623837817 0.9418582949428659 406
1622623852837 0.9418582949428659 407
1622623867897 0.9418582949428659 408
1622623882986 0.9418582949428659 409
1622623898999 0.9418582949428659 410
1622623915198 0.9418582949428659 411
1622623931380 0.9418582949428659 412
1622623947354 0.9418582949428659 413
1622623962778 0.9418582949428659 414
1622623979354 0.9418582949428659 415
1622623995990 0.9418582949428659 416
1622624011382 0.9418582949428659 417
1622624030706 0.9418582949428659 418
1622624046125 0.9418582949428659 419
1622624062550 0.9418582949428659 420
1622624081757 0.9418582949428659 421
1622624097414 0.9418582949428659 422
1622624113879 0.9418582949428659 423
1622624129574 0.9418582949428659 424
1622624147569 0.9418582949428659 425
1622624164501 0.9418582949428659 426
1622624180913 0.9418582949428659 427
1622624197280 0.9418582949428659 428
1622624214179 0.9418582949428659 429
1622624233315 0.9418582949428659 430
1622624249998 0.9418582949428659 431
1622624266000 0.9418582949428659 432
1622624281997 0.9418582949428659 433
1622624298063 0.9418582949428659 434
1622624314575 0.9418582949428659 435
1622624333964 0.9418582949428659 436
1622624350012 0.9418582949428659 437
1622624366048 0.9418582949428659 438
1622624382067 0.9418582949428659 439
1622624398259 0.9418582949428659 440
1622624418856 0.9418582949428659 441
1622624435149 0.9418582949428659 442
1622624451523 0.9418582949428659 443
1622624467910 0.9418582949428659 444
1622624484929 0.9418582949428659 445
1622624501311 0.9418582949428659 446
1622624518247 0.9418582949428659 447
1622624537815 0.9418582949428659 448
1622624555215 0.9418582949428659 449
1622624573446 0.9418582949428659 450
1622624591092 0.9418582949428659 451
1622624607745 0.9418582949428659 452
1622624626661 0.9418582949428659 453
1622624643408 0.9418582949428659 454
1622624662689 0.9418582949428659 455
1622624680212 0.9418582949428659 456
1622624699152 0.9418582949428659 457
1622624715971 0.9418582949428659 458
1622624734635 0.9418582949428659 459
1622624752542 0.9418582949428659 460
1622624769501 0.9418582949428659 461
1622624786486 0.9418582949428659 462
1622624804624 0.9418582949428659 463
1622624822775 0.9418582949428659 464
1622624843543 0.9418582949428659 465
1622624863760 0.9418582949428659 466
1622624880970 0.9418582949428659 467
1622624898780 0.9418582949428659 468
1622624915958 0.9418582949428659 469
1622624935231 0.9418582949428659 470
1622624953439 0.9418582949428659 471
1622624970740 0.9418582949428659 472
1622624988836 0.9418582949428659 473
1622625010051 0.9418582949428659 474
1622625029959 0.9418582949428659 475
1622625048264 0.9418582949428659 476
1622625065598 0.9418582949428659 477
1622625083874 0.9418582949428659 478
1622625102140 0.9418582949428659 479
1622625123205 0.9418582949428659 480
1622625142712 0.9418582949428659 481
1622625162073 0.9418582949428659 482
1622625181112 0.9418582949428659 483
1622625200030 0.9418582949428659 484
1622625219710 0.9418582949428659 485
1622625237545 0.9418582949428659 486
1622625256926 0.9418582949428659 487
1622625274867 0.9418582949428659 488
1622625293955 0.9418582949428659 489
1622625313529 0.9418582949428659 490
1622625332389 0.9418582949428659 491
1622625351311 0.9418582949428659 492
1622625369431 0.9418582949428659 493
1622625387626 0.9418582949428659 494
1622625405942 0.9418582949428659 495
1622625424152 0.9418582949428659 496
1622625444656 0.9418582949428659 497
1622625463011 0.9418582949428659 498
1622625481877 0.9418582949428659 499
1622625502837 0.9418582949428659 500
