1622757699853 0.377 0
1622757700378 0.452 1
1622757700911 0.528 2
1622757701476 0.604 3
1622757702074 0.6789999999999999 4
1622757702713 0.7549999999999999 5
1622757703989 0.8939999999999999 6
1622757705135 1.0419999999999998 7
1622757705903 1.1289999999999998 8
1622757706695 1.2049999999999998 9
1622757707517 1.2799999999999998 10
1622757708368 1.3559999999999999 11
1622757709256 1.432 12
1622757710188 1.508 13
1622757711140 1.584 14
1622757712130 1.6600000000000001 15
1622757713150 1.735 16
1622757714237 1.8110000000000002 17
1622757715354 1.8880000000000001 18
1622757716480 1.965 19
1622757717683 2.041 20
1622757718898 2.118 21
1622757720148 2.194 22
1622757721427 2.271 23
1622757722765 2.348 24
1622757724113 2.423 25
1622757725540 2.499 26
1622757727119 2.581 27
1622757728678 2.66 28
1622757730258 2.736 29
1622757731793 2.813 30
1622757733391 2.89 31
1622757734999 2.966 32
1622757736650 3.0410000000000004 33
1622757738349 3.1180000000000003 34
1622757740052 3.1940000000000004 35
1622757741802 3.2700000000000005 36
1622757743577 3.3460000000000005 37
1622757745406 3.4230000000000005 38
1622757747285 3.5000000000000004 39
1622757749206 3.5780000000000003 40
1622757751135 3.6530000000000005 41
1622757753112 3.7290000000000005 42
1622757755124 3.8050000000000006 43
1622757757312 3.8820000000000006 44
1622757759520 3.9610000000000007 45
1622757761714 4.038000000000001 46
1622757764002 4.115000000000001 47
1622757766277 4.195000000000001 48
1622757768494 4.271000000000001 49
1622757770725 4.347 50
1622757773021 4.423 51
1622757776206 4.5 52
1622757778574 4.575 53
1622757781002 4.652 54
1622757783689 4.728 55
1622757786478 4.865 56
1622757788962 4.941 57
1622757791460 5.0169999999999995 58
1622757794052 5.092 59
1622757796633 5.167 60
1622757799299 5.242999999999999 61
1622757801953 5.318 62
1622757804709 5.393999999999999 63
1622757807501 5.4719999999999995 64
1622757810276 5.547999999999999 65
1622757813062 5.623999999999999 66
1622757815940 5.699999999999998 67
1622757818799 5.774999999999999 68
1622757821743 5.852999999999999 69
1622757824713 5.927999999999999 70
1622757827709 6.003999999999999 71
1622757830729 6.078999999999999 72
1622757833809 6.1549999999999985 73
1622757836876 6.230999999999998 74
1622757840066 6.306999999999998 75
1622757843222 6.383999999999998 76
1622757846456 6.459999999999997 77
1622757849709 6.535999999999997 78
1622757852991 6.610999999999997 79
1622757856291 6.685999999999997 80
1622757859647 6.762999999999997 81
1622757863003 6.838999999999997 82
1622757866411 6.913999999999997 83
1622757869835 6.988999999999997 84
1622757873331 7.065999999999997 85
1622757876862 7.141999999999997 86
1622757880421 7.218999999999997 87
1622757884009 7.293999999999997 88
1622757887616 7.3699999999999966 89
1622757891289 7.445999999999996 90
1622757895004 7.521999999999996 91
1622757898761 7.596999999999996 92
1622757903409 7.744999999999996 93
1622757907232 7.821999999999996 94
1622757911100 7.897999999999995 95
1622757914985 7.972999999999995 96
1622757918912 8.047999999999995 97
1622757922901 8.123999999999995 98
1622757926911 8.199999999999996 99
1622757930964 8.275999999999996 100
1622757935045 8.352999999999996 101
1622757939218 8.428999999999997 102
1622757943360 8.503999999999996 103
1622757947567 8.579999999999997 104
1622757951900 8.657999999999996 105
1622757956174 8.733999999999996 106
1622757960479 8.809999999999997 107
1622757964840 8.884999999999996 108
1622757969261 8.961999999999996 109
1622757973698 9.037999999999997 110
1622757978123 9.113999999999997 111
1622757982606 9.189999999999998 112
1622757987134 9.265999999999998 113
1622757991713 9.341999999999999 114
1622757996328 9.418 115
1622758001000 9.494 116
1622758005702 9.57 117
1622758010483 9.647 118
1622758015244 9.723 119
1622758020088 9.799000000000001 120
1622758024980 9.876000000000001 121
1622758029883 9.952000000000002 122
1622758034768 10.027000000000001 123
1622758039700 10.102 124
1622758044659 10.177 125
1622758049672 10.253 126
1622758054705 10.329 127
1622758059801 10.406 128
1622758064914 10.482000000000001 129
1622758070057 10.558000000000002 130
1622758075186 10.634000000000002 131
1622758080347 10.710000000000003 132
1622758085608 10.786000000000003 133
1622758090884 10.862000000000004 134
1622758096233 10.937000000000003 135
1622758101576 11.013000000000003 136
1622758106945 11.090000000000003 137
1622758112395 11.166000000000004 138
1622758117857 11.241000000000003 139
1622758123359 11.317000000000004 140
1622758128867 11.393000000000004 141
1622758134514 11.469000000000005 142
1622758140109 11.545000000000005 143
1622758145781 11.621000000000006 144
1622758151496 11.697000000000006 145
1622758157220 11.774000000000006 146
1622758163035 11.850000000000007 147
1622758168848 11.925000000000006 148
1622758174683 12.001000000000007 149
1622758180709 12.078000000000007 150
1622758186657 12.154000000000007 151
1622758192635 12.230000000000008 152
1622758198639 12.305000000000007 153
1622758204660 12.382000000000007 154
1622758211065 12.458000000000007 155
1622758217217 12.539000000000007 156
1622758223373 12.612000000000007 157
1622758229505 12.687000000000006 158
1622758235713 12.763000000000007 159
1622758241982 12.839000000000008 160
1622758248189 12.915000000000008 161
1622758254491 12.990000000000007 162
1622758260843 13.066000000000008 163
1622758267221 13.141000000000007 164
1622758273576 13.218000000000007 165
1622758280087 13.294000000000008 166
1622758286524 13.371000000000008 167
1622758293007 13.446000000000007 168
1622758299580 13.521000000000006 169
1622758306213 13.597000000000007 170
1622758312803 13.672000000000006 171
1622758319416 13.747000000000005 172
1622758326132 13.824000000000005 173
1622758332827 13.901000000000005 174
1622758339557 13.977000000000006 175
1622758346378 14.053000000000006 176
1622758353168 14.128000000000005 177
1622758360040 14.204000000000006 178
1622758366972 14.280000000000006 179
1622758373952 14.355000000000006 180
1622758380906 14.431000000000006 181
1622758387937 14.507000000000007 182
1622758394968 14.583000000000007 183
1622758402047 14.659000000000008 184
1622758409234 14.735000000000008 185
1622758416448 14.811000000000009 186
1622758423624 14.88700000000001 187
1622758430848 14.96300000000001 188
1622758438198 15.03900000000001 189
1622758445462 15.11400000000001 190
1622758452875 15.19100000000001 191
1622758460292 15.26800000000001 192
1622758467695 15.343000000000009 193
1622758475110 15.420000000000009 194
1622758482594 15.49600000000001 195
1622758490138 15.57300000000001 196
1622758497691 15.64900000000001 197
1622758505283 15.72500000000001 198
1622758512853 15.80000000000001 199
1622758520552 15.875000000000009 200
1622758528311 15.950000000000008 201
1622758536102 16.026000000000007 202
1622758543879 16.102000000000007 203
1622758551668 16.178000000000008 204
1622758559528 16.25400000000001 205
1622758567437 16.33000000000001 206
1622758575296 16.40500000000001 207
1622758583301 16.48100000000001 208
1622758591322 16.556000000000008 209
1622758599381 16.63200000000001 210
1622758607448 16.70800000000001 211
1622758615674 16.78500000000001 212
1622758623831 16.86100000000001 213
1622758631996 16.93600000000001 214
1622758640250 17.01200000000001 215
1622758648477 17.08700000000001 216
1622758656840 17.16300000000001 217
1622758665116 17.23900000000001 218
1622758673506 17.31400000000001 219
1622758681843 17.391000000000012 220
1622758690380 17.467000000000013 221
1622758698806 17.543000000000013 222
1622758707337 17.619000000000014 223
1622758715895 17.695000000000014 224
1622758724483 17.773000000000014 225
1622758733074 17.850000000000016 226
1622758741660 17.926000000000016 227
1622758750369 18.003000000000018 228
1622758759143 18.07900000000002 229
1622758767844 18.15500000000002 230
1622758776710 18.23100000000002 231
1622758785529 18.30700000000002 232
1622758794476 18.38400000000002 233
1622758803641 18.460000000000022 234
1622758812618 18.536000000000023 235
1622758821670 18.612000000000023 236
1622758830665 18.688000000000024 237
1622758839773 18.764000000000024 238
1622758848825 18.840000000000025 239
1622758857939 18.916000000000025 240
1622758867106 18.992000000000026 241
1622758876332 19.067000000000025 242
1622758885650 19.143000000000026 243
1622758894964 19.219000000000026 244
1622758904285 19.295000000000027 245
1622758913643 19.371000000000027 246
1622758923045 19.447000000000028 247
1622758932545 19.522000000000027 248
1622758942015 19.59900000000003 249
1622758951528 19.67500000000003 250
1622758961089 19.75200000000003 251
1622758970707 19.82800000000003 252
1622758980390 19.904000000000032 253
1622758990060 19.981000000000034 254
1622758999774 20.058000000000035 255
1622759009518 20.134000000000036 256
1622759019239 20.210000000000036 257
1622759028966 20.285000000000036 258
1622759038790 20.361000000000036 259
1622759048702 20.436000000000035 260
1622759058588 20.512000000000036 261
1622759068528 20.588000000000036 262
1622759078592 20.66500000000004 263
1622759088591 20.740000000000038 264
1622759098671 20.815000000000037 265
1622759108755 20.890000000000036 266
1622759118892 20.965000000000035 267
1622759129059 21.041000000000036 268
1622759139369 21.118000000000038 269
1622759149606 21.194000000000038 270
1622759159888 21.27100000000004 271
1622759170122 21.34700000000004 272
1622759180463 21.42300000000004 273
1622759190813 21.497000000000043 274
1622759201239 21.573000000000043 275
1622759211673 21.649000000000044 276
1622759222123 21.725000000000044 277
1622759232643 21.801000000000045 278
1622759243127 21.877000000000045 279
1622759253681 21.952000000000044 280
1622759264471 22.029000000000046 281
1622759275126 22.105000000000047 282
1622759285824 22.181000000000047 283
1622759297272 22.256000000000046 284
1622759308898 22.335000000000047 285
1622759319822 22.413000000000046 286
1622759330749 22.490000000000048 287
1622759341566 22.56600000000005 288
1622759352427 22.64300000000005 289
1622759363331 22.71900000000005 290
1622759374249 22.79400000000005 291
1622759385202 22.871000000000052 292
1622759396209 22.947000000000052 293
1622759407253 23.023000000000053 294
1622759418357 23.099000000000053 295
1622759429487 23.175000000000054 296
1622759440734 23.250000000000053 297
1622759451991 23.327000000000055 298
1622759463263 23.403000000000056 299
1622759474545 23.479000000000056 300
1622759485790 23.554000000000055 301
1622759497078 23.629000000000055 302
1622759508398 23.704000000000054 303
1622759519890 23.780000000000054 304
1622759531305 23.856000000000055 305
1622759542853 23.933000000000057 306
1622759554341 24.009000000000057 307
1622759565854 24.085000000000058 308
1622759577503 24.160000000000057 309
1622759589230 24.235000000000056 310
1622759600943 24.312000000000058 311
1622759612715 24.38800000000006 312
1622759624455 24.466000000000058 313
1622759636247 24.54200000000006 314
1622759648056 24.61800000000006 315
1622759659996 24.69300000000006 316
1622759671876 24.76700000000006 317
1622759683781 24.84300000000006 318
1622759695714 24.91900000000006 319
1622759707684 24.99500000000006 320
1622759719700 25.07000000000006 321
1622759731730 25.14600000000006 322
1622759743813 25.22200000000006 323
1622759755931 25.298000000000062 324
1622759768117 25.375000000000064 325
1622759780379 25.450000000000063 326
1622759792697 25.527000000000065 327
1622759805048 25.603000000000065 328
1622759817449 25.679000000000066 329
1622759829863 25.756000000000068 330
1622759842293 25.83300000000007 331
1622759854793 25.90900000000007 332
1622759867264 25.98400000000007 333
1622759879782 26.06100000000007 334
1622759892293 26.13600000000007 335
1622759904958 26.210000000000072 336
1622759917620 26.287000000000074 337
1622759930273 26.363000000000074 338
1622759942989 26.439000000000075 339
1622759955671 26.514000000000074 340
1622759968569 26.590000000000074 341
1622759981389 26.666000000000075 342
1622759994170 26.742000000000075 343
1622760006946 26.817000000000075 344
1622760019814 26.892000000000074 345
1622760032611 26.967000000000073 346
1622760045512 27.042000000000073 347
1622760058468 27.117000000000072 348
1622760071609 27.193000000000072 349
1622760085493 27.269000000000073 350
1622760099499 27.415000000000074 351
1622760112480 27.491000000000074 352
1622760125557 27.566000000000074 353
1622760138728 27.641000000000073 354
1622760151836 27.716000000000072 355
1622760165025 27.79100000000007 356
1622760178188 27.867000000000072 357
1622760191527 27.94200000000007 358
1622760204891 28.01700000000007 359
1622760218293 28.09300000000007 360
1622760231801 28.16800000000007 361
1622760245213 28.24400000000007 362
1622760258711 28.31900000000007 363
1622760272254 28.39400000000007 364
1622760285846 28.47000000000007 365
1622760299460 28.54500000000007 366
1622760313038 28.62100000000007 367
1622760326713 28.69700000000007 368
1622760340297 28.77200000000007 369
1622760354003 28.84700000000007 370
1622760367750 28.922000000000068 371
1622760381517 28.99800000000007 372
1622760395360 29.073000000000068 373
1622760409184 29.14900000000007 374
1622760423141 29.224000000000068 375
1622760437122 29.299000000000067 376
1622760451135 29.37300000000007 377
1622760465176 29.44900000000007 378
1622760479232 29.52400000000007 379
1622760493406 29.60000000000007 380
1622760507600 29.67700000000007 381
1622760521703 29.75200000000007 382
1622760535950 29.82700000000007 383
1622760550189 29.90300000000007 384
1622760564459 29.97800000000007 385
1622760578726 30.05400000000007 386
1622760593043 30.13000000000007 387
1622760607321 30.20500000000007 388
1622760621709 30.28000000000007 389
1622760636163 30.355000000000068 390
1622760650616 30.430000000000067 391
1622760665093 30.506000000000068 392
1622760679631 30.58200000000007 393
1622760694184 30.657000000000068 394
1622760708835 30.732000000000067 395
1622760723383 30.807000000000066 396
1622760738071 30.884000000000068 397
1622760752715 30.96000000000007 398
1622760767285 31.035000000000068 399
1622760782029 31.111000000000068 400
1622760796804 31.18700000000007 401
1622760811534 31.26300000000007 402
1622760826392 31.33800000000007 403
1622760841264 31.41400000000007 404
1622760856113 31.48900000000007 405
1622760871077 31.564000000000068 406
1622760886091 31.639000000000067 407
1622760901069 31.715000000000067 408
1622760916167 31.791000000000068 409
1622760932365 31.86800000000007 410
1622760947559 31.94400000000007 411
1622760962728 32.02000000000007 412
1622760977963 32.09600000000007 413
1622760993202 32.17100000000007 414
1622761008587 32.24600000000007 415
1622761023862 32.322000000000074 416
1622761039360 32.39900000000007 417
1622761055805 32.474000000000075 418
1622761071236 32.54800000000007 419
1622761086601 32.62400000000007 420
1622761101984 32.700000000000074 421
1622761117483 32.776000000000074 422
1622761133055 32.852000000000075 423
1622761148558 32.928000000000075 424
1622761164237 33.00300000000008 425
1622761179933 33.07800000000008 426
1622761195629 33.153000000000084 427
1622761211320 33.22800000000009 428
1622761227006 33.30400000000009 429
1622761242799 33.38000000000009 430
1622761258720 33.454000000000086 431
1622761274461 33.52900000000009 432
1622761290241 33.60500000000009 433
1622761306157 33.68000000000009 434
1622761322066 33.755000000000095 435
1622761338044 33.8300000000001 436
1622761353975 33.9060000000001 437
1622761370028 33.9810000000001 438
1622761386205 34.0550000000001 439
1622761402441 34.1300000000001 440
1622761418568 34.2060000000001 441
1622761434810 34.2820000000001 442
1622761451124 34.357000000000106 443
1622761468374 34.430000000000106 444
1622761484747 34.50500000000011 445
1622761501208 34.58000000000011 446
1622761517633 34.655000000000115 447
1622761534048 34.73000000000012 448
1622761550500 34.804000000000116 449
1622761567098 34.880000000000116 450
1622761583648 34.95600000000012 451
1622761600101 35.03100000000012 452
1622761616686 35.10500000000012 453
1622761633436 35.18000000000012 454
1622761650285 35.25500000000012 455
1622761667018 35.331000000000124 456
1622761683827 35.407000000000124 457
1622761700506 35.48200000000013 458
1622761717228 35.556000000000125 459
1622761734096 35.63100000000013 460
1622761751078 35.70700000000013 461
1622761768198 35.78200000000013 462
1622761786175 35.857000000000134 463
1622761803221 35.93200000000014 464
1622761820281 36.00700000000014 465
1622761837378 36.08300000000014 466
1622761854513 36.15900000000014 467
1622761871769 36.234000000000144 468
1622761888991 36.30900000000015 469
1622761906280 36.38400000000015 470
1622761923556 36.46000000000015 471
1622761940894 36.53500000000015 472
1622761958355 36.610000000000156 473
1622761975715 36.687000000000154 474
1622761993139 36.763000000000154 475
1622762010603 36.839000000000155 476
1622762028089 36.91400000000016 477
1622762045671 36.98900000000016 478
1622762063244 37.06400000000016 479
1622762080863 37.139000000000166 480
1622762098547 37.21400000000017 481
1622762116311 37.29000000000017 482
1622762134059 37.36600000000017 483
1622762151853 37.44100000000017 484
1622762169725 37.516000000000176 485
1622762187570 37.592000000000176 486
1622762205490 37.669000000000175 487
1622762223471 37.745000000000175 488
1622762241607 37.821000000000176 489
1622762259704 37.897000000000176 490
1622762278249 37.97300000000018 491
1622762296466 38.04900000000018 492
1622762314828 38.126000000000175 493
1622762334015 38.20400000000018 494
1622762352820 38.28000000000018 495
1622762371066 38.35500000000018 496
1622762389294 38.43200000000018 497
1622762407533 38.50800000000018 498
1622762425852 38.58500000000018 499
1622762444240 38.66100000000018 500
