1622748534608 26 0
1622748535160 15 1
1622748535691 12 2
1622748536269 12 3
1622748536862 12 4
1622748537497 12 5
1622748538163 12 6
1622748538849 12 7
1622748539584 12 8
1622748540353 12 9
1622748541160 12 10
1622748542000 12 11
1622748542901 12 12
1622748543862 12 13
1622748544820 12 14
1622748545819 12 15
1622748546870 12 16
1622748547920 12 17
1622748549009 12 18
1622748550144 12 19
1622748551316 12 20
1622748552506 12 21
1622748554831 12 22
1622748556943 12 23
1622748558252 12 24
1622748559594 12 25
1622748560983 12 26
1622748562401 12 27
1622748563826 12 28
1622748565323 12 29
1622748566864 12 30
1622748568424 12 31
1622748570026 12 32
1622748571651 12 33
1622748573615 12 34
1622748576125 12 35
1622748577881 12 36
1622748579654 12 37
1622748581479 12 38
1622748583319 12 39
1622748585208 12 40
1622748587112 12 41
1622748589073 12 42
1622748591093 12 43
1622748594119 12 44
1622748596228 12 45
1622748598348 12 46
1622748600502 12 47
1622748602704 12 48
1622748604899 12 49
1622748607183 12 50
1622748609450 12 51
1622748611809 12 52
1622748614173 12 53
1622748616593 12 54
1622748619040 12 55
1622748621524 12 56
1622748624027 12 57
1622748626513 12 58
1622748629078 12 59
1622748631704 12 60
1622748634356 12 61
1622748637041 12 62
1622748639778 12 63
1622748642511 12 64
1622748645348 12 65
1622748648180 12 66
1622748651028 12 67
1622748653902 12 68
1622748657293 12 69
1622748660874 12 70
1622748663837 12 71
1622748666874 12 72
1622748669932 12 73
1622748673027 12 74
1622748676176 12 75
1622748679313 12 76
1622748682512 12 77
1622748685776 12 78
1622748689072 12 79
1622748692433 12 80
1622748695846 12 81
1622748699247 12 82
1622748702651 12 83
1622748707034 12 84
1622748710523 12 85
1622748714053 12 86
1622748717635 12 87
1622748721222 12 88
1622748724878 12 89
1622748728537 12 90
1622748732235 12 91
1622748735991 12 92
1622748739758 12 93
1622748743569 12 94
1622748747422 12 95
1622748751321 12 96
1622748755267 12 97
1622748759175 12 98
1622748763146 12 99
1622748767166 12 100
1622748771234 12 101
1622748775328 12 102
1622748780239 12 103
1622748785478 12 104
1622748790789 12 105
1622748795218 12 106
1622748799505 12 107
1622748803831 12 108
1622748808209 12 109
1622748812542 12 110
1622748817009 12 111
1622748821510 12 112
1622748825958 12 113
1622748830521 12 114
1622748835073 12 115
1622748839664 12 116
1622748844268 12 117
1622748848960 12 118
1622748853685 12 119
1622748858382 12 120
1622748863189 12 121
1622748868016 12 122
1622748872841 12 123
1622748877682 12 124
1622748882626 12 125
1622748887980 12 126
1622748893419 12 127
1622748898443 12 128
1622748905661 12 129
1622748911125 12 130
1622748916280 12 131
1622748921445 12 132
1622748927580 12 133
1622748933781 12 134
1622748939107 12 135
1622748944441 12 136
1622748949867 12 137
1622748955381 12 138
1622748962022 12 139
1622748967519 12 140
1622748972975 12 141
1622748979545 12 142
1622748986027 12 143
1622748991616 12 144
1622748997225 12 145
1622749002925 12 146
1622749008647 12 147
1622749014391 12 148
1622749020177 12 149
1622749026009 12 150
1622749031839 12 151
1622749037750 12 152
1622749043709 12 153
1622749049672 12 154
1622749055659 12 155
1622749061725 12 156
1622749067753 12 157
1622749073848 12 158
1622749079952 12 159
1622749086116 12 160
1622749092300 12 161
1622749098499 12 162
1622749104753 12 163
1622749111061 12 164
1622749117423 12 165
1622749123780 12 166
1622749130192 12 167
1622749136708 12 168
1622749143166 12 169
1622749149706 12 170
1622749156294 12 171
1622749163744 12 172
1622749170415 12 173
1622749177129 12 174
1622749183877 12 175
1622749190605 12 176
1622749198269 12 177
1622749205080 12 178
1622749212767 12 179
1622749220488 12 180
1622749227467 12 181
1622749234393 12 182
1622749241443 12 183
1622749248438 12 184
1622749255517 12 185
1622749262599 12 186
1622749269720 12 187
1622749276884 12 188
1622749284049 12 189
1622749291229 12 190
1622749298521 12 191
1622749305844 12 192
1622749313205 12 193
1622749320607 12 194
1622749328969 12 195
1622749338362 12 196
1622749345820 12 197
1622749353346 12 198
1622749360906 12 199
1622749368508 12 200
1622749377148 12 201
1622749385267 12 202
1622749393330 12 203
1622749402409 12 204
1622749411098 12 205
1622749418938 12 206
1622749426826 12 207
1622749434703 12 208
1622749442750 12 209
1622749450756 12 210
1622749459095 12 211
1622749469170 12 212
1622749477250 12 213
1622749487096 12 214
1622749496131 12 215
1622749506964 12 216
1622749515460 12 217
1622749524603 12 218
1622749532938 12 219
1622749541238 12 220
1622749549677 12 221
1622749558109 12 222
1622749566513 12 223
1622749575044 12 224
1622749583564 12 225
1622749592141 12 226
1622749600768 12 227
1622749609335 12 228
1622749619331 12 229
1622749629382 12 230
1622749639053 12 231
1622749647800 12 232
1622749656688 12 233
1622749665495 12 234
1622749675265 12 235
1622749684317 12 236
1622749693308 12 237
1622749702298 12 238
1622749711283 12 239
1622749720386 12 240
1622749729448 12 241
1622749738556 12 242
1622749748560 12 243
1622749758999 12 244
1622749769207 12 245
1622749778415 12 246
1622749787760 12 247
1622749797132 12 248
1622749806515 12 249
1622749815972 12 250
1622749825400 12 251
1622749834900 12 252
1622749844403 12 253
1622749855087 12 254
1622749865838 12 255
1622749875531 12 256
1622749885220 12 257
1622749894945 12 258
1622749905557 12 259
1622749915363 12 260
1622749925187 12 261
1622749935023 12 262
1622749945451 12 263
1622749956383 12 264
1622749967314 12 265
1622749977319 12 266
1622749987387 12 267
1622749997412 12 268
1622750007503 12 269
1622750018589 12 270
1622750028741 12 271
1622750039011 12 272
1622750049313 12 273
1622750059574 12 274
1622750069971 12 275
1622750080300 12 276
1622750090678 12 277
1622750101082 12 278
1622750111823 12 279
1622750123796 12 280
1622750134364 12 281
1622750146399 12 282
1622750157085 12 283
1622750167747 12 284
1622750178405 12 285
1622750189109 12 286
1622750199831 12 287
1622750210604 12 288
1622750221441 12 289
1622750232659 12 290
1622750243666 12 291
1622750254601 12 292
1622750266520 12 293
1622750278460 12 294
1622750289478 12 295
1622750300587 12 296
1622750311715 12 297
1622750322895 12 298
1622750334092 12 299
1622750345243 12 300
1622750356577 12 301
1622750369647 12 302
1622750381070 12 303
1622750392460 12 304
1622750404701 12 305
1622750416718 12 306
1622750428355 12 307
1622750439822 12 308
1622750451475 12 309
1622750463238 12 310
1622750476567 12 311
1622750488325 12 312
1622750500046 12 313
1622750511799 12 314
1622750524436 12 315
1622750539825 12 316
1622750551862 12 317
1622750563722 12 318
1622750575579 12 319
1622750587517 12 320
1622750599494 12 321
1622750611375 12 322
1622750623429 12 323
1622750635449 12 324
1622750647518 12 325
1622750660493 12 326
1622750672744 12 327
1622750685625 12 328
1622750700240 12 329
1622750712499 12 330
1622750724834 12 331
1622750738120 12 332
1622750750499 12 333
1622750762996 12 334
1622750775400 12 335
1622750787862 12 336
1622750800399 12 337
1622750812951 12 338
1622750825620 12 339
1622750838279 12 340
1622750851003 12 341
1622750863762 12 342
1622750878164 12 343
1622750891007 12 344
1622750903928 12 345
1622750916838 12 346
1622750929674 12 347
1622750942506 12 348
1622750955385 12 349
1622750968412 12 350
1622750981484 12 351
1622750994571 12 352
1622751007724 12 353
1622751020866 12 354
1622751034044 12 355
1622751047287 12 356
1622751060561 12 357
1622751073852 12 358
1622751087106 12 359
1622751100427 12 360
1622751113757 12 361
1622751127133 12 362
1622751140631 12 363
1622751154095 12 364
1622751168386 12 365
1622751182515 12 366
1622751196192 12 367
1622751211830 12 368
1622751226449 12 369
1622751240183 12 370
1622751253992 12 371
1622751267961 12 372
1622751282660 12 373
1622751296506 12 374
1622751312174 12 375
1622751326173 12 376
1622751341926 12 377
1622751356031 12 378
1622751370117 12 379
1622751384183 12 380
1622751399222 12 381
1622751413283 12 382
1622751427493 12 383
1622751442713 12 384
1622751456999 12 385
1622751471871 12 386
1622751488524 12 387
1622751503356 12 388
1622751517815 12 389
1622751535202 12 390
1622751551007 12 391
1622751567137 12 392
1622751581663 12 393
1622751596224 12 394
1622751610805 12 395
1622751625450 12 396
1622751640148 12 397
1622751654902 12 398
1622751669527 12 399
1622751684237 12 400
1622751699014 12 401
1622751713962 12 402
1622751729808 12 403
1622751744745 12 404
1622751759792 12 405
1622751774826 12 406
1622751789936 12 407
1622751804961 12 408
1622751820102 12 409
1622751835309 12 410
1622751850534 12 411
1622751865824 12 412
1622751881107 12 413
1622751896499 12 414
1622751911899 12 415
1622751927161 12 416
1622751944346 12 417
1622751959753 12 418
1622751977092 12 419
1622751993068 12 420
1622752009666 12 421
1622752025222 12 422
1622752042632 12 423
1622752058285 12 424
1622752073981 12 425
1622752089780 12 426
1622752105553 12 427
1622752121358 12 428
1622752137214 12 429
1622752153956 12 430
1622752169904 12 431
1622752185828 12 432
1622752203176 12 433
1622752220401 12 434
1622752238086 12 435
1622752254164 12 436
1622752270261 12 437
1622752286485 12 438
1622752303816 12 439
1622752321445 12 440
1622752337970 12 441
1622752354345 12 442
1622752370794 12 443
1622752387149 12 444
1622752403588 12 445
1622752420723 12 446
1622752437174 12 447
1622752453695 12 448
1622752470301 12 449
1622752486936 12 450
1622752504555 12 451
1622752521195 12 452
1622752537849 12 453
1622752554730 12 454
1622752571643 12 455
1622752588504 12 456
1622752605423 12 457
1622752622379 12 458
1622752639308 12 459
1622752656384 12 460
1622752673443 12 461
1622752690406 12 462
1622752708279 12 463
1622752725416 12 464
1622752742479 12 465
1622752759617 12 466
1622752776861 12 467
1622752794128 12 468
1622752811528 12 469
1622752832189 12 470
1622752849619 12 471
1622752866930 12 472
1622752884462 12 473
1622752902965 12 474
1622752920567 12 475
1622752938228 12 476
1622752956919 12 477
1622752976938 12 478
1622752995875 12 479
1622753016768 12 480
1622753035745 12 481
1622753054487 12 482
1622753072366 12 483
1622753090217 12 484
1622753108066 12 485
1622753125972 12 486
1622753143972 12 487
1622753162024 12 488
1622753183049 12 489
1622753202032 12 490
1622753221124 12 491
1622753240554 12 492
1622753258754 12 493
1622753278224 12 494
1622753298291 12 495
1622753318007 12 496
1622753336242 12 497
1622753355490 12 498
1622753374853 12 499
1622753393139 12 500
