1622724299320 0.9413349936830844 0
1622724299859 0.9404952156389759 1
1622724300384 0.9404952156389759 2
1622724300937 0.9414874565380094 3
1622724301522 0.9414874565380094 4
1622724302128 0.9414874565380094 5
1622724302776 0.9414874565380094 6
1622724303455 0.9414874565380094 7
1622724304167 0.9414874565380094 8
1622724304919 0.9414874565380094 9
1622724305700 0.9414874565380094 10
1622724306518 0.9414874565380094 11
1622724307378 0.9414874565380094 12
1622724308261 0.9414874565380094 13
1622724309179 0.9414874565380094 14
1622724310159 0.9414874565380094 15
1622724311141 0.9414874565380094 16
1622724312178 0.9414874565380094 17
1622724313243 0.9414874565380094 18
1622724314353 0.9414874565380094 19
1622724315485 0.9414874565380094 20
1622724316654 0.9414874565380094 21
1622724317847 0.9414874565380094 22
1622724319094 0.9414874565380094 23
1622724320343 0.9414874565380094 24
1622724321639 0.9414874565380094 25
1622724322977 0.9414874565380094 26
1622724324346 0.9414874565380094 27
1622724325753 0.9414874565380094 28
1622724327205 0.9414874565380094 29
1622724328665 0.9414874565380094 30
1622724330196 0.9414874565380094 31
1622724331730 0.9414874565380094 32
1622724333314 0.9414874565380094 33
1622724334957 0.9414874565380094 34
1622724336615 0.9414874565380094 35
1622724338307 0.9414874565380094 36
1622724340034 0.9414874565380094 37
1622724341811 0.9414874565380094 38
1622724343571 0.9414874565380094 39
1622724345404 0.9414874565380094 40
1622724347255 0.9414874565380094 41
1622724349170 0.9414874565380094 42
1622724351109 0.9414874565380094 43
1622724353074 0.9414874565380094 44
1622724355070 0.9414874565380094 45
1622724357126 0.9414874565380094 46
1622724359206 0.9414874565380094 47
1622724361311 0.9414874565380094 48
1622724363448 0.9414874565380094 49
1622724365631 0.9414874565380094 50
1622724367824 0.9414874565380094 51
1622724370058 0.9414874565380094 52
1622724372332 0.9414874565380094 53
1622724374665 0.9414874565380094 54
1622724377011 0.9414874565380094 55
1622724379408 0.9414874565380094 56
1622724381825 0.9414874565380094 57
1622724384280 0.9414874565380094 58
1622724386769 0.9414874565380094 59
1622724389305 0.9414874565380094 60
1622724391861 0.9414874565380094 61
1622724394478 0.9414874565380094 62
1622724397093 0.9414874565380094 63
1622724399732 0.9414874565380094 64
1622724402446 0.9414874565380094 65
1622724405193 0.9414874565380094 66
1622724407993 0.9414874565380094 67
1622724410791 0.9414874565380094 68
1622724413657 0.9414874565380094 69
1622724416541 0.9414874565380094 70
1622724419477 0.9414874565380094 71
1622724422429 0.9414874565380094 72
1622724425392 0.9414874565380094 73
1622724428385 0.9414874565380094 74
1622724431388 0.9414874565380094 75
1622724434480 0.9414874565380094 76
1622724437597 0.9414874565380094 77
1622724440746 0.9414874565380094 78
1622724443915 0.9414874565380094 79
1622724447143 0.9414874565380094 80
1622724450404 0.9414874565380094 81
1622724453710 0.9414874565380094 82
1622724457024 0.9414874565380094 83
1622724460399 0.9414874565380094 84
1622724463802 0.9414874565380094 85
1622724467226 0.9414874565380094 86
1622724470720 0.9414874565380094 87
1622724474234 0.9414874565380094 88
1622724477794 0.9414874565380094 89
1622724481357 0.9414874565380094 90
1622724484965 0.9414874565380094 91
1622724488601 0.9414874565380094 92
1622724492289 0.9414874565380094 93
1622724496025 0.9414874565380094 94
1622724499721 0.9414874565380094 95
1622724503505 0.9414874565380094 96
1622724507286 0.9414874565380094 97
1622724511102 0.9414874565380094 98
1622724514987 0.9414874565380094 99
1622724518880 0.9414874565380094 100
1622724522793 0.9414874565380094 101
1622724526774 0.9414874565380094 102
1622724530795 0.9414874565380094 103
1622724534844 0.9414874565380094 104
1622724538922 0.9414874565380094 105
1622724543007 0.9414874565380094 106
1622724547104 0.9414874565380094 107
1622724551243 0.9414874565380094 108
1622724555488 0.9414874565380094 109
1622724559765 0.9414874565380094 110
1622724564088 0.9414874565380094 111
1622724568381 0.9414874565380094 112
1622724572747 0.9414874565380094 113
1622724577177 0.9414874565380094 114
1622724581616 0.9414874565380094 115
1622724586060 0.9414874565380094 116
1622724590567 0.9414874565380094 117
1622724595066 0.9414874565380094 118
1622724599647 0.9414874565380094 119
1622724604256 0.9414874565380094 120
1622724608893 0.9414874565380094 121
1622724613541 0.9414874565380094 122
1622724618245 0.9414874565380094 123
1622724623058 0.9414874565380094 124
1622724627894 0.9414874565380094 125
1622724632739 0.9414874565380094 126
1622724637617 0.9414874565380094 127
1622724642535 0.9414874565380094 128
1622724647491 0.9414874565380094 129
1622724652527 0.9414874565380094 130
1622724657520 0.9414874565380094 131
1622724662553 0.9414874565380094 132
1622724667651 0.9414874565380094 133
1622724672751 0.9414874565380094 134
1622724677922 0.9414874565380094 135
1622724683106 0.9414874565380094 136
1622724688367 0.9414874565380094 137
1622724693634 0.9414874565380094 138
1622724698844 0.9414874565380094 139
1622724704155 0.9414874565380094 140
1622724709504 0.9414874565380094 141
1622724714871 0.9414874565380094 142
1622724720298 0.9414874565380094 143
1622724725727 0.9414874565380094 144
1622724731207 0.9414874565380094 145
1622724736671 0.9414874565380094 146
1622724742242 0.9414874565380094 147
1622724747815 0.9414874565380094 148
1622724753401 0.9414874565380094 149
1622724759109 0.9414874565380094 150
1622724764846 0.9414874565380094 151
1622724770570 0.9414874565380094 152
1622724776272 0.9414874565380094 153
1622724782047 0.9414874565380094 154
1622724787894 0.9414874565380094 155
1622724793794 0.9414874565380094 156
1622724799704 0.9414874565380094 157
1622724805624 0.9414874565380094 158
1622724811612 0.9414874565380094 159
1622724817623 0.9414874565380094 160
1622724823624 0.9414874565380094 161
1622724829668 0.9414874565380094 162
1622724835759 0.9414874565380094 163
1622724841879 0.9414874565380094 164
1622724848058 0.9414874565380094 165
1622724854210 0.9414874565380094 166
1622724860405 0.9414874565380094 167
1622724866614 0.9414874565380094 168
1622724872873 0.9414874565380094 169
1622724879226 0.9414874565380094 170
1622724885628 0.9414874565380094 171
1622724892054 0.9414874565380094 172
1622724898476 0.9414874565380094 173
1622724904927 0.9414874565380094 174
1622724911418 0.9414874565380094 175
1622724917933 0.9414874565380094 176
1622724924503 0.9414874565380094 177
1622724931096 0.9414874565380094 178
1622724937767 0.9414874565380094 179
1622724944418 0.9414874565380094 180
1622724951159 0.9414874565380094 181
1622724957916 0.9414874565380094 182
1622724964734 0.9414874565380094 183
1622724971560 0.9414874565380094 184
1622724978459 0.9414874565380094 185
1622724985425 0.9414874565380094 186
1622724992403 0.9414874565380094 187
1622724999340 0.9414874565380094 188
1622725006308 0.9414874565380094 189
1622725013413 0.9414874565380094 190
1622725020481 0.9414874565380094 191
1622725027586 0.9414874565380094 192
1622725034685 0.9414874565380094 193
1622725041839 0.9414874565380094 194
1622725049004 0.9414874565380094 195
1622725056159 0.9414874565380094 196
1622725063420 0.9414874565380094 197
1622725070759 0.9414874565380094 198
1622725078137 0.9414874565380094 199
1622725085524 0.9414874565380094 200
1622725092928 0.9414874565380094 201
1622725100377 0.9414874565380094 202
1622725107853 0.9414874565380094 203
1622725115370 0.9414874565380094 204
1622725122960 0.9414874565380094 205
1622725130585 0.9414874565380094 206
1622725138232 0.9414874565380094 207
1622725145896 0.9414874565380094 208
1622725153589 0.9414874565380094 209
1622725161318 0.9414874565380094 210
1622725169065 0.9414874565380094 211
1622725176794 0.9414874565380094 212
1622725184683 0.9414874565380094 213
1622725192527 0.9414874565380094 214
1622725200443 0.9414874565380094 215
1622725208314 0.9414874565380094 216
1622725216236 0.9414874565380094 217
1622725224272 0.9414874565380094 218
1622725232295 0.9414874565380094 219
1622725240348 0.9414874565380094 220
1622725248418 0.9414874565380094 221
1622725256563 0.9414874565380094 222
1622725264684 0.9414874565380094 223
1622725272925 0.9414874565380094 224
1622725281173 0.9414874565380094 225
1622725289448 0.9414874565380094 226
1622725297708 0.9414874565380094 227
1622725305992 0.9414874565380094 228
1622725314273 0.9414874565380094 229
1622725322789 0.9414874565380094 230
1622725331242 0.9414874565380094 231
1622725339748 0.9414874565380094 232
1622725348280 0.9414874565380094 233
1622725356886 0.9414874565380094 234
1622725365454 0.9414874565380094 235
1622725374059 0.9414874565380094 236
1622725382683 0.9414874565380094 237
1622725391354 0.9414874565380094 238
1622725400056 0.9414874565380094 239
1622725408767 0.9414874565380094 240
1622725417491 0.9414874565380094 241
1622725426274 0.9414874565380094 242
1622725435144 0.9414874565380094 243
1622725444014 0.9414874565380094 244
1622725452945 0.9414874565380094 245
1622725461857 0.9414874565380094 246
1622725470830 0.9414874565380094 247
1622725479872 0.9414874565380094 248
1622725488892 0.9414874565380094 249
1622725497988 0.9414874565380094 250
1622725507180 0.9414874565380094 251
1622725516322 0.9414874565380094 252
1622725525503 0.9414874565380094 253
1622725534823 0.9414874565380094 254
1622725544216 0.9414874565380094 255
1622725553503 0.9414874565380094 256
1622725562805 0.9414874565380094 257
1622725572179 0.9414874565380094 258
1622725581596 0.9414874565380094 259
1622725591067 0.9414874565380094 260
1622725600533 0.9414874565380094 261
1622725609985 0.9414874565380094 262
1622725619505 0.9414874565380094 263
1622725629143 0.9414874565380094 264
1622725638720 0.9414874565380094 265
1622725648314 0.9414874565380094 266
1622725657969 0.9414874565380094 267
1622725667663 0.9414874565380094 268
1622725677344 0.9414874565380094 269
1622725687152 0.9414874565380094 270
1622725697040 0.9414874565380094 271
1622725706937 0.9414874565380094 272
1622725716890 0.9414874565380094 273
1622725726800 0.9414874565380094 274
1622725736683 0.9414874565380094 275
1622725746654 0.9414874565380094 276
1622725756656 0.9414874565380094 277
1622725766678 0.9414874565380094 278
1622725776848 0.9414874565380094 279
1622725787087 0.9414874565380094 280
1622725797298 0.9414874565380094 281
1622725807459 0.9414874565380094 282
1622725817814 0.9414874565380094 283
1622725828174 0.9414874565380094 284
1622725838535 0.9414874565380094 285
1622725848837 0.9414874565380094 286
1622725859251 0.9414874565380094 287
1622725869623 0.9414874565380094 288
1622725880072 0.9414874565380094 289
1622725890399 0.9414874565380094 290
1622725900954 0.9414874565380094 291
1622725911512 0.9414874565380094 292
1622725922121 0.9414874565380094 293
1622725932701 0.9414874565380094 294
1622725943438 0.9414874565380094 295
1622725954071 0.9414874565380094 296
1622725964888 0.9414874565380094 297
1622725975665 0.9414874565380094 298
1622725986413 0.9414874565380094 299
1622725997180 0.9414874565380094 300
1622726008008 0.9414874565380094 301
1622726018990 0.9414874565380094 302
1622726029872 0.9414874565380094 303
1622726040779 0.9414874565380094 304
1622726051805 0.9414874565380094 305
1622726062838 0.9414874565380094 306
1622726073921 0.9414874565380094 307
1622726084972 0.9414874565380094 308
1622726096136 0.9414874565380094 309
1622726107308 0.9414874565380094 310
1622726118456 0.9414874565380094 311
1622726129648 0.9414874565380094 312
1622726140826 0.9414874565380094 313
1622726152125 0.9414874565380094 314
1622726163542 0.9414874565380094 315
1622726174854 0.9414874565380094 316
1622726186246 0.9414874565380094 317
1622726197592 0.9414874565380094 318
1622726209101 0.9414874565380094 319
1622726220560 0.9414874565380094 320
1622726232020 0.9414874565380094 321
1622726243535 0.9414874565380094 322
1622726255181 0.9414874565380094 323
1622726266741 0.9414874565380094 324
1622726278514 0.9414874565380094 325
1622726290260 0.9414874565380094 326
1622726302011 0.9414874565380094 327
1622726313760 0.9414874565380094 328
1622726325517 0.9414874565380094 329
1622726337313 0.9414874565380094 330
1622726349229 0.9414874565380094 331
1622726361166 0.9414874565380094 332
1622726373139 0.9414874565380094 333
1622726385198 0.9414874565380094 334
1622726397230 0.9414874565380094 335
1622726409295 0.9414874565380094 336
1622726421382 0.9414874565380094 337
1622726433508 0.9414874565380094 338
1622726445695 0.9414874565380094 339
1622726457919 0.9414874565380094 340
1622726470109 0.9414874565380094 341
1622726482463 0.9414874565380094 342
1622726494716 0.9414874565380094 343
1622726506961 0.9414874565380094 344
1622726519418 0.9414874565380094 345
1622726531756 0.9414874565380094 346
1622726544117 0.9414874565380094 347
1622726556551 0.9414874565380094 348
1622726569058 0.9414874565380094 349
1622726581526 0.9414874565380094 350
1622726594078 0.9414874565380094 351
1622726606696 0.9414874565380094 352
1622726619349 0.9414874565380094 353
1622726632015 0.9414874565380094 354
1622726644754 0.9414874565380094 355
1622726657459 0.9414874565380094 356
1622726670165 0.9414874565380094 357
1622726683015 0.9414874565380094 358
1622726695765 0.9414874565380094 359
1622726708653 0.9414874565380094 360
1622726721443 0.9414874565380094 361
1622726734281 0.9414874565380094 362
1622726747314 0.9414874565380094 363
1622726760339 0.9414874565380094 364
1622726773320 0.9414874565380094 365
1622726786343 0.9414874565380094 366
1622726799500 0.9414874565380094 367
1622726812646 0.9414874565380094 368
1622726825740 0.9414874565380094 369
1622726839000 0.9414874565380094 370
1622726852206 0.9414874565380094 371
1622726865411 0.9414874565380094 372
1622726878812 0.9414874565380094 373
1622726892182 0.9414874565380094 374
1622726905623 0.9414874565380094 375
1622726919011 0.9414874565380094 376
1622726932434 0.9414874565380094 377
1622726945898 0.9414874565380094 378
1622726959404 0.9414874565380094 379
1622726972879 0.9414874565380094 380
1622726986422 0.9414874565380094 381
1622727000086 0.9414874565380094 382
1622727013671 0.9414874565380094 383
1622727027349 0.9414874565380094 384
1622727040957 0.9414874565380094 385
1622727054682 0.9414874565380094 386
1622727068561 0.9414874565380094 387
1622727082385 0.9414874565380094 388
1622727096254 0.9414874565380094 389
1622727109999 0.9414874565380094 390
1622727123927 0.9414874565380094 391
1622727137869 0.9414874565380094 392
1622727151818 0.9414874565380094 393
1622727165838 0.9414874565380094 394
1622727179839 0.9414874565380094 395
1622727194051 0.9414874565380094 396
1622727208172 0.9414874565380094 397
1622727222379 0.9414874565380094 398
1622727236502 0.9414874565380094 399
1622727250689 0.9414874565380094 400
1622727264886 0.9414874565380094 401
1622727279206 0.9414874565380094 402
1622727293614 0.9414874565380094 403
1622727307952 0.9414874565380094 404
1622727322412 0.9414874565380094 405
1622727336971 0.9414874565380094 406
1622727351512 0.9414874565380094 407
1622727366006 0.9414874565380094 408
1622727380491 0.9414874565380094 409
1622727395034 0.9414874565380094 410
1622727409590 0.9414874565380094 411
1622727424230 0.9414874565380094 412
1622727438893 0.9414874565380094 413
1622727453694 0.9414874565380094 414
1622727468542 0.9414874565380094 415
1622727483283 0.9414874565380094 416
1622727498171 0.9414874565380094 417
1622727513233 0.9414874565380094 418
1622727528149 0.9414874565380094 419
1622727543177 0.9414874565380094 420
1622727558330 0.9414874565380094 421
1622727573530 0.9414874565380094 422
1622727588640 0.9414874565380094 423
1622727603978 0.9414874565380094 424
1622727619143 0.9414874565380094 425
1622727634389 0.9414874565380094 426
1622727649702 0.9414874565380094 427
1622727665104 0.9414874565380094 428
1622727680510 0.9414874565380094 429
1622727695691 0.9414874565380094 430
1622727710955 0.9414874565380094 431
1622727726252 0.9414874565380094 432
1622727741318 0.9414874565380094 433
1622727756484 0.9414874565380094 434
1622727771730 0.9414874565380094 435
1622727787002 0.9414874565380094 436
1622727802217 0.9414874565380094 437
1622727817535 0.9414874565380094 438
1622727832805 0.9414874565380094 439
1622727848254 0.9414874565380094 440
1622727863761 0.9414874565380094 441
1622727879048 0.9414874565380094 442
1622727894539 0.9414874565380094 443
1622727910403 0.9414874565380094 444
1622727926243 0.9414874565380094 445
1622727941837 0.9414874565380094 446
1622727957706 0.9414874565380094 447
1622727973399 0.9414874565380094 448
1622727989232 0.9414874565380094 449
1622728005212 0.9414874565380094 450
1622728021273 0.9414874565380094 451
1622728037504 0.9414874565380094 452
1622728053765 0.9414874565380094 453
1622728070138 0.9414874565380094 454
1622728086342 0.9414874565380094 455
1622728102437 0.9414874565380094 456
1622728118741 0.9414874565380094 457
1622728135177 0.9414874565380094 458
1622728151817 0.9414874565380094 459
1622728168240 0.9414874565380094 460
1622728184475 0.9414874565380094 461
1622728201228 0.9414874565380094 462
1622728217916 0.9414874565380094 463
1622728234926 0.9414874565380094 464
1622728251560 0.9414874565380094 465
1622728267953 0.9414874565380094 466
1622728284475 0.9414874565380094 467
1622728301002 0.9414874565380094 468
1622728317561 0.9414874565380094 469
1622728334039 0.9414874565380094 470
1622728350914 0.9414874565380094 471
1622728367473 0.9414874565380094 472
1622728384064 0.9414874565380094 473
1622728400634 0.9414874565380094 474
1622728417208 0.9414874565380094 475
1622728433781 0.9414874565380094 476
1622728450164 0.9414874565380094 477
1622728466835 0.9414874565380094 478
1622728483471 0.9414874565380094 479
1622728499918 0.9414874565380094 480
1622728516451 0.9414874565380094 481
1622728533069 0.9414874565380094 482
1622728549786 0.9414874565380094 483
1622728566451 0.9414874565380094 484
1622728583152 0.9414874565380094 485
1622728599506 0.9414874565380094 486
1622728615872 0.9414874565380094 487
1622728632336 0.9414874565380094 488
1622728649063 0.9414874565380094 489
1622728665720 0.9414874565380094 490
1622728682418 0.9414874565380094 491
1622728699054 0.9414874565380094 492
1622728715567 0.9414874565380094 493
1622728732199 0.9414874565380094 494
1622728748862 0.9414874565380094 495
1622728765509 0.9414874565380094 496
1622728782231 0.9414874565380094 497
1622728799034 0.9414874565380094 498
1622728815994 0.9414874565380094 499
1622728832733 0.9414874565380094 500
