1622738828486 50 0
1622738829017 60 1
1622738829560 70 2
1622738830148 80 3
1622738830745 90 4
1622738831389 100 5
1622738832066 110 6
1622738832778 120 7
1622738833526 130 8
1622738834308 140 9
1622738835118 150 10
1622738835973 160 11
1622738836840 170 12
1622738837764 180 13
1622738838718 190 14
1622738839715 200 15
1622738840746 210 16
1622738841815 220 17
1622738842907 230 18
1622738844029 240 19
1622738845182 250 20
1622738846389 260 21
1622738847641 270 22
1622738849892 280 23
1622738851210 290 24
1622738852559 300 25
1622738853953 310 26
1622738855372 320 27
1622738856825 330 28
1622738858314 340 29
1622738859847 350 30
1622738861407 360 31
1622738863019 370 32
1622738864654 380 33
1622738866329 390 34
1622738868046 400 35
1622738869814 410 36
1622738871580 420 37
1622738873405 430 38
1622738875278 440 39
1622738877158 450 40
1622738879098 460 41
1622738881035 470 42
1622738883042 480 43
1622738885084 490 44
1622738887172 500 45
1622738889295 510 46
1622738891446 520 47
1622738893631 530 48
1622738895830 540 49
1622738898082 550 50
1622738900352 560 51
1622738902700 570 52
1622738905063 580 53
1622738907428 590 54
1622738909871 600 55
1622738912349 610 56
1622738914858 620 57
1622738917391 630 58
1622738919976 640 59
1622738922612 650 60
1622738925266 660 61
1622738927967 670 62
1622738930699 680 63
1622738933466 690 64
1622738936231 700 65
1622738939064 710 66
1622738941906 720 67
1622738944783 730 68
1622738947703 740 69
1622738950671 750 70
1622738953662 760 71
1622738956716 770 72
1622738959776 780 73
1622738962867 790 74
1622738966042 800 75
1622738969249 810 76
1622738972503 820 77
1622738975770 830 78
1622738979002 840 79
1622738982308 850 80
1622738985615 860 81
1622738989028 870 82
1622738992445 880 83
1622738996913 890 84
1622739000415 900 85
1622739003952 910 86
1622739007549 920 87
1622739011150 930 88
1622739014890 940 89
1622739018562 950 90
1622739022301 960 91
1622739026163 970 92
1622739029961 980 93
1622739033870 990 94
1622739037800 1000 95
1622739041747 1010 96
1622739045708 1020 97
1622739049682 1030 98
1622739053708 1040 99
1622739057783 1050 100
1622739061896 1060 101
1622739066068 1070 102
1622739070207 1080 103
1622739074405 1090 104
1622739078617 1100 105
1622739082885 1110 106
1622739087219 1120 107
1622739091572 1130 108
1622739095980 1140 109
1622739100425 1150 110
1622739104878 1160 111
1622739109378 1170 112
1622739113958 1180 113
1622739118505 1190 114
1622739123110 1200 115
1622739127770 1210 116
1622739132465 1220 117
1622739137191 1230 118
1622739141941 1240 119
1622739146696 1250 120
1622739151537 1260 121
1622739156410 1270 122
1622739161317 1280 123
1622739166270 1290 124
1622739171239 1300 125
1622739176310 1310 126
1622739181370 1320 127
1622739186464 1330 128
1622739191559 1340 129
1622739196725 1350 130
1622739201901 1360 131
1622739207167 1370 132
1622739212425 1380 133
1622739217719 1390 134
1622739223084 1400 135
1622739228444 1410 136
1622739233890 1420 137
1622739239350 1430 138
1622739244833 1440 139
1622739250396 1450 140
1622739256005 1460 141
1622739261607 1470 142
1622739267204 1480 143
1622739272859 1490 144
1622739278635 1500 145
1622739284353 1510 146
1622739290228 1520 147
1622739296086 1530 148
1622739301991 1540 149
1622739307947 1550 150
1622739313863 1560 151
1622739319865 1570 152
1622739325814 1580 153
1622739331799 1590 154
1622739337880 1600 155
1622739343962 1610 156
1622739350093 1620 157
1622739356272 1630 158
1622739362484 1640 159
1622739368740 1650 160
1622739375000 1660 161
1622739381279 1670 162
1622739387657 1680 163
1622739394018 1690 164
1622739400400 1700 165
1622739406916 1710 166
1622739413471 1720 167
1622739420025 1730 168
1622739426655 1740 169
1622739433238 1750 170
1622739439861 1760 171
1622739446495 1770 172
1622739453176 1780 173
1622739459922 1790 174
1622739466672 1800 175
1622739474451 1810 176
1622739481245 1820 177
1622739487988 1830 178
1622739494877 1840 179
1622739501739 1850 180
1622739508694 1860 181
1622739515698 1870 182
1622739522690 1880 183
1622739529799 1890 184
1622739536924 1900 185
1622739544032 1910 186
1622739551174 1920 187
1622739558586 1930 188
1622739566422 1940 189
1622739573708 1950 190
1622739580943 1960 191
1622739588251 1970 192
1622739595648 1980 193
1622739603014 1990 194
1622739610489 2000 195
1622739618157 2010 196
1622739626737 2020 197
1622739634433 2030 198
1622739641985 2040 199
1622739649659 2050 200
1622739658060 2060 201
1622739665741 2070 202
1622739673445 2080 203
1622739681214 2090 204
1622739689056 2100 205
1622739696845 2110 206
1622739704635 2120 207
1622739712492 2130 208
1622739720441 2140 209
1622739728383 2150 210
1622739736414 2160 211
1622739744415 2170 212
1622739752540 2180 213
1622739760570 2190 214
1622739768726 2200 215
1622739776894 2210 216
1622739785086 2220 217
1622739793347 2230 218
1622739801585 2240 219
1622739809916 2250 220
1622739818311 2260 221
1622739827228 2270 222
1622739835831 2280 223
1622739844362 2290 224
1622739852868 2300 225
1622739861376 2310 226
1622739869966 2320 227
1622739878622 2330 228
1622739887281 2340 229
1622739896000 2350 230
1622739904768 2360 231
1622739914968 2370 232
1622739925230 2380 233
1622739935496 2390 234
1622739944708 2400 235
1622739953646 2410 236
1622739962569 2420 237
1622739971549 2430 238
1622739980536 2440 239
1622739989634 2450 240
1622740000149 2460 241
1622740009325 2470 242
1622740018514 2480 243
1622740027725 2490 244
1622740037003 2500 245
1622740046362 2510 246
1622740055681 2520 247
1622740065079 2530 248
1622740074532 2540 249
1622740083949 2550 250
1622740093435 2560 251
1622740102935 2570 252
1622740112475 2580 253
1622740122047 2590 254
1622740131655 2600 255
1622740141317 2610 256
1622740150996 2620 257
1622740160752 2630 258
1622740170580 2640 259
1622740180455 2650 260
1622740190305 2660 261
1622740200186 2670 262
1622740210087 2680 263
1622740219947 2690 264
1622740229898 2700 265
1622740239966 2710 266
1622740249977 2720 267
1622740260076 2730 268
1622740270185 2740 269
1622740280402 2750 270
1622740290619 2760 271
1622740300929 2770 272
1622740311280 2780 273
1622740321562 2790 274
1622740331984 2800 275
1622740342467 2810 276
1622740353051 2820 277
1622740363571 2830 278
1622740374104 2840 279
1622740384658 2850 280
1622740395264 2860 281
1622740405839 2870 282
1622740416538 2880 283
1622740427218 2890 284
1622740437936 2900 285
1622740448686 2910 286
1622740459423 2920 287
1622740470285 2930 288
1622740481191 2940 289
1622740492076 2950 290
1622740502982 2960 291
1622740513907 2970 292
1622740524908 2980 293
1622740535916 2990 294
1622740546986 3000 295
1622740558100 3010 296
1622740569235 3020 297
1622740580345 3030 298
1622740591551 3040 299
1622740602769 3050 300
1622740614043 3060 301
1622740625388 3070 302
1622740636728 3080 303
1622740648102 3090 304
1622740659575 3100 305
1622740670973 3110 306
1622740682566 3120 307
1622740694071 3130 308
1622740705676 3140 309
1622740717269 3150 310
1622740728994 3160 311
1622740740719 3170 312
1622740752445 3180 313
1622740764232 3190 314
1622740776076 3200 315
1622740787974 3210 316
1622740799851 3220 317
1622740811711 3230 318
1622740823618 3240 319
1622740835598 3250 320
1622740847685 3260 321
1622740859682 3270 322
1622740871779 3280 323
1622740883861 3290 324
1622740895997 3300 325
1622740908214 3310 326
1622740920468 3320 327
1622740932727 3330 328
1622740945060 3340 329
1622740957402 3350 330
1622740969781 3360 331
1622740982211 3370 332
1622740994651 3380 333
1622741007095 3390 334
1622741019652 3400 335
1622741032167 3410 336
1622741044773 3420 337
1622741057361 3430 338
1622741070021 3440 339
1622741082691 3450 340
1622741095496 3460 341
1622741108239 3470 342
1622741121070 3480 343
1622741133986 3490 344
1622741146849 3500 345
1622741159766 3510 346
1622741172695 3520 347
1622741185747 3530 348
1622741198698 3540 349
1622741211788 3550 350
1622741224819 3560 351
1622741238002 3570 352
1622741251170 3580 353
1622741264347 3590 354
1622741277613 3600 355
1622741290956 3610 356
1622741304337 3620 357
1622741317708 3630 358
1622741331197 3640 359
1622741344527 3650 360
1622741358081 3660 361
1622741371549 3670 362
1622741385151 3680 363
1622741398727 3690 364
1622741412307 3700 365
1622741425921 3710 366
1622741439756 3720 367
1622741453564 3730 368
1622741467376 3740 369
1622741481230 3750 370
1622741495016 3760 371
1622741508820 3770 372
1622741522695 3780 373
1622741536577 3790 374
1622741550639 3800 375
1622741564624 3810 376
1622741578512 3820 377
1622741592654 3830 378
1622741606743 3840 379
1622741620962 3850 380
1622741635124 3860 381
1622741649245 3870 382
1622741663512 3880 383
1622741677768 3890 384
1622741692138 3900 385
1622741706496 3910 386
1622741720838 3920 387
1622741735303 3930 388
1622741749796 3940 389
1622741764156 3950 390
1622741778628 3960 391
1622741793232 3970 392
1622741807834 3980 393
1622741822487 3990 394
1622741837394 4000 395
1622741852132 4010 396
1622741866889 4020 397
1622741881713 4030 398
1622741896549 4040 399
1622741911498 4050 400
1622741926459 4060 401
1622741941514 4070 402
1622741956529 4080 403
1622741971570 4090 404
1622741986579 4100 405
1622742001617 4110 406
1622742016777 4120 407
1622742031951 4130 408
1622742047197 4140 409
1622742062465 4150 410
1622742077835 4160 411
1622742093374 4170 412
1622742108773 4180 413
1622742124318 4190 414
1622742139773 4200 415
1622742155259 4210 416
1622742170888 4220 417
1622742186374 4230 418
1622742201926 4240 419
1622742217500 4250 420
1622742233161 4260 421
1622742248914 4270 422
1622742264638 4280 423
1622742280344 4290 424
1622742296046 4300 425
1622742311840 4310 426
1622742327642 4320 427
1622742343454 4330 428
1622742359362 4340 429
1622742375206 4350 430
1622742391233 4360 431
1622742407266 4370 432
1622742423342 4380 433
1622742439462 4390 434
1622742455614 4400 435
1622742471868 4410 436
1622742488062 4420 437
1622742504309 4430 438
1622742520459 4440 439
1622742536689 4450 440
1622742553087 4460 441
1622742569398 4470 442
1622742585721 4480 443
1622742602247 4490 444
1622742618790 4500 445
1622742635368 4510 446
1622742652028 4520 447
1622742668593 4530 448
1622742685192 4540 449
1622742701922 4550 450
1622742718578 4560 451
1622742735299 4570 452
1622742752157 4580 453
1622742769102 4590 454
1622742785863 4600 455
1622742802762 4610 456
1622742819657 4620 457
1622742836704 4630 458
1622742853626 4640 459
1622742870680 4650 460
1622742887725 4660 461
1622742904749 4670 462
1622742921927 4680 463
1622742939059 4690 464
1622742956331 4700 465
1622742973625 4710 466
1622742990858 4720 467
1622743008085 4730 468
1622743025375 4740 469
1622743042821 4750 470
1622743060181 4760 471
1622743077669 4770 472
1622743095122 4780 473
1622743112606 4790 474
1622743130260 4800 475
1622743147972 4810 476
1622743165684 4820 477
1622743183400 4830 478
1622743201048 4840 479
1622743218780 4850 480
1622743236666 4860 481
1622743254537 4870 482
1622743272432 4880 483
1622743290475 4890 484
1622743308391 4900 485
1622743326375 4910 486
1622743344395 4920 487
1622743362444 4930 488
1622743380597 4940 489
1622743398703 4950 490
1622743416816 4960 491
1622743435146 4970 492
1622743453465 4980 493
1622743471779 4990 494
1622743490199 5000 495
1622743508671 5010 496
1622743527132 5020 497
1622743545625 5030 498
1622743564096 5040 499
1622743582646 5050 500
