1622620529009 26 0
1622620529563 13 1
1622620530109 13 2
1622620530697 13 3
1622620531321 13 4
1622620531960 13 5
1622620532639 13 6
1622620533353 13 7
1622620534126 13 8
1622620534912 13 9
1622620535747 13 10
1622620536620 13 11
1622620537509 13 12
1622620538441 13 13
1622620539428 13 14
1622620540434 13 15
1622620541486 13 16
1622620542568 13 17
1622620543682 13 18
1622620544841 13 19
1622620546074 13 20
1622620547361 13 21
1622620548650 13 22
1622620549961 13 23
1622620551306 13 24
1622620552686 13 25
1622620554091 13 26
1622620555519 13 27
1622620556971 13 28
1622620558501 13 29
1622620560075 13 30
1622620561672 13 31
1622620563299 13 32
1622620564964 13 33
1622620566635 13 34
1622620568362 13 35
1622620570113 13 36
1622620571890 13 37
1622620573687 13 38
1622620575537 13 39
1622620577397 13 40
1622620580311 13 41
1622620582306 13 42
1622620584289 13 43
1622620586314 13 44
1622620588367 13 45
1622620590485 13 46
1622620592633 13 47
1622620594814 13 48
1622620597001 13 49
1622620599234 13 50
1622620601518 13 51
1622620603820 13 52
1622620606316 13 53
1622620608700 13 54
1622620611083 13 55
1622620613530 13 56
1622620616017 13 57
1622620618573 13 58
1622620621249 13 59
1622620623875 13 60
1622620626641 13 61
1622620629527 13 62
1622620632425 13 63
1622620635222 13 64
1622620638006 13 65
1622620640819 13 66
1622620643670 13 67
1622620646565 13 68
1622620649471 13 69
1622620652435 13 70
1622620655424 13 71
1622620658419 13 72
1622620661443 13 73
1622620664568 13 74
1622620667694 13 75
1622620670847 13 76
1622620674043 13 77
1622620677268 13 78
1622620680518 13 79
1622620683836 13 80
1622620687189 13 81
1622620690562 13 82
1622620694213 13 83
1622620697907 13 84
1622620701674 13 85
1622620705540 13 86
1622620709351 13 87
1622620713048 13 88
1622620716662 13 89
1622620720353 13 90
1622620724038 13 91
1622620728080 13 92
1622620731881 13 93
1622620735692 13 94
1622620739481 13 95
1622620743349 13 96
1622620747249 13 97
1622620751202 13 98
1622620755211 13 99
1622620759476 13 100
1622620763525 13 101
1622620767651 13 102
1622620771803 13 103
1622620776089 13 104
1622620780390 13 105
1622620784645 13 106
1622620788951 13 107
1622620793236 13 108
1622620797644 13 109
1622620802075 13 110
1622620806464 13 111
1622620810929 13 112
1622620815450 13 113
1622620819987 13 114
1622620824543 13 115
1622620829181 13 116
1622620833846 13 117
1622620838613 13 118
1622620843278 13 119
1622620849112 13 120
1622620853897 13 121
1622620858708 13 122
1622620863546 13 123
1622620868449 13 124
1622620873375 13 125
1622620878383 13 126
1622620883447 13 127
1622620888906 13 128
1622620894016 13 129
1622620899147 13 130
1622620904313 13 131
1622620909502 13 132
1622620914664 13 133
1622620920026 13 134
1622620925382 13 135
1622620931036 13 136
1622620936581 13 137
1622620942104 13 138
1622620947698 13 139
1622620954510 13 140
1622620961249 13 141
1622620966879 13 142
1622620972709 13 143
1622620978569 13 144
1622620984339 13 145
1622620991076 13 146
1622620996816 13 147
1622621002637 13 148
1622621008527 13 149
1622621014544 13 150
1622621020511 13 151
1622621026516 13 152
1622621032521 13 153
1622621038739 13 154
1622621045097 13 155
1622621051211 13 156
1622621057638 13 157
1622621064831 13 158
1622621071040 13 159
1622621077248 13 160
1622621084619 13 161
1622621091250 13 162
1622621097574 13 163
1622621103909 13 164
1622621110375 13 165
1622621116819 13 166
1622621123280 13 167
1622621129754 13 168
1622621136273 13 169
1622621142874 13 170
1622621150784 13 171
1622621157689 13 172
1622621164403 13 173
1622621171350 13 174
1622621178541 13 175
1622621185400 13 176
1622621192307 13 177
1622621199233 13 178
1622621206128 13 179
1622621213110 13 180
1622621220061 13 181
1622621227143 13 182
1622621235147 13 183
1622621242256 13 184
1622621249472 13 185
1622621256689 13 186
1622621263904 13 187
1622621271600 13 188
1622621279187 13 189
1622621286496 13 190
1622621293776 13 191
1622621301193 13 192
1622621308755 13 193
1622621316310 13 194
1622621323954 13 195
1622621332149 13 196
1622621339819 13 197
1622621347435 13 198
1622621355136 13 199
1622621362784 13 200
1622621370509 13 201
1622621378180 13 202
1622621385986 13 203
1622621393843 13 204
1622621401733 13 205
1622621409748 13 206
1622621417676 13 207
1622621425567 13 208
1622621434562 13 209
1622621442592 13 210
1622621451058 13 211
1622621459410 13 212
1622621467484 13 213
1622621475607 13 214
1622621484029 13 215
1622621492412 13 216
1622621501943 13 217
1622621510395 13 218
1622621518948 13 219
1622621527525 13 220
1622621535973 13 221
1622621544512 13 222
1622621553183 13 223
1622621562022 13 224
1622621570597 13 225
1622621579335 13 226
1622621588246 13 227
1622621597333 13 228
1622621606384 13 229
1622621615191 13 230
1622621624053 13 231
1622621633023 13 232
1622621641851 13 233
1622621650809 13 234
1622621659805 13 235
1622621668796 13 236
1622621677886 13 237
1622621686902 13 238
1622621696005 13 239
1622621705262 13 240
1622621714515 13 241
1622621723767 13 242
1622621733047 13 243
1622621742269 13 244
1622621751577 13 245
1622621761011 13 246
1622621770736 13 247
1622621780078 13 248
1622621789489 13 249
1622621799031 13 250
1622621808606 13 251
1622621818349 13 252
1622621828148 13 253
1622621837683 13 254
1622621847349 13 255
1622621856973 13 256
1622621866912 13 257
1622621877251 13 258
1622621887034 13 259
1622621896881 13 260
1622621906770 13 261
1622621916705 13 262
1622621926731 13 263
1622621936735 13 264
1622621946836 13 265
1622621956834 13 266
1622621966846 13 267
1622621976931 13 268
1622621987061 13 269
1622621997203 13 270
1622622007568 13 271
1622622018199 13 272
1622622028507 13 273
1622622038800 13 274
1622622049189 13 275
1622622059814 13 276
1622622070207 13 277
1622622080716 13 278
1622622091309 13 279
1622622101845 13 280
1622622112362 13 281
1622622122918 13 282
1622622133546 13 283
1622622144369 13 284
1622622155069 13 285
1622622165824 13 286
1622622176634 13 287
1622622187476 13 288
1622622198373 13 289
1622622209270 13 290
1622622220241 13 291
1622622231197 13 292
1622622242302 13 293
1622622253356 13 294
1622622264435 13 295
1622622275478 13 296
1622622286636 13 297
1622622297759 13 298
1622622309000 13 299
1622622320497 13 300
1622622331745 13 301
1622622342988 13 302
1622622354495 13 303
1622622366942 13 304
1622622378480 13 305
1622622390702 13 306
1622622402375 13 307
1622622413841 13 308
1622622425546 13 309
1622622437168 13 310
1622622448793 13 311
1622622460681 13 312
1622622472720 13 313
1622622484494 13 314
1622622496236 13 315
1622622508209 13 316
1622622520411 13 317
1622622532252 13 318
1622622544597 13 319
1622622556712 13 320
1622622568796 13 321
1622622580790 13 322
1622622593020 13 323
1622622605100 13 324
1622622617175 13 325
1622622629617 13 326
1622622642096 13 327
1622622654552 13 328
1622622666908 13 329
1622622679378 13 330
1622622691707 13 331
1622622704217 13 332
1622622717997 13 333
1622622730865 13 334
1622622743469 13 335
1622622756823 13 336
1622622772107 13 337
1622622784603 13 338
1622622797401 13 339
1622622810082 13 340
1622622824359 13 341
1622622837562 13 342
1622622850867 13 343
1622622865805 13 344
1622622880869 13 345
1622622894451 13 346
1622622907323 13 347
1622622920916 13 348
1622622934086 13 349
1622622948327 13 350
1622622961418 13 351
1622622974591 13 352
1622622987933 13 353
1622623001185 13 354
1622623014378 13 355
1622623027852 13 356
1622623041187 13 357
1622623054597 13 358
1622623068973 13 359
1622623082401 13 360
1622623096957 13 361
1622623110372 13 362
1622623125179 13 363
1622623138884 13 364
1622623153467 13 365
1622623167067 13 366
1622623180623 13 367
1622623194974 13 368
1622623209652 13 369
1622623225902 13 370
1622623240533 13 371
1622623255164 13 372
1622623268903 13 373
1622623283424 13 374
1622623297620 13 375
1622623312229 13 376
1622623326195 13 377
1622623340147 13 378
1622623354188 13 379
1622623369195 13 380
1622623383675 13 381
1622623397933 13 382
1622623412310 13 383
1622623426582 13 384
1622623440949 13 385
1622623455284 13 386
1622623469800 13 387
1622623484338 13 388
1622623498719 13 389
1622623513201 13 390
1622623527686 13 391
1622623542266 13 392
1622623556884 13 393
1622623571657 13 394
1622623586363 13 395
1622623601037 13 396
1622623616066 13 397
1622623630882 13 398
1622623647375 13 399
1622623664460 13 400
1622623680109 13 401
1622623695888 13 402
1622623710860 13 403
1622623726388 13 404
1622623743557 13 405
1622623759805 13 406
1622623775729 13 407
1622623795451 13 408
1622623811696 13 409
1622623827123 13 410
1622623842308 13 411
1622623857531 13 412
1622623874440 13 413
1622623890475 13 414
1622623907774 13 415
1622623924410 13 416
1622623940376 13 417
1622623955851 13 418
1622623973981 13 419
1622623991343 13 420
1622624008960 13 421
1622624026098 13 422
1622624041854 13 423
1622624057610 13 424
1622624073377 13 425
1622624091106 13 426
1622624106765 13 427
1622624123867 13 428
1622624139864 13 429
1622624156079 13 430
1622624172113 13 431
1622624188130 13 432
1622624206966 13 433
1622624222964 13 434
1622624239926 13 435
1622624255979 13 436
1622624272043 13 437
1622624288183 13 438
1622624304615 13 439
1622624321630 13 440
1622624337970 13 441
1622624354298 13 442
1622624372415 13 443
1622624390329 13 444
1622624408519 13 445
1622624424824 13 446
1622624442020 13 447
1622624458858 13 448
1622624476415 13 449
1622624496179 13 450
1622624514984 13 451
1622624531773 13 452
1622624550085 13 453
1622624568089 13 454
1622624586183 13 455
1622624603446 13 456
1622624621704 13 457
1622624641102 13 458
1622624659972 13 459
1622624677671 13 460
1622624694603 13 461
1622624711509 13 462
1622624728540 13 463
1622624745749 13 464
1622624765780 13 465
1622624782902 13 466
1622624801769 13 467
1622624818988 13 468
1622624836735 13 469
1622624855734 13 470
1622624873937 13 471
1622624892090 13 472
1622624911670 13 473
1622624929833 13 474
1622624948114 13 475
1622624965693 13 476
1622624983810 13 477
1622625002049 13 478
1622625021326 13 479
1622625041028 13 480
1622625060147 13 481
1622625077809 13 482
1622625095542 13 483
1622625113300 13 484
1622625132975 13 485
1622625151187 13 486
1622625170441 13 487
1622625189748 13 488
1622625207859 13 489
1622625225950 13 490
1622625245099 13 491
1622625265713 13 492
1622625284025 13 493
1622625305416 13 494
1622625323613 13 495
1622625341724 13 496
1622625362344 13 497
1622625381095 13 498
1622625402770 13 499
1622625422288 13 500
