1622711262617 50 0
1622711264548 60 1
1622711266383 70 2
1622711268442 80 3
1622711270627 90 4
1622711273001 100 5
1622711275533 110 6
1622711278215 120 7
1622711281040 130 8
1622711284065 140 9
1622711287183 150 10
1622711290498 160 11
1622711293967 170 12
1622711297549 180 13
1622711301318 190 14
1622711305332 200 15
1622711309326 210 16
1622711313567 220 17
1622711318021 230 18
1622711322630 240 19
1622711327402 250 20
1622711332274 260 21
1622711337306 270 22
1622711342537 280 23
1622711347976 290 24
1622711353548 300 25
1622711359199 310 26
1622711365030 320 27
1622711370932 330 28
1622711377002 340 29
1622711383179 350 30
1622711389585 360 31
1622711396146 370 32
1622711402905 380 33
1622711409648 390 34
1622711416723 400 35
1622711423904 410 36
1622711431335 420 37
1622711438899 430 38
1622711446501 440 39
1622711454374 450 40
1622711462333 460 41
1622711470528 470 42
1622711478841 480 43
1622711487367 490 44
1622711496031 500 45
1622711504732 510 46
1622711513683 520 47
1622711522812 530 48
1622711531973 540 49
1622711541398 550 50
1622711550846 560 51
1622711560645 570 52
1622711570620 580 53
1622711580666 590 54
1622711590830 600 55
1622711601301 610 56
1622711611749 620 57
1622711622547 630 58
1622711633331 640 59
1622711644314 650 60
1622711655517 660 61
1622711666728 670 62
1622711678196 680 63
1622711689877 690 64
1622711701698 700 65
1622711713740 710 66
1622711725916 720 67
1622711738240 730 68
1622711750681 740 69
1622711763226 750 70
1622711775926 760 71
1622711788767 770 72
1622711801810 780 73
1622711814998 790 74
1622711828347 800 75
1622711841718 810 76
1622711855352 820 77
1622711869282 830 78
1622711883149 840 79
1622711897291 850 80
1622711911454 860 81
1622711925865 870 82
1622711940528 880 83
1622711955450 890 84
1622711970335 900 85
1622711985600 910 86
1622712000583 920 87
1622712015883 930 88
1622712031332 940 89
1622712047016 950 90
1622712062754 960 91
1622712078784 970 92
1622712094948 980 93
1622712111332 990 94
1622712127714 1000 95
1622712144429 1010 96
1622712161026 1020 97
1622712177950 1030 98
1622712195120 1040 99
1622712212496 1050 100
1622712230081 1060 101
1622712247704 1070 102
1622712265560 1080 103
1622712283316 1090 104
1622712301410 1100 105
1622712319608 1110 106
1622712337850 1120 107
1622712356338 1130 108
1622712374901 1140 109
1622712393684 1150 110
1622712412535 1160 111
1622712431696 1170 112
1622712451059 1180 113
1622712470491 1190 114
1622712490095 1200 115
1622712509992 1210 116
1622712530018 1220 117
1622712550116 1230 118
1622712570310 1240 119
1622712590809 1250 120
1622712611391 1260 121
1622712632011 1270 122
1622712652738 1280 123
1622712673858 1290 124
1622712695144 1300 125
1622712716372 1310 126
1622712737723 1320 127
1622712759628 1330 128
1622712781622 1340 129
1622712803658 1350 130
1622712825557 1360 131
1622712847732 1370 132
1622712870202 1380 133
1622712892767 1390 134
1622712915506 1400 135
1622712938464 1410 136
1622712961416 1420 137
1622712984729 1430 138
1622713008021 1440 139
1622713031596 1450 140
1622713055275 1460 141
1622713079176 1470 142
1622713103004 1480 143
1622713127051 1490 144
1622713151562 1500 145
1622713176132 1510 146
1622713200741 1520 147
1622713225580 1530 148
