1622711262614 21 0
1622711264545 10 1
1622711266381 10 2
1622711268440 10 3
1622711270625 10 4
1622711272999 10 5
1622711275530 10 6
1622711278213 10 7
1622711281038 10 8
1622711284063 10 9
1622711287181 10 10
1622711290495 10 11
1622711293964 10 12
1622711297547 10 13
1622711301316 10 14
1622711305329 10 15
1622711309323 10 16
1622711313565 10 17
1622711318019 10 18
1622711322627 10 19
1622711327399 10 20
1622711332271 10 21
1622711337303 10 22
1622711342535 10 23
1622711347974 10 24
1622711353546 10 25
1622711359197 10 26
1622711365027 10 27
1622711370930 10 28
1622711377000 10 29
1622711383177 10 30
1622711389583 10 31
1622711396144 10 32
1622711402903 10 33
1622711409645 10 34
1622711416721 10 35
1622711423901 10 36
1622711431333 10 37
1622711438897 10 38
1622711446498 10 39
1622711454371 10 40
1622711462331 10 41
1622711470526 10 42
1622711478839 10 43
1622711487365 10 44
1622711496028 10 45
1622711504730 10 46
1622711513680 10 47
1622711522809 10 48
1622711531971 10 49
1622711541396 10 50
1622711550843 10 51
1622711560642 10 52
1622711570617 10 53
1622711580664 10 54
1622711590827 10 55
1622711601299 10 56
1622711611747 10 57
1622711622545 10 58
1622711633329 10 59
1622711644312 10 60
1622711655515 10 61
1622711666725 10 62
1622711678193 10 63
1622711689875 10 64
1622711701695 10 65
1622711713738 10 66
1622711725913 10 67
1622711738237 10 68
1622711750679 10 69
1622711763223 10 70
1622711775924 10 71
1622711788765 10 72
1622711801808 10 73
1622711814996 10 74
1622711828344 10 75
1622711841716 10 76
1622711855350 10 77
1622711869280 10 78
1622711883147 10 79
1622711897289 10 80
1622711911451 10 81
1622711925863 10 82
1622711940525 10 83
1622711955447 10 84
1622711970332 10 85
1622711985598 10 86
1622712000581 10 87
1622712015881 10 88
1622712031329 10 89
1622712047014 10 90
1622712062752 10 91
1622712078782 10 92
1622712094945 10 93
1622712111329 10 94
1622712127712 10 95
1622712144427 10 96
1622712161024 10 97
1622712177948 10 98
1622712195118 10 99
1622712212493 10 100
1622712230079 10 101
1622712247702 10 102
1622712265558 10 103
1622712283314 10 104
1622712301408 10 105
1622712319605 10 106
1622712337848 10 107
1622712356336 10 108
1622712374899 10 109
1622712393682 10 110
1622712412533 10 111
1622712431694 10 112
1622712451057 10 113
1622712470489 10 114
1622712490092 10 115
1622712509990 10 116
1622712530016 10 117
1622712550114 10 118
1622712570308 10 119
1622712590807 10 120
1622712611389 10 121
1622712632009 10 122
1622712652736 10 123
1622712673856 10 124
1622712695142 10 125
1622712716370 10 126
1622712737721 10 127
1622712759625 10 128
1622712781619 10 129
1622712803656 10 130
1622712825555 10 131
1622712847729 10 132
1622712870200 10 133
1622712892765 10 134
1622712915504 10 135
1622712938461 10 136
1622712961413 10 137
1622712984726 10 138
1622713008019 10 139
1622713031593 10 140
1622713055272 10 141
1622713079174 10 142
1622713103001 10 143
1622713127048 10 144
1622713151559 10 145
1622713176130 10 146
1622713200739 10 147
1622713225578 10 148
