1622711262641 0.018 0
1622711264562 1.645 1
1622711266397 1.561 2
1622711268458 1.783 3
1622711270641 1.909 4
1622711273016 2.097 5
1622711275547 2.255 6
1622711278230 2.406 7
1622711281055 2.547 8
1622711284079 2.749 9
1622711287198 2.84 10
1622711290512 3.035 11
1622711293981 3.194 12
1622711297564 3.306 13
1622711301333 3.489 14
1622711305346 3.735 15
1622711309340 3.717 16
1622711313582 3.965 17
1622711318036 4.176 18
1622711322645 4.33 19
1622711327416 4.496 20
1622711332288 4.596 21
1622711337320 4.756 22
1622711342552 4.955 23
1622711347991 5.161 24
1622711353563 5.296 25
1622711359215 5.361 26
1622711365044 5.552 27
1622711370947 5.628 28
1622711377017 5.793 29
1622711383193 5.9 30
1622711389600 6.13 31
1622711396161 6.286 32
1622711402920 6.484 33
1622711409662 6.467 34
1622711416738 6.799 35
1622711423919 6.904 36
1622711431350 7.155 37
1622711438914 7.287 38
1622711446515 7.323 39
1622711454388 7.597 40
1622711462348 7.598 41
1622711470543 7.92 42
1622711478856 8.035 43
1622711487382 8.252 44
1622711496045 8.386 45
1622711504747 8.424 46
1622711513697 8.675 47
1622711522826 8.852 48
1622711531988 8.886 49
1622711541413 9.149 50
1622711550861 9.169 51
1622711560660 9.522 52
1622711570634 9.699 53
1622711580681 9.769 54
1622711590844 9.885 55
1622711601316 10.194 56
1622711611764 10.172 57
1622711622562 10.523 58
1622711633346 10.507 59
1622711644329 10.707 60
1622711655532 10.927 61
1622711666743 10.932 62
1622711678210 11.192 63
1622711689892 11.404 64
1622711701713 11.545 65
1622711713756 11.765 66
1622711725930 11.897 67
1622711738254 12.048 68
1622711750696 12.164 69
1622711763240 12.267 70
1622711775941 12.425 71
1622711788781 12.565 72
1622711801825 12.765 73
1622711815013 12.909 74
1622711828361 13.072 75
1622711841733 13.095 76
1622711855367 13.36 77
1622711869297 13.654 78
1622711883164 13.593 79
1622711897306 13.868 80
1622711911469 13.888 81
1622711925879 14.133 82
1622711940543 14.388 83
1622711955464 14.645 84
1622711970350 14.609 85
1622711985615 14.985 86
1622712000598 14.707 87
1622712015898 15.022 88
1622712031347 15.173 89
1622712047031 15.408 90
1622712062769 15.462 91
1622712078799 15.754 92
1622712094962 15.888 93
1622712111346 16.105 94
1622712127729 16.104 95
1622712144444 16.44 96
1622712161041 16.318 97
1622712177965 16.648 98
1622712195135 16.891 99
1622712212511 17.099 100
1622712230096 17.308 101
1622712247719 17.347 102
1622712265575 17.581 103
1622712283331 17.482 104
1622712301425 17.817 105
1622712319623 17.922 106
1622712337865 17.968 107
1622712356353 18.21 108
1622712374916 18.286 109
1622712393699 18.505 110
1622712412550 18.574 111
1622712431711 18.885 112
1622712451074 19.088 113
1622712470506 19.155 114
1622712490110 19.326 115
1622712510007 19.622 116
1622712530033 19.749 117
1622712550131 19.822 118
1622712570325 19.918 119
1622712590823 20.222 120
1622712611406 20.305 121
1622712632027 20.345 122
1622712652753 20.448 123
1622712673873 20.842 124
1622712695159 21.007 125
1622712716387 20.949 126
1622712737738 21.077 127
1622712759642 21.628 128
1622712781636 21.718 129
1622712803673 21.759 130
1622712825572 21.622 131
1622712847747 21.9 132
1622712870217 22.192 133
1622712892782 22.287 134
1622712915521 22.463 135
1622712938478 22.679 136
1622712961430 22.675 137
1622712984743 23.037 138
1622713008036 23.019 139
1622713031610 23.298 140
1622713055290 23.404 141
1622713079191 23.625 142
1622713103018 23.552 143
1622713127065 23.768 144
1622713151576 24.235 145
1622713176147 24.293 146
1622713200756 24.333 147
1622713225595 24.563 148
