1622762928286 0.9349452116767575 0
1622762929668 0.9349452116767575 1
1622762931424 0.9349452116767575 2
1622762933521 0.9349452116767575 3
1622762935974 0.9349452116767575 4
1622762938784 0.9349452116767575 5
1622762941977 0.9349452116767575 6
1622762945583 0.9349452116767575 7
1622762949539 0.9349452116767575 8
1622762953804 0.9349452116767575 9
1622762958431 0.9349452116767575 10
1622762963442 0.9349452116767575 11
1622762968796 0.9349452116767575 12
1622762974478 0.9349452116767575 13
1622762980516 0.9349452116767575 14
1622762986955 0.9349452116767575 15
1622762993824 0.9349452116767575 16
1622763001033 0.9349452116767575 17
1622763008572 0.9349452116767575 18
1622763016552 0.9349452116767575 19
1622763025151 0.9349452116767575 20
1622763033725 0.9349452116767575 21
1622763042629 0.9349452116767575 22
1622763051936 0.9349452116767575 23
1622763061745 0.9349452116767575 24
1622763071863 0.9349452116767575 25
1622763082313 0.9349452116767575 26
1622763093055 0.9349452116767575 27
1622763104144 0.9349452116767575 28
1622763115647 0.9349452116767575 29
1622763127546 0.9349452116767575 30
1622763139963 0.9349452116767575 31
1622763152454 0.9349452116767575 32
1622763165312 0.9349452116767575 33
1622763178567 0.9349452116767575 34
1622763192226 0.9349452116767575 35
1622763206040 0.9349452116767575 36
1622763220308 0.9349452116767575 37
1622763234957 0.9349452116767575 38
1622763249993 0.9349452116767575 39
1622763265306 0.9349452116767575 40
1622763280969 0.9349452116767575 41
1622763296997 0.9349452116767575 42
1622763313372 0.9349452116767575 43
1622763330089 0.9349452116767575 44
1622763347191 0.9349452116767575 45
1622763364677 0.9349452116767575 46
1622763382486 0.9349452116767575 47
1622763400689 0.9349452116767575 48
1622763419177 0.9349452116767575 49
1622763438114 0.9349452116767575 50
1622763457287 0.9349452116767575 51
1622763477061 0.9349452116767575 52
1622763497060 0.9349452116767575 53
1622763517409 0.9349452116767575 54
1622763538252 0.9349452116767575 55
1622763559493 0.9349452116767575 56
1622763581100 0.9349452116767575 57
1622763602939 0.9349452116767575 58
1622763625129 0.9349452116767575 59
1622763647849 0.9349452116767575 60
1622763672420 0.9349452116767575 61
1622763696117 0.9349452116767575 62
1622763720018 0.9349452116767575 63
1622763744403 0.9349452116767575 64
1622763769033 0.9349452116767575 65
1622763794036 0.9349452116767575 66
1622763819784 0.9349452116767575 67
1622763845216 0.9349452116767575 68
1622763871058 0.9349452116767575 69
1622763897311 0.9349452116767575 70
1622763924003 0.9349452116767575 71
1622763951004 0.9349452116767575 72
1622763978377 0.9349452116767575 73
1622764006057 0.9349452116767575 74
1622764034103 0.9349452116767575 75
1622764062425 0.9349452116767575 76
1622764091455 0.9349452116767575 77
1622764120881 0.9349452116767575 78
1622764150590 0.9349452116767575 79
1622764180632 0.9349452116767575 80
1622764210905 0.9349452116767575 81
1622764241590 0.9349452116767575 82
1622764272626 0.9349452116767575 83
1622764304151 0.9349452116767575 84
1622764335910 0.9349452116767575 85
1622764368108 0.9349452116767575 86
1622764400828 0.9349452116767575 87
1622764433665 0.9349452116767575 88
1622764466752 0.9349452116767575 89
1622764500482 0.9349452116767575 90
1622764534622 0.9349452116767575 91
1622764569287 0.9349452116767575 92
1622764604207 0.9349452116767575 93
1622764639942 0.9349452116767575 94
1622764675658 0.9349452116767575 95
1622764711513 0.9349452116767575 96
1622764747916 0.9349452116767575 97
1622764784581 0.9349452116767575 98
1622764821766 0.9349452116767575 99
1622764859089 0.9349452116767575 100
1622764896620 0.9349452116767575 101
1622764934924 0.9349452116767575 102
1622764973486 0.9349452116767575 103
1622765012106 0.9349452116767575 104
1622765051503 0.9349452116767575 105
1622765091361 0.9349452116767575 106
1622765131106 0.9349452116767575 107
1622765171343 0.9349452116767575 108
1622765211921 0.9349452116767575 109
1622765252693 0.9349452116767575 110
1622765294106 0.9349452116767575 111
1622765335773 0.9349452116767575 112
1622765377968 0.9349452116767575 113
1622765420495 0.9349452116767575 114
1622765463283 0.9349452116767575 115
1622765507474 0.9349452116767575 116
1622765551723 0.9349452116767575 117
1622765596009 0.9349452116767575 118
1622765640333 0.9349452116767575 119
1622765685198 0.9349452116767575 120
1622765730020 0.9349452116767575 121
1622765775541 0.9349452116767575 122
1622765821500 0.9349452116767575 123
1622765867673 0.9349452116767575 124
1622765914931 0.9349452116767575 125
1622765961703 0.9349452116767575 126
1622766008842 0.9349452116767575 127
1622766056107 0.9349452116767575 128
1622766104052 0.9349452116767575 129
1622766152461 0.9349452116767575 130
1622766202089 0.9349452116767575 131
1622766251210 0.9349452116767575 132
1622766300630 0.9349452116767575 133
1622766350260 0.9349452116767575 134
1622766400495 0.9349452116767575 135
1622766451583 0.9349452116767575 136
1622766503019 0.9349452116767575 137
1622766554130 0.9349452116767575 138
1622766606630 0.9349452116767575 139
1622766658648 0.9349452116767575 140
1622766710793 0.9349452116767575 141
1622766763373 0.9349452116767575 142
1622766817104 0.9349452116767575 143
1622766871198 0.9349452116767575 144
1622766924882 0.9349452116767575 145
1622766979044 0.9349452116767575 146
1622767034110 0.9349452116767575 147
1622767089224 0.9349452116767575 148
1622767144116 0.9349452116767575 149
1622767199735 0.9349452116767575 150
1622767256855 0.9349452116767575 151
1622767313739 0.9349452116767575 152
1622767369917 0.9349452116767575 153
1622767426615 0.9349452116767575 154
1622767483729 0.9349452116767575 155
1622767541106 0.9349452116767575 156
1622767598736 0.9349452116767575 157
1622767656755 0.9349452116767575 158
1622767715308 0.9349452116767575 159
1622767775888 0.9349452116767575 160
1622767835436 0.9349452116767575 161
1622767895262 0.9349452116767575 162
1622767955267 0.9349452116767575 163
1622768016722 0.9349452116767575 164
1622768078248 0.9349452116767575 165
1622768139802 0.9349452116767575 166
1622768201587 0.9349452116767575 167
1622768263291 0.9349452116767575 168
1622768325621 0.9349452116767575 169
1622768388447 0.9349452116767575 170
1622768452343 0.9349452116767575 171
1622768516695 0.9349452116767575 172
1622768580576 0.9349452116767575 173
1622768645192 0.9349452116767575 174
1622768709760 0.9349452116767575 175
1622768775119 0.9349452116767575 176
1622768840831 0.9349452116767575 177
1622768906677 0.9349452116767575 178
1622768972823 0.9349452116767575 179
1622769038804 0.9349452116767575 180
1622769105445 0.9349452116767575 181
1622769172703 0.9349452116767575 182
1622769241447 0.9349452116767575 183
1622769311075 0.9349452116767575 184
1622769378505 0.9349452116767575 185
1622769446688 0.9349452116767575 186
1622769514975 0.9349452116767575 187
1622769583954 0.9349452116767575 188
1622769653126 0.9349452116767575 189
1622769722292 0.9349452116767575 190
1622769792562 0.9349452116767575 191
1622769863251 0.9349452116767575 192
1622769933311 0.9349452116767575 193
1622770004540 0.9349452116767575 194
1622770077720 0.9349452116767575 195
1622770149227 0.9349452116767575 196
1622770221646 0.9349452116767575 197
1622770294223 0.9349452116767575 198
1622770367474 0.9349452116767575 199
1622770441177 0.9349452116767575 200
1622770515107 0.9349452116767575 201
1622770590889 0.9349452116767575 202
1622770667323 0.9349452116767575 203
1622770742491 0.9349452116767575 204
1622770819870 0.9349452116767575 205
1622770896681 0.9349452116767575 206
1622770975475 0.9349452116767575 207
1622771053649 0.9349452116767575 208
1622771130864 0.9349452116767575 209
1622771208798 0.9349452116767575 210
1622771286716 0.9349452116767575 211
1622771365067 0.9349452116767575 212
1622771443421 0.9349452116767575 213
1622771522522 0.9349452116767575 214
1622771602325 0.9349452116767575 215
1622771684050 0.9349452116767575 216
1622771765727 0.9349452116767575 217
1622771846480 0.9349452116767575 218
1622771927374 0.9349452116767575 219
1622772008798 0.9349452116767575 220
1622772091000 0.9349452116767575 221
1622772173783 0.9349452116767575 222
1622772255944 0.9349452116767575 223
1622772338741 0.9349452116767575 224
1622772422163 0.9349452116767575 225
1622772505166 0.9349452116767575 226
1622772589618 0.9349452116767575 227
1622772676540 0.9349452116767575 228
1622772761377 0.9349452116767575 229
1622772845227 0.9349452116767575 230
1622772929209 0.9349452116767575 231
1622773014162 0.9349452116767575 232
1622773099517 0.9349452116767575 233
1622773185991 0.9349452116767575 234
1622773272689 0.9349452116767575 235
1622773358910 0.9349452116767575 236
1622773445706 0.9349452116767575 237
1622773532776 0.9349452116767575 238
1622773620273 0.9349452116767575 239
1622773708254 0.9349452116767575 240
1622773796286 0.9349452116767575 241
1622773884748 0.9349452116767575 242
1622773973685 0.9349452116767575 243
1622774063679 0.9349452116767575 244
1622774153573 0.9349452116767575 245
1622774243776 0.9349452116767575 246
1622774334299 0.9349452116767575 247
1622774424914 0.9349452116767575 248
1622774516183 0.9349452116767575 249
1622774607674 0.9349452116767575 250
1622774701704 0.9349452116767575 251
1622774795162 0.9349452116767575 252
1622774888479 0.9349452116767575 253
1622774982200 0.9349452116767575 254
1622775075997 0.9349452116767575 255
1622775170220 0.9349452116767575 256
1622775264837 0.9349452116767575 257
1622775359813 0.9349452116767575 258
1622775455161 0.9349452116767575 259
1622775550811 0.9349452116767575 260
1622775647194 0.9349452116767575 261
1622775743685 0.9349452116767575 262
1622775840477 0.9349452116767575 263
1622775937684 0.9349452116767575 264
1622776035556 0.9349452116767575 265
1622776133733 0.9349452116767575 266
1622776230621 0.9349452116767575 267
1622776328932 0.9349452116767575 268
1622776429465 0.9349452116767575 269
1622776528501 0.9349452116767575 270
1622776630974 0.9349452116767575 271
1622776731410 0.9349452116767575 272
1622776832697 0.9349452116767575 273
1622776932385 0.9349452116767575 274
1622777031425 0.9349452116767575 275
1622777131861 0.9349452116767575 276
1622777233414 0.9349452116767575 277
1622777336721 0.9349452116767575 278
1622777439497 0.9349452116767575 279
1622777541785 0.9349452116767575 280
1622777645327 0.9349452116767575 281
1622777751351 0.9349452116767575 282
1622777855486 0.9349452116767575 283
1622777959728 0.9349452116767575 284
1622778065216 0.9349452116767575 285
1622778170539 0.9349452116767575 286
1622778277180 0.9349452116767575 287
1622778381888 0.9349452116767575 288
1622778487464 0.9349452116767575 289
1622778593743 0.9349452116767575 290
1622778699881 0.9349452116767575 291
1622778806591 0.9349452116767575 292
1622778913403 0.9349452116767575 293
1622779020649 0.9349452116767575 294
1622779128250 0.9349452116767575 295
1622779235839 0.9349452116767575 296
1622779344602 0.9349452116767575 297
1622779453320 0.9349452116767575 298
1622779562519 0.9349452116767575 299
1622779671751 0.9349452116767575 300
1622779781803 0.9349452116767575 301
1622779892169 0.9349452116767575 302
1622780003022 0.9349452116767575 303
1622780114097 0.9349452116767575 304
1622780225436 0.9349452116767575 305
1622780336760 0.9349452116767575 306
1622780449071 0.9349452116767575 307
1622780561544 0.9349452116767575 308
1622780674766 0.9349452116767575 309
1622780788471 0.9349452116767575 310
1622780902535 0.9349452116767575 311
1622781016210 0.9349452116767575 312
1622781130500 0.9349452116767575 313
1622781247300 0.9349452116767575 314
1622781362354 0.9349452116767575 315
1622781479213 0.9349452116767575 316
1622781595005 0.9349452116767575 317
1622781712619 0.9349452116767575 318
1622781830478 0.9349452116767575 319
1622781947279 0.9349452116767575 320
1622782064501 0.9349452116767575 321
1622782182109 0.9349452116767575 322
1622782300353 0.9349452116767575 323
1622782420393 0.9349452116767575 324
1622782541229 0.9349452116767575 325
1622782661016 0.9349452116767575 326
1622782781212 0.9349452116767575 327
1622782900903 0.9349452116767575 328
1622783020575 0.9349452116767575 329
1622783140792 0.9349452116767575 330
1622783262375 0.9349452116767575 331
1622783383650 0.9349452116767575 332
1622783505365 0.9349452116767575 333
1622783627331 0.9349452116767575 334
1622783750062 0.9349452116767575 335
1622783873560 0.9349452116767575 336
1622783997089 0.9349452116767575 337
1622784119872 0.9349452116767575 338
1622784243395 0.9349452116767575 339
1622784368185 0.9349452116767575 340
1622784492543 0.9349452116767575 341
1622784618941 0.9349452116767575 342
1622784744190 0.9349452116767575 343
1622784869630 0.9349452116767575 344
1622784995329 0.9349452116767575 345
1622785124106 0.9349452116767575 346
1622785252067 0.9349452116767575 347
1622785380951 0.9349452116767575 348
1622785512144 0.9349452116767575 349
1622785639907 0.9349452116767575 350
1622785772081 0.9349452116767575 351
1622785901538 0.9349452116767575 352
1622786030253 0.9349452116767575 353
1622786160307 0.9349452116767575 354
1622786290891 0.9349452116767575 355
1622786421172 0.9349452116767575 356
1622786551984 0.9349452116767575 357
1622786683216 0.9349452116767575 358
1622786814479 0.9349452116767575 359
1622786947157 0.9349452116767575 360
1622787079904 0.9349452116767575 361
1622787212119 0.9349452116767575 362
1622787345090 0.9349452116767575 363
1622787478512 0.9349452116767575 364
1622787612156 0.9349452116767575 365
1622787745512 0.9349452116767575 366
1622787881076 0.9349452116767575 367
1622788015476 0.9349452116767575 368
1622788150145 0.9349452116767575 369
1622788284762 0.9349452116767575 370
1622788419768 0.9349452116767575 371
1622788557116 0.9349452116767575 372
1622788693677 0.9349452116767575 373
1622788829434 0.9349452116767575 374
1622788966174 0.9349452116767575 375
1622789105255 0.9349452116767575 376
1622789243188 0.9349452116767575 377
1622789382782 0.9349452116767575 378
1622789525562 0.9349452116767575 379
1622789666092 0.9349452116767575 380
1622789806352 0.9349452116767575 381
1622789946644 0.9349452116767575 382
1622790089588 0.9349452116767575 383
1622790229540 0.9349452116767575 384
1622790371136 0.9349452116767575 385
1622790511704 0.9349452116767575 386
1622790653202 0.9349452116767575 387
1622790796077 0.9349452116767575 388
1622790940649 0.9349452116767575 389
1622791084394 0.9349452116767575 390
1622791228309 0.9349452116767575 391
1622791372777 0.9349452116767575 392
1622791516890 0.9349452116767575 393
1622791662347 0.9349452116767575 394
1622791809920 0.9349452116767575 395
1622791959790 0.9349452116767575 396
1622792105938 0.9349452116767575 397
1622792252987 0.9349452116767575 398
1622792400608 0.9349452116767575 399
1622792549180 0.9349452116767575 400
1622792697121 0.9349452116767575 401
1622792847890 0.9349452116767575 402
1622792996038 0.9349452116767575 403
1622793144241 0.9349452116767575 404
1622793293197 0.9349452116767575 405
1622793442632 0.9349452116767575 406
1622793592787 0.9349452116767575 407
1622793744195 0.9349452116767575 408
1622793894219 0.9349452116767575 409
1622794044854 0.9349452116767575 410
1622794196963 0.9349452116767575 411
1622794350410 0.9349452116767575 412
1622794503401 0.9349452116767575 413
1622794654543 0.9349452116767575 414
1622794806598 0.9349452116767575 415
1622794959788 0.9349452116767575 416
1622795112066 0.9349452116767575 417
1622795265923 0.9349452116767575 418
1622795419089 0.9349452116767575 419
1622795572821 0.9349452116767575 420
1622795727308 0.9349452116767575 421
1622795881682 0.9349452116767575 422
1622796036446 0.9349452116767575 423
1622796191133 0.9349452116767575 424
1622796346537 0.9349452116767575 425
1622796502565 0.9349452116767575 426
1622796661024 0.9349452116767575 427
1622796821153 0.9349452116767575 428
1622796978616 0.9349452116767575 429
1622797138298 0.9349452116767575 430
1622797295506 0.9349452116767575 431
1622797454169 0.9349452116767575 432
1622797612076 0.9349452116767575 433
1622797771210 0.9349452116767575 434
1622797932919 0.9349452116767575 435
1622798092249 0.9349452116767575 436
1622798251928 0.9349452116767575 437
1622798413544 0.9349452116767575 438
1622798575654 0.9349452116767575 439
1622798738203 0.9349452116767575 440
1622798904270 0.9349452116767575 441
1622799070447 0.9349452116767575 442
1622799234294 0.9349452116767575 443
1622799398432 0.9349452116767575 444
1622799563145 0.9349452116767575 445
1622799727253 0.9349452116767575 446
1622799890320 0.9349452116767575 447
1622800056137 0.9349452116767575 448
1622800222036 0.9349452116767575 449
1622800386457 0.9349452116767575 450
1622800551943 0.9349452116767575 451
1622800717540 0.9349452116767575 452
1622800882313 0.9349452116767575 453
1622801047119 0.9349452116767575 454
1622801213085 0.9349452116767575 455
1622801380104 0.9349452116767575 456
1622801549195 0.9349452116767575 457
1622801717170 0.9349452116767575 458
1622801887421 0.9349452116767575 459
1622802056884 0.9349452116767575 460
1622802225522 0.9349452116767575 461
1622802395508 0.9349452116767575 462
1622802564816 0.9349452116767575 463
1622802735444 0.9349452116767575 464
1622802906123 0.9349452116767575 465
1622803079406 0.9349452116767575 466
1622803249712 0.9349452116767575 467
1622803420915 0.9349452116767575 468
1622803594491 0.9349452116767575 469
1622803767996 0.9349452116767575 470
1622803940101 0.9349452116767575 471
1622804114440 0.9349452116767575 472
1622804288367 0.9349452116767575 473
1622804462153 0.9349452116767575 474
1622804635916 0.9349452116767575 475
1622804808900 0.9349452116767575 476
1622804982463 0.9349452116767575 477
1622805157480 0.9349452116767575 478
1622805332386 0.9349452116767575 479
1622805508277 0.9349452116767575 480
1622805687402 0.9349452116767575 481
1622805865673 0.9349452116767575 482
1622806043387 0.9349452116767575 483
1622806220759 0.9349452116767575 484
1622806399119 0.9349452116767575 485
1622806578584 0.9349452116767575 486
1622806756695 0.9349452116767575 487
1622806935045 0.9349452116767575 488
1622807115213 0.9349452116767575 489
1622807294408 0.9349452116767575 490
1622807474896 0.9349452116767575 491
1622807655212 0.9349452116767575 492
1622807836752 0.9349452116767575 493
1622808019010 0.9349452116767575 494
1622808201935 0.9349452116767575 495
1622808382610 0.9349452116767575 496
1622808565018 0.9349452116767575 497
1622808750231 0.9349452116767575 498
1622808935523 0.9349452116767575 499
1622809123619 0.9349452116767575 500
