1622762928331 0.009 0
1622762929707 1.2209999999999999 1
1622762931460 2.812 2
1622762933555 4.7509999999999994 3
1622762936008 7.045999999999999 4
1622762938817 9.7 5
1622762942012 12.735999999999999 6
1622762945619 16.18 7
1622762949573 19.977 8
1622762953838 24.085 9
1622762958465 28.557000000000002 10
1622762963477 33.409000000000006 11
1622762968832 38.602000000000004 12
1622762974513 44.123000000000005 13
1622762980550 50.001000000000005 14
1622762986991 56.283 15
1622762993859 62.991 16
1622763001069 70.041 17
1622763008603 77.422 18
1622763016587 85.246 19
1622763025185 93.684 20
1622763033759 102.103 21
1622763042661 110.85199999999999 22
1622763051969 120.00399999999999 23
1622763061780 129.65599999999998 24
1622763071897 139.61299999999997 25
1622763082346 149.90199999999996 26
1622763093093 160.48999999999995 27
1622763104177 171.41699999999994 28
1622763115680 182.76399999999995 29
1622763127581 194.50599999999994 30
1622763140000 206.75999999999993 31
1622763152489 219.08999999999995 32
1622763165347 231.78799999999995 33
1622763178601 244.88599999999997 34
1622763192261 258.388 35
1622763206074 272.041 36
1622763220344 286.147 37
1622763234990 300.634 38
1622763250027 315.514 39
1622763265340 330.668 40
1622763281003 346.171 41
1622763297031 362.042 42
1622763313406 378.26099999999997 43
1622763330121 394.82099999999997 44
1622763347224 411.768 45
1622763364711 429.097 46
1622763382518 446.751 47
1622763400722 464.798 48
1622763419211 483.132 49
1622763438146 501.908 50
1622763457321 520.926 51
1622763477095 540.543 52
1622763497091 560.385 53
1622763517443 580.58 54
1622763538286 601.264 55
1622763559525 622.344 56
1622763581132 643.7990000000001 57
1622763602974 665.4800000000001 58
1622763625164 687.5090000000001 59
1622763647882 710.0670000000001 60
1622763672453 734.4830000000002 61
1622763696152 758.0200000000002 62
1622763720052 781.7610000000002 63
1622763744436 805.9890000000001 64
1622763769067 830.4630000000002 65
1622763794068 855.3100000000002 66
1622763819817 880.9020000000002 67
1622763845251 906.1790000000002 68
1622763871092 931.8630000000002 69
1622763897349 957.9570000000002 70
1622763924036 984.4910000000002 71
1622763951037 1011.3290000000002 72
1622763978411 1038.544 73
1622764006092 1066.066 74
1622764034136 1093.953 75
1622764062457 1122.117 76
1622764091488 1150.992 77
1622764120914 1180.199 78
1622764150624 1209.75 79
1622764180664 1239.632 80
1622764210939 1269.747 81
1622764241625 1300.277 82
1622764272659 1331.153 83
1622764304185 1362.52 84
1622764335944 1394.121 85
1622764368141 1426.161 86
1622764400863 1458.7240000000002 87
1622764433701 1491.3960000000002 88
1622764466787 1524.323 89
1622764500515 1557.895 90
1622764534657 1591.882 91
1622764569323 1626.3880000000001 92
1622764604243 1661.1440000000002 93
1622764639976 1696.7210000000002 94
1622764675693 1732.2770000000003 95
1622764711546 1767.9710000000002 96
1622764747949 1804.2130000000002 97
1622764784613 1840.7200000000003 98
1622764821799 1877.7450000000003 99
1622764859127 1914.9100000000003 100
1622764896655 1952.2810000000004 101
1622764934957 1990.4250000000004 102
1622764973520 2028.8300000000004 103
1622765012142 2067.2920000000004 104
1622765051537 2106.53 105
1622765091396 2146.233 106
1622765131142 2185.818 107
1622765171375 2225.898 108
1622765211957 2266.319 109
1622765252730 2306.93 110
1622765294143 2348.18 111
1622765335807 2389.6859999999997 112
1622765378006 2431.7189999999996 113
1622765420533 2474.0829999999996 114
1622765463319 2516.7099999999996 115
1622765507509 2560.74 116
1622765551755 2604.8309999999997 117
1622765596046 2648.961 118
1622765640369 2693.1229999999996 119
1622765685232 2737.8269999999998 120
1622765730055 2782.493 121
1622765775574 2827.855 122
1622765821537 2873.657 123
1622765867707 2919.6690000000003 124
1622765914964 2966.771 125
1622765961735 3013.38 126
1622766008876 3060.367 127
1622766056143 3107.471 128
1622766104087 3155.256 129
1622766152496 3203.5029999999997 130
1622766202122 3252.975 131
1622766251244 3301.939 132
1622766300664 3351.192 133
1622766350294 3400.662 134
1622766400528 3450.7369999999996 135
1622766451616 3501.6669999999995 136
1622766503055 3552.9499999999994 137
1622766554161 3603.9029999999993 138
1622766606667 3656.245999999999 139
1622766658681 3708.1059999999993 140
1622766710829 3760.095999999999 141
1622766763409 3812.517999999999 142
1622766817138 3866.0879999999993 143
1622766871232 3920.0259999999994 144
1622766924915 3973.5529999999994 145
1622766979080 4027.5609999999992 146
1622767034146 4082.4629999999993 147
1622767089259 4137.418999999999 148
1622767144151 4192.153999999999 149
1622767199768 4247.609999999999 150
1622767256890 4304.573999999999 151
1622767313775 4361.288999999999 152
1622767369951 4417.306999999999 153
1622767426650 4473.845999999999 154
1622767483763 4530.801999999999 155
1622767541143 4588.020999999999 156
1622767598774 4645.489999999999 157
1622767656790 4703.347999999999 158
1622767715342 4761.741999999999 159
1622767775924 4822.164999999999 160
1622767835470 4881.5509999999995 161
1622767895294 4941.222999999999 162
1622767955301 5001.063999999999 163
1622768016756 5062.360999999999 164
1622768078284 5123.729999999999 165
1622768139837 5185.124999999999 166
1622768201632 5246.748999999999 167
1622768263328 5308.284999999999 168
1622768325658 5370.451999999999 169
1622768388483 5433.115999999999 170
1622768452380 5496.850999999999 171
1622768516732 5561.041999999999 172
1622768580613 5624.760999999999 173
1622768645228 5689.214999999998 174
1622768709797 5753.620999999998 175
1622768775153 5818.819999999998 176
1622768840867 5884.373999999998 177
1622768906713 5950.057999999998 178
1622768972859 6016.042999999998 179
1622769038838 6081.8669999999975 180
1622769105480 6148.350999999998 181
1622769172736 6215.445999999998 182
1622769241479 6284.0329999999985 183
1622769311111 6353.506999999999 184
1622769378537 6420.776999999999 185
1622769446719 6488.802999999999 186
1622769515009 6556.937999999999 187
1622769583988 6625.757999999999 188
1622769653161 6694.772999999999 189
1622769722324 6763.766 190
1622769792599 6833.879999999999 191
1622769863284 6904.406999999999 192
1622769933347 6974.306999999999 193
1622770004574 7045.3719999999985 194
1622770077755 7118.392999999998 195
1622770149262 7189.736999999998 196
1622770221682 7261.997999999999 197
1622770294255 7334.412999999999 198
1622770367508 7407.510999999999 199
1622770441209 7481.051999999999 200
1622770515143 7554.8229999999985 201
1622770590931 7630.441999999998 202
1622770667358 7706.705999999998 203
1622770742526 7781.714999999998 204
1622770819904 7858.935999999998 205
1622770896711 7935.586999999998 206
1622770975509 8014.220999999998 207
1622771053681 8092.236999999997 208
1622771130902 8169.292999999997 209
1622771208834 8247.063999999997 210
1622771286750 8324.824999999997 211
1622771365102 8403.016999999996 212
1622771443456 8481.209999999995 213
1622771522557 8560.152999999995 214
1622771602356 8639.801999999994 215
1622771684081 8721.373999999994 216
1622771765761 8802.898999999994 217
1622771846513 8883.495999999994 218
1622771927409 8964.231999999995 219
1622772008831 9045.498999999994 220
1622772091031 9127.543999999994 221
1622772173816 9210.166999999994 222
1622772255974 9292.172999999993 223
1622772338775 9374.819999999994 224
1622772422197 9458.082999999995 225
1622772505201 9540.929999999995 226
1622772589650 9625.219999999996 227
1622772676572 9711.987999999996 228
1622772761410 9796.667999999996 229
1622772845260 9880.355999999996 230
1622772929243 9964.178999999996 231
1622773014197 10048.971999999996 232
1622773099551 10134.167999999996 233
1622773186025 10220.483999999997 234
1622773272721 10307.027999999997 235
1622773358949 10393.089999999997 236
1622773445740 10479.720999999996 237
1622773532809 10566.627999999995 238
1622773620308 10653.964999999995 239
1622773708290 10741.787999999995 240
1622773796318 10829.660999999995 241
1622773884782 10917.965999999995 242
1622773973719 11006.740999999995 243
1622774063714 11096.574999999995 244
1622774153609 11186.312999999995 245
1622774243810 11276.357999999995 246
1622774334332 11366.722999999994 247
1622774424947 11457.180999999995 248
1622774516218 11548.289999999995 249
1622774607705 11639.619999999995 250
1622774701737 11733.496999999996 251
1622774795195 11826.799999999996 252
1622774888511 11919.962999999996 253
1622774982231 12013.528999999997 254
1622775076030 12107.175999999998 255
1622775170251 12201.241999999998 256
1622775264868 12295.705999999998 257
1622775359847 12390.526999999998 258
1622775455196 12485.714999999998 259
1622775550844 12581.204999999998 260
1622775647229 12677.426999999998 261
1622775743720 12773.758999999998 262
1622775840514 12870.392999999998 263
1622775937721 12967.433999999997 264
1622776035589 13065.140999999998 265
1622776133767 13163.155999999997 266
1622776230656 13259.879999999997 267
1622776328967 13358.028999999997 268
1622776429501 13458.403999999997 269
1622776528534 13557.270999999997 270
1622776631010 13659.581999999997 271
1622776731443 13759.857999999997 272
1622776832731 13860.987999999996 273
1622776932421 13960.517999999996 274
1622777031461 14059.396999999997 275
1622777131896 14159.670999999997 276
1622777233448 14261.064999999997 277
1622777336755 14364.214999999997 278
1622777439529 14466.829999999996 279
1622777541818 14568.959999999995 280
1622777645359 14672.342999999995 281
1622777751384 14778.209999999995 282
1622777855520 14882.184999999996 283
1622777959762 14986.267999999996 284
1622778065250 15091.594999999996 285
1622778170577 15196.757999999996 286
1622778277213 15303.237999999996 287
1622778381924 15407.784999999996 288
1622778487499 15513.201999999996 289
1622778593777 15619.321999999996 290
1622778699915 15725.299999999996 291
1622778806628 15831.850999999995 292
1622778913439 15938.502999999995 293
1622779020686 16045.484999999995 294
1622779128286 16152.923999999995 295
1622779235875 16260.351999999995 296
1622779344637 16368.954999999994 297
1622779453352 16477.513999999996 298
1622779562555 16586.557999999997 299
1622779671785 16695.629999999997 300
1622779781836 16805.521999999997 301
1622779892205 16915.728999999996 302
1622780003056 17026.417999999994 303
1622780114131 17137.333999999995 304
1622780225470 17248.515999999996 305
1622780336794 17359.678999999996 306
1622780449105 17471.830999999995 307
1622780561577 17584.141999999996 308
1622780674798 17697.206999999995 309
1622780788502 17810.756999999994 310
1622780902569 17924.663999999993 311
1622781016241 18038.178999999993 312
1622781130536 18152.31399999999 313
1622781247339 18268.95199999999 314
1622781362393 18383.83899999999 315
1622781479246 18500.53199999999 316
1622781595041 18616.16099999999 317
1622781712652 18733.61299999999 318
1622781830516 18851.31399999999 319
1622781947313 18967.94899999999 320
1622782064542 19085.011999999988 321
1622782182145 19202.44899999999 322
1622782300391 19320.53199999999 323
1622782420432 19440.405999999988 324
1622782541269 19561.075999999986 325
1622782661054 19680.695999999985 326
1622782781251 19800.729999999985 327
1622782900943 19920.247999999985 328
1622783020614 20039.752999999986 329
1622783140831 20159.804999999986 330
1622783262415 20281.221999999987 331
1622783383687 20402.331999999988 332
1622783505406 20523.880999999987 333
1622783627371 20645.67499999999 334
1622783750103 20768.237999999987 335
1622783873597 20891.569999999985 336
1622783997125 21014.936999999984 337
1622784119909 21137.558999999983 338
1622784243429 21260.921999999984 339
1622784368221 21385.552999999985 340
1622784492578 21509.754999999986 341
1622784618975 21635.991999999987 342
1622784744226 21761.077999999987 343
1622784869666 21886.354999999985 344
1622784995368 22011.891999999985 345
1622785124141 22140.498999999985 346
1622785252103 22268.296999999984 347
1622785380986 22397.017999999985 348
1622785512181 22528.046999999984 349
1622785639945 22655.646999999983 350
1622785772118 22787.65599999998 351
1622785901573 22916.95099999998 352
1622786030287 23045.50499999998 353
1622786160339 23175.40099999998 354
1622786290926 23305.82899999998 355
1622786421203 23435.95299999998 356
1622786552019 23566.60899999998 357
1622786683248 23697.677999999978 358
1622786814512 23828.78699999998 359
1622786947191 23961.30699999998 360
1622787079940 24093.89999999998 361
1622787212153 24225.95199999998 362
1622787345125 24358.764999999978 363
1622787478549 24492.01999999998 364
1622787612190 24625.498999999978 365
1622787745596 24758.68599999998 366
1622787881114 24894.02999999998 367
1622788015511 25028.26599999998 368
1622788150182 25162.77499999998 369
1622788284799 25297.22799999998 370
1622788419802 25432.07099999998 371
1622788557154 25569.257999999983 372
1622788693714 25705.653999999984 373
1622788829468 25841.238999999983 374
1622788966210 25977.811999999984 375
1622789105293 26116.729999999985 376
1622789243224 26254.497999999985 377
1622789382819 26393.929999999986 378
1622789525597 26536.550999999985 379
1622789666129 26676.919999999984 380
1622789806390 26817.016999999985 381
1622789946681 26957.141999999985 382
1622790089624 27099.918999999983 383
1622790229575 27239.708999999984 384
1622790371172 27381.141999999985 385
1622790511741 27521.548999999985 386
1622790653238 27662.882999999983 387
1622790796111 27805.598999999984 388
1622790940685 27950.010999999984 389
1622791084431 28093.590999999986 390
1622791228345 28237.343999999986 391
1622791372809 28381.651999999987 392
1622791516923 28525.608999999986 393
1622791662384 28670.906999999985 394
1622791809956 28818.320999999985 395
1622791959823 28968.026999999984 396
1622792105973 29114.016999999985 397
1622792253022 29260.906999999985 398
1622792400642 29408.367999999984 399
1622792549217 29556.780999999984 400
1622792697159 29704.557999999983 401
1622792847925 29855.15699999998 402
1622792996070 30003.14199999998 403
1622793144276 30151.19099999998 404
1622793293233 30299.98899999998 405
1622793442666 30449.25799999998 406
1622793592822 30599.25199999998 407
1622793744234 30750.496999999978 408
1622793894253 30900.352999999977 409
1622794044893 31050.828999999976 410
1622794196999 31202.773999999976 411
1622794350446 31356.055999999975 412
1622794503435 31508.887999999974 413
1622794654579 31659.868999999973 414
1622794806632 31811.759999999973 415
1622794959824 31964.78899999997 416
1622795112097 32116.90599999997 417
1622795265961 32270.60399999997 418
1622795419127 32423.60199999997 419
1622795572858 32577.16699999997 420
1622795727342 32731.49299999997 421
1622795881717 32885.70699999997 422
1622796036482 33040.31099999997 423
1622796191168 33194.83699999997 424
1622796346574 33350.07999999997 425
1622796502601 33505.94899999997 426
1622796661058 33664.24199999997 427
1622796821186 33824.20999999997 428
1622796978648 33981.51599999997 429
1622797138330 34141.03699999997 430
1622797295539 34298.08999999997 431
1622797454202 34456.58999999997 432
1622797612111 34614.33999999997 433
1622797771242 34773.31399999997 434
1622797932956 34934.86499999997 435
1622798092285 35094.03499999997 436
1622798251962 35253.554999999964 437
1622798413578 35415.011999999966 438
1622798575690 35576.95199999997 439
1622798738238 35739.34199999997 440
1622798904303 35905.24799999997 441
1622799070484 36071.26699999997 442
1622799234326 36234.94999999997 443
1622799398467 36398.93099999997 444
1622799563180 36563.48199999997 445
1622799727287 36727.42899999997 446
1622799890355 36890.33699999997 447
1622800056171 37055.99399999997 448
1622800222070 37221.73499999997 449
1622800386496 37385.99999999997 450
1622800551977 37551.32199999997 451
1622800717574 37716.76099999997 452
1622800882353 37881.37299999997 453
1622801047159 38046.01199999997 454
1622801213126 38211.80299999997 455
1622801380148 38378.65099999997 456
1622801549231 38547.57299999997 457
1622801717205 38715.38799999997 458
1622801887466 38885.47999999997 459
1622802056922 39054.77199999997 460
1622802225565 39223.24699999997 461
1622802395554 39393.05999999997 462
1622802564861 39562.19099999997 463
1622802735494 39732.64599999997 464
1622802906167 39903.144999999975 465
1622803079448 40076.254999999976 466
1622803249758 40246.38799999998 467
1622803420950 40417.41899999998 468
1622803594526 40590.83099999998 469
1622803768031 40764.174999999974 470
1622803940145 40936.11799999997 471
1622804114474 41110.28599999997 472
1622804288402 41284.051999999974 473
1622804462188 41457.67999999997 474
1622804635949 41631.284999999974 475
1622804808934 41804.10099999997 476
1622804982496 41977.504999999976 477
1622805157515 42152.360999999975 478
1622805332422 42327.10399999998 479
1622805508315 42502.83399999998 480
1622805687438 42681.79599999998 481
1622805865710 42859.90599999998 482
1622806043425 43037.45999999998 483
1622806220793 43214.66999999998 484
1622806399154 43392.86899999998 485
1622806578622 43572.161999999975 486
1622806756732 43750.106999999975 487
1622806935106 43928.292999999976 488
1622807115252 44108.271999999975 489
1622807294446 44287.303999999975 490
1622807474931 44467.627999999975 491
1622807655250 44647.78399999998 492
1622807836784 44829.163999999975 493
1622808019047 45011.263999999974 494
1622808201970 45194.02499999997 495
1622808382645 45374.54299999997 496
1622808565052 45556.79099999997 497
1622808750270 45741.83999999997 498
1622808935570 45926.96499999997 499
1622809123655 46114.770999999964 500
