1622734083407 0.377 0
1622734083943 0.453 1
1622734084496 0.528 2
1622734085095 0.604 3
1622734085703 0.6799999999999999 4
1622734086357 0.7559999999999999 5
1622734087045 0.8309999999999998 6
1622734087769 0.9059999999999998 7
1622734088534 0.9819999999999998 8
1622734089331 1.0569999999999997 9
1622734090156 1.1339999999999997 10
1622734091031 1.2099999999999997 11
1622734091917 1.2849999999999997 12
1622734092857 1.3609999999999998 13
1622734093828 1.4359999999999997 14
1622734094844 1.5099999999999998 15
1622734095896 1.5849999999999997 16
1622734096983 1.6599999999999997 17
1622734098098 1.7359999999999998 18
1622734099243 1.8119999999999998 19
1622734100415 1.8869999999999998 20
1622734101638 1.9629999999999999 21
1622734102905 2.038 22
1622734104219 2.113 23
1622734105535 2.187 24
1622734106905 2.262 25
1622734108319 2.337 26
1622734109759 2.4120000000000004 27
1622734111236 2.4870000000000005 28
1622734112752 2.5630000000000006 29
1622734114312 2.6390000000000007 30
1622734115901 2.714000000000001 31
1622734117539 2.789000000000001 32
1622734119190 2.864000000000001 33
1622734120877 2.9390000000000014 34
1622734122599 3.0140000000000016 35
1622734124381 3.0890000000000017 36
1622734126151 3.164000000000002 37
1622734127989 3.240000000000002 38
1622734129877 3.314000000000002 39
1622734131770 3.389000000000002 40
1622734133720 3.464000000000002 41
1622734135671 3.5390000000000024 42
1622734137691 3.6140000000000025 43
1622734139752 3.6890000000000027 44
1622734141851 3.764000000000003 45
1622734143993 3.839000000000003 46
1622734146164 3.9140000000000033 47
1622734148375 3.988000000000003 48
1622734150599 4.062000000000003 49
1622734152878 4.137000000000003 50
1622734155173 4.213000000000003 51
1622734157548 4.288000000000003 52
1622734159938 4.363000000000003 53
1622734162322 4.438000000000003 54
1622734164793 4.5130000000000035 55
1622734167295 4.588000000000004 56
1622734169836 4.664000000000003 57
1622734172406 4.739000000000003 58
1622734175027 4.814000000000004 59
1622734177695 4.889000000000004 60
1622734180377 4.965000000000003 61
1622734183111 5.041000000000003 62
1622734185866 5.116000000000003 63
1622734188657 5.191000000000003 64
1622734191449 5.266000000000004 65
1622734194303 5.340000000000003 66
1622734197164 5.414000000000003 67
1622734200071 5.489000000000003 68
1622734203015 5.564000000000004 69
1622734206016 5.640000000000003 70
1622734209039 5.715000000000003 71
1622734212138 5.790000000000004 72
1622734215250 5.866000000000003 73
1622734218389 5.942000000000003 74
1622734221616 6.017000000000003 75
1622734224862 6.092000000000003 76
1622734228152 6.168000000000003 77
1622734231459 6.242000000000003 78
1622734234729 6.317000000000003 79
1622734238074 6.392000000000003 80
1622734241426 6.467000000000003 81
1622734244881 6.542000000000003 82
1622734248336 6.6170000000000035 83
1622734251855 6.692000000000004 84
1622734255385 6.767000000000004 85
1622734258953 6.842000000000004 86
1622734262567 6.916000000000004 87
1622734266174 6.991000000000004 88
1622734269919 7.067000000000004 89
1622734273601 7.142000000000004 90
1622734277337 7.217000000000004 91
1622734281181 7.292000000000004 92
1622734284976 7.366000000000004 93
1622734288866 7.441000000000004 94
1622734292813 7.517000000000004 95
1622734296792 7.592000000000004 96
1622734300799 7.668000000000004 97
1622734304793 7.743000000000004 98
1622734308827 7.818000000000004 99
1622734312922 7.893000000000004 100
1622734317065 7.968000000000004 101
1622734321259 8.043000000000005 102
1622734325418 8.118000000000004 103
1622734329639 8.192000000000004 104
1622734333869 8.267000000000003 105
1622734338155 8.342000000000002 106
1622734342507 8.418000000000003 107
1622734346877 8.493000000000002 108
1622734351307 8.567000000000002 109
1622734355805 8.643000000000002 110
1622734360302 8.720000000000002 111
1622734364836 8.796000000000003 112
1622734369431 8.871000000000002 113
1622734374008 8.947000000000003 114
1622734378639 9.022000000000002 115
1622734383315 9.098000000000003 116
1622734388030 9.173000000000002 117
1622734392778 9.247000000000002 118
1622734397548 9.322000000000001 119
1622734402317 9.396 120
1622734407169 9.47 121
1622734412042 9.545 122
1622734416954 9.62 123
1622734421900 9.696 124
1622734426867 9.770999999999999 125
1622734431933 9.845999999999998 126
1622734436985 9.920999999999998 127
1622734442080 9.995999999999997 128
1622734447184 10.070999999999996 129
1622734452370 10.144999999999996 130
1622734457564 10.219999999999995 131
1622734462826 10.294999999999995 132
1622734468086 10.369999999999994 133
1622734473378 10.444999999999993 134
1622734478728 10.520999999999994 135
1622734484076 10.595999999999993 136
1622734489570 10.670999999999992 137
1622734495022 10.747999999999992 138
1622734500484 10.822999999999992 139
1622734506034 10.89799999999999 140
1622734511682 10.97299999999999 141
1622734517345 11.04799999999999 142
1622734522988 11.12399999999999 143
1622734528690 11.19999999999999 144
1622734534515 11.27699999999999 145
1622734540255 11.35199999999999 146
1622734546109 11.42599999999999 147
1622734551945 11.500999999999989 148
1622734557802 11.57699999999999 149
1622734563738 11.651999999999989 150
1622734569623 11.726999999999988 151
1622734575622 11.801999999999987 152
1622734581607 11.876999999999986 153
1622734587619 11.951999999999986 154
1622734593716 12.026999999999985 155
1622734599832 12.101999999999984 156
1622734605977 12.176999999999984 157
1622734612180 12.252999999999984 158
1622734618400 12.327999999999983 159
1622734624675 12.402999999999983 160
1622734630930 12.477999999999982 161
1622734637207 12.552999999999981 162
1622734643594 12.628999999999982 163
1622734649956 12.702999999999982 164
1622734656367 12.777999999999981 165
1622734662906 12.85299999999998 166
1622734669456 12.92799999999998 167
1622734676025 13.002999999999979 168
1622734682579 13.077999999999978 169
1622734689180 13.151999999999978 170
1622734695837 13.226999999999977 171
1622734702522 13.301999999999977 172
1622734709233 13.377999999999977 173
1622734716021 13.451999999999977 174
1622734722806 13.526999999999976 175
1622734729719 13.601999999999975 176
1622734736557 13.675999999999975 177
1622734743411 13.750999999999975 178
1622734750387 13.825999999999974 179
1622734757343 13.900999999999973 180
1622734764407 13.974999999999973 181
1622734771460 14.050999999999974 182
1622734778511 14.125999999999973 183
1622734785656 14.200999999999972 184
1622734793492 14.372999999999973 185
1622734800638 14.446999999999973 186
1622734808902 14.521999999999972 187
1622734816667 14.606999999999973 188
1622734823847 14.681999999999972 189
1622734831142 14.755999999999972 190
1622734838391 14.830999999999971 191
1622734845714 14.90599999999997 192
1622734853146 14.981999999999971 193
1622734860534 15.05699999999997 194
1622734868037 15.13199999999997 195
1622734875515 15.206999999999969 196
1622734883071 15.280999999999969 197
1622734890647 15.355999999999968 198
1622734898173 15.430999999999967 199
1622734906448 15.504999999999967 200
1622734915016 15.586999999999968 201
1622734922717 15.660999999999968 202
1622734930475 15.735999999999967 203
1622734938273 15.811999999999967 204
1622734946126 15.886999999999967 205
1622734953954 15.961999999999966 206
1622734962802 16.036999999999967 207
1622734970680 16.11099999999997 208
1622734978653 16.185999999999968 209
1622734986641 16.260999999999967 210
1622734994705 16.33499999999997 211
1622735002758 16.409999999999968 212
1622735010952 16.48599999999997 213
1622735019039 16.560999999999968 214
1622735027241 16.63699999999997 215
1622735035453 16.711999999999968 216
1622735043685 16.78599999999997 217
1622735051977 16.85999999999997 218
1622735060896 16.93599999999997 219
1622735069264 17.009999999999973 220
1622735077690 17.084999999999972 221
1622735086166 17.15999999999997 222
1622735094636 17.23499999999997 223
1622735103213 17.308999999999973 224
1622735111762 17.383999999999972 225
1622735120418 17.45899999999997 226
1622735129093 17.53399999999997 227
1622735137822 17.60999999999997 228
1622735146592 17.683999999999973 229
1622735155370 17.759999999999973 230
1622735164107 17.833999999999975 231
1622735172906 17.909999999999975 232
1622735181697 17.984999999999975 233
1622735190596 18.058999999999976 234
1622735200129 18.133999999999975 235
1622735209104 18.208999999999975 236
1622735218101 18.283999999999974 237
1622735227105 18.358999999999973 238
1622735236112 18.435999999999975 239
1622735245215 18.510999999999974 240
1622735254392 18.585999999999974 241
1622735263526 18.660999999999973 242
1622735272765 18.734999999999975 243
1622735282694 18.905999999999974 244
1622735291968 18.980999999999973 245
1622735301328 19.054999999999975 246
1622735310628 19.128999999999976 247
1622735319989 19.202999999999978 248
1622735329462 19.277999999999977 249
1622735338863 19.352999999999977 250
1622735348347 19.427999999999976 251
1622735357835 19.502999999999975 252
1622735367427 19.577999999999975 253
1622735377055 19.652999999999974 254
1622735386674 19.727999999999973 255
1622735396349 19.802999999999972 256
1622735406039 19.878999999999973 257
1622735415772 19.953999999999972 258
1622735425492 20.027999999999974 259
1622735435341 20.102999999999973 260
1622735445199 20.177999999999972 261
1622735455096 20.25299999999997 262
1622735465018 20.328999999999972 263
1622735474908 20.40399999999997 264
1622735484879 20.47899999999997 265
1622735494954 20.55399999999997 266
1622735504961 20.62799999999997 267
1622735515061 20.701999999999973 268
1622735525152 20.776999999999973 269
1622735535337 20.851999999999972 270
1622735545525 20.92699999999997 271
1622735555815 21.000999999999973 272
1622735566193 21.074999999999974 273
1622735576462 21.150999999999975 274
1622735586863 21.226999999999975 275
1622735597388 21.302999999999976 276
1622735607956 21.378999999999976 277
1622735618435 21.454999999999977 278
1622735628917 21.530999999999977 279
1622735639462 21.605999999999977 280
1622735650107 21.68299999999998 281
1622735660681 21.757999999999978 282
1622735671381 21.83199999999998 283
1622735682075 21.90799999999998 284
1622735692819 21.98199999999998 285
1622735703567 22.055999999999983 286
1622735714378 22.129999999999985 287
1622735725255 22.204999999999984 288
1622735736176 22.280999999999985 289
1622735747062 22.355999999999984 290
1622735757974 22.430999999999983 291
1622735768924 22.506999999999984 292
1622735779967 22.580999999999985 293
1622735791007 22.656999999999986 294
1622735802042 22.731999999999985 295
1622735813136 22.806999999999984 296
1622735824252 22.882999999999985 297
1622735835421 22.956999999999987 298
1622735846710 23.030999999999988 299
1622735857904 23.10399999999999 300
1622735869146 23.178999999999988 301
1622735880460 23.25299999999999 302
1622735891785 23.32899999999999 303
1622735903140 23.40399999999999 304
1622735914591 23.47899999999999 305
1622735925997 23.55299999999999 306
1622735937634 23.62799999999999 307
1622735949130 23.70399999999999 308
1622735960697 23.77999999999999 309
1622735972267 23.85499999999999 310
1622735983975 23.93099999999999 311
1622735995663 24.00699999999999 312
1622736007307 24.080999999999992 313
1622736019007 24.154999999999994 314
1622736030812 24.229999999999993 315
1622736042621 24.303999999999995 316
1622736054454 24.378999999999994 317
1622736066280 24.453999999999994 318
1622736078146 24.528999999999993 319
1622736090083 24.603999999999992 320
1622736102119 24.67899999999999 321
1622736114084 24.754999999999992 322
1622736126129 24.828999999999994 323
1622736138214 24.902999999999995 324
1622736150292 24.976999999999997 325
1622736162453 25.051999999999996 326
1622736174656 25.125999999999998 327
1622736186899 25.200999999999997 328
1622736199209 25.275999999999996 329
1622736211529 25.350999999999996 330
1622736223897 25.425999999999995 331
1622736236285 25.499999999999996 332
1622736248675 25.574999999999996 333
1622736261072 25.648999999999997 334
1622736273583 25.723 335
1622736286059 25.798 336
1622736298618 25.872 337
1622736311180 25.946 338
1622736323802 26.020000000000003 339
1622736336440 26.095000000000002 340
1622736349195 26.17 341
1622736361925 26.246000000000002 342
1622736374743 26.321 343
1622736388271 26.493000000000002 344
1622736400999 26.567000000000004 345
1622736413825 26.642000000000003 346
1622736426694 26.716000000000005 347
1622736439654 26.790000000000006 348
1622736452516 26.864000000000008 349
1622736465523 26.939000000000007 350
1622736478486 27.01300000000001 351
1622736491628 27.08700000000001 352
1622736504691 27.161000000000012 353
1622736517823 27.235000000000014 354
1622736530963 27.310000000000013 355
1622736544171 27.385000000000012 356
1622736557398 27.46000000000001 357
1622736570609 27.536000000000012 358
1622736583971 27.61100000000001 359
1622736597206 27.68600000000001 360
1622736610643 27.760000000000012 361
1622736624000 27.83500000000001 362
1622736637483 27.909000000000013 363
1622736650964 27.983000000000015 364
1622736664447 28.058000000000014 365
1622736677957 28.132000000000016 366
1622736691599 28.206000000000017 367
1622736705296 28.281000000000017 368
1622736718930 28.355000000000018 369
1622736732640 28.42900000000002 370
1622736746388 28.50300000000002 371
1622736760211 28.577000000000023 372
1622736773992 28.653000000000024 373
1622736787782 28.728000000000023 374
1622736801734 28.803000000000022 375
1622736815620 28.87800000000002 376
1622736829480 28.95300000000002 377
1622736843488 29.02800000000002 378
1622736857521 29.10400000000002 379
1622736871550 29.18000000000002 380
1622736885631 29.25500000000002 381
1622736899724 29.33000000000002 382
1622736913930 29.40600000000002 383
1622736929093 29.55300000000002 384
1622736943322 29.62700000000002 385
1622736957612 29.701000000000022 386
1622736971854 29.77600000000002 387
1622736986255 29.850000000000023 388
1622737000668 29.924000000000024 389
1622737014973 29.998000000000026 390
1622737029410 30.073000000000025 391
1622737043927 30.148000000000025 392
1622737058384 30.222000000000026 393
1622737072912 30.296000000000028 394
1622737087519 30.371000000000027 395
1622737102104 30.44500000000003 396
1622737116733 30.520000000000028 397
1622737133021 30.59400000000003 398
1622737147693 30.66800000000003 399
1622737162478 30.74300000000003 400
1622737177332 30.81800000000003 401
1622737192243 30.89400000000003 402
1622737207074 30.968000000000032 403
1622737221914 31.04300000000003 404
1622737236827 31.11800000000003 405
1622737251763 31.192000000000032 406
1622737266777 31.266000000000034 407
1622737281758 31.340000000000035 408
1622737296822 31.415000000000035 409
1622737311938 31.490000000000034 410
1622737327171 31.564000000000036 411
1622737342396 31.638000000000037 412
1622737357592 31.71200000000004 413
1622737372939 31.78600000000004 414
1622737388216 31.860000000000042 415
1622737403496 31.934000000000044 416
1622737418962 32.008000000000045 417
1622737434864 32.08300000000005 418
1622737450367 32.15800000000005 419
1622737465785 32.23100000000005 420
1622737481277 32.306000000000054 421
1622737496882 32.38000000000005 422
1622737512507 32.45600000000005 423
1622737528089 32.531000000000056 424
1622737543760 32.604000000000056 425
1622737559437 32.67900000000006 426
1622737575089 32.75400000000006 427
1622737590752 32.829000000000065 428
1622737606597 32.90400000000007 429
1622737622395 32.978000000000065 430
1622737638290 33.05300000000007 431
1622737654239 33.127000000000066 432
1622737670256 33.20300000000007 433
1622737686256 33.277000000000065 434
1622737702395 33.35200000000007 435
1622737718491 33.426000000000066 436
1622737734608 33.500000000000064 437
1622737750771 33.57400000000006 438
1622737768266 33.64800000000006 439
1622737785060 33.73200000000006 440
1622737801606 33.807000000000066 441
1622737817871 33.88200000000007 442
1622737834110 33.95600000000007 443
1622737850474 34.03100000000007 444
1622737866823 34.10500000000007 445
1622737883219 34.179000000000066 446
1622737899756 34.25400000000007 447
1622737916264 34.32800000000007 448
1622737934397 34.40100000000007 449
1622737951060 34.47400000000007 450
1622737967600 34.54900000000007 451
1622737984179 34.62300000000007 452
1622738000928 34.69800000000007 453
1622738017725 34.773000000000074 454
1622738034375 34.84700000000007 455
1622738051084 34.92100000000007 456
1622738067920 34.99700000000007 457
1622738084811 35.072000000000074 458
1622738101629 35.14600000000007 459
1622738118485 35.221000000000075 460
1622738135357 35.29500000000007 461
1622738152180 35.370000000000076 462
1622738169159 35.44500000000008 463
1622738186128 35.51900000000008 464
1622738203159 35.59400000000008 465
1622738220283 35.66900000000008 466
1622738237391 35.74300000000008 467
1622738254554 35.81800000000008 468
1622738271733 35.894000000000084 469
1622738289008 35.96800000000008 470
1622738306264 36.04200000000008 471
1622738323654 36.11600000000008 472
1622738341007 36.19100000000008 473
1622738358398 36.26600000000008 474
1622738375964 36.34000000000008 475
1622738393543 36.415000000000084 476
1622738411086 36.49000000000009 477
1622738428631 36.56500000000009 478
1622738446231 36.63900000000009 479
1622738463908 36.71400000000009 480
1622738483084 36.79700000000009 481
1622738500818 36.87200000000009 482
1622738520516 36.94600000000009 483
1622738538451 37.02000000000009 484
1622738556290 37.09400000000009 485
1622738574221 37.17000000000009 486
1622738592065 37.244000000000085 487
1622738609959 37.31800000000008 488
1622738627933 37.39200000000008 489
1622738645912 37.467000000000084 490
1622738663863 37.54200000000009 491
1622738682026 37.616000000000085 492
1622738700123 37.69000000000008 493
1622738718277 37.76400000000008 494
1622738736455 37.83800000000008 495
1622738754678 37.91200000000008 496
1622738772921 37.98800000000008 497
1622738791251 38.06300000000008 498
1622738809573 38.13800000000008 499
1622738827932 38.213000000000086 500
