1622719904643 0.916334756109454 0
1622719905538 0.9324893321051264 1
1622719906120 0.9297284505173636 2
1622719906694 0.9297284505173636 3
1622719907311 0.9297284505173636 4
1622719907957 0.9297284505173636 5
1622719908625 0.9297284505173636 6
1622719909334 0.9297284505173636 7
1622719910076 0.9297284505173636 8
1622719910862 0.9297284505173636 9
1622719911676 0.9297284505173636 10
1622719912544 0.9297284505173636 11
1622719913431 0.9297284505173636 12
1622719914361 0.9297284505173636 13
1622719915320 0.9297284505173636 14
1622719916303 0.9297284505173636 15
1622719917309 0.9297284505173636 16
1622719918388 0.9297284505173636 17
1622719919504 0.9297284505173636 18
1622719920658 0.9297284505173636 19
1622719921856 0.9297284505173636 20
1622719923078 0.9297284505173636 21
1622719924294 0.9297284505173636 22
1622719925580 0.9297284505173636 23
1622719926885 0.9297284505173636 24
1622719928262 0.9297284505173636 25
1622719929640 0.9297284505173636 26
1622719931047 0.9297284505173636 27
1622719932477 0.9297284505173636 28
1622719933991 0.9297284505173636 29
1622719935520 0.9297284505173636 30
1622719937084 0.9297284505173636 31
1622719938695 0.9297284505173636 32
1622719940326 0.9297284505173636 33
1622719942007 0.9297284505173636 34
1622719943753 0.9297284505173636 35
1622719945512 0.9297284505173636 36
1622719947303 0.9297284505173636 37
1622719949125 0.9297284505173636 38
1622719950981 0.9297284505173636 39
1622719952901 0.9297284505173636 40
1622719954831 0.9297284505173636 41
1622719956822 0.9297284505173636 42
1622719958824 0.9297284505173636 43
1622719960860 0.9297284505173636 44
1622719962943 0.9297284505173636 45
1622719965057 0.9297284505173636 46
1622719967211 0.9297284505173636 47
1622719969386 0.9297284505173636 48
1622719971615 0.9297284505173636 49
1622719973815 0.9297284505173636 50
1622719976140 0.9297284505173636 51
1622719978487 0.9297284505173636 52
1622719980840 0.9297284505173636 53
1622719983258 0.9297284505173636 54
1622719985677 0.9297284505173636 55
1622719988162 0.9297284505173636 56
1622719990638 0.9297284505173636 57
1622719993179 0.9297284505173636 58
1622719995745 0.9297284505173636 59
1622719998327 0.9297284505173636 60
1622720000959 0.9297284505173636 61
1622720003632 0.9297284505173636 62
1622720006361 0.9297284505173636 63
1622720009129 0.9297284505173636 64
1622720011900 0.9297284505173636 65
1622720014737 0.9297284505173636 66
1622720017573 0.9297284505173636 67
1622720020461 0.9297284505173636 68
1622720023415 0.9297284505173636 69
1622720026387 0.9297284505173636 70
1622720029425 0.9297284505173636 71
1622720032446 0.9297284505173636 72
1622720035564 0.9297284505173636 73
1622720038695 0.9297284505173636 74
1622720041834 0.9297284505173636 75
1622720045042 0.9297284505173636 76
1622720048284 0.9297284505173636 77
1622720051517 0.9297284505173636 78
1622720054755 0.9297284505173636 79
1622720058013 0.9297284505173636 80
1622720061341 0.9297284505173636 81
1622720064756 0.9297284505173636 82
1622720068187 0.9297284505173636 83
1622720071661 0.9297284505173636 84
1622720075166 0.9297284505173636 85
1622720078703 0.9297284505173636 86
1622720082288 0.9297284505173636 87
1622720085916 0.9297284505173636 88
1622720089638 0.9297284505173636 89
1622720093365 0.9297284505173636 90
1622720097101 0.9297284505173636 91
1622720100854 0.9297284505173636 92
1622720104657 0.9297284505173636 93
1622720108470 0.9297284505173636 94
1622720112344 0.9297284505173636 95
1622720116202 0.9297284505173636 96
1622720120162 0.9297284505173636 97
1622720124119 0.9297284505173636 98
1622720128087 0.9297284505173636 99
1622720132106 0.9297284505173636 100
1622720136183 0.9297284505173636 101
1622720140276 0.9297284505173636 102
1622720144354 0.9297284505173636 103
1622720148493 0.9297284505173636 104
1622720152654 0.9297284505173636 105
1622720156909 0.9297284505173636 106
1622720161199 0.9297284505173636 107
1622720165502 0.9297284505173636 108
1622720169805 0.9297284505173636 109
1622720174199 0.9297284505173636 110
1622720178619 0.9297284505173636 111
1622720183114 0.9297284505173636 112
1622720187591 0.9297284505173636 113
1622720192158 0.9297284505173636 114
1622720196688 0.9297284505173636 115
1622720201277 0.9297284505173636 116
1622720205847 0.9297284505173636 117
1622720210505 0.9297284505173636 118
1622720215229 0.9297284505173636 119
1622720220021 0.9297284505173636 120
1622720224855 0.9297284505173636 121
1622720229638 0.9297284505173636 122
1622720234451 0.9297284505173636 123
1622720239307 0.9297284505173636 124
1622720244212 0.9297284505173636 125
1622720249163 0.9297284505173636 126
1622720254180 0.9297284505173636 127
1622720259159 0.9297284505173636 128
1622720264200 0.9297284505173636 129
1622720269280 0.9297284505173636 130
1622720274395 0.9297284505173636 131
1622720279545 0.9297284505173636 132
1622720284785 0.9297284505173636 133
1622720290085 0.9297284505173636 134
1622720295366 0.9297284505173636 135
1622720300703 0.9297284505173636 136
1622720306091 0.9297284505173636 137
1622720311489 0.9297284505173636 138
1622720316867 0.9297284505173636 139
1622720322321 0.9297284505173636 140
1622720327878 0.9297284505173636 141
1622720333470 0.9297284505173636 142
1622720339078 0.9297284505173636 143
1622720344728 0.9297284505173636 144
1622720350328 0.9297284505173636 145
1622720355992 0.9297284505173636 146
1622720361682 0.9297284505173636 147
1622720367407 0.9297284505173636 148
1622720373188 0.9297284505173636 149
1622720378901 0.9297284505173636 150
1622720384711 0.9297284505173636 151
1622720390523 0.9297284505173636 152
1622720396404 0.9297284505173636 153
1622720402304 0.9297284505173636 154
1622720408231 0.9297284505173636 155
1622720414185 0.9297284505173636 156
1622720420277 0.9297284505173636 157
1622720426441 0.9297284505173636 158
1622720432668 0.9297284505173636 159
1622720438827 0.9297284505173636 160
1622720445016 0.9297284505173636 161
1622720451170 0.9297284505173636 162
1622720457406 0.9297284505173636 163
1622720463618 0.9297284505173636 164
1622720469946 0.9297284505173636 165
1622720476222 0.9297284505173636 166
1622720482687 0.9297284505173636 167
1622720489025 0.9297284505173636 168
1622720495403 0.9297284505173636 169
1622720501835 0.9297284505173636 170
1622720508269 0.9297284505173636 171
1622720514748 0.9297284505173636 172
1622720521201 0.9297284505173636 173
1622720527835 0.9297284505173636 174
1622720534467 0.9297284505173636 175
1622720541120 0.9297284505173636 176
1622720547773 0.9297284505173636 177
1622720554474 0.9297284505173636 178
1622720561216 0.9297284505173636 179
1622720568076 0.9297284505173636 180
1622720575071 0.9297284505173636 181
1622720581966 0.9297284505173636 182
1622720588939 0.9297284505173636 183
1622720595919 0.9297284505173636 184
1622720602882 0.9297284505173636 185
1622720609956 0.9297284505173636 186
1622720617025 0.9297284505173636 187
1622720624199 0.9297284505173636 188
1622720631247 0.9297284505173636 189
1622720638441 0.9297284505173636 190
1622720645632 0.9297284505173636 191
1622720652814 0.9297284505173636 192
1622720660167 0.9297284505173636 193
1622720667446 0.9297284505173636 194
1622720674762 0.9297284505173636 195
1622720682082 0.9297284505173636 196
1622720689391 0.9297284505173636 197
1622720696819 0.9297284505173636 198
1622720704290 0.9297284505173636 199
1622720711795 0.9297284505173636 200
1622720719320 0.9297284505173636 201
1622720726932 0.9297284505173636 202
1622720734634 0.9297284505173636 203
1622720742382 0.9297284505173636 204
1622720750260 0.9297284505173636 205
1622720758027 0.9297284505173636 206
1622720765878 0.9297284505173636 207
1622720773650 0.9297284505173636 208
1622720781600 0.9297284505173636 209
1622720789414 0.9297284505173636 210
1622720797406 0.9297284505173636 211
1622720805302 0.9297284505173636 212
1622720813391 0.9297284505173636 213
1622720821401 0.9297284505173636 214
1622720829460 0.9297284505173636 215
1622720837536 0.9297284505173636 216
1622720845673 0.9297284505173636 217
1622720853780 0.9297284505173636 218
1622720861931 0.9297284505173636 219
1622720870153 0.9297284505173636 220
1622720878509 0.9297284505173636 221
1622720886748 0.9297284505173636 222
1622720895039 0.9297284505173636 223
1622720903393 0.9297284505173636 224
1622720911747 0.9297284505173636 225
1622720920250 0.9297284505173636 226
1622720928844 0.9297284505173636 227
1622720937494 0.9297284505173636 228
1622720946168 0.9297284505173636 229
1622720954884 0.9297284505173636 230
1622720963670 0.9297284505173636 231
1622720972273 0.9297284505173636 232
1622720981123 0.9297284505173636 233
1622720989777 0.9297284505173636 234
1622720998666 0.9297284505173636 235
1622721007368 0.9297284505173636 236
1622721016374 0.9297284505173636 237
1622721025453 0.9297284505173636 238
1622721034522 0.9297284505173636 239
1622721043636 0.9297284505173636 240
1622721052672 0.9297284505173636 241
1622721061780 0.9297284505173636 242
1622721070920 0.9297284505173636 243
1622721080051 0.9297284505173636 244
1622721089275 0.9297284505173636 245
1622721098539 0.9297284505173636 246
1622721107903 0.9297284505173636 247
1622721117284 0.9297284505173636 248
1622721126688 0.9297284505173636 249
1622721136047 0.9297284505173636 250
1622721145468 0.9297284505173636 251
1622721154984 0.9297284505173636 252
1622721164518 0.9297284505173636 253
1622721174082 0.9297284505173636 254
1622721183686 0.9297284505173636 255
1622721193280 0.9297284505173636 256
1622721202982 0.9297284505173636 257
1622721212806 0.9297284505173636 258
1622721222565 0.9297284505173636 259
1622721232336 0.9297284505173636 260
1622721242147 0.9297284505173636 261
1622721251982 0.9297284505173636 262
1622721261908 0.9297284505173636 263
1622721271781 0.9297284505173636 264
1622721281766 0.9297284505173636 265
1622721291699 0.9297284505173636 266
1622721301736 0.9297284505173636 267
1622721311777 0.9297284505173636 268
1622721321983 0.9297284505173636 269
1622721332107 0.9297284505173636 270
1622721342272 0.9297284505173636 271
1622721352451 0.9297284505173636 272
1622721362686 0.9297284505173636 273
1622721372916 0.9297284505173636 274
1622721383214 0.9297284505173636 275
1622721393560 0.9297284505173636 276
1622721403930 0.9297284505173636 277
1622721414339 0.9297284505173636 278
1622721424777 0.9297284505173636 279
1622721435210 0.9297284505173636 280
1622721445737 0.9297284505173636 281
1622721456321 0.9297284505173636 282
1622721466953 0.9297284505173636 283
1622721477610 0.9297284505173636 284
1622721488335 0.9297284505173636 285
1622721499078 0.9297284505173636 286
1622721509784 0.9297284505173636 287
1622721520559 0.9297284505173636 288
1622721531327 0.9297284505173636 289
1622721542158 0.9297284505173636 290
1622721553004 0.9297284505173636 291
1622721563923 0.9297284505173636 292
1622721574859 0.9297284505173636 293
1622721585781 0.9297284505173636 294
1622721596702 0.9297284505173636 295
1622721607745 0.9297284505173636 296
1622721618899 0.9297284505173636 297
1622721630063 0.9297284505173636 298
1622721641242 0.9297284505173636 299
1622721652453 0.9297284505173636 300
1622721663684 0.9297284505173636 301
1622721674975 0.9297284505173636 302
1622721686348 0.9297284505173636 303
1622721697633 0.9297284505173636 304
1622721709039 0.9297284505173636 305
1622721720425 0.9297284505173636 306
1622721731877 0.9297284505173636 307
1622721743399 0.9297284505173636 308
1622721754969 0.9297284505173636 309
1622721766568 0.9297284505173636 310
1622721778107 0.9297284505173636 311
1622721789722 0.9297284505173636 312
1622721801429 0.9297284505173636 313
1622721813214 0.9297284505173636 314
1622721824971 0.9297284505173636 315
1622721836823 0.9297284505173636 316
1622721848710 0.9297284505173636 317
1622721860625 0.9297284505173636 318
1622721872460 0.9297284505173636 319
1622721884446 0.9297284505173636 320
1622721896470 0.9297284505173636 321
1622721908431 0.9297284505173636 322
1622721920461 0.9297284505173636 323
1622721932511 0.9297284505173636 324
1622721944697 0.9297284505173636 325
1622721956793 0.9297284505173636 326
1622721968994 0.9297284505173636 327
1622721981183 0.9297284505173636 328
1622721993493 0.9297284505173636 329
1622722005846 0.9297284505173636 330
1622722018221 0.9297284505173636 331
1622722030575 0.9297284505173636 332
1622722042931 0.9297284505173636 333
1622722055362 0.9297284505173636 334
1622722067744 0.9297284505173636 335
1622722080111 0.9297284505173636 336
1622722092649 0.9297284505173636 337
1622722105173 0.9297284505173636 338
1622722117763 0.9297284505173636 339
1622722130468 0.9297284505173636 340
1622722143116 0.9297284505173636 341
1622722155784 0.9297284505173636 342
1622722168574 0.9297284505173636 343
1622722181414 0.9297284505173636 344
1622722194160 0.9297284505173636 345
1622722207023 0.9297284505173636 346
1622722219914 0.9297284505173636 347
1622722232816 0.9297284505173636 348
1622722245731 0.9297284505173636 349
1622722258725 0.9297284505173636 350
1622722271706 0.9297284505173636 351
1622722284835 0.9297284505173636 352
1622722297994 0.9297284505173636 353
1622722311115 0.9297284505173636 354
1622722324313 0.9297284505173636 355
1622722337555 0.9297284505173636 356
1622722350854 0.9297284505173636 357
1622722364130 0.9297284505173636 358
1622722377490 0.9297284505173636 359
1622722390892 0.9297284505173636 360
1622722404252 0.9297284505173636 361
1622722417646 0.9297284505173636 362
1622722431006 0.9297284505173636 363
1622722444387 0.9297284505173636 364
1622722457934 0.9297284505173636 365
1622722471461 0.9297284505173636 366
1622722484986 0.9297284505173636 367
1622722498551 0.9297284505173636 368
1622722512258 0.9297284505173636 369
1622722526010 0.9297284505173636 370
1622722539742 0.9297284505173636 371
1622722553543 0.9297284505173636 372
1622722567410 0.9297284505173636 373
1622722581263 0.9297284505173636 374
1622722595130 0.9297284505173636 375
1622722608994 0.9297284505173636 376
1622722622967 0.9297284505173636 377
1622722636929 0.9297284505173636 378
1622722650921 0.9297284505173636 379
1622722665010 0.9297284505173636 380
1622722679143 0.9297284505173636 381
1622722693270 0.9297284505173636 382
1622722707513 0.9297284505173636 383
1622722721728 0.9297284505173636 384
1622722736029 0.9297284505173636 385
1622722750274 0.9297284505173636 386
1622722764603 0.9297284505173636 387
1622722779060 0.9297284505173636 388
1622722793363 0.9297284505173636 389
1622722807778 0.9297284505173636 390
1622722822350 0.9297284505173636 391
1622722836916 0.9297284505173636 392
1622722851494 0.9297284505173636 393
1622722865994 0.9297284505173636 394
1622722880588 0.9297284505173636 395
1622722895256 0.9297284505173636 396
1622722909852 0.9297284505173636 397
1622722924603 0.9297284505173636 398
1622722939351 0.9297284505173636 399
1622722954140 0.9297284505173636 400
1622722969026 0.9297284505173636 401
1622722983936 0.9297284505173636 402
1622722998855 0.9297284505173636 403
1622723013835 0.9297284505173636 404
1622723028823 0.9297284505173636 405
1622723043818 0.9297284505173636 406
1622723058892 0.9297284505173636 407
1622723073968 0.9297284505173636 408
1622723089086 0.9297284505173636 409
1622723104236 0.9297284505173636 410
1622723119416 0.9297284505173636 411
1622723134621 0.9297284505173636 412
1622723149927 0.9297284505173636 413
1622723165254 0.9297284505173636 414
1622723180665 0.9297284505173636 415
1622723196051 0.9297284505173636 416
1622723211546 0.9297284505173636 417
1622723226908 0.9297284505173636 418
1622723242342 0.9297284505173636 419
1622723257782 0.9297284505173636 420
1622723273277 0.9297284505173636 421
1622723288800 0.9297284505173636 422
1622723304382 0.9297284505173636 423
1622723320072 0.9297284505173636 424
1622723335818 0.9297284505173636 425
1622723351710 0.9297284505173636 426
1622723367399 0.9297284505173636 427
1622723383156 0.9297284505173636 428
1622723398921 0.9297284505173636 429
1622723414796 0.9297284505173636 430
1622723430737 0.9297284505173636 431
1622723446591 0.9297284505173636 432
1622723462539 0.9297284505173636 433
1622723478548 0.9297284505173636 434
1622723494700 0.9297284505173636 435
1622723510699 0.9297284505173636 436
1622723526735 0.9297284505173636 437
1622723542809 0.9297284505173636 438
1622723558983 0.9297284505173636 439
1622723575109 0.9297284505173636 440
1622723591327 0.9297284505173636 441
1622723607532 0.9297284505173636 442
1622723623794 0.9297284505173636 443
1622723640078 0.9297284505173636 444
1622723656552 0.9297284505173636 445
1622723673024 0.9297284505173636 446
1622723689482 0.9297284505173636 447
1622723706034 0.9297284505173636 448
1622723722555 0.9297284505173636 449
1622723739093 0.9297284505173636 450
1622723755747 0.9297284505173636 451
1622723772406 0.9297284505173636 452
1622723789031 0.9297284505173636 453
1622723805812 0.9297284505173636 454
1622723822549 0.9297284505173636 455
1622723839303 0.9297284505173636 456
1622723856152 0.9297284505173636 457
1622723873037 0.9297284505173636 458
1622723889999 0.9297284505173636 459
1622723906985 0.9297284505173636 460
1622723924020 0.9297284505173636 461
1622723941087 0.9297284505173636 462
1622723958168 0.9297284505173636 463
1622723975315 0.9297284505173636 464
1622723992283 0.9297284505173636 465
1622724009526 0.9297284505173636 466
1622724026652 0.9297284505173636 467
1622724043930 0.9297284505173636 468
1622724061229 0.9297284505173636 469
1622724078472 0.9297284505173636 470
1622724095812 0.9297284505173636 471
1622724113214 0.9297284505173636 472
1622724130551 0.9297284505173636 473
1622724148067 0.9297284505173636 474
1622724165511 0.9297284505173636 475
1622724183016 0.9297284505173636 476
1622724200605 0.9297284505173636 477
1622724218183 0.9297284505173636 478
1622724235806 0.9297284505173636 479
1622724253429 0.9297284505173636 480
1622724271125 0.9297284505173636 481
1622724288773 0.9297284505173636 482
1622724306565 0.9297284505173636 483
1622724324346 0.9297284505173636 484
1622724342106 0.9297284505173636 485
1622724360078 0.9297284505173636 486
1622724378003 0.9297284505173636 487
1622724395882 0.9297284505173636 488
1622724413785 0.9297284505173636 489
1622724431804 0.9297284505173636 490
1622724449851 0.9297284505173636 491
1622724467880 0.9297284505173636 492
1622724486251 0.9297284505173636 493
1622724504411 0.9297284505173636 494
1622724522716 0.9297284505173636 495
1622724541004 0.9297284505173636 496
1622724559264 0.9297284505173636 497
1622724577508 0.9297284505173636 498
1622724595829 0.9297284505173636 499
1622724614234 0.9297284505173636 500
