1622611321769 0.006 0
1622611322342 0.442 1
1622611322900 0.435 2
1622611323502 0.484 3
1622611324143 0.518 4
1622611324838 0.571 5
1622611325577 0.614 6
1622611326346 0.647 7
1622611327156 0.687 8
1622611327974 0.698 9
1622611328809 0.715 10
1622611329687 0.757 11
1622611330582 0.776 12
1622611331533 0.83 13
1622611332506 0.847 14
1622611334354 1.646 15
1622611335473 0.987 16
1622611336621 1.03 17
1622611337793 1.051 18
1622611339009 1.092 19
1622611340412 1.273 20
1622611342415 1.804 21
1622611343750 1.211 22
1622611345116 1.243 23
1622611346483 1.246 24
1622611347880 1.278 25
1622611349270 1.273 26
1622611350686 1.298 27
1622611352226 1.419 28
1622611353722 1.375 29
1622611355256 1.416 30
1622611356815 1.441 31
1622611358424 1.489 32
1622611360056 1.514 33
1622611361719 1.549 34
1622611363421 1.584 35
1622611365259 1.718 36
1622611367055 1.677 37
1622611368866 1.691 38
1622611370731 1.745 39
1622611372606 1.754 40
1622611374533 1.809 41
1622611376581 1.928 42
1622611378617 1.915 43
1622611380656 1.922 44
1622611382783 2.006 45
1622611384895 1.991 46
1622611387031 2.018 47
1622611389210 2.062 48
1622611391398 2.069 49
1622611393830 2.313 50
1622611396216 2.261 51
1622611398568 2.234 52
1622611400924 2.24 53
1622611403334 2.29 54
1622611406484 3.035 55
1622611409140 2.536 56
1622611411833 2.568 57
1622611415461 3.505 58
1622611418199 2.615 59
1622611421598 3.269 60
1622611424240 2.52 61
1622611426920 2.564 62
1622611430307 3.264 63
1622611433340 2.871 64
1622611436288 2.824 65
1622611439195 2.789 66
1622611442038 2.73 67
1622611445051 2.898 68
1622611448148 2.981 69
1622611452208 3.946 70
1622611455354 3.019 71
1622611459302 3.749 72
1622611462403 2.983 73
1622611465507 2.982 74
1622611468830 3.201 75
1622611472183 3.231 76
1622611475426 3.123 77
1622611479070 3.531 78
1622611482288 3.101 79
1622611485714 3.314 80
1622611489291 3.459 81
1622611492678 3.271 82
1622611496084 3.29 83
1622611499558 3.362 84
1622611503031 3.362 85
1622611506719 3.572 86
1622611510372 3.536 87
1622611513927 3.439 88
1622611517712 3.664 89
1622611522037 4.143 90
1622611525734 3.581 91
1622611530495 4.642 92
1622611536970 6.279 93
1622611540814 3.718 94
1622611545823 4.883 95
1622611549931 3.981 96
1622611554695 4.644 97
1622611559521 4.696 98
1622611563546 3.886 99
1622611567577 3.912 100
1622611571664 3.965 101
1622611575801 4.018 102
1622611580732 4.814 103
1622611584873 4.022 104
1622611589040 4.048 105
1622611593261 4.1 106
1622611598551 5.16 107
1622611603587 4.852 108
1622611608148 4.439 109
1622611612862 4.588 110
1622611617349 4.363 111
1622611621774 4.31 112
1622611626312 4.411 113
1622611630823 4.389 114
1622611635373 4.434 115
1622611639982 4.492 116
1622611644632 4.53 117
1622611649343 4.591 118
1622611654041 4.581 119
1622611658734 4.575 120
1622611663515 4.667 121
1622611668428 4.797 122
1622611673414 4.871 123
1622611678554 5.013 124
1622611685025 6.294 125
1622611690038 4.9 126
1622611696029 5.875 127
1622611701234 5.081 128
1622611706277 4.93 129
1622611711401 5.011 130
1622611716518 5.004 131
1622611721771 5.137 132
1622611727048 5.157 133
1622611732280 5.114 134
1622611737559 5.159 135
1622611743641 5.958 136
1622611749120 5.353 137
1622611755210 5.97 138
1622611760617 5.277 139
1622611766239 5.496 140
1622611772683 6.326 141
1622611778189 5.383 142
1622611783936 5.625 143
1622611789937 5.875 144
1622611795947 5.888 145
1622611801972 5.905 146
1622611808178 6.078 147
1622611814237 5.936 148
1622611821052 6.691 149
1622611826916 5.744 150
1622611832739 5.707 151
1622611839312 6.453 152
1622611845265 5.833 153
1622611851977 6.589 154
1622611857989 5.892 155
1622611864017 5.908 156
1622611870941 6.806 157
1622611877253 6.191 158
1622611883404 6.029 159
1622611890638 7.112 160
1622611897162 6.396 161
1622611904511 7.214 162
1622611910827 6.193 163
1622611917102 6.154 164
1622611923414 6.19 165
1622611929858 6.323 166
1622611936318 6.338 167
1622611942791 6.353 168
1622611949257 6.348 169
1622611956543 7.167 170
1622611963095 6.432 171
1622611970085 6.871 172
1622611978683 8.473 173
1622611988753 9.945 174
1622611996496 7.62 175
1622612003300 6.685 176
1622612010031 6.616 177
1622612016797 6.653 178
1622612023673 6.76 179
1622612030515 6.728 180
1622612037466 6.835 181
1622612044406 6.822 182
1622612051359 6.834 183
1622612058368 6.888 184
1622612065478 6.985 185
1622612072556 6.958 186
1622612079673 6.995 187
1622612086806 7.016 188
1622612093926 7.002 189
1622612101156 7.111 190
1622612108337 7.061 191
1622612115600 7.143 192
1622612122978 7.26 193
1622612130365 7.263 194
1622612137894 7.41 195
1622612145696 7.685 196
1622612153192 7.379 197
1622612161523 8.211 198
1622612169011 7.371 199
1622612176637 7.509 200
1622612184360 7.606 201
1622612192075 7.602 202
1622612199811 7.621 203
1622612207570 7.643 204
1622612215367 7.683 205
1622612223596 8.108 206
1622612231631 7.857 207
1622612240191 8.448 208
1622612248092 7.785 209
1622612255980 7.767 210
1622612264123 8.024 211
1622612273956 9.71 212
1622612282050 7.971 213
1622612291905 9.733 214
1622612300028 8.001 215
1622612308162 8.015 216
1622612316313 8.033 217
1622612324557 8.128 218
1622612332753 8.08 219
1622612341050 8.184 220
1622612349389 8.223 221
1622612357770 8.264 222
1622612367114 9.222 223
1622612376018 8.782 224
1622612385572 9.428 225
1622612395148 9.382 226
1622612404172 8.9 227
1622612414547 10.252 228
1622612423141 8.477 229
1622612431820 8.561 230
1622612441641 9.705 231
1622612450520 8.758 232
1622612459267 8.627 233
1622612469410 10.024 234
1622612480169 10.636 235
1622612489411 9.12 236
1622612498831 9.293 237
1622612509092 10.142 238
1622612517993 8.777 239
1622612527010 8.899 240
1622612536078 8.95 241
1622612545156 8.958 242
1622612554322 9.049 243
1622612563447 9.003 244
1622612572639 9.072 245
1622612582058 9.29 246
1622612592814 10.565 247
1622612602077 9.142 248
1622612611424 9.232 249
1622612620984 9.442 250
1622612631291 10.189 251
1622612640704 9.296 252
1622612650185 9.362 253
1622612659668 9.364 254
1622612669802 10.018 255
1622612680172 10.259 256
1622612690905 10.618 257
1622612701370 10.349 258
1622612711047 9.559 259
1622612720801 9.637 260
1622612730870 9.954 261
1622612740692 9.705 262
1622612750755 9.944 263
1622612760588 9.712 264
1622612770932 10.225 265
1622612782781 11.733 266
1622612793471 10.57 267
1622612804280 10.685 268
1622612814352 9.955 269
1622612824427 9.961 270
1622612834515 9.974 271
1622612844687 10.06 272
1622612855759 10.958 273
1622612865981 10.108 274
1622612876503 10.398 275
1622612887456 10.76 276
1622612897869 10.3 277
1622612908449 10.458 278
1622612918845 10.275 279
1622612929271 10.306 280
1622612939766 10.375 281
1622612951059 11.173 282
1622612961760 10.584 283
1622612974046 12.16 284
1622612985096 10.869 285
1622612995737 10.519 286
1622613006377 10.518 287
1622613017129 10.633 288
1622613027904 10.658 289
1622613038811 10.791 290
1622613049819 10.89 291
1622613061664 11.729 292
1622613072690 10.912 293
1622613084193 11.384 294
1622613095996 11.688 295
1622613107932 11.824 296
1622613119103 11.041 297
1622613132052 12.762 298
1622613144168 11.994 299
1622613155283 10.997 300
1622613167776 12.376 301
1622613179994 12.095 302
1622613191379 11.264 303
1622613203766 12.262 304
1622613215855 11.962 305
1622613230563 14.586 306
1622613242932 12.244 307
1622613255474 12.421 308
1622613266887 11.295 309
1622613278314 11.311 310
1622613289898 11.471 311
1622613301455 11.441 312
1622613313026 11.46 313
1622613324682 11.544 314
1622613336408 11.613 315
1622613348191 11.667 316
1622613359925 11.613 317
1622613374452 14.408 318
1622613387118 12.548 319
1622613399340 12.095 320
1622613411852 12.391 321
1622613424899 12.928 322
1622613436875 11.862 323
1622613448860 11.869 324
1622613462003 13.024 325
1622613474864 12.744 326
1622613487385 12.41 327
1622613499530 12.032 328
1622613511815 12.165 329
1622613525294 13.296 330
1622613537571 12.162 331
1622613550696 13.009 332
1622613563815 12.994 333
1622613576128 12.193 334
1622613589439 13.19 335
1622613603164 13.593 336
1622613616669 13.384 337
1622613630014 13.219 338
1622613642776 12.588 339
1622613655643 12.746 340
1622613670015 14.221 341
1622613682607 12.476 342
1622613697496 14.771 343
1622613711352 13.711 344
1622613724063 12.601 345
1622613737028 12.848 346
1622613750529 13.377 347
1622613764821 14.175 348
1622613777569 12.632 349
1622613790512 12.824 350
1622613806847 16.213 351
1622613819965 12.978 352
1622613833982 13.902 353
1622613848458 14.355 354
1622613862306 13.675 355
1622613877260 14.839 356
1622613893529 16.154 357
1622613907979 14.331 358
1622613922425 14.32 359
1622613935612 13.066 360
1622613949808 14.079 361
1622613963939 14.013 362
1622613977383 13.327 363
1622613990844 13.345 364
1622614004292 13.334 365
1622614017762 13.351 366
1622614031370 13.487 367
1622614045008 13.522 368
1622614060060 14.932 369
1622614074718 14.498 370
1622614088609 13.779 371
1622614102248 13.526 372
1622614117569 15.203 373
1622614131663 13.975 374
1622614146380 14.595 375
1622614160225 13.724 376
1622614174047 13.705 377
1622614188039 13.875 378
1622614202011 13.853 379
1622614216379 14.248 380
1622614230387 13.889 381
1622614244418 13.905 382
1622614258937 14.397 383
1622614274858 15.801 384
1622614289130 14.155 385
1622614304535 15.283 386
1622614318901 14.252 387
1622614334351 15.338 388
1622614348710 14.244 389
1622614363014 14.181 390
1622614379017 15.878 391
1622614394690 15.554 392
1622614409885 15.075 393
1622614424422 14.413 394
1622614441070 16.528 395
1622614457269 16.081 396
1622614471911 14.526 397
1622614487868 15.832 398
1622614503335 15.277 399
1622614518061 14.611 400
1622614533446 15.271 401
1622614548703 15.142 402
1622614564564 15.744 403
1622614580561 15.871 404
1622614595844 15.159 405
1622614610701 14.738 406
1622614626652 15.825 407
1622614641559 14.787 408
1622614657444 15.763 409
1622614673113 15.541 410
1622614689420 16.187 411
1622614706690 17.156 412
1622614723463 16.657 413
1622614738750 15.175 414
1622614753952 15.09 415
1622614769277 15.211 416
1622614785640 16.241 417
1622614800950 15.195 418
1622614816356 15.285 419
1622614832394 15.919 420
1622614847836 15.323 421
1622614863387 15.439 422
1622614879427 15.928 423
1622614895461 15.92 424
1622614911852 16.276 425
1622614929156 17.183 426
1622614946676 17.396 427
1622614962642 15.847 428
1622614979031 16.265 429
1622614994741 15.593 430
1622615011180 16.321 431
1622615027879 16.583 432
1622615046382 18.372 433
1622615063406 16.835 434
1622615080603 17.081 435
1622615098725 18.001 436
1622615116375 17.537 437
1622615132475 15.985 438
1622615150267 17.665 439
1622615167902 17.451 440
1622615185042 17.021 441
1622615201994 16.831 442
1622615218052 15.937 443
1622615235238 17.069 444
1622615255927 20.566 445
1622615275140 19.034 446
1622615291521 16.264 447
1622615310609 18.969 448
1622615329924 19.194 449
1622615348297 18.253 450
1622615365742 17.317 451
1622615383580 17.71 452
1622615400405 16.703 453
1622615417094 16.571 454
1622615436460 19.251 455
1622615453840 17.259 456
1622615470455 16.502 457
1622615488076 17.505 458
1622615506327 18.139 459
1622615524362 17.918 460
1622615541554 17.073 461
1622615559624 17.947 462
1622615578053 18.306 463
1622615596572 18.395 464
1622615616287 19.593 465
1622615635816 19.407 466
1622615652782 16.851 467
1622615670757 17.859 468
1622615688023 17.148 469
1622615706207 18.066 470
1622615726393 20.074 471
1622615744501 17.993 472
1622615761683 17.063 473
1622615778918 17.112 474
1622615798947 19.909 475
1622615816813 17.747 476
1622615835958 19.015 477
1622615856233 20.154 478
1622615874663 18.31 479
1622615892121 17.339 480
1622615910364 18.128 481
1622615929275 18.794 482
1622615947765 18.371 483
1622615966568 18.684 484
1622615984240 17.552 485
1622616003295 18.929 486
1622616021844 18.428 487
1622616040716 18.755 488
1622616059332 18.498 489
1622616079181 19.73 490
1622616097391 18.064 491
1622616116687 19.182 492
1622616134732 17.929 493
1622616152866 18.007 494
1622616171056 18.067 495
1622616189310 18.133 496
1622616207498 18.069 497
1622616227419 19.799 498
1622616246286 18.676 499
1622616266343 19.859 500
