1622743571307 27 0
1622743571866 17 1
1622743572450 17 2
1622743573041 15 3
1622743573666 15 4
1622743574328 15 5
1622743575023 15 6
1622743575751 15 7
1622743576518 15 8
1622743577320 15 9
1622743578137 15 10
1622743579018 15 11
1622743579927 15 12
1622743580864 15 13
1622743581843 15 14
1622743582850 15 15
1622743583905 15 16
1622743585010 15 17
1622743586140 15 18
1622743587317 15 19
1622743588515 15 20
1622743589736 15 21
1622743590997 15 22
1622743592295 15 23
1622743593627 15 24
1622743595004 15 25
1622743596404 15 26
1622743597871 15 27
1622743599350 15 28
1622743600877 15 29
1622743602431 15 30
1622743604042 15 31
1622743605678 15 32
1622743607349 15 33
1622743609032 15 34
1622743610787 15 35
1622743612530 15 36
1622743614350 15 37
1622743616188 15 38
1622743618069 15 39
1622743619975 15 40
1622743621921 15 41
1622743623941 15 42
1622743625969 15 43
1622743628007 15 44
1622743630083 15 45
1622743632208 15 46
1622743634366 15 47
1622743636566 15 48
1622743638830 15 49
1622743641092 15 50
1622743643403 15 51
1622743645772 15 52
1622743648127 15 53
1622743650539 15 54
1622743652979 15 55
1622743655476 15 56
1622743658000 15 57
1622743660549 15 58
1622743663150 15 59
1622743665783 15 60
1622743668451 15 61
1622743671141 15 62
1622743673845 15 63
1622743676603 15 64
1622743679409 15 65
1622743682262 15 66
1622743685125 15 67
1622743688053 15 68
1622743691029 15 69
1622743694051 15 70
1622743697073 15 71
1622743700126 15 72
1622743703166 15 73
1622743706266 15 74
1622743709411 15 75
1622743712588 15 76
1622743715818 15 77
1622743719069 15 78
1622743722378 15 79
1622743725661 15 80
1622743729001 15 81
1622743732391 15 82
1622743735872 15 83
1622743739361 15 84
1622743742878 15 85
1622743746397 15 86
1622743749988 15 87
1622743753697 15 88
1622743757358 15 89
1622743761061 15 90
1622743764733 15 91
1622743768537 15 92
1622743772408 15 93
1622743776369 15 94
1622743780397 15 95
1622743784361 15 96
1622743788284 15 97
1622743792286 15 98
1622743796307 15 99
1622743800361 15 100
1622743804508 15 101
1622743808621 15 102
1622743812835 15 103
1622743817051 15 104
1622743821248 15 105
1622743825527 15 106
1622743829791 15 107
1622743834140 15 108
1622743838525 15 109
1622743842930 15 110
1622743847372 15 111
1622743851844 15 112
1622743856382 15 113
1622743860963 15 114
1622743865652 15 115
1622743870247 15 116
1622743874959 15 117
1622743879702 15 118
1622743884485 15 119
1622743889294 15 120
1622743894110 15 121
1622743898974 15 122
1622743903859 15 123
1622743908740 15 124
1622743913725 15 125
1622743918722 15 126
1622743923707 15 127
1622743928769 15 128
1622743933889 15 129
1622743938987 15 130
1622743944108 15 131
1622743949296 15 132
1622743954556 15 133
1622743959905 15 134
1622743965211 15 135
1622743970578 15 136
1622743975977 15 137
1622743981351 15 138
1622743986783 15 139
1622743992306 15 140
1622743997887 15 141
1622744003434 15 142
1622744009036 15 143
1622744014658 15 144
1622744020284 15 145
1622744026007 15 146
1622744031731 15 147
1622744037559 15 148
1622744043334 15 149
1622744049223 15 150
1622744055087 15 151
1622744060988 15 152
1622744066929 15 153
1622744072915 15 154
1622744078914 15 155
1622744084958 15 156
1622744091063 15 157
1622744097225 15 158
1622744103359 15 159
1622744109627 15 160
1622744115881 15 161
1622744122142 15 162
1622744128428 15 163
1622744134804 15 164
1622744141160 15 165
1622744147566 15 166
1622744154040 15 167
1622744160494 15 168
1622744167079 15 169
1622744173725 15 170
1622744180368 15 171
1622744187078 15 172
1622744193801 15 173
1622744200591 15 174
1622744207393 15 175
1622744214241 15 176
1622744221090 15 177
1622744227918 15 178
1622744234813 15 179
1622744241801 15 180
1622744248796 15 181
1622744255826 15 182
1622744262958 15 183
1622744270009 15 184
1622744277081 15 185
1622744284223 15 186
1622744291432 15 187
1622744298699 15 188
1622744305983 15 189
1622744313268 15 190
1622744320625 15 191
1622744327992 15 192
1622744335373 15 193
1622744342816 15 194
1622744350270 15 195
1622744357756 15 196
1622744365361 15 197
1622744372955 15 198
1622744380495 15 199
1622744388124 15 200
1622744395763 15 201
1622744403486 15 202
1622744411286 15 203
1622744419084 15 204
1622744426896 15 205
1622744434737 15 206
1622744442618 15 207
1622744450534 15 208
1622744458446 15 209
1622744466485 15 210
1622744474567 15 211
1622744482646 15 212
1622744490744 15 213
1622744498896 15 214
1622744507076 15 215
1622744515305 15 216
1622744523618 15 217
1622744531982 15 218
1622744540253 15 219
1622744548682 15 220
1622744557102 15 221
1622744565606 15 222
1622744574102 15 223
1622744582565 15 224
1622744591192 15 225
1622744599786 15 226
1622744608389 15 227
1622744617100 15 228
1622744625765 15 229
1622744634438 15 230
1622744643176 15 231
1622744651899 15 232
1622744660771 15 233
1622744669617 15 234
1622744678600 15 235
1622744687567 15 236
1622744696591 15 237
1622744705622 15 238
1622744714675 15 239
1622744723778 15 240
1622744733019 15 241
1622744742214 15 242
1622744751380 15 243
1622744760534 15 244
1622744769820 15 245
1622744779159 15 246
1622744788622 15 247
1622744798023 15 248
1622744807406 15 249
1622744816830 15 250
1622744826283 15 251
1622744836759 15 252
1622744846356 15 253
1622744855907 15 254
1622744865651 15 255
1622744875292 15 256
1622744885067 15 257
1622744894766 15 258
1622744905041 15 259
1622744914871 15 260
1622744924742 15 261
1622744934608 15 262
1622744944523 15 263
1622744954429 15 264
1622744964332 15 265
1622744974270 15 266
1622744984306 15 267
1622744994328 15 268
1622745004494 15 269
1622745014606 15 270
1622745024821 15 271
1622745035076 15 272
1622745045360 15 273
1622745055589 15 274
1622745065979 15 275
1622745076366 15 276
1622745086828 15 277
1622745097189 15 278
1622745107687 15 279
1622745118139 15 280
1622745129174 15 281
1622745139830 15 282
1622745150458 15 283
1622745161179 15 284
1622745171847 15 285
1622745182593 15 286
1622745193259 15 287
1622745204005 15 288
1622745214821 15 289
1622745225672 15 290
1622745236567 15 291
1622745247476 15 292
1622745258421 15 293
1622745269863 15 294
1622745280914 15 295
1622745291923 15 296
1622745302951 15 297
1622745313997 15 298
1622745325284 15 299
1622745336434 15 300
1622745347598 15 301
1622745358985 15 302
1622745370231 15 303
1622745381555 15 304
1622745392906 15 305
1622745404480 15 306
1622745415927 15 307
1622745427434 15 308
1622745439012 15 309
1622745450563 15 310
1622745463734 15 311
1622745475255 15 312
1622745486935 15 313
1622745498558 15 314
1622745510242 15 315
1622745521982 15 316
1622745533663 15 317
1622745545419 15 318
1622745557252 15 319
1622745569159 15 320
1622745581140 15 321
1622745593131 15 322
1622745605163 15 323
1622745617170 15 324
1622745629197 15 325
1622745641195 15 326
1622745653289 15 327
1622745665475 15 328
1622745677613 15 329
1622745689914 15 330
1622745702110 15 331
1622745714478 15 332
1622745726758 15 333
1622745739144 15 334
1622745751646 15 335
1622745764036 15 336
1622745776534 15 337
1622745789023 15 338
1622745801513 15 339
1622745814075 15 340
1622745826691 15 341
1622745839274 15 342
1622745852000 15 343
1622745864732 15 344
1622745877536 15 345
1622745890382 15 346
1622745903282 15 347
1622745916282 15 348
1622745929248 15 349
1622745942284 15 350
1622745955354 15 351
1622745968336 15 352
1622745981388 15 353
1622745994513 15 354
1622746007577 15 355
1622746020759 15 356
1622746033973 15 357
1622746047247 15 358
1622746060482 15 359
1622746073745 15 360
1622746086996 15 361
1622746100295 15 362
1622746113616 15 363
1622746127073 15 364
1622746140509 15 365
1622746153947 15 366
1622746167448 15 367
1622746180995 15 368
1622746194564 15 369
1622746208234 15 370
1622746221890 15 371
1622746235653 15 372
1622746249410 15 373
1622746263149 15 374
1622746277109 15 375
1622746291042 15 376
1622746304881 15 377
1622746318799 15 378
1622746332753 15 379
1622746346708 15 380
1622746360723 15 381
1622746374751 15 382
1622746388808 15 383
1622746402793 15 384
1622746416950 15 385
1622746431184 15 386
1622746445358 15 387
1622746459577 15 388
1622746473822 15 389
1622746488161 15 390
1622746502496 15 391
1622746516866 15 392
1622746531281 15 393
1622746545703 15 394
1622746560200 15 395
1622746574770 15 396
1622746589353 15 397
1622746604012 15 398
1622746618783 15 399
1622746633500 15 400
1622746648195 15 401
1622746662903 15 402
1622746677777 15 403
1622746692676 15 404
1622746707534 15 405
1622746722359 15 406
1622746737295 15 407
1622746752308 15 408
1622746767287 15 409
1622746782316 15 410
1622746797460 15 411
1622746812590 15 412
1622746827771 15 413
1622746843050 15 414
1622746858212 15 415
1622746873422 15 416
1622746888767 15 417
1622746904044 15 418
1622746919365 15 419
1622746934717 15 420
1622746950104 15 421
1622746965500 15 422
1622746980889 15 423
1622746996452 15 424
1622747012010 15 425
1622747027550 15 426
1622747043158 15 427
1622747058750 15 428
1622747074443 15 429
1622747090180 15 430
1622747105902 15 431
1622747121729 15 432
1622747137482 15 433
1622747153299 15 434
1622747169198 15 435
1622747185130 15 436
1622747201206 15 437
1622747217243 15 438
1622747233402 15 439
1622747249513 15 440
1622747265686 15 441
1622747281899 15 442
1622747298163 15 443
1622747314391 15 444
1622747330645 15 445
1622747346907 15 446
1622747363160 15 447
1622747379628 15 448
1622747395997 15 449
1622747412399 15 450
1622747428889 15 451
1622747445505 15 452
1622747462036 15 453
1622747478587 15 454
1622747495244 15 455
1622747511813 15 456
1622747528562 15 457
1622747545343 15 458
1622747562239 15 459
1622747579000 15 460
1622747595983 15 461
1622747612765 15 462
1622747629607 15 463
1622747646567 15 464
1622747663409 15 465
1622747680440 15 466
1622747697430 15 467
1622747714403 15 468
1622747731375 15 469
1622747748524 15 470
1622747765646 15 471
1622747782735 15 472
1622747799920 15 473
1622747817210 15 474
1622747834544 15 475
1622747851783 15 476
1622747869183 15 477
1622747886625 15 478
1622747903971 15 479
1622747921426 15 480
1622747938969 15 481
1622747956485 15 482
1622747974067 15 483
1622747991657 15 484
1622748009300 15 485
1622748027058 15 486
1622748045001 15 487
1622748062796 15 488
1622748080733 15 489
1622748098705 15 490
1622748116562 15 491
1622748134621 15 492
1622748152525 15 493
1622748170668 15 494
1622748188706 15 495
1622748207033 15 496
1622748225139 15 497
1622748243277 15 498
1622748261338 15 499
1622748279571 15 500
