1622663756873 1.289 0
1622663759039 1.549 1
1622663761190 1.807 2
1622663763462 2.0629999999999997 3
1622663765897 2.3219999999999996 4
1622663768444 2.5789999999999997 5
1622663771180 2.8369999999999997 6
1622663774085 3.094 7
1622663777135 3.3569999999999998 8
1622663780370 3.6149999999999998 9
1622663783732 3.8709999999999996 10
1622663787236 4.127 11
1622663790949 4.383 12
1622663794768 4.641 13
1622663798758 4.897 14
1622663803041 5.1530000000000005 15
1622663807357 5.41 16
1622663811902 5.667 17
1622663816567 5.923 18
1622663821426 6.179 19
1622663826413 6.4350000000000005 20
1622663831580 6.694000000000001 21
1622663836878 6.950000000000001 22
1622663842361 7.206000000000001 23
1622663847888 7.463000000000001 24
1622663853648 7.720000000000001 25
1622663859575 7.977 26
1622663865672 8.233 27
1622663871929 8.488000000000001 28
1622663878387 8.745000000000001 29
1622663884879 9.007000000000001 30
1622663891689 9.266000000000002 31
1622663898568 9.524000000000001 32
1622663905628 9.783000000000001 33
1622663912938 10.038000000000002 34
1622663920362 10.293000000000003 35
1622663927937 10.550000000000002 36
1622663935665 10.806000000000003 37
1622663943595 11.065000000000003 38
1622663951500 11.321000000000003 39
1622663959725 11.580000000000004 40
1622663968015 11.840000000000003 41
1622663976585 12.096000000000004 42
1622663985291 12.351000000000004 43
1622663994095 12.607000000000005 44
1622664003053 12.867000000000004 45
1622664012272 13.126000000000005 46
1622664021583 13.384000000000004 47
1622664031048 13.640000000000004 48
1622664040658 13.895000000000005 49
1622664050478 14.158000000000005 50
1622664060307 14.416000000000004 51
1622664070363 14.673000000000004 52
1622664080663 14.930000000000003 53
1622664091203 15.189000000000004 54
1622664101810 15.447000000000003 55
1622664112648 15.704000000000002 56
1622664123537 15.960000000000003 57
1622664134624 16.215000000000003 58
1622664145863 16.471000000000004 59
1622664157281 16.729000000000003 60
1622664168864 16.987000000000002 61
1622664180636 17.244000000000003 62
1622664192426 17.500000000000004 63
1622664204330 17.755000000000003 64
1622664216593 18.015000000000004 65
1622664229030 18.272000000000006 66
1622664241699 18.530000000000005 67
1622664254362 18.787000000000006 68
1622664267297 19.046000000000006 69
1622664280250 19.305000000000007 70
1622664293682 19.561000000000007 71
1622664307025 19.819000000000006 72
1622664320494 20.077000000000005 73
1622664333991 20.334000000000007 74
1622664347653 20.59400000000001 75
1622664361728 20.85000000000001 76
1622664375932 21.10700000000001 77
1622664390228 21.36300000000001 78
1622664404628 21.61800000000001 79
1622664419301 21.87600000000001 80
1622664434137 22.13300000000001 81
1622664449134 22.39500000000001 82
1622664464116 22.65200000000001 83
1622664479441 22.917000000000012 84
1622664494930 23.176000000000013 85
1622664510478 23.436000000000014 86
1622664526354 23.693000000000016 87
1622664542292 23.949000000000016 88
1622664558475 24.207000000000015 89
1622664574635 24.463000000000015 90
1622664591062 24.720000000000017 91
1622664607523 24.977000000000018 92
1622664624196 25.232000000000017 93
1622664641000 25.491000000000017 94
1622664657865 25.747000000000018 95
1622664675091 26.00400000000002 96
1622664692368 26.25800000000002 97
1622664709757 26.51400000000002 98
1622664727469 26.771000000000022 99
1622664745274 27.030000000000022 100
1622664763114 27.287000000000024 101
1622664781309 27.545000000000023 102
1622664799734 27.801000000000023 103
1622664818247 28.059000000000022 104
1622664836924 28.318000000000023 105
1622664855713 28.578000000000024 106
1622664874433 28.835000000000026 107
1622664893371 29.093000000000025 108
1622664912755 29.350000000000026 109
1622664932231 29.606000000000027 110
1622664951954 29.863000000000028 111
1622664971559 30.124000000000027 112
1622664991518 30.380000000000027 113
1622665011612 30.63700000000003 114
1622665031760 30.89400000000003 115
1622665052051 31.15000000000003 116
1622665072657 31.40600000000003 117
1622665093255 31.66400000000003 118
1622665114140 31.92100000000003 119
1622665135112 32.18000000000003 120
1622665156345 32.43800000000003 121
1622665177572 32.69500000000003 122
1622665199046 32.95300000000003 123
1622665220971 33.208000000000034 124
1622665242862 33.46500000000003 125
1622665264945 33.723000000000035 126
1622665287118 33.982000000000035 127
1622665309403 34.23900000000003 128
1622665331896 34.49600000000003 129
1622665354621 34.75400000000003 130
1622665377341 35.013000000000034 131
1622665400242 35.272000000000034 132
1622665423454 35.531000000000034 133
1622665446674 35.796000000000035 134
1622665470278 36.05300000000003 135
1622665493844 36.31200000000003 136
1622665517795 36.56800000000003 137
1622665541695 36.826000000000036 138
1622665565484 37.085000000000036 139
1622665589709 37.34400000000004 140
1622665614092 37.601000000000035 141
1622665638633 37.857000000000035 142
1622665663400 38.113000000000035 143
1622665688175 38.369000000000035 144
1622665713249 38.625000000000036 145
1622665738203 38.88500000000003 146
1622665763530 39.141000000000034 147
1622665789003 39.396000000000036 148
1622665814519 39.65100000000004 149
1622665840512 39.90800000000004 150
1622665866583 40.165000000000035 151
1622665892682 40.42200000000003 152
1622665918769 40.67900000000003 153
1622665945120 40.94000000000003 154
1622665971727 41.199000000000034 155
1622665998530 41.452000000000034 156
1622666025432 41.70900000000003 157
1622666052504 41.967000000000034 158
1622666079844 42.22200000000004 159
1622666107237 42.47800000000004 160
1622666134671 42.73600000000004 161
1622666162332 42.99200000000004 162
1622666190362 43.25000000000004 163
1622666218343 43.508000000000045 164
1622666246625 43.767000000000046 165
1622666274849 44.023000000000046 166
1622666303263 44.28100000000005 167
1622666331715 44.53700000000005 168
1622666360409 44.79400000000005 169
1622666389611 45.05000000000005 170
1622666419063 45.307000000000045 171
1622666448434 45.56500000000005 172
1622666477910 45.822000000000045 173
1622666507409 46.078000000000046 174
1622666537131 46.33500000000004 175
1622666567052 46.591000000000044 176
1622666597158 46.847000000000044 177
1622666627294 47.106000000000044 178
1622666657642 47.365000000000045 179
1622666688157 47.62000000000005 180
1622666719014 47.87600000000005 181
1622666749909 48.13400000000005 182
1622666781077 48.39000000000005 183
1622666812315 48.64800000000005 184
1622666843884 48.90800000000005 185
1622666875594 49.16500000000005 186
1622666907555 49.42200000000005 187
1622666939344 49.679000000000045 188
1622666971178 49.93700000000005 189
1622667003718 50.19200000000005 190
1622667036152 50.44800000000005 191
1622667068769 50.70600000000005 192
1622667101408 50.964000000000055 193
1622667134274 51.22100000000005 194
1622667167251 51.488000000000056 195
1622667200141 51.74400000000006 196
1622667233420 52.00000000000006 197
1622667266910 52.257000000000055 198
1622667300674 52.51500000000006 199
1622667334509 52.77300000000006 200
1622667368443 53.03100000000006 201
1622667402474 53.28800000000006 202
1622667436789 53.54300000000006 203
1622667471326 53.801000000000066 204
1622667506133 54.05600000000007 205
1622667540978 54.31200000000007 206
1622667576036 54.56700000000007 207
1622667611163 54.82600000000007 208
1622667646499 55.08200000000007 209
1622667681837 55.33800000000007 210
1622667717368 55.59800000000007 211
1622667752912 55.85800000000007 212
1622667789030 56.115000000000066 213
1622667825068 56.37300000000007 214
1622667861331 56.62900000000007 215
1622667897630 56.88700000000007 216
1622667934066 57.14700000000007 217
1622667970990 57.40400000000007 218
1622668007899 57.66000000000007 219
1622668044926 57.91600000000007 220
1622668082071 58.17200000000007 221
1622668119437 58.42800000000007 222
1622668156834 58.68600000000007 223
1622668194549 58.941000000000074 224
1622668232323 59.197000000000074 225
1622668270287 59.45400000000007 226
1622668308377 59.71100000000007 227
1622668346524 59.96700000000007 228
1622668384591 60.22500000000007 229
1622668423361 60.48400000000007 230
1622668462137 60.74000000000007 231
1622668501112 60.99900000000007 232
1622668539860 61.257000000000076 233
1622668579219 61.514000000000074 234
1622668618452 61.77100000000007 235
1622668658048 62.02800000000007 236
1622668697762 62.28700000000007 237
1622668737620 62.54500000000007 238
1622668777725 62.80500000000007 239
1622668817913 63.06000000000007 240
1622668858091 63.31700000000007 241
1622668898689 63.575000000000074 242
1622668939603 63.83300000000008 243
1622668980552 64.09000000000007 244
1622669021830 64.34900000000007 245
1622669062960 64.60600000000008 246
1622669104350 64.86200000000008 247
1622669145984 65.12100000000008 248
1622669187631 65.37900000000008 249
1622669229484 65.63600000000008 250
1622669271794 65.89100000000008 251
1622669313780 66.15100000000008 252
1622669355995 66.40900000000008 253
1622669398558 66.66600000000008 254
1622669441663 66.92300000000009 255
1622669484459 67.18000000000009 256
1622669527329 67.43600000000009 257
1622669570268 67.69400000000009 258
1622669613609 67.95000000000009 259
1622669657235 68.20800000000008 260
1622669700927 68.46300000000008 261
1622669744566 68.72100000000007 262
1622669788475 68.97800000000008 263
1622669832809 69.23600000000008 264
1622669877069 69.49500000000008 265
1622669921351 69.75000000000007 266
1622669965569 70.00500000000007 267
1622670010089 70.26400000000007 268
1622670054777 70.52100000000007 269
1622670099706 70.77700000000007 270
1622670145172 71.03200000000007 271
1622670190809 71.29000000000006 272
1622670236577 71.54600000000006 273
1622670282229 71.80100000000006 274
1622670327682 72.05700000000006 275
1622670373445 72.31200000000005 276
1622670419460 72.58000000000006 277
1622670465589 72.84000000000006 278
1622670512270 73.09900000000006 279
1622670559116 73.35400000000006 280
1622670605801 73.61000000000006 281
1622670652495 73.86500000000005 282
1622670699628 74.12100000000005 283
1622670747250 74.37700000000005 284
1622670794939 74.63400000000006 285
1622670842329 74.89200000000005 286
1622670890187 75.14900000000006 287
1622670937710 75.40400000000005 288
1622670985844 75.66000000000005 289
1622671033564 75.91700000000006 290
1622671082198 76.18600000000006 291
1622671130891 76.44600000000007 292
1622671179765 76.70200000000007 293
1622671228469 76.96000000000006 294
1622671277880 77.21600000000007 295
1622671326778 77.47300000000007 296
1622671376482 77.72800000000007 297
1622671426053 77.98600000000006 298
1622671475596 78.24200000000006 299
1622671525170 78.50400000000006 300
1622671574886 78.76200000000006 301
1622671625198 79.01700000000005 302
1622671675242 79.27800000000005 303
1622671725417 79.53400000000005 304
1622671776134 79.79100000000005 305
1622671827030 80.04900000000005 306
1622671878263 80.30700000000004 307
1622671929357 80.56200000000004 308
1622671980793 80.81800000000004 309
1622672032231 81.07500000000005 310
1622672083577 81.33100000000005 311
1622672135295 81.59900000000005 312
1622672187058 81.85600000000005 313
1622672239354 82.11300000000006 314
1622672291468 82.36500000000005 315
1622672343611 82.62200000000006 316
1622672396222 82.88200000000006 317
1622672448579 83.13800000000006 318
1622672501599 83.39400000000006 319
1622672554494 83.65000000000006 320
1622672607425 83.90600000000006 321
1622672660654 84.16400000000006 322
1622672714304 84.41900000000005 323
1622672767636 84.68200000000006 324
1622672821825 84.94100000000006 325
1622672876005 85.19900000000005 326
1622672930163 85.45400000000005 327
1622672984375 85.70900000000005 328
1622673038704 85.96900000000005 329
1622673093077 86.22900000000006 330
1622673147887 86.48800000000006 331
1622673202758 86.74700000000006 332
1622673258079 87.00300000000006 333
1622673313347 87.25800000000005 334
1622673368587 87.51400000000005 335
1622673424270 87.77200000000005 336
1622673480043 88.02800000000005 337
1622673536129 88.28700000000005 338
1622673592541 88.54600000000005 339
1622673648875 88.80600000000005 340
1622673705123 89.06400000000005 341
1622673761750 89.32100000000005 342
1622673818458 89.57700000000006 343
1622673875364 89.83400000000006 344
1622673932888 90.09100000000007 345
1622673989919 90.34900000000006 346
1622674047202 90.60500000000006 347
1622674104837 90.86100000000006 348
1622674162772 91.11900000000006 349
1622674220503 91.37600000000006 350
1622674278416 91.63300000000007 351
1622674336605 91.88800000000006 352
1622674395106 92.14700000000006 353
1622674453688 92.40300000000006 354
1622674512524 92.66100000000006 355
1622674571376 92.91800000000006 356
1622674630198 93.17600000000006 357
1622674689661 93.43400000000005 358
1622674748708 93.68900000000005 359
1622674808423 93.94500000000005 360
1622674867791 94.20400000000005 361
1622674927351 94.46200000000005 362
1622674987720 94.71800000000005 363
1622675048018 94.97600000000004 364
1622675108118 95.23300000000005 365
1622675168055 95.48900000000005 366
1622675228506 95.74800000000005 367
1622675289258 96.00600000000004 368
1622675349704 96.26500000000004 369
1622675410916 96.52300000000004 370
1622675472008 96.78100000000003 371
1622675532984 97.03800000000004 372
1622675594277 97.29500000000004 373
1622675655787 97.55900000000004 374
1622675717681 97.81500000000004 375
1622675779563 98.07300000000004 376
1622675841627 98.33000000000004 377
1622675903900 98.59000000000005 378
1622675966466 98.84600000000005 379
1622676028722 99.10200000000005 380
1622676091341 99.35800000000005 381
1622676154445 99.61600000000004 382
1622676217310 99.87200000000004 383
1622676279249 100.12800000000004 384
1622676340931 100.38100000000004 385
1622676403154 100.63400000000004 386
1622676465552 100.88900000000004 387
1622676528112 101.14500000000004 388
1622676590951 101.39900000000004 389
1622676653281 101.65400000000004 390
1622676716055 101.91300000000004 391
1622676779111 102.16800000000003 392
1622676842028 102.42100000000003 393
1622676905290 102.67600000000003 394
1622676968622 102.93200000000003 395
1622677032817 103.18600000000004 396
1622677096509 103.43900000000004 397
1622677160656 103.69300000000004 398
1622677224661 103.94800000000004 399
1622677288905 104.20200000000004 400
1622677353107 104.45700000000004 401
1622677417794 104.71400000000004 402
1622677482796 104.96900000000004 403
1622677547604 105.22200000000004 404
1622677612382 105.47700000000003 405
1622677677714 105.73400000000004 406
1622677743203 105.98800000000004 407
1622677808605 106.24100000000004 408
1622677874069 106.49800000000005 409
1622677939883 106.75700000000005 410
1622678005744 107.01100000000005 411
1622678072157 107.26400000000005 412
1622678138648 107.51800000000006 413
1622678205099 107.77300000000005 414
1622678271508 108.02700000000006 415
1622678337993 108.28300000000006 416
1622678404587 108.54000000000006 417
1622678471460 108.79600000000006 418
1622678538259 109.05000000000007 419
1622678605547 109.30300000000007 420
1622678673060 109.55900000000007 421
1622678740943 109.81200000000007 422
1622678808758 110.06900000000007 423
1622678876785 110.32100000000007 424
1622678944738 110.57600000000006 425
1622679012860 110.83100000000006 426
1622679081332 111.08400000000006 427
1622679150096 111.33900000000006 428
1622679218748 111.59400000000005 429
1622679287007 111.85100000000006 430
1622679356345 112.10400000000006 431
1622679425588 112.36000000000006 432
1622679494519 112.61500000000005 433
1622679563425 112.86700000000005 434
1622679632814 113.12400000000005 435
1622679702465 113.37700000000005 436
1622679771957 113.63100000000006 437
1622679841787 113.88500000000006 438
1622679911350 114.13800000000006 439
1622679981640 114.39100000000006 440
1622680052141 114.64800000000007 441
1622680122012 114.90100000000007 442
1622680192767 115.15500000000007 443
1622680263407 115.40900000000008 444
1622680333859 115.66200000000008 445
1622680404720 115.91600000000008 446
1622680476333 116.16800000000008 447
1622680547676 116.42300000000007 448
1622680619167 116.67800000000007 449
1622680690671 116.93100000000007 450
1622680762779 117.18400000000007 451
1622680834926 117.44400000000007 452
1622680907340 117.69800000000008 453
1622680979865 117.95100000000008 454
1622681052462 118.20600000000007 455
1622681125005 118.46100000000007 456
1622681197497 118.71500000000007 457
1622681270672 118.97100000000007 458
1622681343836 119.22300000000007 459
1622681416745 119.47500000000007 460
1622681489895 119.73000000000006 461
1622681563342 119.98300000000006 462
1622681636756 120.23600000000006 463
1622681711105 120.49000000000007 464
1622681785615 120.74500000000006 465
1622681859907 120.99700000000006 466
1622681934620 121.24900000000005 467
1622682009312 121.50300000000006 468
1622682084154 121.75800000000005 469
1622682158879 122.01300000000005 470
1622682233770 122.26400000000005 471
1622682309086 122.51800000000006 472
1622682384356 122.77400000000006 473
1622682459860 123.02600000000005 474
1622682535672 123.27900000000005 475
1622682611583 123.53200000000005 476
1622682687869 123.78500000000005 477
1622682764433 124.03800000000005 478
1622682840830 124.29100000000005 479
1622682917181 124.54500000000006 480
1622682993772 124.79900000000006 481
1622683071012 125.05400000000006 482
1622683148405 125.30800000000006 483
1622683226029 125.56300000000006 484
1622683303466 125.81700000000006 485
1622683381171 126.07800000000006 486
1622683459107 126.33100000000006 487
1622683537012 126.58400000000006 488
1622683614904 126.83600000000006 489
1622683694869 127.09100000000005 490
1622683774825 127.34500000000006 491
1622683855345 127.59800000000006 492
1622683935451 127.85200000000006 493
1622684016169 128.10600000000005 494
1622684096544 128.35900000000004 495
1622684178596 128.61300000000003 496
1622684260127 128.86800000000002 497
1622684342990 129.121 498
1622684425473 129.37300000000002 499
1622684508125 129.627 500
