1622743789333 0.006 0
1622743789885 0.44 1
1622743790469 0.907 2
1622743791099 1.423 3
1622743791743 1.9540000000000002 4
1622743792404 2.5010000000000003 5
1622743793120 3.099 6
1622743793876 3.737 7
1622743794664 4.414 8
1622743795488 5.129 9
1622743796347 5.877999999999999 10
1622743797233 6.653 11
1622743798169 7.475 12
1622743799130 8.324 13
1622743800118 9.202 14
1622743801153 10.125 15
1622743802229 11.086 16
1622743803339 12.081 17
1622743804508 13.135 18
1622743805677 14.190999999999999 19
1622743806882 15.283 20
1622743808140 16.428 21
1622743809427 17.603 22
1622743810758 18.822000000000003 23
1622743812098 20.050000000000004 24
1622743813498 21.338000000000005 25
1622743814918 22.646000000000004 26
1622743816377 23.991000000000003 27
1622743817890 25.392000000000003 28
1622743819410 26.800000000000004 29
1622743820968 28.243000000000006 30
1622743822586 29.747000000000007 31
1622743824247 31.296000000000006 32
1622743825952 32.885000000000005 33
1622743827655 34.473000000000006 34
1622743829409 36.11500000000001 35
1622743831189 37.78200000000001 36
1622743833008 39.488000000000014 37
1622743834852 41.22100000000001 38
1622743836804 43.061000000000014 39
1622743838883 45.02200000000001 40
1622743841014 47.036000000000016 41
1622743843014 48.927000000000014 42
1622743845042 50.84300000000001 43
1622743847126 52.81500000000001 44
1622743849222 54.80000000000001 45
1622743851337 56.80000000000001 46
1622743853505 58.85300000000001 47
1622743855697 60.93000000000001 48
1622743857933 63.05100000000001 49
1622743860218 65.22200000000001 50
1622743862535 67.424 51
1622743864880 69.656 52
1622743867251 71.91300000000001 53
1622743869683 74.233 54
1622743872135 76.572 55
1622743874616 78.93900000000001 56
1622743877161 81.37100000000001 57
1622743879731 83.82600000000001 58
1622743882345 86.32700000000001 59
1622743884983 88.85200000000002 60
1622743887646 91.40300000000002 61
1622743890375 94.02100000000002 62
1622743893131 96.66400000000002 63
1622743896154 99.57200000000002 64
1622743899202 102.50300000000001 65
1622743902247 105.43000000000002 66
1622743905320 108.38800000000002 67
1622743908350 111.30200000000002 68
1622743911278 114.11900000000003 69
1622743914267 116.99700000000003 70
1622743917309 119.92700000000004 71
1622743920403 122.91100000000003 72
1622743923506 125.90300000000003 73
1622743926624 128.90900000000002 74
1622743929839 132.01300000000003 75
1622743933083 135.14500000000004 76
1622743936320 138.27100000000004 77
1622743939599 141.43900000000005 78
1622743942909 144.63300000000004 79
1622743946268 147.87800000000004 80
1622743949704 151.20100000000005 81
1622743953136 154.51700000000005 82
1622743956780 158.04600000000005 83
1622743960639 161.78400000000005 84
1622743964209 165.24200000000005 85
1622743967765 168.68600000000004 86
1622743971371 172.18100000000004 87
1622743975059 175.75700000000003 88
1622743978753 179.33900000000003 89
1622743982505 182.98100000000002 90
1622743986308 186.67100000000002 91
1622743990135 190.38500000000002 92
1622743994042 194.18 93
1622743997944 197.97 94
1622744001868 201.78 95
1622744005876 205.674 96
1622744009865 209.553 97
1622744013865 213.44 98
1622744017873 217.33599999999998 99
1622744021955 221.30399999999997 100
1622744026076 225.31199999999998 101
1622744030258 229.38099999999997 102
1622744034521 233.53099999999998 103
1622744038768 237.659 104
1622744043019 241.79899999999998 105
1622744047281 245.95 106
1622744051602 250.16 107
1622744055974 254.41899999999998 108
1622744060401 258.73199999999997 109
1622744064845 263.06199999999995 110
1622744069359 267.46599999999995 111
1622744073849 271.84499999999997 112
1622744078368 276.251 113
1622744082984 280.755 114
1622744087690 285.347 115
1622744092316 289.856 116
1622744097038 294.463 117
1622744101829 299.14000000000004 118
1622744106652 303.85100000000006 119
1622744111502 308.58700000000005 120
1622744116380 313.35300000000007 121
1622744121259 318.11800000000005 122
1622744127062 323.8070000000001 123
1622744132022 328.65400000000005 124
1622744137007 333.52400000000006 125
1622744142090 338.49100000000004 126
1622744147148 343.434 127
1622744152283 348.45500000000004 128
1622744157415 353.473 129
1622744162610 358.553 130
1622744167869 363.698 131
1622744173090 368.80699999999996 132
1622744178389 373.991 133
1622744183689 379.176 134
1622744189071 384.445 135
1622744194468 389.726 136
1622744199925 395.067 137
1622744205396 400.423 138
1622744210903 405.816 139
1622744216429 411.229 140
1622744221958 416.64599999999996 141
1622744227574 422.14799999999997 142
1622744233217 427.67699999999996 143
1622744238869 433.217 144
1622744244568 438.8 145
1622744250305 444.42 146
1622744256046 450.045 147
1622744261852 455.73400000000004 148
1622744267728 461.492 149
1622744273676 467.327 150
1622744279600 473.137 151
1622744285570 478.991 152
1622744291548 484.853 153
1622744297615 490.80400000000003 154
1622744303668 496.745 155
1622744309741 502.705 156
1622744315934 508.78299999999996 157
1622744322169 514.905 158
1622744328381 521.0029999999999 159
1622744334665 527.1769999999999 160
1622744340999 533.401 161
1622744347331 539.621 162
1622744353745 545.922 163
1622744360158 552.224 164
1622744366594 558.548 165
1622744373168 565.011 166
1622744379747 571.4789999999999 167
1622744386352 577.967 168
1622744392933 584.436 169
1622744399585 590.974 170
1622744406297 597.5740000000001 171
1622744412926 604.09 172
1622744419686 610.7230000000001 173
1622744426511 617.4340000000001 174
1622744433294 624.1050000000001 175
1622744440281 630.9800000000001 176
1622744447220 637.8060000000002 177
1622744454188 644.6590000000001 178
1622744461168 651.5270000000002 179
1622744468261 658.5070000000002 180
1622744475383 665.5160000000002 181
1622744482536 672.5560000000002 182
1622744489714 679.6190000000001 183
1622744496831 686.6230000000002 184
1622744504120 693.6580000000001 185
1622744511431 700.8260000000001 186
1622744518731 708.0080000000002 187
1622744526117 715.2800000000002 188
1622744533612 722.6610000000002 189
1622744541036 729.9740000000002 190
1622744548455 737.2830000000001 191
1622744555879 744.5930000000001 192
1622744563396 751.9960000000001 193
1622744570992 759.4730000000001 194
1622744578541 766.9060000000001 195
1622744586192 774.445 196
1622744593830 781.9680000000001 197
1622744601468 789.4920000000001 198
1622744609189 797.1 199
1622744616941 804.738 200
1622744624757 812.4390000000001 201
1622744632592 820.1610000000001 202
1622744640464 827.921 203
1622744648348 835.692 204
1622744656261 843.494 205
1622744664195 851.316 206
1622744672199 859.206 207
1622744680228 867.123 208
1622744688287 875.07 209
1622744696428 883.1 210
1622744704525 891.081 211
1622744712670 899.114 212
1622744720869 907.1990000000001 213
1622744729143 915.3480000000001 214
1622744737424 923.517 215
1622744745838 931.8180000000001 216
1622744754169 940.0340000000001 217
1622744762555 948.3060000000002 218
1622744770978 956.6120000000002 219
1622744779467 964.9860000000002 220
1622744788096 973.5020000000002 221
1622744796633 981.9220000000001 222
1622744805172 990.3460000000001 223
1622744813864 998.9240000000001 224
1622744822455 1007.4010000000001 225
1622744831110 1015.94 226
1622744839842 1024.557 227
1622744848526 1033.126 228
1622744857296 1041.7839999999999 229
1622744866080 1050.454 230
1622744874909 1059.1699999999998 231
1622744883879 1068.0289999999998 232
1622744892845 1076.8809999999999 233
1622744901834 1085.7579999999998 234
1622744910822 1094.6309999999999 235
1622744919902 1103.5939999999998 236
1622744929009 1112.5869999999998 237
1622744938137 1121.5999999999997 238
1622744947308 1130.6589999999997 239
1622744956633 1139.8409999999997 240
1622744965857 1148.9459999999997 241
1622744975131 1158.1059999999998 242
1622744984393 1167.2549999999997 243
1622744993757 1176.5069999999996 244
1622745003021 1185.6529999999996 245
1622745012402 1194.9169999999995 246
1622745021789 1204.1859999999995 247
1622745031307 1213.5899999999995 248
1622745040843 1223.0109999999995 249
1622745050340 1232.3919999999996 250
1622745059888 1241.8299999999997 251
1622745069425 1251.2519999999997 252
1622745079060 1260.7739999999997 253
1622745088747 1270.3379999999997 254
1622745098445 1279.9199999999998 255
1622745108092 1289.456 256
1622745117941 1299.192 257
1622745127849 1308.989 258
1622745137817 1318.844 259
1622745147701 1328.614 260
1622745157614 1338.412 261
1622745167692 1348.377 262
1622745177741 1358.3139999999999 263
1622745187907 1368.37 264
1622745198080 1378.4319999999998 265
1622745208223 1388.4609999999998 266
1622745218364 1398.4879999999998 267
1622745228565 1408.5779999999997 268
1622745238796 1418.6999999999998 269
1622745249028 1428.8199999999997 270
1622745259303 1438.9839999999997 271
1622745269613 1449.1799999999996 272
1622745280072 1459.5269999999996 273
1622745290459 1469.8009999999995 274
1622745300979 1480.2099999999996 275
1622745311831 1490.9489999999996 276
1622745322511 1501.5149999999996 277
1622745333060 1511.9499999999996 278
1622745343658 1522.4349999999995 279
1622745354380 1533.0449999999994 280
1622745365139 1543.6939999999993 281
1622745375914 1554.3559999999993 282
1622745386689 1565.0169999999994 283
1622745397361 1575.5799999999995 284
1622745408138 1586.2429999999995 285
1622745418942 1596.9359999999995 286
1622745429828 1607.7069999999994 287
1622745440727 1618.4939999999995 288
1622745451633 1629.2889999999995 289
1622745462580 1640.1249999999995 290
1622745473630 1651.0609999999995 291
1622745484651 1661.9679999999994 292
1622745495771 1672.9759999999994 293
1622745506865 1683.9579999999994 294
1622745518014 1694.9929999999995 295
1622745529133 1706.0029999999995 296
1622745540430 1717.1859999999995 297
1622745551750 1728.3939999999996 298
1622745563078 1739.6079999999995 299
1622745574431 1750.8469999999995 300
1622745585904 1762.2069999999994 301
1622745597378 1773.5669999999993 302
1622745608834 1784.9119999999994 303
1622745620307 1796.2749999999994 304
1622745632065 1807.9239999999993 305
1622745643723 1819.4699999999993 306
1622745655470 1831.1059999999993 307
1622745667217 1842.7429999999993 308
1622745678919 1854.3349999999994 309
1622745690603 1865.9089999999994 310
1622745702425 1877.6199999999994 311
1622745714228 1889.3119999999994 312
1622745726051 1901.0249999999994 313
1622745737898 1912.7609999999995 314
1622745749928 1924.6789999999994 315
1622745761791 1936.4089999999994 316
1622745773781 1948.2869999999994 317
1622745785726 1960.1179999999993 318
1622745797916 1972.1849999999993 319
1622745810991 1985.0689999999993 320
1622745823208 1997.1759999999992 321
1622745835629 2009.4839999999992 322
1622745847810 2021.5529999999992 323
1622745860015 2033.6419999999991 324
1622745872540 2046.0549999999992 325
1622745884736 2058.137999999999 326
1622745896976 2070.264999999999 327
1622745909273 2082.449999999999 328
1622745921579 2094.641999999999 329
1622745933893 2106.8419999999987 330
1622745946371 2119.210999999999 331
1622745959753 2132.4799999999987 332
1622745972636 2145.2519999999986 333
1622745985231 2157.7369999999987 334
1622745997805 2170.1979999999985 335
1622746010437 2182.7169999999983 336
1622746023090 2195.2569999999982 337
1622746035793 2207.8489999999983 338
1622746048633 2220.575999999998 339
1622746061519 2233.344999999998 340
1622746074614 2246.327999999998 341
1622746087689 2259.2909999999983 342
1622746100750 2272.2379999999985 343
1622746113904 2285.2779999999984 344
1622746126947 2298.2049999999986 345
1622746140138 2311.2839999999987 346
1622746153418 2324.449999999999 347
1622746166778 2337.694999999999 348
1622746180128 2350.933999999999 349
1622746193504 2364.1969999999988 350
1622746206995 2377.5759999999987 351
1622746220395 2390.8659999999986 352
1622746233919 2404.279999999999 353
1622746247423 2417.6719999999987 354
1622746261052 2431.1849999999986 355
1622746274488 2444.5069999999987 356
1622746287927 2457.8329999999987 357
1622746301391 2471.1849999999986 358
1622746314900 2484.5839999999985 359
1622746328449 2498.0239999999985 360
1622746341950 2511.4119999999984 361
1622746355545 2524.8959999999984 362
1622746369118 2538.354999999998 363
1622746382690 2551.815999999998 364
1622746396428 2565.441999999998 365
1622746410185 2579.088999999998 366
1622746424146 2592.936999999998 367
1622746438172 2606.847999999998 368
1622746452318 2620.880999999998 369
1622746466324 2634.771999999998 370
1622746480505 2648.838999999998 371
1622746494742 2662.960999999998 372
1622746509434 2677.532999999998 373
1622746523986 2691.912999999998 374
1622746537947 2705.760999999998 375
1622746551975 2719.677999999998 376
1622746566191 2733.778999999998 377
1622746580485 2747.959999999998 378
1622746594651 2762.012999999998 379
1622746608821 2776.0719999999983 380
1622746623124 2790.2619999999984 381
1622746637402 2804.4259999999986 382
1622746651684 2818.5929999999985 383
1622746666044 2832.8389999999986 384
1622746680353 2847.0379999999986 385
1622746694716 2861.2899999999986 386
1622746709110 2875.5719999999988 387
1622746723594 2889.9419999999986 388
1622746738197 2904.2229999999986 389
1622746752727 2918.6019999999985 390
1622746767259 2933.0209999999984 391
1622746781866 2947.5139999999983 392
1622746796352 2961.883999999998 393
1622746811010 2976.4289999999983 394
1622746825657 2990.9629999999984 395
1622746840420 3005.6169999999984 396
1622746855164 3020.240999999998 397
1622746870052 3035.0159999999983 398
1622746884845 3049.693999999998 399
1622746899773 3064.509999999998 400
1622746916065 3080.687999999998 401
1622746931133 3095.641999999998 402
1622746946177 3110.573999999998 403
1622746961266 3125.5509999999977 404
1622746976425 3140.5959999999977 405
1622746991658 3155.7159999999976 406
1622747006918 3170.8629999999976 407
1622747022204 3186.0369999999975 408
1622747037463 3201.1849999999977 409
1622747052838 3216.3469999999975 410
1622747068210 3231.5879999999975 411
1622747083660 3246.9249999999975 412
1622747099106 3262.2569999999973 413
1622747114503 3277.541999999997 414
1622747129999 3292.9239999999972 415
1622747145499 3308.311999999997 416
1622747161196 3323.897999999997 417
1622747176800 3339.3879999999967 418
1622747192402 3354.8739999999966 419
1622747208206 3370.5619999999967 420
1622747223857 3386.1019999999967 421
1622747239554 3401.6849999999968 422
1622747255399 3417.4169999999967 423
1622747271327 3433.2329999999965 424
1622747287245 3449.0389999999966 425
1622747303613 3465.2979999999966 426
1622747319508 3481.0789999999965 427
1622747335559 3497.0169999999966 428
1622747351557 3512.9029999999966 429
1622747367617 3528.8509999999965 430
1622747384663 3545.7819999999965 431
1622747401592 3562.5939999999964 432
1622747417806 3578.6959999999963 433
1622747434033 3594.808999999996 434
1622747450247 3610.911999999996 435
1622747466672 3627.042999999996 436
1622747483045 3643.265999999996 437
1622747499396 3659.504999999996 438
1622747515871 3675.867999999996 439
1622747532281 3692.166999999996 440
1622747548826 3708.5989999999956 441
1622747565355 3725.0159999999955 442
1622747581963 3741.5099999999957 443
1622747598529 3757.961999999996 444
1622747615269 3774.5859999999957 445
1622747632014 3791.2179999999958 446
1622747648762 3807.8509999999956 447
1622747665596 3824.5709999999954 448
1622747682481 3841.3439999999955 449
1622747699297 3858.0479999999957 450
1622747716248 3874.8889999999956 451
1622747733100 3891.6289999999954 452
1622747750035 3908.4509999999955 453
1622747767043 3925.3489999999956 454
1622747784016 3942.2089999999957 455
1622747801270 3959.345999999996 456
1622747818762 3976.723999999996 457
1622747835697 3993.546999999996 458
1622747852747 4010.484999999996 459
1622747869922 4027.472999999996 460
1622747886928 4044.350999999996 461
1622747904050 4061.3609999999962 462
1622747921295 4078.4929999999963 463
1622747938546 4095.6319999999964 464
1622747955846 4112.817999999997 465
1622747973303 4130.162999999997 466
1622747990645 4147.392999999996 467
1622748007988 4164.621999999997 468
1622748025414 4181.935999999997 469
1622748042831 4199.240999999997 470
1622748060496 4216.792999999997 471
1622748078155 4234.340999999997 472
1622748095778 4251.849999999997 473
1622748113361 4269.319999999997 474
1622748131192 4287.036999999997 475
1622748149018 4304.748999999997 476
1622748166647 4322.265999999997 477
1622748184250 4339.756999999997 478
1622748202011 4357.405999999997 479
1622748219915 4375.197999999998 480
1622748237695 4392.865999999997 481
1622748255548 4410.607999999997 482
1622748273450 4428.399999999998 483
1622748291370 4446.207999999998 484
1622748309292 4464.022999999997 485
1622748327455 4482.075999999997 486
1622748345446 4499.952999999998 487
1622748363499 4517.890999999998 488
1622748381707 4535.983999999998 489
1622748399760 4553.921999999998 490
1622748417887 4571.939999999998 491
1622748436230 4590.169999999997 492
1622748454596 4608.420999999998 493
1622748473083 4626.796999999998 494
1622748491383 4644.989999999998 495
1622748509905 4663.399999999998 496
1622748528385 4681.764999999998 497
1622748546905 4700.174999999997 498
1622748565472 4718.629999999997 499
1622748584138 4737.1839999999975 500
