1622601587025 50 0
1622601587560 60 1
1622601588097 70 2
1622601588668 80 3
1622601589276 90 4
1622601589916 100 5
1622601590588 110 6
1622601591291 120 7
1622601592041 130 8
1622601592837 140 9
1622601593655 150 10
1622601594507 160 11
1622601595408 170 12
1622601596347 180 13
1622601597295 190 14
1622601598292 200 15
1622601599319 210 16
1622601600427 220 17
1622601601536 230 18
1622601602659 240 19
1622601603865 250 20
1622601605087 260 21
1622601606340 270 22
1622601607627 280 23
1622601608962 290 24
1622601610321 300 25
1622601611757 310 26
1622601613229 320 27
1622601614715 330 28
1622601616229 340 29
1622601617773 350 30
1622601619392 360 31
1622601621030 370 32
1622601622714 380 33
1622601625327 390 34
1622601627041 400 35
1622601628816 410 36
1622601630611 420 37
1622601632428 430 38
1622601634313 440 39
1622601636235 450 40
1622601638171 460 41
1622601640146 470 42
1622601642163 480 43
1622601645274 490 44
1622601647369 500 45
1622601649494 510 46
1622601651648 520 47
1622601653816 530 48
1622601656020 540 49
1622601658245 550 50
1622601660534 560 51
1622601662859 570 52
1622601665216 580 53
1622601667636 590 54
1622601670074 600 55
1622601672549 610 56
1622601675042 620 57
1622601677552 630 58
1622601680138 640 59
1622601682734 650 60
1622601685405 660 61
1622601688075 670 62
1622601690795 680 63
1622601693545 690 64
1622601696331 700 65
1622601699126 710 66
1622601701994 720 67
1622601704859 730 68
1622601707826 740 69
1622601710823 750 70
1622601713842 760 71
1622601716893 770 72
1622601719994 780 73
1622601723087 790 74
1622601726288 800 75
1622601729493 810 76
1622601732772 820 77
1622601736076 830 78
1622601739385 840 79
1622601742710 850 80
1622601746086 860 81
1622601749454 870 82
1622601752862 880 83
1622601756300 890 84
1622601759799 900 85
1622601763363 910 86
1622601766954 920 87
1622601770571 930 88
1622601774219 940 89
1622601777935 950 90
1622601781680 960 91
1622601785452 970 92
1622601789245 980 93
1622601793061 990 94
1622601796937 1000 95
1622601800825 1010 96
1622601804792 1020 97
1622601808824 1030 98
1622601812863 1040 99
1622601816949 1050 100
1622601821072 1060 101
1622601825270 1070 102
1622601829439 1080 103
1622601833650 1090 104
1622601837972 1100 105
1622601842272 1110 106
1622601846588 1120 107
1622601850952 1130 108
1622601855357 1140 109
1622601859795 1150 110
1622601864208 1160 111
1622601868686 1170 112
1622601873214 1180 113
1622601877764 1190 114
1622601882358 1200 115
1622601887011 1210 116
1622601891691 1220 117
1622601896412 1230 118
1622601901160 1240 119
1622601905957 1250 120
1622601910826 1260 121
1622601915733 1270 122
1622601920647 1280 123
1622601925586 1290 124
1622601930560 1300 125
1622601935580 1310 126
1622601940616 1320 127
1622601945692 1330 128
1622601950798 1340 129
1622601955946 1350 130
1622601961089 1360 131
1622601966264 1370 132
1622601971508 1380 133
1622601976788 1390 134
1622601982159 1400 135
1622601987538 1410 136
1622601992919 1420 137
1622601998431 1430 138
1622602003922 1440 139
1622602009463 1450 140
1622602014993 1460 141
1622602020642 1470 142
1622602026277 1480 143
1622602031947 1490 144
1622602037655 1500 145
1622602043374 1510 146
1622602049169 1520 147
1622602055022 1530 148
1622602060873 1540 149
1622602066786 1550 150
1622602072773 1560 151
1622602078800 1570 152
1622602084833 1580 153
1622602090877 1590 154
1622602096979 1600 155
1622602103144 1610 156
1622602109338 1620 157
1622602115509 1630 158
1622602121897 1640 159
1622602128372 1650 160
1622602134591 1660 161
1622602140888 1670 162
1622602147206 1680 163
1622602153561 1690 164
1622602159920 1700 165
1622602166702 1710 166
1622602173152 1720 167
1622602179647 1730 168
1622602186226 1740 169
1622602192842 1750 170
1622602199455 1760 171
1622602206081 1770 172
1622602212828 1780 173
1622602219580 1790 174
1622602226340 1800 175
1622602233190 1810 176
1622602240039 1820 177
1622602246948 1830 178
1622602253924 1840 179
1622602260912 1850 180
1622602267867 1860 181
1622602274897 1870 182
1622602281916 1880 183
1622602288984 1890 184
1622602296110 1900 185
1622602303277 1910 186
1622602310410 1920 187
1622602317643 1930 188
1622602324961 1940 189
1622602332175 1950 190
1622602339553 1960 191
1622602346928 1970 192
1622602354325 1980 193
1622602361751 1990 194
1622602369178 2000 195
1622602376705 2010 196
1622602384257 2020 197
1622602391873 2030 198
1622602399481 2040 199
1622602407180 2050 200
1622602414925 2060 201
1622602422667 2070 202
1622602430418 2080 203
1622602438210 2090 204
1622602446047 2100 205
1622602453933 2110 206
1622602461766 2120 207
1622602469707 2130 208
1622602477722 2140 209
1622602485741 2150 210
1622602493788 2160 211
1622602501933 2170 212
1622602510044 2180 213
1622602518164 2190 214
1622602526338 2200 215
1622602534507 2210 216
1622602542812 2220 217
1622602551053 2230 218
1622602559375 2240 219
1622602567657 2250 220
1622602576132 2260 221
1622602584501 2270 222
1622602593000 2280 223
1622602601519 2290 224
1622602610085 2300 225
1622602618655 2310 226
1622602627216 2320 227
1622602635875 2330 228
1622602644606 2340 229
1622602653285 2350 230
1622602662088 2360 231
1622602670920 2370 232
1622602679795 2380 233
1622602688624 2390 234
1622602697517 2400 235
1622602706535 2410 236
1622602715485 2420 237
1622602724531 2430 238
1622602733589 2440 239
1622602742684 2450 240
1622602751821 2460 241
1622602760993 2470 242
1622602770231 2480 243
1622602779522 2490 244
1622602788838 2500 245
1622602798185 2510 246
1622602807562 2520 247
1622602817003 2530 248
1622602826437 2540 249
1622602835915 2550 250
1622602845489 2560 251
1622602855111 2570 252
1622602864740 2580 253
1622602874381 2590 254
1622602884068 2600 255
1622602893854 2610 256
1622602903526 2620 257
1622602913231 2630 258
1622602923031 2640 259
1622602932912 2650 260
1622602942846 2660 261
1622602952780 2670 262
1622602962806 2680 263
1622602972847 2690 264
1622602982888 2700 265
1622602992942 2710 266
1622603003040 2720 267
1622603013227 2730 268
1622603023403 2740 269
1622603033640 2750 270
1622603043885 2760 271
1622603054140 2770 272
1622603064542 2780 273
1622603074918 2790 274
1622603085284 2800 275
1622603095741 2810 276
1622603106193 2820 277
1622603116693 2830 278
1622603127133 2840 279
1622603137621 2850 280
1622603148184 2860 281
1622603158769 2870 282
1622603169378 2880 283
1622603180017 2890 284
1622603190738 2900 285
1622603201433 2910 286
1622603212207 2920 287
1622603222960 2930 288
1622603233753 2940 289
1622603244643 2950 290
1622603255540 2960 291
1622603266499 2970 292
1622603277488 2980 293
1622603288489 2990 294
1622603299571 3000 295
1622603310738 3010 296
1622603322036 3020 297
1622603333352 3030 298
1622603344693 3040 299
1622603356030 3050 300
1622603367264 3060 301
1622603378549 3070 302
1622603389868 3080 303
1622603401330 3090 304
1622603412686 3100 305
1622603424234 3110 306
1622603435973 3120 307
1622603447591 3130 308
1622603459388 3140 309
1622603471227 3150 310
1622603483009 3160 311
1622603494902 3170 312
1622603506763 3180 313
1622603518689 3190 314
1622603530595 3200 315
1622603543476 3210 316
1622603555340 3220 317
1622603567298 3230 318
1622603579358 3240 319
1622603591535 3250 320
1622603603818 3260 321
1622603615897 3270 322
1622603628030 3280 323
1622603640138 3290 324
1622603652292 3300 325
1622603664521 3310 326
1622603677159 3320 327
1622603689521 3330 328
1622603701927 3340 329
1622603714342 3350 330
1622603726761 3360 331
1622603739290 3370 332
1622603751857 3380 333
1622603764458 3390 334
1622603776993 3400 335
1622603789649 3410 336
1622603802327 3420 337
1622603815012 3430 338
1622603827745 3440 339
1622603840784 3450 340
1622603853597 3460 341
1622603866453 3470 342
1622603879366 3480 343
1622603892139 3490 344
1622603905467 3500 345
1622603918271 3510 346
1622603931208 3520 347
1622603944396 3530 348
1622603957604 3540 349
1622603970685 3550 350
1622603983842 3560 351
1622603996966 3570 352
1622604010137 3580 353
1622604023452 3590 354
1622604036910 3600 355
1622604050235 3610 356
1622604063550 3620 357
1622604076982 3630 358
1622604090407 3640 359
1622604103922 3650 360
1622604117427 3660 361
1622604130879 3670 362
1622604145062 3680 363
1622604158957 3690 364
1622604172905 3700 365
1622604186714 3710 366
1622604200547 3720 367
1622604214572 3730 368
1622604228253 3740 369
1622604242717 3750 370
1622604256635 3760 371
1622604270614 3770 372
1622604284879 3780 373
1622604298687 3790 374
1622604312678 3800 375
1622604326750 3810 376
1622604340890 3820 377
1622604355054 3830 378
1622604369484 3840 379
1622604383754 3850 380
1622604397947 3860 381
1622604412438 3870 382
1622604427342 3880 383
1622604441827 3890 384
1622604456225 3900 385
1622604470773 3910 386
1622604485455 3920 387
1622604499837 3930 388
1622604514285 3940 389
1622604529617 3950 390
1622604544407 3960 391
1622604559224 3970 392
1622604573875 3980 393
1622604588564 3990 394
1622604603775 4000 395
1622604618568 4010 396
1622604633881 4020 397
1622604648757 4030 398
1622604663581 4040 399
1622604678579 4050 400
1622604693684 4060 401
1622604708676 4070 402
1622604723769 4080 403
1622604738895 4090 404
1622604754007 4100 405
1622604769427 4110 406
1622604784678 4120 407
1622604799909 4130 408
1622604815208 4140 409
1622604830563 4150 410
1622604845942 4160 411
1622604861323 4170 412
1622604876851 4180 413
1622604892436 4190 414
1622604908007 4200 415
1622604923700 4210 416
1622604939292 4220 417
1622604954870 4230 418
1622604970510 4240 419
1622604986109 4250 420
1622605001801 4260 421
1622605018232 4270 422
1622605034342 4280 423
1622605050042 4290 424
1622605065961 4300 425
1622605081795 4310 426
1622605097686 4320 427
1622605113543 4330 428
1622605129377 4340 429
1622605145357 4350 430
1622605161440 4360 431
1622605177310 4370 432
1622605193265 4380 433
1622605209290 4390 434
1622605225318 4400 435
1622605241380 4410 436
1622605257435 4420 437
1622605273606 4430 438
1622605289887 4440 439
1622605306277 4450 440
1622605322548 4460 441
1622605338918 4470 442
1622605355334 4480 443
1622605371852 4490 444
1622605388520 4500 445
1622605405107 4510 446
1622605421717 4520 447
1622605438326 4530 448
1622605454926 4540 449
1622605471563 4550 450
1622605488531 4560 451
1622605505615 4570 452
1622605522307 4580 453
1622605539102 4590 454
1622605555849 4600 455
1622605572703 4610 456
1622605589654 4620 457
1622605606645 4630 458
1622605623425 4640 459
1622605640358 4650 460
1622605657912 4660 461
1622605675035 4670 462
1622605692142 4680 463
1622605709307 4690 464
1622605726372 4700 465
1622605744030 4710 466
1622605761283 4720 467
1622605778662 4730 468
1622605795936 4740 469
1622605813266 4750 470
1622605830593 4760 471
1622605847986 4770 472
1622605865411 4780 473
1622605882981 4790 474
1622605900467 4800 475
1622605918428 4810 476
1622605936246 4820 477
1622605954039 4830 478
1622605971723 4840 479
1622605989336 4850 480
1622606007076 4860 481
1622606024882 4870 482
1622606042721 4880 483
1622606060827 4890 484
1622606079236 4900 485
1622606097204 4910 486
1622606115168 4920 487
1622606134215 4930 488
1622606152689 4940 489
1622606171268 4950 490
1622606189364 4960 491
1622606207643 4970 492
1622606225871 4980 493
1622606244241 4990 494
1622606262545 5000 495
1622606280856 5010 496
1622606299202 5020 497
1622606318165 5030 498
1622606336748 5040 499
1622606355235 5050 500
