1622885247141 1.251 0
1622885249271 1.5 1
1622885251542 1.7530000000000001 2
1622885253996 2.004 3
1622885256544 2.255 4
1622885259232 2.508 5
1622885262071 2.758 6
1622885265162 3.008 7
1622885268365 3.26 8
1622885271662 3.509 9
1622885275172 3.759 10
1622885278889 4.01 11
1622885282716 4.2589999999999995 12
1622885286681 4.51 13
1622885290794 4.761 14
1622885295088 5.011 15
1622885299458 5.26 16
1622885304101 5.511 17
1622885308843 5.76 18
1622885313767 6.01 19
1622885318876 6.2589999999999995 20
1622885324073 6.51 21
1622885329511 6.757 22
1622885335042 7.005999999999999 23
1622885340835 7.255999999999999 24
1622885346699 7.505999999999999 25
1622885352738 7.754999999999999 26
1622885358857 8.004 27
1622885365258 8.254999999999999 28
1622885371821 8.507 29
1622885378394 8.756 30
1622885385166 9.005 31
1622885392110 9.254000000000001 32
1622885399179 9.503000000000002 33
1622885406427 9.753000000000002 34
1622885413838 10.002000000000002 35
1622885421513 10.259000000000002 36
1622885429370 10.511000000000003 37
1622885437304 10.762000000000002 38
1622885445335 11.011000000000003 39
1622885453522 11.260000000000003 40
1622885461940 11.511000000000003 41
1622885470400 11.760000000000003 42
1622885479261 12.011000000000003 43
1622885488135 12.260000000000003 44
1622885497171 12.509000000000004 45
1622885506311 12.758000000000004 46
1622885515674 13.010000000000005 47
1622885525239 13.258000000000004 48
1622885534982 13.508000000000004 49
1622885544729 13.758000000000004 50
1622885554636 14.009000000000004 51
1622885564693 14.259000000000004 52
1622885574956 14.508000000000004 53
1622885585294 14.756000000000004 54
1622885595875 15.008000000000004 55
1622885606616 15.258000000000004 56
1622885617490 15.506000000000004 57
1622885628621 15.756000000000004 58
1622885639850 16.005000000000003 59
1622885651228 16.256000000000004 60
1622885662840 16.504000000000005 61
1622885674429 16.753000000000004 62
1622885686271 17.003000000000004 63
1622885698254 17.253000000000004 64
1622885710386 17.504000000000005 65
1622885722724 17.754000000000005 66
1622885735247 18.003000000000004 67
1622885747741 18.256000000000004 68
1622885760491 18.506000000000004 69
1622885773347 18.756000000000004 70
1622885786423 19.005000000000003 71
1622885799726 19.254 72
1622885813193 19.504 73
1622885826692 19.753 74
1622885840551 20.002 75
1622885854402 20.250999999999998 76
1622885868542 20.502 77
1622885882719 20.75 78
1622885897202 21.0 79
1622885911822 21.249 80
1622885926338 21.502 81
1622885941023 21.750999999999998 82
1622885956016 22.002999999999997 83
1622885971193 22.252999999999997 84
1622885986650 22.503999999999998 85
1622886002055 22.752999999999997 86
1622886017605 23.001999999999995 87
1622886033338 23.249999999999996 88
1622886049282 23.499999999999996 89
1622886065291 23.749999999999996 90
1622886081485 23.999999999999996 91
1622886097868 24.250999999999998 92
1622886114397 24.499 93
1622886131165 24.747999999999998 94
1622886148019 24.996999999999996 95
1622886165106 25.246999999999996 96
1622886182314 25.500999999999998 97
1622886199787 25.752999999999997 98
1622886217393 26.003999999999998 99
1622886235151 26.253999999999998 100
1622886252859 26.503999999999998 101
1622886270865 26.752999999999997 102
1622886289154 27.002999999999997 103
1622886307429 27.252999999999997 104
1622886325843 27.501999999999995 105
1622886344409 27.750999999999994 106
1622886363209 28.005999999999993 107
1622886382083 28.256999999999994 108
1622886401025 28.505999999999993 109
1622886420244 28.756999999999994 110
1622886439477 29.007999999999996 111
1622886459051 29.257999999999996 112
1622886478698 29.507999999999996 113
1622886498413 29.756999999999994 114
1622886518179 30.006999999999994 115
1622886538176 30.256999999999994 116
1622886558379 30.505999999999993 117
1622886578821 30.753999999999994 118
1622886599264 31.003999999999994 119
1622886620071 31.252999999999993 120
1622886640898 31.502999999999993 121
1622886662055 31.751999999999992 122
1622886683402 32.00499999999999 123
1622886704777 32.25199999999999 124
1622886726410 32.502999999999986 125
1622886748322 32.75099999999998 126
1622886770212 32.99899999999998 127
1622886792043 33.24799999999998 128
1622886814295 33.49899999999998 129
1622886836582 33.75099999999998 130
1622886858891 34.00499999999998 131
1622886881569 34.25599999999998 132
1622886904548 34.50699999999998 133
1622886927459 34.75699999999998 134
1622886950611 35.00399999999998 135
1622886973896 35.25399999999998 136
1622886997225 35.50899999999998 137
1622887020821 35.75899999999998 138
1622887044510 36.01099999999998 139
1622887068429 36.26199999999998 140
1622887092502 36.51199999999998 141
1622887116696 36.76199999999998 142
1622887141075 37.01299999999998 143
1622887165642 37.263999999999974 144
1622887190242 37.51499999999997 145
1622887215149 37.76499999999997 146
1622887239874 38.013999999999974 147
1622887264972 38.263999999999974 148
1622887290048 38.51299999999998 149
1622887315484 38.760999999999974 150
1622887341022 39.010999999999974 151
1622887366858 39.25999999999998 152
1622887392654 39.50699999999998 153
1622887418661 39.75699999999998 154
1622887444921 40.004999999999974 155
1622887471239 40.25399999999998 156
1622887497731 40.50399999999998 157
1622887524604 40.75399999999998 158
1622887551342 41.004999999999974 159
1622887578383 41.25599999999997 160
1622887605703 41.507999999999974 161
1622887632821 41.75599999999997 162
1622887660136 42.004999999999974 163
1622887687788 42.25399999999998 164
1622887715758 42.501999999999974 165
1622887743810 42.751999999999974 166
1622887771963 43.000999999999976 167
1622887800274 43.250999999999976 168
1622887828734 43.498999999999974 169
1622887857368 43.747999999999976 170
1622887886260 43.99699999999998 171
1622887915334 44.24699999999998 172
1622887944432 44.497999999999976 173
1622887973568 44.744999999999976 174
1622888002772 44.992999999999974 175
1622888032312 45.242999999999974 176
1622888061831 45.49099999999997 177
1622888091537 45.74199999999997 178
1622888121717 45.98999999999997 179
1622888151975 46.23999999999997 180
1622888182638 46.48999999999997 181
1622888213077 46.737999999999964 182
1622888243592 46.987999999999964 183
1622888274389 47.23599999999996 184
1622888305495 47.48999999999996 185
1622888336523 47.73999999999996 186
1622888367767 47.98899999999996 187
1622888399122 48.240999999999964 188
1622888430966 48.48899999999996 189
1622888462920 48.73699999999996 190
1622888494876 48.98699999999996 191
1622888526988 49.23599999999996 192
1622888559237 49.484999999999964 193
1622888591569 49.733999999999966 194
1622888623975 49.98299999999997 195
1622888656747 50.23899999999997 196
1622888689715 50.486999999999966 197
1622888722922 50.734999999999964 198
1622888756314 50.984999999999964 199
1622888789549 51.233999999999966 200
1622888822931 51.483999999999966 201
1622888856576 51.733999999999966 202
1622888890602 51.983999999999966 203
1622888924229 52.23299999999997 204
1622888958525 52.48499999999997 205
1622888992578 52.73499999999997 206
1622889026966 52.98399999999997 207
1622889061476 53.232999999999976 208
1622889096184 53.482999999999976 209
1622889130989 53.73099999999997 210
1622889166289 53.98099999999997 211
1622889201405 54.23099999999997 212
1622889236844 54.479999999999976 213
1622889271969 54.72799999999997 214
1622889307228 54.97899999999997 215
1622889343113 55.23099999999997 216
1622889378944 55.48099999999997 217
1622889415041 55.72899999999997 218
1622889451448 55.97699999999997 219
1622889487593 56.22899999999997 220
1622889524133 56.47799999999997 221
1622889561197 56.72799999999997 222
1622889598413 56.976999999999975 223
1622889635099 57.22599999999998 224
1622889672242 57.47499999999998 225
1622889709610 57.72599999999998 226
1622889747228 57.976999999999975 227
1622889785014 58.22899999999998 228
1622889822613 58.47899999999998 229
1622889860928 58.72799999999998 230
1622889899174 58.97899999999998 231
1622889937750 59.22799999999998 232
1622889976345 59.47999999999998 233
1622890014849 59.731999999999985 234
1622890053393 59.98099999999999 235
1622890092625 60.22999999999999 236
1622890131634 60.47799999999999 237
1622890171047 60.728999999999985 238
1622890210562 60.97799999999999 239
1622890250296 61.22699999999999 240
1622890290217 61.47899999999999 241
1622890330510 61.72999999999999 242
1622890370566 61.97999999999999 243
1622890411081 62.22999999999999 244
1622890451663 62.47899999999999 245
1622890492544 62.72899999999999 246
1622890533176 62.977999999999994 247
1622890573989 63.227999999999994 248
1622890614877 63.483 249
1622890655763 63.733999999999995 250
1622890697155 63.98499999999999 251
1622890738947 64.234 252
1622890780560 64.484 253
1622890822377 64.734 254
1622890864378 64.982 255
1622890906337 65.235 256
1622890948416 65.483 257
1622890990880 65.732 258
1622891033261 65.983 259
1622891076004 66.23400000000001 260
1622891118810 66.483 261
1622891161877 66.73400000000001 262
1622891205017 66.986 263
1622891248243 67.23400000000001 264
1622891291853 67.48400000000001 265
1622891335533 67.73100000000001 266
1622891379213 67.983 267
1622891423053 68.233 268
1622891467012 68.483 269
1622891511643 68.732 270
1622891555926 68.982 271
1622891600526 69.232 272
1622891645429 69.48 273
1622891690610 69.73 274
1622891735628 69.98100000000001 275
1622891781021 70.23400000000001 276
1622891826294 70.48400000000001 277
1622891871652 70.73200000000001 278
1622891917143 70.98500000000001 279
1622891963144 71.23500000000001 280
1622892009534 71.48600000000002 281
1622892055692 71.73600000000002 282
1622892101850 71.98600000000002 283
1622892148464 72.23800000000001 284
1622892195071 72.48600000000002 285
1622892242056 72.73400000000002 286
1622892288693 72.98300000000002 287
1622892335653 73.23100000000002 288
1622892383066 73.48000000000002 289
1622892430231 73.72900000000001 290
1622892477659 73.97900000000001 291
1622892525246 74.22800000000001 292
1622892572971 74.477 293
1622892621191 74.72500000000001 294
1622892669532 74.97800000000001 295
1622892718047 75.23 296
1622892766687 75.479 297
1622892815454 75.728 298
1622892864443 75.978 299
1622892913479 76.22699999999999 300
1622892962604 76.478 301
1622893012010 76.72699999999999 302
1622893061420 76.97599999999998 303
1622893110849 77.22899999999998 304
1622893160530 77.47999999999999 305
1622893210646 77.72699999999999 306
1622893260915 77.97699999999999 307
1622893311139 78.22699999999999 308
1622893361726 78.478 309
1622893412067 78.728 310
1622893463098 78.979 311
1622893514174 79.228 312
1622893564884 79.47699999999999 313
1622893616134 79.72599999999998 314
1622893667651 79.97499999999998 315
1622893719212 80.22499999999998 316
1622893770993 80.47399999999998 317
1622893823086 80.72299999999997 318
1622893875293 80.97399999999998 319
1622893927725 81.22199999999998 320
1622893980071 81.47099999999998 321
1622894032678 81.72199999999998 322
1622894085012 81.97199999999998 323
1622894138003 82.22099999999998 324
1622894190731 82.46799999999998 325
1622894243737 82.71699999999997 326
1622894297047 82.96699999999997 327
1622894350108 83.21899999999997 328
1622894403815 83.46999999999997 329
1622894457351 83.71799999999998 330
1622894511124 83.96799999999998 331
1622894565074 84.21599999999998 332
1622894619227 84.46599999999998 333
1622894673558 84.71599999999998 334
1622894727907 84.96899999999998 335
1622894782684 85.21999999999998 336
1622894837376 85.47099999999999 337
1622894892338 85.72099999999999 338
1622894947400 85.97099999999999 339
1622895002546 86.22099999999999 340
1622895057656 86.47099999999999 341
1622895113513 86.71999999999998 342
1622895169076 86.96999999999998 343
1622895225198 87.21899999999998 344
1622895281295 87.46999999999998 345
1622895337385 87.71899999999998 346
1622895393736 87.96899999999998 347
1622895450052 88.22299999999998 348
1622895506653 88.47299999999998 349
1622895563212 88.72399999999999 350
1622895620189 88.972 351
1622895677061 89.22099999999999 352
1622895734416 89.469 353
1622895791838 89.725 354
1622895849126 89.972 355
1622895906530 90.223 356
1622895964132 90.471 357
1622896021866 90.72 358
1622896080150 90.971 359
1622896138631 91.22 360
1622896197320 91.469 361
1622896256242 91.71799999999999 362
1622896315058 91.96799999999999 363
1622896374079 92.21499999999999 364
1622896433362 92.46499999999999 365
1622896492388 92.713 366
1622896551988 92.964 367
1622896611850 93.211 368
1622896671226 93.461 369
1622896731433 93.712 370
1622896791688 93.962 371
1622896852107 94.21000000000001 372
1622896912780 94.45800000000001 373
1622896973274 94.70800000000001 374
1622897034374 94.95600000000002 375
1622897095226 95.20500000000001 376
1622897156460 95.45400000000001 377
1622897217431 95.70500000000001 378
1622897278818 95.95600000000002 379
1622897340635 96.20900000000002 380
1622897402228 96.46000000000002 381
1622897464513 96.71200000000002 382
1622897526516 96.96300000000002 383
1622897588864 97.21200000000002 384
1622897651070 97.46100000000001 385
1622897713615 97.70900000000002 386
1622897775953 97.96100000000001 387
1622897838698 98.21100000000001 388
1622897901961 98.46000000000001 389
1622897965259 98.71100000000001 390
1622898028503 98.96000000000001 391
1622898091716 99.20700000000001 392
1622898155242 99.45800000000001 393
1622898218752 99.70900000000002 394
1622898282581 99.95800000000001 395
1622898346412 100.20700000000001 396
1622898410681 100.45400000000001 397
1622898474850 100.703 398
1622898539012 100.952 399
1622898603810 101.201 400
1622898668789 101.44999999999999 401
1622898733326 101.69999999999999 402
1622898798490 101.94899999999998 403
1622898863456 102.19799999999998 404
1622898929186 102.44899999999998 405
1622898994572 102.69899999999998 406
1622899060340 102.94899999999998 407
1622899126435 103.19999999999999 408
1622899192155 103.44999999999999 409
1622899258160 103.69999999999999 410
1622899324547 103.94999999999999 411
1622899390846 104.19999999999999 412
1622899457724 104.45299999999999 413
1622899524349 104.70299999999999 414
1622899591248 104.95499999999998 415
1622899658479 105.20399999999998 416
1622899725862 105.45299999999997 417
1622899793269 105.70199999999997 418
1622899860521 105.95199999999997 419
1622899928141 106.19999999999997 420
1622899995889 106.44799999999998 421
1622900063832 106.69699999999997 422
1622900131994 106.94799999999998 423
1622900200247 107.19799999999998 424
1622900268482 107.44999999999997 425
1622900337028 107.69799999999998 426
1622900405949 107.94899999999998 427
1622900474721 108.19799999999998 428
1622900544041 108.44699999999997 429
1622900613482 108.69699999999997 430
1622900683233 108.94599999999997 431
1622900752956 109.19399999999997 432
1622900822866 109.44499999999998 433
1622900893021 109.69199999999998 434
1622900963401 109.94199999999998 435
1622901033832 110.18999999999998 436
1622901104125 110.43899999999998 437
1622901174859 110.68999999999998 438
1622901245875 110.93999999999998 439
1622901317101 111.19099999999999 440
1622901388706 111.439 441
1622901460306 111.689 442
1622901532024 111.939 443
1622901603802 112.18799999999999 444
1622901675934 112.43599999999999 445
1622901747407 112.68499999999999 446
1622901819383 112.93699999999998 447
1622901891688 113.18799999999999 448
1622901964114 113.43799999999999 449
1622902036597 113.68699999999998 450
1622902109095 113.93699999999998 451
1622902181585 114.18599999999998 452
1622902254670 114.43699999999998 453
1622902327923 114.68499999999999 454
1622902401244 114.93299999999999 455
1622902474662 115.18199999999999 456
1622902548391 115.43099999999998 457
1622902621874 115.68099999999998 458
1622902695690 115.93099999999998 459
1622902769584 116.17999999999998 460
1622902844063 116.43099999999998 461
1622902918501 116.68099999999998 462
1622902993111 116.92999999999998 463
1622903067563 117.18099999999998 464
1622903142649 117.43199999999999 465
1622903217623 117.68099999999998 466
1622903292580 117.92999999999998 467
1622903367962 118.17899999999997 468
1622903443453 118.43099999999997 469
1622903519398 118.68199999999997 470
1622903595683 118.93099999999997 471
1622903671853 119.18099999999997 472
1622903747933 119.42899999999997 473
1622903824458 119.67799999999997 474
1622903901133 119.92999999999996 475
1622903978028 120.17999999999996 476
1622904055518 120.42999999999996 477
1622904132670 120.67999999999996 478
1622904209636 120.92899999999996 479
1622904286903 121.17799999999995 480
1622904364217 121.42699999999995 481
1622904442132 121.67899999999995 482
1622904519974 121.92699999999995 483
1622904597734 122.17799999999995 484
1622904675488 122.42599999999996 485
1622904753912 122.67399999999996 486
1622904832264 122.92399999999996 487
1622904910780 123.17399999999996 488
1622904989243 123.42599999999996 489
1622905068177 123.67499999999995 490
1622905147426 123.92499999999995 491
1622905226965 124.17399999999995 492
1622905306160 124.41899999999995 493
1622905386077 124.66299999999995 494
1622905465616 124.90599999999995 495
1622905545665 125.15199999999994 496
1622905625319 125.39899999999994 497
1622905705987 125.64299999999994 498
1622905786139 125.88999999999994 499
1622905865984 126.13799999999995 500
