1622943516179 39 0
1622943517501 39 1
1622943519158 39 2
1622943521169 39 3
1622943523535 39 4
1622943526261 39 5
1622943529338 39 6
1622943532790 39 7
1622943536559 39 8
1622943540695 39 9
1622943545155 39 10
1622943550008 39 11
1622943555180 39 12
1622943560745 39 13
1622943566695 39 14
1622943572939 39 15
1622943579652 39 16
1622943586649 39 17
1622943594099 39 18
1622943601837 39 19
1622943609997 39 20
1622943618446 39 21
1622943627242 39 22
1622943636399 39 23
1622943645901 39 24
1622943655762 39 25
1622943666046 39 26
1622943676622 39 27
1622943687567 39 28
1622943698855 39 29
1622943710602 39 30
1622943722617 39 31
1622943735072 39 32
1622943747815 39 33
1622943760843 39 34
1622943774314 39 35
1622943788052 39 36
1622943802229 39 37
1622943816726 39 38
1622943831650 39 39
1622943846784 39 40
1622943862416 39 41
1622943878402 39 42
1622943894629 39 43
1622943911128 39 44
1622943928069 39 45
1622943945299 39 46
1622943962955 39 47
1622943980917 39 48
1622943999931 39 49
1622944018733 39 50
1622944038288 39 51
1622944057717 39 52
1622944077474 39 53
1622944097586 39 54
1622944118123 39 55
1622944139020 39 56
1622944160176 39 57
1622944181799 39 58
1622944203756 39 59
1622944226217 39 60
1622944248792 39 61
1622944272021 39 62
1622944295420 39 63
1622944319301 39 64
1622944343268 39 65
1622944367659 39 66
1622944392416 39 67
1622944417659 39 68
1622944443301 39 69
1622944469269 39 70
1622944495571 39 71
1622944522091 39 72
1622944549131 39 73
1622944576425 39 74
1622944604016 39 75
1622944631976 39 76
1622944660153 39 77
1622944688885 39 78
1622944718154 39 79
1622944747805 39 80
1622944777600 39 81
1622944807932 39 82
1622944838808 39 83
1622944869912 39 84
1622944901099 39 85
1622944932629 39 86
1622944964636 39 87
1622944997026 39 88
1622945029697 39 89
1622945062776 39 90
1622945096136 39 91
1622945129934 39 92
1622945164117 39 93
1622945198541 39 94
1622945233496 39 95
1622945268588 39 96
1622945303919 39 97
1622945339575 39 98
1622945375686 39 99
1622945412047 39 100
1622945448687 39 101
1622945485657 39 102
1622945522992 39 103
1622945560789 39 104
1622945598987 39 105
1622945637693 39 106
1622945676624 39 107
1622945716043 39 108
1622945756269 39 109
1622945796285 39 110
1622945836729 39 111
1622945877746 39 112
1622945918796 39 113
1622945960279 39 114
1622946001903 39 115
1622946044093 39 116
1622946086509 39 117
1622946129250 39 118
1622946172317 39 119
1622946215632 39 120
1622946259632 39 121
1622946303803 39 122
1622946348084 39 123
1622946392865 39 124
1622946437987 39 125
1622946483614 39 126
1622946529439 39 127
1622946575706 39 128
1622946622365 39 129
1622946669422 39 130
1622946716859 39 131
1622946764726 39 132
1622946812609 39 133
1622946860961 39 134
1622946909982 39 135
1622946959194 39 136
1622947008931 39 137
1622947059563 39 138
1622947109804 39 139
1622947160351 39 140
1622947211232 39 141
1622947261974 39 142
1622947312752 39 143
1622947363762 39 144
1622947415594 39 145
1622947467802 39 146
1622947519654 39 147
1622947572363 39 148
1622947625320 39 149
1622947678012 39 150
1622947731143 39 151
1622947784371 39 152
1622947838088 39 153
1622947892302 39 154
1622947946575 39 155
1622948000770 39 156
1622948055583 39 157
1622948110790 39 158
1622948166197 39 159
1622948222003 39 160
1622948278136 39 161
1622948334685 39 162
1622948391588 39 163
1622948448885 39 164
1622948506561 39 165
1622948564538 39 166
1622948622849 39 167
1622948681804 39 168
1622948740695 39 169
1622948800156 39 170
1622948859962 39 171
1622948920136 39 172
1622948980631 39 173
1622949041477 39 174
1622949103144 39 175
1622949165351 39 176
1622949227846 39 177
1622949291354 39 178
1622949354952 39 179
1622949419234 39 180
1622949483569 39 181
1622949548650 39 182
1622949613750 39 183
1622949680411 39 184
1622949746590 39 185
1622949813310 39 186
1622949880606 39 187
1622949948238 39 188
1622950016085 39 189
1622950084301 39 190
1622950152512 39 191
1622950221361 39 192
1622950290642 39 193
1622950360434 39 194
1622950430789 39 195
1622950501457 39 196
1622950572457 39 197
1622950643829 39 198
1622950715688 39 199
1622950787769 39 200
1622950860353 39 201
1622950933609 39 202
1622951006922 39 203
1622951080890 39 204
1622951155161 39 205
1622951229722 39 206
1622951304546 39 207
1622951380021 39 208
1622951455770 39 209
1622951531916 39 210
1622951608579 39 211
1622951685469 39 212
1622951763017 39 213
1622951840132 39 214
1622951917494 39 215
1622951995039 39 216
1622952072685 39 217
1622952150824 39 218
1622952229650 39 219
1622952308847 39 220
1622952388490 39 221
1622952469273 39 222
1622952549642 39 223
1622952630291 39 224
1622952711346 39 225
1622952792925 39 226
1622952874802 39 227
1622952956493 39 228
1622953038983 39 229
1622953122044 39 230
1622953205129 39 231
1622953288652 39 232
1622953372352 39 233
1622953456253 39 234
1622953540956 39 235
1622953626374 39 236
1622953711701 39 237
1622953797296 39 238
1622953883257 39 239
1622953969889 39 240
1622954057292 39 241
1622954145000 39 242
1622954233248 39 243
1622954321835 39 244
1622954410867 39 245
1622954502889 39 246
1622954593163 39 247
1622954684834 39 248
1622954776514 39 249
1622954868031 39 250
1622954960551 39 251
1622955053353 39 252
1622955146396 39 253
1622955239502 39 254
1622955333034 39 255
1622955427169 39 256
1622955522850 39 257
1622955620169 39 258
1622955715610 39 259
1622955811154 39 260
1622955906596 39 261
1622956002263 39 262
1622956098757 39 263
1622956195648 39 264
1622956292718 39 265
1622956389264 39 266
1622956486106 39 267
1622956583609 39 268
1622956681699 39 269
1622956779567 39 270
1622956877791 39 271
1622956976837 39 272
1622957076382 39 273
1622957175794 39 274
1622957275453 39 275
1622957375476 39 276
1622957475778 39 277
1622957576938 39 278
1622957678604 39 279
1622957780479 39 280
1622957882554 39 281
1622957986229 39 282
1622958089547 39 283
1622958193580 39 284
1622958298100 39 285
1622958403052 39 286
1622958508091 39 287
1622958613593 39 288
1622958719650 39 289
1622958826425 39 290
1622958933010 39 291
1622959040863 39 292
1622959148561 39 293
1622959255798 39 294
1622959363816 39 295
1622959472454 39 296
1622959581251 39 297
1622959690351 39 298
1622959799317 39 299
1622959908848 39 300
1622960018956 39 301
1622960129852 39 302
1622960240898 39 303
1622960352620 39 304
1622960464679 39 305
1622960576470 39 306
1622960688916 39 307
1622960801850 39 308
1622960915341 39 309
1622961028870 39 310
1622961143025 39 311
1622961257432 39 312
1622961371913 39 313
1622961487218 39 314
1622961602839 39 315
1622961718927 39 316
1622961835086 39 317
1622961952149 39 318
1622962069501 39 319
1622962187093 39 320
1622962304973 39 321
1622962423380 39 322
1622962541945 39 323
1622962660769 39 324
1622962780087 39 325
1622962899578 39 326
1622963017195 39 327
1622963137748 39 328
1622963256306 39 329
1622963371350 39 330
1622963489521 39 331
1622963605019 39 332
1622963720531 39 333
1622963836659 39 334
1622963952866 39 335
1622964069183 39 336
1622964186280 39 337
1622964303094 39 338
1622964420687 39 339
1622964538436 39 340
1622964657475 39 341
1622964776798 39 342
1622964896193 39 343
1622965015557 39 344
1622965133976 39 345
1622965252583 39 346
1622965371864 39 347
1622965491173 39 348
1622965611130 39 349
1622965731032 39 350
1622965852394 39 351
1622965974188 39 352
1622966096134 39 353
1622966218291 39 354
1622966341327 39 355
1622966464787 39 356
1622966588481 39 357
1622966713009 39 358
1622966836982 39 359
1622966961363 39 360
1622967085885 39 361
1622967211468 39 362
1622967336417 39 363
1622967462053 39 364
1622967588234 39 365
1622967715223 39 366
1622967842018 39 367
1622967969401 39 368
1622968096903 39 369
1622968224648 39 370
1622968354365 39 371
1622968484239 39 372
1622968613656 39 373
1622968743187 39 374
1622968873054 39 375
1622969003321 39 376
1622969134221 39 377
1622969267294 39 378
1622969398300 39 379
1622969530175 39 380
1622969661925 39 381
1622969794138 39 382
1622969926783 39 383
1622970059326 39 384
1622970192698 39 385
1622970325944 39 386
1622970460148 39 387
1622970594407 39 388
1622970728917 39 389
1622970863347 39 390
1622970998637 39 391
1622971134860 39 392
1622971270829 39 393
1622971407400 39 394
1622971544053 39 395
1622971681515 39 396
1622971818467 39 397
1622971955778 39 398
1622972094138 39 399
1622972233123 39 400
1622972371629 39 401
1622972509981 39 402
1622972648885 39 403
1622972789264 39 404
1622972929811 39 405
1622973070666 39 406
1622973211425 39 407
1622973352155 39 408
1622973493931 39 409
1622973635759 39 410
1622973778059 39 411
1622973921142 39 412
1622974064705 39 413
1622974211106 39 414
1622974354706 39 415
1622974499239 39 416
1622974643997 39 417
1622974788505 39 418
1622974933621 39 419
1622975079203 39 420
1622975224435 39 421
1622975370322 39 422
1622975516036 39 423
1622975662134 39 424
1622975808734 39 425
1622975955533 39 426
1622976103345 39 427
1622976250765 39 428
1622976399771 39 429
1622976548895 39 430
1622976698173 39 431
1622976847725 39 432
1622976998118 39 433
1622977148578 39 434
1622977299456 39 435
1622977450627 39 436
1622977603044 39 437
1622977755006 39 438
1622977907957 39 439
1622978061333 39 440
1622978214427 39 441
1622978369231 39 442
1622978524295 39 443
1622978679997 39 444
1622978835563 39 445
1622978991159 39 446
