1622734225691 29 0
1622734226261 16 1
1622734226842 18 2
1622734227485 18 3
1622734228137 17 4
1622734228799 17 5
1622734229516 17 6
1622734230276 17 7
1622734231065 17 8
1622734231897 17 9
1622734232760 17 10
1622734233655 17 11
1622734234598 17 12
1622734235565 17 13
1622734236562 17 14
1622734237607 17 15
1622734238690 17 16
1622734239804 17 17
1622734240969 17 18
1622734242135 17 19
1622734243348 17 20
1622734244600 17 21
1622734245893 17 22
1622734247233 17 23
1622734248579 17 24
1622734249984 17 25
1622734251419 17 26
1622734252886 17 27
1622734254413 17 28
1622734255946 17 29
1622734257512 17 30
1622734259131 17 31
1622734260795 17 32
1622734262492 17 33
1622734264204 17 34
1622734265968 17 35
1622734267751 17 36
1622734269573 17 37
1622734271427 17 38
1622734273339 17 39
1622734275257 17 40
1622734277237 17 41
1622734279272 17 42
1622734281316 17 43
1622734283418 17 44
1622734285541 17 45
1622734287690 17 46
1622734289882 17 47
1622734292103 17 48
1622734294355 17 49
1622734296669 17 50
1622734299016 17 51
1622734301388 17 52
1622734303787 17 53
1622734306247 17 54
1622734308728 17 55
1622734311234 17 56
1622734313807 17 57
1622734316406 17 58
1622734319039 17 59
1622734321698 17 60
1622734324387 17 61
1622734327151 17 62
1622734329942 17 63
1622734332735 17 64
1622734335610 17 65
1622734338533 17 66
1622734341476 17 67
1622734344506 17 68
1622734347510 17 69
1622734350559 17 70
1622734353640 17 71
1622734356778 17 72
1622734359953 17 73
1622734363149 17 74
1622734366404 17 75
1622734369676 17 76
1622734372959 17 77
1622734376291 17 78
1622734379655 17 79
1622734383069 17 80
1622734386555 17 81
1622734390038 17 82
1622734393514 17 83
1622734397083 17 84
1622734400685 17 85
1622734404297 17 86
1622734407954 17 87
1622734411675 17 88
1622734415382 17 89
1622734419138 17 90
1622734422941 17 91
1622734426789 17 92
1622734430702 17 93
1622734434627 17 94
1622734438557 17 95
1622734442575 17 96
1622734446600 17 97
1622734450651 17 98
1622734454724 17 99
1622734458859 17 100
1622734463040 17 101
1622734467254 17 102
1622734471458 17 103
1622734475729 17 104
1622734480034 17 105
1622734484356 17 106
1622734488720 17 107
1622734493115 17 108
1622734497558 17 109
1622734502027 17 110
1622734506571 17 111
1622734511089 17 112
1622734515633 17 113
1622734520227 17 114
1622734524914 17 115
1622734529566 17 116
1622734534317 17 117
1622734539137 17 118
1622734543947 17 119
1622734548805 17 120
1622734553706 17 121
1622734558609 17 122
1622734563480 17 123
1622734568460 17 124
1622734573438 17 125
1622734578511 17 126
1622734583610 17 127
1622734588777 17 128
1622734593954 17 129
1622734599166 17 130
1622734604446 17 131
1622734609693 17 132
1622734615029 17 133
1622734620396 17 134
1622734625829 17 135
1622734631283 17 136
1622734636788 17 137
1622734642309 17 138
1622734647867 17 139
1622734653457 17 140
1622734659036 17 141
1622734664706 17 142
1622734670424 17 143
1622734676148 17 144
1622734681901 17 145
1622734687683 17 146
1622734693475 17 147
1622734699349 17 148
1622734705314 17 149
1622734711317 17 150
1622734717313 17 151
1622734723381 17 152
1622734729475 17 153
1622734735657 17 154
1622734741778 17 155
1622734747913 17 156
1622734754172 17 157
1622734760462 17 158
1622734766753 17 159
1622734773078 17 160
1622734779420 17 161
1622734785796 17 162
1622734792227 17 163
1622734798654 17 164
1622734805092 17 165
1622734811635 17 166
1622734818194 17 167
1622734824766 17 168
1622734831341 17 169
1622734837988 17 170
1622734844708 17 171
1622734851354 17 172
1622734858090 17 173
1622734864935 17 174
1622734871712 17 175
1622734878619 17 176
1622734885525 17 177
1622734892456 17 178
1622734899461 17 179
1622734906492 17 180
1622734913516 17 181
1622734920645 17 182
1622734927817 17 183
1622734934969 17 184
1622734942104 17 185
1622734949345 17 186
1622734956638 17 187
1622734964013 17 188
1622734971425 17 189
1622734978846 17 190
1622734986253 17 191
1622734993702 17 192
1622735001190 17 193
1622735008704 17 194
1622735016231 17 195
1622735023876 17 196
1622735031540 17 197
1622735039193 17 198
1622735046918 17 199
1622735054675 17 200
1622735062459 17 201
1622735070295 17 202
1622735078155 17 203
1622735086061 17 204
1622735093983 17 205
1622735101905 17 206
1622735109937 17 207
1622735117956 17 208
1622735126008 17 209
1622735134145 17 210
1622735142266 17 211
1622735150435 17 212
1622735158647 17 213
1622735166932 17 214
1622735175227 17 215
1622735183608 17 216
1622735191954 17 217
1622735200351 17 218
1622735208835 17 219
1622735217299 17 220
1622735225864 17 221
1622735234390 17 222
1622735242948 17 223
1622735251620 17 224
1622735260227 17 225
1622735268886 17 226
1622735277612 17 227
1622735286294 17 228
1622735295079 17 229
1622735303856 17 230
1622735312678 17 231
1622735321639 17 232
1622735330610 17 233
1622735339595 17 234
1622735348586 17 235
1622735357686 17 236
1622735366766 17 237
1622735375885 17 238
1622735385040 17 239
1622735394268 17 240
1622735403504 17 241
1622735412767 17 242
1622735422025 17 243
1622735431369 17 244
1622735440637 17 245
1622735450008 17 246
1622735459428 17 247
1622735468966 17 248
1622735478496 17 249
1622735488011 17 250
1622735497588 17 251
1622735507168 17 252
1622735516805 17 253
1622735526456 17 254
1622735536215 17 255
1622735545889 17 256
1622735555730 17 257
1622735565639 17 258
1622735575593 17 259
1622735585471 17 260
1622735595379 17 261
1622735605447 17 262
1622735615497 17 263
1622735625577 17 264
1622735635667 17 265
1622735645858 17 266
1622735656028 17 267
1622735666302 17 268
1622735676620 17 269
1622735686885 17 270
1622735697166 17 271
1622735707481 17 272
1622735717914 17 273
1622735728332 17 274
1622735738787 17 275
1622735749327 17 276
1622735759920 17 277
1622735770482 17 278
1622735781071 17 279
1622735791748 17 280
1622735802448 17 281
1622735813180 17 282
1622735823925 17 283
1622735834653 17 284
1622735845453 17 285
1622735856264 17 286
1622735867212 17 287
1622735878162 17 288
1622735889134 17 289
1622735900135 17 290
1622735911214 17 291
1622735922264 17 292
1622735933370 17 293
1622735944519 17 294
1622735955644 17 295
1622735966786 17 296
1622735978087 17 297
1622735989474 17 298
1622736000825 17 299
1622736012201 17 300
1622736023674 17 301
1622736035195 17 302
1622736046682 17 303
1622736058209 17 304
1622736069843 17 305
1622736081435 17 306
1622736093193 17 307
1622736104855 17 308
1622736116556 17 309
1622736128263 17 310
1622736140096 17 311
1622736151970 17 312
1622736163815 17 313
1622736175629 17 314
1622736187601 17 315
1622736199444 17 316
1622736211440 17 317
1622736223408 17 318
1622736235495 17 319
1622736247594 17 320
1622736259655 17 321
1622736271806 17 322
1622736284021 17 323
1622736296300 17 324
1622736308637 17 325
1622736320983 17 326
1622736333303 17 327
1622736345717 17 328
1622736358108 17 329
1622736370560 17 330
1622736383374 17 331
1622736395956 17 332
1622736408454 17 333
1622736421110 17 334
1622736433741 17 335
1622736446394 17 336
1622736459097 17 337
1622736471824 17 338
1622736484721 17 339
1622736497528 17 340
1622736510414 17 341
1622736523270 17 342
1622736536165 17 343
1622736549140 17 344
1622736562094 17 345
1622736575155 17 346
1622736588224 17 347
1622736601270 17 348
1622736614454 17 349
1622736627598 17 350
1622736640788 17 351
1622736654005 17 352
1622736667269 17 353
1622736680600 17 354
1622736693980 17 355
1622736707422 17 356
1622736720860 17 357
1622736734345 17 358
1622736747866 17 359
1622736761418 17 360
1622736774993 17 361
1622736788612 17 362
1622736802218 17 363
1622736815847 17 364
1622736829605 17 365
1622736843355 17 366
1622736857100 17 367
1622736870959 17 368
1622736884862 17 369
1622736898746 17 370
1622736912700 17 371
1622736926741 17 372
1622736940725 17 373
1622736954810 17 374
1622736968934 17 375
1622736983095 17 376
1622736997385 17 377
1622737011752 17 378
1622737026043 17 379
1622737040335 17 380
1622737054687 17 381
1622737069015 17 382
1622737083415 17 383
1622737097868 17 384
1622737112288 17 385
1622737126781 17 386
1622737141332 17 387
1622737155911 17 388
1622737170449 17 389
1622737185102 17 390
1622737199731 17 391
1622737214487 17 392
1622737229173 17 393
1622737244000 17 394
1622737258783 17 395
1622737273704 17 396
1622737288569 17 397
1622737303533 17 398
1622737318466 17 399
1622737333460 17 400
1622737348512 17 401
1622737363674 17 402
1622737378753 17 403
1622737393821 17 404
1622737409055 17 405
1622737424322 17 406
1622737439624 17 407
1622737454927 17 408
1622737470243 17 409
1622737485548 17 410
1622737500923 17 411
1622737516426 17 412
1622737531809 17 413
1622737547239 17 414
1622737562750 17 415
1622737578297 17 416
1622737594059 17 417
1622737609685 17 418
1622737625321 17 419
1622737641052 17 420
1622737656722 17 421
1622737672407 17 422
1622737688243 17 423
1622737704091 17 424
1622737719941 17 425
1622737735800 17 426
1622737751702 17 427
1622737767785 17 428
1622737783813 17 429
1622737799909 17 430
1622737815990 17 431
1622737832053 17 432
1622737848216 17 433
1622737864390 17 434
1622737880568 17 435
1622737896843 17 436
1622737913095 17 437
1622737929347 17 438
1622737945711 17 439
1622737962060 17 440
1622737978523 17 441
1622737995022 17 442
1622738011561 17 443
1622738028034 17 444
1622738044662 17 445
1622738061346 17 446
1622738077994 17 447
1622738094693 17 448
1622738111390 17 449
1622738128178 17 450
1622738145042 17 451
1622738161837 17 452
1622738178688 17 453
1622738195559 17 454
1622738212423 17 455
1622738229301 17 456
1622738246164 17 457
1622738263090 17 458
1622738280069 17 459
1622738297184 17 460
1622738314243 17 461
1622738331384 17 462
1622738348552 17 463
1622738365751 17 464
1622738383049 17 465
1622738400366 17 466
1622738417636 17 467
1622738434934 17 468
1622738452343 17 469
1622738469703 17 470
1622738487153 17 471
1622738504725 17 472
1622738522302 17 473
1622738539913 17 474
1622738557407 17 475
1622738574985 17 476
1622738592670 17 477
1622738610317 17 478
1622738628107 17 479
1622738646012 17 480
1622738663803 17 481
1622738681658 17 482
1622738699537 17 483
1622738717465 17 484
1622738735333 17 485
1622738753513 17 486
1622738771466 17 487
1622738789520 17 488
1622738807762 17 489
1622738825935 17 490
1622738844217 17 491
1622738862434 17 492
1622738880919 17 493
1622738899263 17 494
1622738917649 17 495
1622738936057 17 496
1622738954638 17 497
1622738973082 17 498
1622738991729 17 499
1622739010236 17 500
