1622734225729 0.006 0
1622734226289 0.444 1
1622734226870 0.907 2
1622734227513 1.431 3
1622734228164 1.963 4
1622734228827 2.508 5
1622734229543 3.107 6
1622734230298 3.7520000000000002 7
1622734231089 4.431 8
1622734231920 5.151 9
1622734232783 5.903 10
1622734233681 6.686 11
1622734234623 7.514 12
1622734235590 8.367 13
1622734236589 9.25 14
1622734237632 10.179 15
1622734238715 11.147 16
1622734239828 12.147 17
1622734240995 13.199 18
1622734242161 14.25 19
1622734243374 15.347 20
1622734244626 16.483 21
1622734245918 17.662 22
1622734247258 18.887999999999998 23
1622734248604 20.119999999999997 24
1622734250009 21.407999999999998 25
1622734251445 22.727999999999998 26
1622734252911 24.08 27
1622734254438 25.493 28
1622734255970 26.912 29
1622734257536 28.363 30
1622734259156 29.869 31
1622734260820 31.419999999999998 32
1622734262518 33.003 33
1622734264229 34.599000000000004 34
1622734265993 36.249 35
1622734267775 37.918 36
1622734269597 39.629 37
1622734271452 41.367999999999995 38
1622734273363 43.16499999999999 39
1622734275280 44.96999999999999 40
1622734277261 46.83899999999999 41
1622734279295 48.75899999999999 42
1622734281340 50.69199999999999 43
1622734283443 52.67999999999999 44
1622734285566 54.690999999999995 45
1622734287715 56.726 46
1622734289906 58.801 47
1622734292128 60.909 48
1622734294380 63.048 49
1622734296695 65.246 50
1622734299041 67.472 51
1622734301413 69.72999999999999 52
1622734303813 72.014 53
1622734306271 74.359 54
1622734308754 76.726 55
1622734311260 79.114 56
1622734313833 81.571 57
1622734316432 84.05499999999999 58
1622734319064 86.57199999999999 59
1622734321722 89.118 60
1622734324411 91.69399999999999 61
1622734327173 94.347 62
1622734329967 97.027 63
1622734332758 99.70700000000001 64
1622734335634 102.47000000000001 65
1622734338558 105.27900000000001 66
1622734341500 108.10700000000001 67
1622734344530 111.02100000000002 68
1622734347535 113.91000000000001 69
1622734350583 116.846 70
1622734353665 119.813 71
1622734356800 122.837 72
1622734359977 125.902 73
1622734363175 128.984 74
1622734366428 132.126 75
1622734369701 135.285 76
1622734372984 138.45499999999998 77
1622734376315 141.67399999999998 78
1622734379679 144.92499999999998 79
1622734383093 148.22599999999997 80
1622734386579 151.59899999999996 81
1622734390064 154.96799999999996 82
1622734393538 158.32799999999997 83
1622734397108 161.78399999999996 84
1622734400709 165.27199999999996 85
1622734404321 168.76999999999995 86
1622734407978 172.31399999999996 87
1622734411701 175.92199999999997 88
1622734415408 179.51199999999997 89
1622734419161 183.15199999999996 90
1622734422965 186.84299999999996 91
1622734426813 190.57799999999997 92
1622734430725 194.378 93
1622734434651 198.19199999999998 94
1622734438580 202.009 95
1622734442601 205.914 96
1622734446628 209.82199999999997 97
1622734450677 213.753 98
1622734454750 217.70899999999997 99
1622734458884 221.72599999999997 100
1622734463064 225.79199999999997 101
1622734467278 229.89399999999998 102
1622734471482 233.98499999999999 103
1622734475752 238.14299999999997 104
1622734480059 242.33599999999998 105
1622734484381 246.54299999999998 106
1622734488744 250.79199999999997 107
1622734493138 255.07299999999998 108
1622734497582 259.404 109
1622734502051 263.759 110
1622734506596 268.19 111
1622734511113 272.594 112
1622734515658 277.026 113
1622734520251 281.507 114
1622734524938 286.082 115
1622734529590 290.621 116
1622734534340 295.25899999999996 117
1622734539161 299.967 118
1622734543969 304.666 119
1622734548827 309.413 120
1622734553729 314.204 121
1622734558634 318.996 122
1622734563504 323.75399999999996 123
1622734568484 328.62199999999996 124
1622734573459 333.48699999999997 125
1622734578536 338.45099999999996 126
1622734583634 343.43499999999995 127
1622734588802 348.4889999999999 128
1622734593977 353.5539999999999 129
1622734599190 358.6549999999999 130
1622734604468 363.8229999999999 131
1622734609716 368.95899999999995 132
1622734615052 374.18499999999995 133
1622734620418 379.4409999999999 134
1622734625852 384.7629999999999 135
1622734631307 390.1069999999999 136
1622734636813 395.4959999999999 137
1622734642333 400.90399999999994 138
1622734647892 406.34899999999993 139
1622734653482 411.82499999999993 140
1622734659059 417.2899999999999 141
1622734664732 422.8469999999999 142
1622734670448 428.44999999999993 143
1622734676171 434.06299999999993 144
1622734681925 439.70399999999995 145
1622734687709 445.37299999999993 146
1622734693499 451.04999999999995 147
1622734699371 456.80999999999995 148
1622734705338 462.66299999999995 149
1622734711341 468.55299999999994 150
1622734717338 474.4359999999999 151
1622734723404 480.38999999999993 152
1622734729501 486.37199999999996 153
1622734735682 492.43899999999996 154
1622734741803 498.44599999999997 155
1622734747938 504.467 156
1622734754197 510.61199999999997 157
1622734760486 516.788 158
1622734766776 522.965 159
1622734773103 529.177 160
1622734779444 535.404 161
1622734785820 541.667 162
1622734792251 547.986 163
1622734798678 554.301 164
1622734805116 560.6260000000001 165
1622734811659 567.0550000000001 166
1622734818219 573.5010000000001 167
1622734824790 579.9590000000001 168
1622734831365 586.422 169
1622734838010 592.957 170
1622734844732 599.566 171
1622734851377 606.101 172
1622734858113 612.727 173
1622734864960 619.459 174
1622734871737 626.1239999999999 175
1622734878643 632.9169999999999 176
1622734885550 639.7099999999999 177
1622734892482 646.526 178
1622734899486 653.4159999999999 179
1622734906516 660.333 180
1622734913542 667.2439999999999 181
1622734920670 674.257 182
1622734927843 681.313 183
1622734934994 688.35 184
1622734942129 695.369 185
1622734949368 702.4970000000001 186
1622734956663 709.677 187
1622734964037 716.94 188
1622734971450 724.238 189
1622734978871 731.5450000000001 190
1622734986277 738.8370000000001 191
1622734993729 746.1730000000001 192
1622735001215 753.5450000000001 193
1622735008730 760.9430000000001 194
1622735016257 768.354 195
1622735023903 775.8820000000001 196
1622735031566 783.4280000000001 197
1622735039218 790.9660000000001 198
1622735046944 798.5760000000001 199
1622735054700 806.2160000000001 200
1622735062485 813.8860000000001 201
1622735070319 821.6070000000001 202
1622735078181 829.354 203
1622735086085 837.143 204
1622735094007 844.951 205
1622735101930 852.76 206
1622735109961 860.676 207
1622735117981 868.581 208
1622735126033 876.519 209
1622735134171 884.542 210
1622735142291 892.549 211
1622735150461 900.6039999999999 212
1622735158673 908.6999999999999 213
1622735166956 916.8679999999999 214
1622735175253 925.049 215
1622735183633 933.3149999999999 216
1622735191980 941.5459999999999 217
1622735200376 949.8259999999999 218
1622735208860 958.1949999999999 219
1622735217327 966.5429999999999 220
1622735225888 974.9899999999999 221
1622735234416 983.4009999999998 222
1622735242973 991.8429999999998 223
1622735251644 1000.4019999999998 224
1622735260251 1008.8949999999999 225
1622735268910 1017.4409999999999 226
1622735277635 1026.0529999999999 227
1622735286317 1034.6239999999998 228
1622735295102 1043.2979999999998 229
1622735303878 1051.9639999999997 230
1622735312702 1060.6759999999997 231
1622735321662 1069.5239999999997 232
1622735330633 1078.3839999999996 233
1622735339617 1087.2579999999996 234
1622735348608 1096.1389999999997 235
1622735357710 1105.1269999999997 236
1622735366791 1114.0949999999998 237
1622735375908 1123.0989999999997 238
1622735385062 1132.1419999999996 239
1622735394292 1141.2579999999996 240
1622735403529 1150.3789999999997 241
1622735412791 1159.5269999999996 242
1622735422049 1168.6729999999995 243
1622735431393 1177.9029999999996 244
1622735440661 1187.0569999999996 245
1622735450033 1196.3149999999996 246
1622735459452 1205.6209999999996 247
1622735468990 1215.0459999999996 248
1622735478522 1224.4629999999995 249
1622735488037 1233.8609999999994 250
1622735497613 1243.3229999999994 251
1622735507194 1252.7869999999994 252
1622735516830 1262.3089999999993 253
1622735526480 1271.8449999999993 254
1622735536239 1281.4889999999994 255
1622735545916 1291.0489999999993 256
1622735555754 1300.7719999999993 257
1622735565663 1310.5679999999993 258
1622735575618 1320.4089999999992 259
1622735585496 1330.1719999999991 260
1622735595405 1339.963999999999 261
1622735605474 1349.915999999999 262
1622735615524 1359.847999999999 263
1622735625602 1369.810999999999 264
1622735635693 1379.7869999999991 265
1622735645884 1389.8619999999992 266
1622735656053 1399.9149999999993 267
1622735666328 1410.0739999999994 268
1622735676646 1420.2769999999994 269
1622735686910 1430.4269999999995 270
1622735697191 1440.5929999999994 271
1622735707507 1450.7939999999994 272
1622735717940 1461.1109999999994 273
1622735728358 1471.4129999999993 274
1622735738812 1481.7519999999993 275
1622735749352 1492.1759999999992 276
1622735759946 1502.6529999999993 277
1622735770509 1513.0979999999993 278
1622735781097 1523.5689999999993 279
1622735791773 1534.1299999999992 280
1622735802473 1544.7169999999992 281
1622735813205 1555.3349999999991 282
1622735823951 1565.9659999999992 283
1622735834680 1576.5779999999993 284
1622735845479 1587.2589999999993 285
1622735856291 1597.9539999999993 286
1622735867236 1608.7829999999992 287
1622735878188 1619.6199999999992 288
1622735889161 1630.4759999999992 289
1622735900160 1641.3589999999992 290
1622735911238 1652.3229999999992 291
1622735922289 1663.2579999999991 292
1622735933396 1674.2489999999991 293
1622735944544 1685.281999999999 294
1622735955668 1696.292999999999 295
1622735966809 1707.321999999999 296
1622735978113 1718.511999999999 297
1622735989498 1729.783999999999 298
1622736000850 1741.021999999999 299
1622736012226 1752.283999999999 300
1622736023699 1763.642999999999 301
1622736035221 1775.0489999999988 302
1622736046709 1786.4189999999987 303
1622736058233 1797.8279999999988 304
1622736069868 1809.3479999999988 305
1622736081461 1820.823999999999 306
1622736093219 1832.464999999999 307
1622736104880 1844.012999999999 308
1622736116579 1855.599999999999 309
1622736128287 1867.195999999999 310
1622736140121 1878.915999999999 311
1622736151994 1890.675999999999 312
1622736163839 1902.407999999999 313
1622736175653 1914.108999999999 314
1622736187624 1925.970999999999 315
1622736199467 1937.702999999999 316
1622736211464 1949.586999999999 317
1622736223432 1961.4389999999992 318
1622736235518 1973.4149999999993 319
1622736247618 1985.4019999999994 320
1622736259679 1997.3499999999995 321
1622736271831 2009.3879999999995 322
1622736284047 2021.4869999999994 323
1622736296326 2033.6489999999994 324
1622736308663 2045.8699999999994 325
1622736321008 2058.0989999999993 326
1622736333328 2070.303999999999 327
1622736345741 2082.604999999999 328
1622736358132 2094.883999999999 329
1622736370586 2107.2219999999993 330
1622736383397 2119.9209999999994 331
1622736395980 2132.3899999999994 332
1622736408480 2144.7749999999996 333
1622736421134 2157.316 334
1622736433765 2169.832 335
1622736446417 2182.373 336
1622736459119 2194.963 337
1622736471847 2207.5800000000004 338
1622736484745 2220.3650000000002 339
1622736497551 2233.0570000000002 340
1622736510437 2245.8300000000004 341
1622736523294 2258.5740000000005 342
1622736536188 2271.3560000000007 343
1622736549164 2284.2200000000007 344
1622736562120 2297.058000000001 345
1622736575179 2310.003000000001 346
1622736588249 2322.959000000001 347
1622736601295 2335.891000000001 348
1622736614476 2348.961000000001 349
1622736627621 2361.9950000000013 350
1622736640812 2375.0730000000012 351
1622736654029 2388.1760000000013 352
1622736667293 2401.327000000001 353
1622736680624 2414.5440000000012 354
1622736694005 2427.811000000001 355
1622736707447 2441.139000000001 356
1622736720886 2454.464000000001 357
1622736734369 2467.835000000001 358
1622736747891 2481.242000000001 359
1622736761444 2494.680000000001 360
1622736775019 2508.139000000001 361
1622736788637 2521.643000000001 362
1622736802244 2535.136000000001 363
1622736815872 2548.650000000001 364
1622736829632 2562.292000000001 365
1622736843379 2575.9250000000006 366
1622736857123 2589.5560000000005 367
1622736870983 2603.3040000000005 368
1622736884885 2617.0960000000005 369
1622736898769 2630.8700000000003 370
1622736912724 2644.713 371
1622736926765 2658.641 372
1622736940750 2672.512 373
1622736954835 2686.483 374
1622736968957 2700.4930000000004 375
1622736983119 2714.5420000000004 376
1622736997411 2728.7180000000003 377
1622737011777 2742.9690000000005 378
1622737026066 2757.1460000000006 379
1622737040361 2771.3260000000005 380
1622737054712 2785.5630000000006 381
1622737069040 2799.7760000000007 382
1622737083440 2814.0610000000006 383
1622737097892 2828.399000000001 384
1622737112313 2842.705000000001 385
1622737126804 2857.0840000000007 386
1622737141356 2871.524000000001 387
1622737155935 2885.991000000001 388
1622737170475 2900.416000000001 389
1622737185126 2914.952000000001 390
1622737199756 2929.467000000001 391
1622737214511 2944.109000000001 392
1622737229197 2958.6820000000007 393
1622737244025 2973.395000000001 394
1622737258808 2988.063000000001 395
1622737273731 3002.869000000001 396
1622737288594 3017.616000000001 397
1622737303558 3032.465000000001 398
1622737318491 3047.2830000000013 399
1622737333484 3062.1610000000014 400
1622737348535 3077.1000000000013 401
1622737363699 3092.1490000000013 402
1622737378777 3107.1140000000014 403
1622737393846 3122.0660000000016 404
1622737409080 3137.1860000000015 405
1622737424347 3152.3380000000016 406
1622737439649 3167.5250000000015 407
1622737454952 3182.7140000000013 408
1622737470268 3197.9150000000013 409
1622737485573 3213.1050000000014 410
1622737500949 3228.3650000000016 411
1622737516452 3243.7510000000016 412
1622737531835 3259.0160000000014 413
1622737547264 3274.3290000000015 414
1622737562774 3289.7240000000015 415
1622737578323 3305.1540000000014 416
1622737594089 3320.7970000000014 417
1622737609709 3336.3020000000015 418
1622737625347 3351.8230000000017 419
1622737641082 3367.4270000000015 420
1622737656746 3382.9780000000014 421
1622737672433 3398.5490000000013 422
1622737688268 3414.269000000001 423
1622737704116 3430.0020000000013 424
1622737719966 3445.7390000000014 425
1622737735825 3461.4820000000013 426
1622737751726 3477.267000000001 427
1622737767810 3493.2360000000012 428
1622737783838 3509.1500000000015 429
1622737799936 3525.1310000000017 430
1622737816016 3541.096000000002 431
1622737832076 3557.0420000000017 432
1622737848241 3573.092000000002 433
1622737864414 3589.151000000002 434
1622737880590 3605.217000000002 435
1622737896867 3621.3790000000017 436
1622737913120 3637.516000000002 437
1622737929370 3653.655000000002 438
1622737945734 3669.908000000002 439
1622737962085 3686.142000000002 440
1622737978547 3702.490000000002 441
1622737995045 3718.878000000002 442
1622738011586 3735.306000000002 443
1622738028058 3751.663000000002 444
1622738044687 3768.1760000000017 445
1622738061370 3784.746000000002 446
1622738078016 3801.2810000000018 447
1622738094718 3817.8700000000017 448
1622738111415 3834.4540000000015 449
1622738128201 3851.1290000000017 450
1622738145064 3867.8830000000016 451
1622738161861 3884.567000000002 452
1622738178712 3901.306000000002 453
1622738195582 3918.066000000002 454
1622738212448 3934.8190000000022 455
1622738229326 3951.5850000000023 456
1622738246188 3968.3370000000023 457
1622738263114 3985.1520000000023 458
1622738280093 4002.0200000000023 459
1622738297207 4019.0230000000024 460
1622738314266 4035.9690000000023 461
1622738331409 4053.0000000000023 462
1622738348577 4070.053000000002 463
1622738365776 4087.139000000002 464
1622738383075 4104.321000000002 465
1622738400393 4121.521000000002 466
1622738417660 4138.674000000002 467
1622738434959 4155.856000000002 468
1622738452365 4173.152000000002 469
1622738469729 4190.402000000002 470
1622738487177 4207.738000000002 471
1622738504752 4225.197000000002 472
1622738522328 4242.659000000002 473
1622738539939 4260.1550000000025 474
1622738557432 4277.532000000003 475
1622738575010 4294.996000000003 476
1622738592695 4312.568000000003 477
1622738610339 4330.103000000003 478
1622738628127 4347.783000000003 479
1622738646036 4365.582000000003 480
1622738663826 4383.264000000003 481
1622738681683 4401.010000000003 482
1622738699561 4418.776000000003 483
1622738717490 4436.591000000002 484
1622738735359 4454.345000000002 485
1622738753540 4472.409000000002 486
1622738771488 4490.248000000002 487
1622738789543 4508.192000000003 488
1622738807786 4526.324000000002 489
1622738825960 4544.384000000003 490
1622738844243 4562.553000000003 491
1622738862460 4580.656000000003 492
1622738880945 4599.027000000003 493
1622738899287 4617.259000000003 494
1622738917672 4635.533000000003 495
1622738936081 4653.831000000003 496
1622738954662 4672.301000000003 497
1622738973106 4690.633000000003 498
1622738991753 4709.167000000003 499
1622739010260 4727.561000000003 500
