1622733639327 26 0
1622733639884 14 1
1622733640443 14 2
1622733641026 14 3
1622733641650 14 4
1622733642310 14 5
1622733643009 14 6
1622733643726 14 7
1622733644481 14 8
1622733645286 14 9
1622733646121 14 10
1622733646999 14 11
1622733647895 14 12
1622733648833 14 13
1622733649820 14 14
1622733650849 14 15
1622733651873 14 16
1622733652973 14 17
1622733654096 14 18
1622733655245 14 19
1622733656453 14 20
1622733657671 14 21
1622733658953 14 22
1622733660262 14 23
1622733661576 14 24
1622733662947 14 25
1622733664378 14 26
1622733665857 14 27
1622733667339 14 28
1622733668881 14 29
1622733670441 14 30
1622733672026 14 31
1622733673685 14 32
1622733675363 14 33
1622733677067 14 34
1622733678783 14 35
1622733680563 14 36
1622733682382 14 37
1622733684226 14 38
1622733686106 14 39
1622733688040 14 40
1622733689993 14 41
1622733691985 14 42
1622733693996 14 43
1622733696100 14 44
1622733698197 14 45
1622733700353 14 46
1622733702537 14 47
1622733704753 14 48
1622733706989 14 49
1622733709268 14 50
1622733711599 14 51
1622733713960 14 52
1622733716344 14 53
1622733718753 14 54
1622733721215 14 55
1622733723719 14 56
1622733726220 14 57
1622733728797 14 58
1622733731368 14 59
1622733734038 14 60
1622733736729 14 61
1622733739461 14 62
1622733742205 14 63
1622733744966 14 64
1622733747756 14 65
1622733750621 14 66
1622733753529 14 67
1622733756508 14 68
1622733759490 14 69
1622733762485 14 70
1622733765516 14 71
1622733768596 14 72
1622733771711 14 73
1622733774837 14 74
1622733778030 14 75
1622733781259 14 76
1622733784480 14 77
1622733787763 14 78
1622733791129 14 79
1622733794470 14 80
1622733797898 14 81
1622733801352 14 82
1622733804829 14 83
1622733808312 14 84
1622733811837 14 85
1622733815397 14 86
1622733819006 14 87
1622733822632 14 88
1622733826291 14 89
1622733829955 14 90
1622733833681 14 91
1622733837444 14 92
1622733841240 14 93
1622733845085 14 94
1622733848992 14 95
1622733852872 14 96
1622733856786 14 97
1622733860762 14 98
1622733864799 14 99
1622733868819 14 100
1622733872935 14 101
1622733877049 14 102
1622733881233 14 103
1622733885432 14 104
1622733889643 14 105
1622733893946 14 106
1622733898252 14 107
1622733902607 14 108
1622733907004 14 109
1622733911414 14 110
1622733915888 14 111
1622733920348 14 112
1622733924858 14 113
1622733929429 14 114
1622733934042 14 115
1622733938665 14 116
1622733943376 14 117
1622733948148 14 118
1622733952896 14 119
1622733957710 14 120
1622733962573 14 121
1622733967449 14 122
1622733972348 14 123
1622733977278 14 124
1622733982258 14 125
1622733987290 14 126
1622733992301 14 127
1622733997335 14 128
1622734002451 14 129
1622734007622 14 130
1622734012813 14 131
1622734018010 14 132
1622734023289 14 133
1622734028533 14 134
1622734033909 14 135
1622734039218 14 136
1622734044586 14 137
1622734050046 14 138
1622734055504 14 139
1622734061006 14 140
1622734066613 14 141
1622734072214 14 142
1622734077834 14 143
1622734083508 14 144
1622734089179 14 145
1622734094904 14 146
1622734100635 14 147
1622734106443 14 148
1622734112229 14 149
1622734118128 14 150
1622734124013 14 151
1622734129887 14 152
1622734135864 14 153
1622734141860 14 154
1622734147941 14 155
1622734153996 14 156
1622734160165 14 157
1622734166385 14 158
1622734172592 14 159
1622734178803 14 160
1622734185091 14 161
1622734191477 14 162
1622734197912 14 163
1622734204324 14 164
1622734210744 14 165
1622734217204 14 166
1622734223718 14 167
1622734230251 14 168
1622734236840 14 169
1622734243493 14 170
1622734250132 14 171
1622734256911 14 172
1622734263700 14 173
1622734270472 14 174
1622734277278 14 175
1622734284142 14 176
1622734291115 14 177
1622734298174 14 178
1622734305119 14 179
1622734312141 14 180
1622734319191 14 181
1622734326278 14 182
1622734333419 14 183
1622734340533 14 184
1622734347674 14 185
1622734354867 14 186
1622734362088 14 187
1622734369421 14 188
1622734376777 14 189
1622734384163 14 190
1622734391598 14 191
1622734399109 14 192
1622734406629 14 193
1622734414095 14 194
1622734421622 14 195
1622734429172 14 196
1622734436806 14 197
1622734444433 14 198
1622734452108 14 199
1622734459836 14 200
1622734467541 14 201
1622734475311 14 202
1622734483144 14 203
1622734491034 14 204
1622734498970 14 205
1622734506918 14 206
1622734514855 14 207
1622734522773 14 208
1622734530792 14 209
1622734538873 14 210
1622734546981 14 211
1622734555067 14 212
1622734563246 14 213
1622734571457 14 214
1622734579700 14 215
1622734587994 14 216
1622734596400 14 217
1622734604831 14 218
1622734613231 14 219
1622734621695 14 220
1622734630166 14 221
1622734638718 14 222
1622734647319 14 223
1622734655907 14 224
1622734664517 14 225
1622734673163 14 226
1622734681984 14 227
1622734690778 14 228
1622734699572 14 229
1622734708423 14 230
1622734717221 14 231
1622734726114 14 232
1622734735063 14 233
1622734744001 14 234
1622734753121 14 235
1622734762147 14 236
1622734771178 14 237
1622734780274 14 238
1622734789368 14 239
1622734798560 14 240
1622734807821 14 241
1622734817019 14 242
1622734826254 14 243
1622734835564 14 244
1622734844839 14 245
1622734854162 14 246
1622734863675 14 247
1622734873281 14 248
1622734882752 14 249
1622734892287 14 250
1622734901937 14 251
1622734911582 14 252
1622734921309 14 253
1622734931024 14 254
1622734940891 14 255
1622734950715 14 256
1622734960534 14 257
1622734970323 14 258
1622734980197 14 259
1622734990093 14 260
1622735000142 14 261
1622735010185 14 262
1622735020282 14 263
1622735030315 14 264
1622735040378 14 265
1622735050442 14 266
1622735060572 14 267
1622735070817 14 268
1622735081000 14 269
1622735091363 14 270
1622735101719 14 271
1622735112213 14 272
1622735122664 14 273
1622735133134 14 274
1622735143598 14 275
1622735154066 14 276
1622735164581 14 277
1622735175153 14 278
1622735185816 14 279
1622735196388 14 280
1622735207017 14 281
1622735217829 14 282
1622735228509 14 283
1622735239301 14 284
1622735250061 14 285
1622735260886 14 286
1622735271710 14 287
1622735282594 14 288
1622735293559 14 289
1622735304483 14 290
1622735315419 14 291
1622735326418 14 292
1622735337584 14 293
1622735348824 14 294
1622735360098 14 295
1622735371289 14 296
1622735382583 14 297
1622735393902 14 298
1622735405185 14 299
1622735416430 14 300
1622735427785 14 301
1622735439204 14 302
1622735450689 14 303
1622735462248 14 304
1622735473803 14 305
1622735485363 14 306
1622735496887 14 307
1622735508459 14 308
1622735520159 14 309
1622735531834 14 310
1622735543579 14 311
1622735555310 14 312
1622735567086 14 313
1622735578839 14 314
1622735590755 14 315
1622735602643 14 316
1622735614525 14 317
1622735626486 14 318
1622735638497 14 319
1622735650580 14 320
1622735662596 14 321
1622735674691 14 322
1622735686860 14 323
1622735698986 14 324
1622735711263 14 325
1622735723552 14 326
1622735735739 14 327
1622735747981 14 328
1622735760252 14 329
1622735772655 14 330
1622735785034 14 331
1622735797549 14 332
1622735810085 14 333
1622735822623 14 334
1622735835151 14 335
1622735847812 14 336
1622735860416 14 337
1622735873035 14 338
1622735885795 14 339
1622735898531 14 340
1622735911222 14 341
1622735923965 14 342
1622735936655 14 343
1622735949437 14 344
1622735962201 14 345
1622735975041 14 346
1622735987835 14 347
1622736000674 14 348
1622736013573 14 349
1622736026529 14 350
1622736039573 14 351
1622736052596 14 352
1622736065588 14 353
1622736078604 14 354
1622736091736 14 355
1622736104774 14 356
1622736118027 14 357
1622736131286 14 358
1622736144596 14 359
1622736157951 14 360
1622736171527 14 361
1622736184940 14 362
1622736198308 14 363
1622736211803 14 364
1622736225255 14 365
1622736238752 14 366
1622736252333 14 367
1622736265880 14 368
1622736279577 14 369
1622736293162 14 370
1622736306859 14 371
1622736320531 14 372
1622736334282 14 373
1622736348147 14 374
1622736362010 14 375
1622736375790 14 376
1622736389732 14 377
1622736403790 14 378
1622736417747 14 379
1622736431765 14 380
1622736445860 14 381
1622736459977 14 382
1622736474043 14 383
1622736488100 14 384
1622736502286 14 385
1622736516501 14 386
1622736530802 14 387
1622736545116 14 388
1622736559470 14 389
1622736574004 14 390
1622736588426 14 391
1622736602793 14 392
1622736617189 14 393
1622736631648 14 394
1622736646213 14 395
1622736660792 14 396
1622736675408 14 397
1622736690035 14 398
1622736704738 14 399
1622736719408 14 400
1622736734179 14 401
1622736748980 14 402
1622736763802 14 403
1622736778713 14 404
1622736793616 14 405
1622736808621 14 406
1622736823688 14 407
1622736838755 14 408
1622736853817 14 409
1622736868862 14 410
1622736884032 14 411
1622736899208 14 412
1622736914478 14 413
1622736929727 14 414
1622736945015 14 415
1622736960452 14 416
1622736975799 14 417
1622736990956 14 418
1622737006158 14 419
1622737021469 14 420
1622737037112 14 421
1622737052691 14 422
1622737068251 14 423
1622737083923 14 424
1622737099568 14 425
1622737115395 14 426
1622737131134 14 427
1622737146970 14 428
1622737162796 14 429
1622737178786 14 430
1622737194278 14 431
1622737209867 14 432
1622737225288 14 433
1622737241140 14 434
1622737256694 14 435
1622737272160 14 436
1622737287676 14 437
1622737303369 14 438
1622737318937 14 439
1622737334645 14 440
1622737350536 14 441
1622737366257 14 442
1622737382108 14 443
1622737398117 14 444
1622737414173 14 445
1622737430253 14 446
1622737446410 14 447
1622737462582 14 448
1622737478907 14 449
1622737495125 14 450
1622737511279 14 451
1622737527470 14 452
1622737543703 14 453
1622737560152 14 454
1622737576653 14 455
1622737593119 14 456
1622737609566 14 457
1622737626016 14 458
1622737642578 14 459
1622737659121 14 460
1622737675555 14 461
1622737691915 14 462
1622737708412 14 463
1622737724902 14 464
1622737741473 14 465
1622737758227 14 466
1622737774926 14 467
1622737791675 14 468
1622737808295 14 469
1622737825098 14 470
1622737841812 14 471
1622737858641 14 472
1622737875522 14 473
1622737892513 14 474
1622737909405 14 475
1622737926992 14 476
1622737944770 14 477
1622737962385 14 478
1622737979837 14 479
1622737997513 14 480
1622738015363 14 481
1622738032537 14 482
1622738049708 14 483
1622738066969 14 484
1622738084583 14 485
1622738102707 14 486
1622738120776 14 487
1622738139019 14 488
1622738157141 14 489
1622738175525 14 490
1622738192985 14 491
1622738210896 14 492
1622738228805 14 493
1622738246089 14 494
1622738263140 14 495
1622738280195 14 496
1622738297196 14 497
1622738314523 14 498
1622738331542 14 499
1622738348845 14 500
