1622733639353 0.005 0
1622733639905 0.434 1
1622733640465 0.441 2
1622733641048 0.465 3
1622733641672 0.505 4
1622733642329 0.542 5
1622733643028 0.586 6
1622733643746 0.603 7
1622733644501 0.64 8
1622733645307 0.69 9
1622733646140 0.721 10
1622733647018 0.765 11
1622733647914 0.784 12
1622733648852 0.824 13
1622733649839 0.875 14
1622733650867 0.917 15
1622733651892 0.912 16
1622733652992 0.986 17
1622733654114 1.01 18
1622733655265 1.037 19
1622733656472 1.096 20
1622733657689 1.105 21
1622733658972 1.169 22
1622733660281 1.198 23
1622733661596 1.2 24
1622733662967 1.257 25
1622733664397 1.317 26
1622733665877 1.365 27
1622733667359 1.368 28
1622733668900 1.427 29
1622733670462 1.445 30
1622733672046 1.469 31
1622733673705 1.544 32
1622733675384 1.562 33
1622733677086 1.59 34
1622733678802 1.601 35
1622733680582 1.667 36
1622733682401 1.704 37
1622733684246 1.728 38
1622733686126 1.767 39
1622733688060 1.821 40
1622733690013 1.838 41
1622733692004 1.878 42
1622733694016 1.897 43
1622733696119 1.989 44
1622733698217 1.981 45
1622733700374 2.042 46
1622733702556 2.067 47
1622733704771 2.103 48
1622733707008 2.124 49
1622733709287 2.165 50
1622733711618 2.214 51
1622733713979 2.248 52
1622733716363 2.271 53
1622733718773 2.295 54
1622733721235 2.348 55
1622733723739 2.391 56
1622733726240 2.386 57
1622733728817 2.464 58
1622733731388 2.456 59
1622733734059 2.555 60
1622733736748 2.575 61
1622733739481 2.618 62
1622733742225 2.63 63
1622733744986 2.647 64
1622733747776 2.676 65
1622733750641 2.752 66
1622733753548 2.793 67
1622733756527 2.865 68
1622733759509 2.869 69
1622733762505 2.883 70
1622733765535 2.918 71
1622733768615 2.966 72
1622733771730 3.003 73
1622733774856 3.015 74
1622733778049 3.082 75
1622733781278 3.115 76
1622733784499 3.11 77
1622733787782 3.168 78
1622733791149 3.253 79
1622733794489 3.227 80
1622733797919 3.313 81
1622733801372 3.339 82
1622733804849 3.362 83
1622733808331 3.369 84
1622733811857 3.412 85
1622733815418 3.445 86
1622733819026 3.492 87
1622733822653 3.511 88
1622733826310 3.543 89
1622733829975 3.55 90
1622733833700 3.61 91
1622733837463 3.65 92
1622733841260 3.682 93
1622733845105 3.731 94
1622733849012 3.792 95
1622733852892 3.766 96
1622733856806 3.799 97
1622733860783 3.86 98
1622733864819 3.92 99
1622733868838 3.906 100
1622733872955 4.002 101
1622733877068 4.0 102
1622733881251 4.068 103
1622733885452 4.088 104
1622733889662 4.097 105
1622733893965 4.19 106
1622733898271 4.193 107
1622733902627 4.242 108
1622733907023 4.283 109
1622733911433 4.297 110
1622733915907 4.362 111
1622733920368 4.348 112
1622733924877 4.395 113
1622733929450 4.455 114
1622733934063 4.497 115
1622733938686 4.506 116
1622733943396 4.593 117
1622733948167 4.658 118
1622733952916 4.633 119
1622733957729 4.699 120
1622733962592 4.749 121
1622733967469 4.762 122
1622733972369 4.785 123
1622733977297 4.816 124
1622733982279 4.866 125
1622733987309 4.914 126
1622733992320 4.897 127
1622733997354 4.921 128
1622734002471 5.001 129
1622734007641 5.058 130
1622734012832 5.077 131
1622734018029 5.084 132
1622734023309 5.166 133
1622734028552 5.131 134
1622734033929 5.264 135
1622734039236 5.194 136
1622734044606 5.257 137
1622734050066 5.346 138
1622734055523 5.343 139
1622734061025 5.39 140
1622734066632 5.494 141
1622734072236 5.487 142
1622734077855 5.501 143
1622734083527 5.559 144
1622734089199 5.559 145
1622734094924 5.611 146
1622734100654 5.615 147
1622734106462 5.696 148
1622734112248 5.673 149
1622734118147 5.786 150
1622734124032 5.771 151
1622734129906 5.761 152
1622734135884 5.864 153
1622734141880 5.884 154
1622734147960 5.968 155
1622734154015 5.941 156
1622734160185 6.053 157
1622734166404 6.107 158
1622734172612 6.094 159
1622734178823 6.097 160
1622734185109 6.174 161
1622734191497 6.274 162
1622734197931 6.322 163
1622734204344 6.299 164
1622734210764 6.308 165
1622734217226 6.346 166
1622734223738 6.398 167
1622734230270 6.42 168
1622734236859 6.476 169
1622734243513 6.54 170
1622734250152 6.525 171
1622734256931 6.666 172
1622734263720 6.674 173
1622734270492 6.659 174
1622734277297 6.694 175
1622734284162 6.751 176
1622734291134 6.858 177
1622734298194 6.946 178
1622734305138 6.831 179
1622734312161 6.909 180
1622734319211 6.936 181
1622734326297 6.972 182
1622734333438 7.028 183
1622734340552 7.001 184
1622734347693 7.029 185
1622734354885 7.08 186
1622734362108 7.107 187
1622734369440 7.22 188
1622734376796 7.243 189
1622734384181 7.272 190
1622734391617 7.323 191
1622734399127 7.398 192
1622734406648 7.408 193
1622734414114 7.354 194
1622734421641 7.414 195
1622734429192 7.437 196
1622734436824 7.518 197
1622734444453 7.513 198
1622734452129 7.56 199
1622734459855 7.613 200
1622734467560 7.592 201
1622734475330 7.658 202
1622734483164 7.72 203
1622734491052 7.776 204
1622734498990 7.824 205
1622734506937 7.834 206
1622734514875 7.824 207
1622734522794 7.803 208
1622734530811 7.904 209
1622734538892 7.969 210
1622734546998 7.995 211
1622734555087 7.975 212
1622734563266 8.066 213
1622734571477 8.096 214
1622734579719 8.129 215
1622734588013 8.18 216
1622734596419 8.293 217
1622734604850 8.317 218
1622734613250 8.288 219
1622734621714 8.351 220
1622734630184 8.358 221
1622734638736 8.44 222
1622734647338 8.49 223
1622734655926 8.476 224
1622734664536 8.497 225
1622734673182 8.533 226
1622734682003 8.708 227
1622734690797 8.68 228
1622734699592 8.68 229
1622734708443 8.735 230
1622734717241 8.685 231
1622734726133 8.778 232
1622734735082 8.837 233
1622734744020 8.824 234
1622734753140 9.009 235
1622734762167 8.913 236
1622734771199 8.917 237
1622734780293 8.982 238
1622734789387 8.981 239
1622734798579 9.08 240
1622734807840 9.148 241
1622734817039 9.085 242
1622734826274 9.12 243
1622734835584 9.195 244
1622734844858 9.16 245
1622734854181 9.209 246
1622734863694 9.4 247
1622734873300 9.492 248
1622734882771 9.356 249
1622734892307 9.423 250
1622734901957 9.535 251
1622734911602 9.53 252
1622734921328 9.611 253
1622734931043 9.601 254
1622734940911 9.753 255
1622734950734 9.71 256
1622734960553 9.706 257
1622734970343 9.677 258
1622734980216 9.76 259
1622734990113 9.783 260
1622735000161 9.935 261
1622735010206 9.928 262
1622735020302 9.981 263
1622735030335 9.918 264
1622735040397 9.95 265
1622735050462 9.948 266
1622735060590 10.015 267
1622735070835 10.134 268
1622735081018 10.071 269
1622735091382 10.249 270
1622735101738 10.242 271
1622735112232 10.381 272
1622735122683 10.339 273
1622735133152 10.355 274
1622735143617 10.351 275
1622735154087 10.353 276
1622735164600 10.399 277
1622735175174 10.457 278
1622735185836 10.548 279
1622735196408 10.457 280
1622735207038 10.513 281
1622735217850 10.697 282
1622735228527 10.566 283
1622735239320 10.679 284
1622735250081 10.648 285
1622735260905 10.71 286
1622735271729 10.71 287
1622735282613 10.771 288
1622735293578 10.853 289
1622735304501 10.81 290
1622735315438 10.824 291
1622735326436 10.884 292
1622735337604 11.055 293
1622735348843 11.125 294
1622735360117 11.16 295
1622735371308 11.076 296
1622735382602 11.182 297
1622735393924 11.206 298
1622735405205 11.166 299
1622735416451 11.13 300
1622735427805 11.239 301
1622735439223 11.304 302
1622735450708 11.371 303
1622735462268 11.444 304
1622735473822 11.441 305
1622735485382 11.447 306
1622735496908 11.411 307
1622735508478 11.457 308
1622735520178 11.586 309
1622735531854 11.561 310
1622735543599 11.631 311
1622735555329 11.616 312
1622735567105 11.663 313
1622735578859 11.64 314
1622735590776 11.802 315
1622735602662 11.771 316
1622735614546 11.77 317
1622735626507 11.845 318
1622735638517 11.894 319
1622735650600 11.968 320
1622735662616 11.901 321
1622735674710 11.981 322
1622735686879 12.056 323
1622735699005 12.014 324
1622735711283 12.163 325
1622735723572 12.175 326
1622735735758 12.073 327
1622735748001 12.126 328
1622735760272 12.156 329
1622735772677 12.288 330
1622735785053 12.263 331
1622735797569 12.401 332
1622735810106 12.422 333
1622735822644 12.421 334
1622735835171 12.414 335
1622735847832 12.547 336
1622735860436 12.488 337
1622735873054 12.502 338
1622735885815 12.646 339
1622735898550 12.621 340
1622735911242 12.579 341
1622735923984 12.63 342
1622735936674 12.58 343
1622735949456 12.671 344
1622735962220 12.651 345
1622735975060 12.729 346
1622735987854 12.681 347
1622736000693 12.726 348
1622736013592 12.788 349
1622736026549 12.842 350
1622736039592 12.93 351
1622736052616 12.91 352
1622736065608 12.878 353
1622736078624 12.903 354
1622736091756 13.019 355
1622736104794 12.923 356
1622736118046 13.139 357
1622736131305 13.146 358
1622736144615 13.197 359
1622736157971 13.243 360
1622736171546 13.463 361
1622736184959 13.301 362
1622736198326 13.256 363
1622736211823 13.383 364
1622736225275 13.339 365
1622736238770 13.384 366
1622736252351 13.469 367
1622736265899 13.436 368
1622736279596 13.585 369
1622736293180 13.472 370
1622736306879 13.585 371
1622736320550 13.558 372
1622736334302 13.639 373
1622736348166 13.752 374
1622736362028 13.75 375
1622736375810 13.668 376
1622736389752 13.828 377
1622736403810 13.943 378
1622736417766 13.844 379
1622736431784 13.904 380
1622736445878 13.984 381
1622736459994 14.006 382
1622736474062 13.957 383
1622736488117 13.946 384
1622736502303 14.077 385
1622736516519 14.107 386
1622736530820 14.191 387
1622736545134 14.205 388
1622736559489 14.243 389
1622736574022 14.423 390
1622736588446 14.311 391
1622736602814 14.252 392
1622736617206 14.281 393
1622736631665 14.349 394
1622736646233 14.455 395
1622736660811 14.464 396
1622736675427 14.503 397
1622736690054 14.515 398
1622736704757 14.589 399
1622736719427 14.559 400
1622736734198 14.66 401
1622736749000 14.687 402
1622736763823 14.708 403
1622736778732 14.797 404
1622736793636 14.791 405
1622736808640 14.89 406
1622736823707 14.953 407
1622736838774 14.957 408
1622736853836 14.95 409
1622736868881 14.934 410
1622736884050 15.057 411
1622736899226 15.065 412
1622736914495 15.159 413
1622736929746 15.14 414
1622736945035 15.174 415
1622736960471 15.324 416
1622736975818 15.234 417
1622736990975 15.046 418
1622737006177 15.089 419
1622737021488 15.198 420
1622737037131 15.53 421
1622737052711 15.468 422
1622737068271 15.446 423
1622737083943 15.557 424
1622737099588 15.531 425
1622737115414 15.712 426
1622737131153 15.626 427
1622737146989 15.724 428
1622737162815 15.713 429
1622737178805 15.876 430
1622737194297 15.38 431
1622737209886 15.477 432
1622737225307 15.309 433
1622737241160 15.739 434
1622737256714 15.44 435
1622737272179 15.351 436
1622737287696 15.404 437
1622737303389 15.58 438
1622737318957 15.452 439
1622737334665 15.595 440
1622737350555 15.778 441
1622737366277 15.608 442
1622737382127 15.735 443
1622737398137 15.897 444
1622737414192 15.941 445
1622737430273 15.966 446
1622737446430 16.044 447
1622737462601 16.06 448
1622737478926 16.212 449
1622737495144 16.106 450
1622737511299 16.041 451
1622737527489 16.076 452
1622737543722 16.12 453
1622737560170 16.338 454
1622737576672 16.39 455
1622737593147 16.353 456
1622737609591 16.316 457
1622737626035 16.327 458
1622737642609 16.443 459
1622737659154 16.416 460
1622737675574 16.296 461
1622737691936 16.247 462
1622737708431 16.383 463
1622737724922 16.379 464
1622737741492 16.457 465
1622737758247 16.641 466
1622737774945 16.587 467
1622737791694 16.638 468
1622737808314 16.507 469
1622737825117 16.692 470
1622737841832 16.601 471
1622737858660 16.717 472
1622737875541 16.768 473
1622737892531 16.88 474
1622737909424 16.782 475
1622737927010 17.477 476
1622737944788 17.668 477
1622737962405 17.503 478
1622737979855 17.337 479
1622737997532 17.562 480
1622738015382 17.736 481
1622738032556 17.06 482
1622738049727 17.059 483
1622738066986 17.149 484
1622738084602 17.501 485
1622738102725 18.009 486
1622738120794 17.959 487
1622738139037 18.133 488
1622738157161 18.011 489
1622738175543 18.271 490
1622738193003 17.349 491
1622738210916 17.802 492
1622738228824 17.799 493
1622738246107 17.176 494
1622738263159 16.943 495
1622738280214 16.945 496
1622738297215 16.891 497
1622738314543 17.217 498
1622738331563 16.908 499
1622738348866 17.188 500
