1622930727615 60 0
1622930729061 60 1
1622930730846 60 2
1622930732940 60 3
1622930735366 60 4
1622930738131 60 5
1622930741258 60 6
1622930744720 60 7
1622930748475 60 8
1622930752601 60 9
1622930757008 60 10
1622930761789 60 11
1622930766902 60 12
1622930772316 60 13
1622930778113 60 14
1622930784207 60 15
1622930790621 60 16
1622930797363 60 17
1622930804485 60 18
1622930811972 60 19
1622930819719 60 20
1622930827815 60 21
1622930836267 60 22
1622930845056 60 23
1622930854119 60 24
1622930863478 60 25
1622930873284 60 26
1622930883404 60 27
1622930893886 60 28
1622930904667 60 29
1622930915746 60 30
1622930927254 60 31
1622930938969 60 32
1622930951129 60 33
1622930963620 60 34
1622930976394 60 35
1622930989514 60 36
1622931003037 60 37
1622931016825 60 38
1622931030882 60 39
1622931045295 60 40
1622931060147 60 41
1622931075147 60 42
1622931090705 60 43
1622931106524 60 44
1622931122564 60 45
1622931138861 60 46
1622931155770 60 47
1622931172894 60 48
1622931190295 60 49
1622931208099 60 50
1622931226198 60 51
1622931244674 60 52
1622931263421 60 53
1622931282587 60 54
1622931302087 60 55
1622931323248 60 56
1622931342990 60 57
1622931363133 60 58
1622931383438 60 59
1622931404319 60 60
1622931425505 60 61
1622931446875 60 62
1622931468736 60 63
1622931490898 60 64
1622931513213 60 65
1622931538902 60 66
1622931562278 60 67
1622931585976 60 68
1622931613812 60 69
1622931638294 60 70
1622931663535 60 71
1622931688772 60 72
1622931714317 60 73
1622931740019 60 74
1622931765610 60 75
1622931791565 60 76
1622931817552 60 77
1622931843706 60 78
1622931870146 60 79
1622931897580 60 80
1622931925358 60 81
1622931952684 60 82
1622931980546 60 83
1622932008905 60 84
1622932037866 60 85
1622932067173 60 86
1622932096586 60 87
1622932127843 60 88
1622932160591 60 89
1622932193614 60 90
1622932225219 60 91
1622932255904 60 92
1622932288123 60 93
1622932320769 60 94
1622932353073 60 95
1622932385955 60 96
1622932419587 60 97
1622932453802 60 98
1622932488444 60 99
1622932522681 60 100
1622932557210 60 101
1622932592551 60 102
1622932627699 60 103
1622932663511 60 104
1622932700556 60 105
1622932737583 60 106
1622932774365 60 107
1622932813319 60 108
1622932851982 60 109
1622932891586 60 110
1622932928560 60 111
1622932967233 60 112
1622933006412 60 113
1622933045633 60 114
1622933085512 60 115
1622933123706 60 116
1622933162529 60 117
1622933201891 60 118
1622933241513 60 119
1622933280847 60 120
1622933320513 60 121
1622933361315 60 122
1622933403103 60 123
1622933444218 60 124
1622933485804 60 125
1622933526682 60 126
1622933568355 60 127
1622933610348 60 128
1622933653107 60 129
1622933697031 60 130
1622933740619 60 131
1622933785062 60 132
1622933829285 60 133
1622933874710 60 134
1622933919710 60 135
1622933965682 60 136
1622934010908 60 137
1622934056664 60 138
1622934103210 60 139
1622934150527 60 140
1622934199044 60 141
1622934247936 60 142
1622934297117 60 143
1622934345868 60 144
1622934395235 60 145
1622934444110 60 146
1622934493175 60 147
1622934542518 60 148
1622934595071 60 149
1622934648168 60 150
1622934702036 60 151
1622934753717 60 152
1622934805300 60 153
1622934857147 60 154
1622934908954 60 155
1622934961745 60 156
1622935014920 60 157
1622935072071 60 158
1622935127495 60 159
1622935183713 60 160
1622935240270 60 161
1622935294847 60 162
1622935349213 60 163
1622935406085 60 164
1622935463663 60 165
1622935519594 60 166
1622935574936 60 167
1622935629979 60 168
1622935684734 60 169
1622935740444 60 170
1622935796127 60 171
1622935851540 60 172
1622935907843 60 173
1622935964109 60 174
1622936020574 60 175
1622936077403 60 176
1622936134824 60 177
1622936199035 60 178
1622936263321 60 179
1622936327390 60 180
1622936391855 60 181
1622936454536 60 182
1622936517801 60 183
1622936579918 60 184
1622936645585 60 185
1622936707505 60 186
1622936768857 60 187
1622936830157 60 188
1622936891872 60 189
1622936953705 60 190
1622937015871 60 191
1622937079959 60 192
1622937143585 60 193
1622937207608 60 194
1622937272219 60 195
1622937336287 60 196
1622937400615 60 197
1622937465622 60 198
1622937531650 60 199
1622937597158 60 200
1622937665235 60 201
1622937731713 60 202
1622937799191 60 203
1622937867357 60 204
1622937936460 60 205
1622938009444 60 206
1622938083807 60 207
1622938157544 60 208
1622938229705 60 209
1622938300504 60 210
1622938370635 60 211
1622938441218 60 212
1622938512623 60 213
1622938583193 60 214
1622938655113 60 215
1622938727871 60 216
1622938803939 60 217
1622938875919 60 218
1622938948259 60 219
1622939020808 60 220
1622939094183 60 221
1622939167722 60 222
1622939241855 60 223
1622939316126 60 224
1622939390159 60 225
1622939465471 60 226
1622939541643 60 227
1622939616988 60 228
1622939692614 60 229
1622939769692 60 230
1622939845894 60 231
1622939923099 60 232
1622939999360 60 233
1622940077466 60 234
1622940155710 60 235
1622940233509 60 236
1622940311290 60 237
1622940389446 60 238
1622940467669 60 239
1622940546919 60 240
1622940626780 60 241
1622940708810 60 242
1622940789218 60 243
1622940872130 60 244
1622940952531 60 245
1622941034303 60 246
1622941116761 60 247
1622941201943 60 248
1622941286637 60 249
1622941370117 60 250
1622941453747 60 251
1622941537897 60 252
1622941622944 60 253
1622941711068 60 254
1622941795442 60 255
1622941880314 60 256
1622941965830 60 257
1622942050752 60 258
1622942135718 60 259
1622942219689 60 260
1622942305582 60 261
1622942390469 60 262
1622942476395 60 263
1622942561375 60 264
1622942646546 60 265
1622942731882 60 266
1622942821950 60 267
1622942911846 60 268
1622943000677 60 269
1622943091003 60 270
1622943180013 60 271
1622943268558 60 272
1622943359275 60 273
1622943448840 60 274
1622943539159 60 275
1622943633588 60 276
1622943727176 60 277
1622943820611 60 278
1622943912766 60 279
1622944003243 60 280
1622944094334 60 281
1622944184696 60 282
1622944276572 60 283
1622944367936 60 284
1622944458913 60 285
1622944551735 60 286
1622944644203 60 287
1622944737786 60 288
1622944831173 60 289
1622944925341 60 290
1622945021538 60 291
1622945119954 60 292
1622945214820 60 293
1622945310128 60 294
1622945406607 60 295
1622945503565 60 296
1622945599820 60 297
1622945699458 60 298
1622945796342 60 299
1622945893439 60 300
1622945990160 60 301
1622946087215 60 302
1622946184885 60 303
1622946284128 60 304
1622946382104 60 305
1622946480129 60 306
1622946581814 60 307
1622946691436 60 308
1622946798423 60 309
1622946899469 60 310
1622947007122 60 311
1622947112943 60 312
1622947213246 60 313
1622947314335 60 314
1622947415301 60 315
1622947517712 60 316
1622947620988 60 317
1622947724842 60 318
1622947828832 60 319
1622947931573 60 320
1622948034430 60 321
1622948138092 60 322
1622948241384 60 323
1622948344564 60 324
1622948450655 60 325
1622948556980 60 326
1622948662998 60 327
1622948769576 60 328
1622948875827 60 329
1622948982068 60 330
1622949088471 60 331
1622949196325 60 332
1622949307971 60 333
1622949417628 60 334
1622949523394 60 335
1622949630947 60 336
1622949737812 60 337
1622949847595 60 338
1622949954837 60 339
1622950063086 60 340
1622950171961 60 341
1622950279951 60 342
1622950389368 60 343
1622950500790 60 344
1622950609507 60 345
1622950718903 60 346
1622950828662 60 347
1622950938567 60 348
1622951049148 60 349
1622951159254 60 350
1622951270350 60 351
1622951382770 60 352
1622951493739 60 353
1622951608705 60 354
1622951720220 60 355
1622951834220 60 356
1622951952045 60 357
1622952066699 60 358
1622952180350 60 359
1622952295202 60 360
1622952410577 60 361
1622952528106 60 362
1622952644414 60 363
1622952760324 60 364
1622952876856 60 365
1622952993189 60 366
1622953109645 60 367
1622953227048 60 368
1622953346672 60 369
1622953468579 60 370
1622953594755 60 371
1622953714537 60 372
1622953834887 60 373
1622953955540 60 374
1622954075330 60 375
1622954196759 60 376
1622954316404 60 377
1622954436897 60 378
1622954558987 60 379
1622954681907 60 380
1622954809734 60 381
1622954932524 60 382
1622955055259 60 383
1622955184037 60 384
1622955310515 60 385
1622955434187 60 386
1622955558043 60 387
1622955682478 60 388
1622955808689 60 389
1622955933516 60 390
1622956058777 60 391
1622956183886 60 392
1622956312632 60 393
1622956446905 60 394
1622956578831 60 395
1622956712979 60 396
1622956839046 60 397
1622956965964 60 398
1622957093209 60 399
1622957220934 60 400
1622957348110 60 401
1622957477645 60 402
1622957606544 60 403
1622957738687 60 404
1622957868460 60 405
1622958000831 60 406
1622958134361 60 407
1622958265158 60 408
1622958396002 60 409
1622958527431 60 410
1622958659408 60 411
1622958792652 60 412
1622958925049 60 413
1622959059184 60 414
1622959193540 60 415
1622959327260 60 416
1622959462946 60 417
1622959596722 60 418
1622959728982 60 419
1622959862561 60 420
1622959997338 60 421
1622960138497 60 422
1622960275637 60 423
1622960412993 60 424
1622960550583 60 425
1622960686397 60 426
1622960823018 60 427
1622960962544 60 428
1622961102390 60 429
1622961241105 60 430
1622961388323 60 431
1622961530638 60 432
1622961672204 60 433
1622961815491 60 434
1622961960481 60 435
1622962104280 60 436
1622962246145 60 437
1622962386331 60 438
1622962526932 60 439
1622962668337 60 440
1622962810637 60 441
1622962952592 60 442
1622963098270 60 443
1622963246117 60 444
1622963393745 60 445
1622963537553 60 446
1622963681063 60 447
1622963825229 60 448
1622963968229 60 449
1622964115558 60 450
1622964263854 60 451
1622964413213 60 452
1622964561589 60 453
1622964709276 60 454
1622964858784 60 455
1622965004554 60 456
1622965155771 60 457
1622965305865 60 458
1622965453762 60 459
1622965602606 60 460
1622965751054 60 461
1622965900161 60 462
1622966053077 60 463
1622966203541 60 464
1622966352630 60 465
1622966502294 60 466
1622966653617 60 467
1622966805263 60 468
1622966960188 60 469
1622967111700 60 470
1622967265802 60 471
1622967420873 60 472
1622967574825 60 473
1622967728185 60 474
1622967881475 60 475
1622968034769 60 476
1622968189258 60 477
1622968343131 60 478
1622968497680 60 479
1622968653800 60 480
1622968810513 60 481
1622968966138 60 482
1622969125077 60 483
1622969281967 60 484
1622969438152 60 485
1622969594315 60 486
1622969760600 60 487
1622969915554 60 488
1622970074547 60 489
1622970230780 60 490
1622970387347 60 491
1622970544629 60 492
1622970705880 60 493
1622970868124 60 494
1622971032042 60 495
1622971198697 60 496
1622971366282 60 497
1622971530624 60 498
1622971694996 60 499
1622971860060 60 500
