1622734080987 0.379 0
1622734081560 0.455 1
1622734082113 0.531 2
1622734082701 0.606 3
1622734083339 0.6809999999999999 4
1622734084008 0.7559999999999999 5
1622734084699 0.8329999999999999 6
1622734085434 0.9089999999999998 7
1622734086203 0.9849999999999998 8
1622734087017 1.0599999999999998 9
1622734087857 1.136 10
1622734088754 1.212 11
1622734089667 1.287 12
1622734090622 1.3619999999999999 13
1622734091614 1.438 14
1622734092633 1.513 15
1622734093678 1.589 16
1622734094776 1.664 17
1622734095910 1.7409999999999999 18
1622734097077 1.817 19
1622734098287 1.892 20
1622734099524 1.968 21
1622734100782 2.044 22
1622734102083 2.12 23
1622734103431 2.196 24
1622734104823 2.2720000000000002 25
1622734106242 2.3480000000000003 26
1622734107671 2.4240000000000004 27
1622734109157 2.5000000000000004 28
1622734110687 2.5760000000000005 29
1622734112235 2.6520000000000006 30
1622734113817 2.7270000000000008 31
1622734115449 2.802000000000001 32
1622734117105 2.878000000000001 33
1622734118806 2.954000000000001 34
1622734120571 3.0290000000000012 35
1622734122343 3.1050000000000013 36
1622734124157 3.1820000000000013 37
1622734126005 3.2570000000000014 38
1622734127889 3.3320000000000016 39
1622734129840 3.4080000000000017 40
1622734131799 3.4850000000000017 41
1622734133823 3.560000000000002 42
1622734135853 3.635000000000002 43
1622734137916 3.712000000000002 44
1622734140027 3.786000000000002 45
1622734142167 3.8600000000000017 46
1622734144346 3.935000000000002 47
1622734146549 4.010000000000002 48
1622734148811 4.086000000000001 49
1622734151043 4.162000000000001 50
1622734153402 4.237000000000001 51
1622734155779 4.313000000000001 52
1622734158164 4.388000000000001 53
1622734160616 4.464 54
1622734163089 4.539000000000001 55
1622734165644 4.614000000000001 56
1622734168156 4.69 57
1622734170740 4.765000000000001 58
1622734173342 4.841 59
1622734175971 4.917 60
1622734178655 4.992999999999999 61
1622734181377 5.068 62
1622734184147 5.143999999999999 63
1622734186966 5.219999999999999 64
1622734189781 5.2959999999999985 65
1622734192666 5.370999999999999 66
1622734195542 5.445999999999999 67
1622734198478 5.522999999999999 68
1622734201476 5.598999999999998 69
1622734204493 5.674999999999998 70
1622734207574 5.750999999999998 71
1622734210649 5.825999999999998 72
1622734213811 5.9019999999999975 73
1622734217005 5.977999999999997 74
1622734220211 6.052999999999997 75
1622734223476 6.128999999999997 76
1622734226769 6.2049999999999965 77
1622734230066 6.279999999999997 78
1622734233359 6.355999999999996 79
1622734236685 6.4309999999999965 80
1622734240074 6.506999999999996 81
1622734243550 6.582999999999996 82
1622734247033 6.657999999999996 83
1622734250566 6.7339999999999955 84
1622734254130 6.809999999999995 85
1622734257734 6.885999999999995 86
1622734261347 6.962999999999995 87
1622734265016 7.038999999999994 88
1622734268770 7.114999999999994 89
1622734272539 7.189999999999994 90
1622734276306 7.264999999999994 91
1622734280127 7.340999999999994 92
1622734283960 7.415999999999994 93
1622734287844 7.491999999999994 94
1622734291749 7.567999999999993 95
1622734295693 7.642999999999994 96
1622734299699 7.718999999999993 97
1622734303746 7.793999999999993 98
1622734307799 7.8689999999999936 99
1622734311907 7.943999999999994 100
1622734316062 8.018999999999993 101
1622734320296 8.093999999999992 102
1622734324520 8.169999999999993 103
1622734328792 8.247999999999992 104
1622734333101 8.324999999999992 105
1622734337489 8.401999999999992 106
1622734341906 8.478999999999992 107
1622734346329 8.554999999999993 108
1622734350723 8.629999999999992 109
1622734355206 8.705999999999992 110
1622734359673 8.781999999999993 111
1622734364214 8.856999999999992 112
1622734368743 8.933999999999992 113
1622734373358 9.009999999999993 114
1622734377985 9.085999999999993 115
1622734382632 9.162999999999993 116
1622734387337 9.237999999999992 117
1622734392047 9.313999999999993 118
1622734396831 9.389999999999993 119
1622734401708 9.465999999999994 120
1622734406643 9.541999999999994 121
1622734411525 9.616999999999994 122
1622734416466 9.691999999999993 123
1622734421458 9.768999999999993 124
1622734426479 9.844999999999994 125
1622734431505 9.920999999999994 126
1622734436598 9.996999999999995 127
1622734441684 10.071999999999994 128
1622734446839 10.147999999999994 129
1622734452013 10.222999999999994 130
1622734457243 10.298999999999994 131
1622734462505 10.374999999999995 132
1622734467871 10.450999999999995 133
1622734473248 10.526999999999996 134
1622734478607 10.603999999999996 135
1622734484025 10.679999999999996 136
1622734489468 10.754999999999995 137
1622734494950 10.829999999999995 138
1622734500483 10.905999999999995 139
1622734506028 10.982999999999995 140
1622734511598 11.057999999999995 141
1622734517287 11.132999999999994 142
1622734523008 11.208999999999994 143
1622734528696 11.284999999999995 144
1622734534450 11.360999999999995 145
1622734540237 11.436999999999996 146
1622734546067 11.511999999999995 147
1622734551914 11.587999999999996 148
1622734557905 11.662999999999995 149
1622734563799 11.739999999999995 150
1622734569781 11.814999999999994 151
1622734575775 11.890999999999995 152
1622734581814 11.966999999999995 153
1622734587887 12.042999999999996 154
1622734593988 12.118999999999996 155
1622734600121 12.194999999999997 156
1622734606280 12.270999999999997 157
1622734612512 12.346999999999998 158
1622734618812 12.422999999999998 159
1622734625111 12.502999999999998 160
1622734631414 12.579999999999998 161
1622734637766 12.655999999999999 162
1622734644162 12.732 163
1622734650661 12.808 164
1622734657219 12.884 165
1622734663819 12.96 166
1622734670460 13.037 167
1622734677033 13.113000000000001 168
1622734683657 13.189000000000002 169
1622734690325 13.265000000000002 170
1622734696986 13.340000000000002 171
1622734703683 13.416000000000002 172
1622734710360 13.491000000000001 173
1622734717236 13.565000000000001 174
1622734724053 13.64 175
1622734730932 13.716000000000001 176
1622734737816 13.792000000000002 177
1622734744752 13.867 178
1622734751737 13.943000000000001 179
1622734758732 14.018 180
1622734765857 14.093 181
1622734772896 14.169 182
1622734780020 14.245000000000001 183
1622734787137 14.321000000000002 184
1622734794350 14.396 185
1622734801572 14.472000000000001 186
1622734808850 14.548000000000002 187
1622734816198 14.623000000000001 188
1622734823533 14.699000000000002 189
1622734830925 14.775000000000002 190
1622734838389 14.852000000000002 191
1622734845837 14.928000000000003 192
1622734853314 15.005000000000003 193
1622734860853 15.081000000000003 194
1622734868447 15.156000000000002 195
1622734876033 15.232000000000003 196
1622734883606 15.307000000000002 197
1622734891288 15.382000000000001 198
1622734899048 15.458000000000002 199
1622734906859 15.534000000000002 200
1622734914658 15.609000000000002 201
1622734922561 15.685000000000002 202
1622734930411 15.761000000000003 203
1622734938294 15.836000000000002 204
1622734946308 15.912000000000003 205
1622734954216 15.988000000000003 206
1622734962202 16.064000000000004 207
1622734970228 16.139000000000003 208
1622734978307 16.215000000000003 209
1622734986405 16.291000000000004 210
1622734994524 16.366000000000003 211
1622735002682 16.441000000000003 212
1622735010937 16.517000000000003 213
1622735019211 16.592000000000002 214
1622735027567 16.668000000000003 215
1622735035963 16.744000000000003 216
1622735044374 16.819000000000003 217
1622735052760 16.895000000000003 218
1622735061212 16.971000000000004 219
1622735069704 17.047000000000004 220
1622735078244 17.123000000000005 221
1622735086744 17.199000000000005 222
1622735095373 17.275000000000006 223
1622735104003 17.351000000000006 224
1622735112683 17.427000000000007 225
1622735121367 17.502000000000006 226
1622735130062 17.578000000000007 227
1622735138864 17.65500000000001 228
1622735147655 17.73100000000001 229
1622735156488 17.806000000000008 230
1622735165461 17.88200000000001 231
1622735174416 17.960000000000008 232
1622735183389 18.03600000000001 233
1622735192362 18.111000000000008 234
1622735201390 18.18700000000001 235
1622735210404 18.262000000000008 236
1622735219536 18.338000000000008 237
1622735228725 18.413000000000007 238
1622735237931 18.489000000000008 239
1622735247179 18.56500000000001 240
1622735256410 18.64200000000001 241
1622735265640 18.71700000000001 242
1622735274948 18.79300000000001 243
1622735284230 18.86900000000001 244
1622735293580 18.94500000000001 245
1622735303008 19.02100000000001 246
1622735312516 19.098000000000013 247
1622735322051 19.174000000000014 248
1622735331537 19.250000000000014 249
1622735341035 19.326000000000015 250
1622735350590 19.402000000000015 251
1622735360273 19.478000000000016 252
1622735369960 19.555000000000017 253
1622735379657 19.63200000000002 254
1622735389438 19.70800000000002 255
1622735399196 19.78400000000002 256
1622735409014 19.86000000000002 257
1622735418965 19.93600000000002 258
1622735428869 20.01200000000002 259
1622735438787 20.08700000000002 260
1622735448752 20.16200000000002 261
1622735458728 20.23800000000002 262
1622735468807 20.31400000000002 263
1622735478844 20.390000000000022 264
1622735488950 20.466000000000022 265
1622735499042 20.542000000000023 266
1622735509222 20.618000000000023 267
1622735519366 20.694000000000024 268
1622735529673 20.770000000000024 269
1622735539886 20.845000000000024 270
1622735550152 20.920000000000023 271
1622735560430 20.996000000000024 272
1622735570758 21.071000000000023 273
1622735581088 21.146000000000022 274
1622735592397 21.295000000000023 275
1622735602771 21.372000000000025 276
1622735613224 21.447000000000024 277
1622735623757 21.524000000000026 278
1622735634289 21.601000000000028 279
1622735644856 21.676000000000027 280
1622735655464 21.752000000000027 281
1622735666153 21.828000000000028 282
1622735676887 21.90400000000003 283
1622735687656 21.98000000000003 284
1622735698482 22.05600000000003 285
1622735709320 22.13200000000003 286
1622735720136 22.20800000000003 287
1622735731047 22.285000000000032 288
1622735741967 22.361000000000033 289
1622735752942 22.437000000000033 290
1622735763944 22.513000000000034 291
1622735775843 22.661000000000033 292
1622735786847 22.737000000000034 293
1622735797850 22.813000000000034 294
1622735808838 22.888000000000034 295
1622735819922 22.963000000000033 296
1622735831113 23.038000000000032 297
1622735842311 23.114000000000033 298
1622735853542 23.189000000000032 299
1622735864836 23.26400000000003 300
1622735876098 23.340000000000032 301
1622735887451 23.416000000000032 302
1622735898880 23.49100000000003 303
1622735910218 23.567000000000032 304
1622735921657 23.643000000000033 305
1622735933130 23.718000000000032 306
1622735944618 23.794000000000032 307
1622735956181 23.86900000000003 308
1622735967789 23.94400000000003 309
1622735979440 24.02000000000003 310
1622735991011 24.096000000000032 311
1622736002667 24.172000000000033 312
1622736014350 24.248000000000033 313
1622736026062 24.324000000000034 314
1622736037815 24.400000000000034 315
1622736049674 24.477000000000036 316
1622736061560 24.554000000000038 317
1622736073492 24.630000000000038 318
1622736085319 24.705000000000037 319
1622736097288 24.781000000000038 320
1622736109273 24.856000000000037 321
1622736121179 24.93000000000004 322
1622736133213 25.00600000000004 323
1622736145237 25.08000000000004 324
1622736157375 25.15600000000004 325
1622736169499 25.23100000000004 326
1622736181705 25.30600000000004 327
1622736193928 25.38200000000004 328
1622736206262 25.45700000000004 329
1622736218652 25.53200000000004 330
1622736231056 25.60800000000004 331
1622736243427 25.68400000000004 332
1622736255810 25.76000000000004 333
1622736268236 25.83600000000004 334
1622736280682 25.91100000000004 335
1622736293106 25.98600000000004 336
1622736305683 26.06200000000004 337
1622736318239 26.13800000000004 338
1622736330832 26.21300000000004 339
1622736343561 26.28900000000004 340
1622736356269 26.36400000000004 341
1622736368983 26.43900000000004 342
1622736381865 26.51400000000004 343
1622736394751 26.589000000000038 344
1622736407530 26.66500000000004 345
1622736420419 26.740000000000038 346
1622736433409 26.816000000000038 347
1622736446456 26.89200000000004 348
1622736459421 26.967000000000038 349
1622736472464 27.04300000000004 350
1622736485495 27.118000000000038 351
1622736498672 27.193000000000037 352
1622736511822 27.269000000000037 353
1622736524979 27.345000000000038 354
1622736538180 27.42200000000004 355
1622736551453 27.49800000000004 356
1622736564783 27.57400000000004 357
1622736578107 27.651000000000042 358
1622736591516 27.728000000000044 359
1622736604894 27.804000000000045 360
1622736618301 27.880000000000045 361
1622736631714 27.956000000000046 362
1622736645129 28.032000000000046 363
1622736658568 28.108000000000047 364
1622736672180 28.184000000000047 365
1622736685851 28.260000000000048 366
1622736699482 28.335000000000047 367
1622736713124 28.411000000000048 368
1622736726955 28.48500000000005 369
1622736740704 28.55900000000005 370
1622736754461 28.63500000000005 371
1622736768297 28.711000000000052 372
1622736782214 28.787000000000052 373
1622736796169 28.863000000000053 374
1622736810108 28.940000000000055 375
1622736824049 29.017000000000056 376
1622736838090 29.092000000000056 377
1622736852124 29.168000000000056 378
1622736866187 29.244000000000057 379
1622736880329 29.320000000000057 380
1622736894510 29.395000000000056 381
1622736908679 29.471000000000057 382
1622736922902 29.547000000000057 383
1622736937099 29.622000000000057 384
1622736951433 29.698000000000057 385
1622736965742 29.77200000000006 386
1622736980111 29.847000000000058 387
1622736994636 29.922000000000057 388
1622737008978 29.998000000000058 389
1622737023383 30.07200000000006 390
1622737038007 30.14700000000006 391
1622737052625 30.22300000000006 392
1622737067253 30.29800000000006 393
1622737081801 30.37400000000006 394
1622737096452 30.45000000000006 395
1622737111230 30.52500000000006 396
1622737125880 30.60200000000006 397
1622737140682 30.67700000000006 398
1622737155490 30.75200000000006 399
1622737170280 30.82700000000006 400
1622737185182 30.902000000000058 401
1622737200115 30.977000000000057 402
1622737215001 31.052000000000056 403
1622737229994 31.125000000000057 404
1622737244967 31.198000000000057 405
1622737259954 31.273000000000057 406
1622737275017 31.347000000000058 407
1622737290098 31.422000000000057 408
1622737305234 31.498000000000058 409
1622737320391 31.573000000000057 410
1622737335558 31.648000000000057 411
1622737350766 31.724000000000057 412
1622737366091 31.800000000000058 413
1622737381396 31.875000000000057 414
1622737396787 31.951000000000057 415
1622737412205 32.02700000000006 416
1622737427740 32.10300000000006 417
1622737443175 32.17900000000006 418
1622737458600 32.25500000000006 419
1622737474107 32.33100000000006 420
1622737489606 32.40600000000006 421
1622737505156 32.48000000000006 422
1622737521345 32.55400000000006 423
1622737537037 32.63000000000006 424
1622737552758 32.70500000000006 425
1622737568509 32.78100000000006 426
1622737584435 32.856000000000066 427
1622737600469 32.93100000000007 428
1622737616394 33.00700000000007 429
1622737632280 33.08200000000007 430
1622737648214 33.157000000000075 431
1622737664082 33.23100000000007 432
1622737680029 33.306000000000076 433
1622737696026 33.38100000000008 434
1622737712207 33.45600000000008 435
1622737728218 33.53200000000008 436
1622737744253 33.607000000000085 437
1622737760339 33.68100000000008 438
1622737776552 33.756000000000085 439
1622737792677 33.830000000000084 440
1622737808880 33.90400000000008 441
1622737825070 33.97800000000008 442
1622737841290 34.05400000000008 443
1622737857501 34.13000000000008 444
1622737873871 34.20600000000008 445
1622737890233 34.281000000000084 446
1622737906640 34.357000000000085 447
1622737923146 34.43100000000008 448
1622737939688 34.50500000000008 449
1622737956225 34.580000000000084 450
1622737972902 34.655000000000086 451
1622737989527 34.729000000000084 452
1622738006114 34.80300000000008 453
1622738022848 34.87700000000008 454
1622738039571 34.95200000000008 455
1622738056321 35.028000000000084 456
1622738073175 35.10300000000009 457
1622738090034 35.17800000000009 458
1622738106973 35.25400000000009 459
1622738123914 35.33000000000009 460
1622738140868 35.40500000000009 461
1622738157964 35.480000000000096 462
1622738175042 35.5550000000001 463
1622738192180 35.6300000000001 464
1622738209113 35.705000000000105 465
1622738226323 35.7820000000001 466
1622738243457 35.858000000000104 467
1622738260694 35.933000000000106 468
1622738277997 36.010000000000105 469
1622738295246 36.08500000000011 470
1622738312587 36.16100000000011 471
1622738329928 36.238000000000106 472
1622738347322 36.31300000000011 473
1622738364867 36.38900000000011 474
1622738382308 36.46400000000011 475
1622738399775 36.54000000000011 476
1622738417287 36.615000000000116 477
1622738434800 36.691000000000116 478
1622738452433 36.76700000000012 479
1622738470049 36.841000000000115 480
1622738487717 36.91600000000012 481
1622738505332 36.990000000000116 482
1622738523092 37.066000000000116 483
1622738540819 37.14100000000012 484
1622738558529 37.21600000000012 485
1622738576461 37.29200000000012 486
1622738594403 37.367000000000125 487
1622738612316 37.443000000000126 488
1622738630241 37.51800000000013 489
1622738648258 37.59300000000013 490
1622738666248 37.66700000000013 491
1622738684323 37.74200000000013 492
1622738702518 37.81600000000013 493
1622738720680 37.89200000000013 494
1622738739040 37.970000000000134 495
1622738757354 38.04500000000014 496
1622738775635 38.119000000000135 497
1622738793857 38.19300000000013 498
1622738812237 38.26900000000013 499
1622738830714 38.34600000000013 500
