1622734080992 0.006 0
1622734081565 0.449 1
1622734082118 0.434 2
1622734082706 0.469 3
1622734083343 0.519 4
1622734084013 0.554 5
1622734084704 0.575 6
1622734085439 0.619 7
1622734086208 0.653 8
1622734087021 0.698 9
1622734087862 0.725 10
1622734088759 0.781 11
1622734089671 0.798 12
1622734090627 0.842 13
1622734091619 0.877 14
1622734092637 0.904 15
1622734093683 0.928 16
1622734094781 0.981 17
1622734095914 1.019 18
1622734097081 1.053 19
1622734098292 1.097 20
1622734099528 1.123 21
1622734100786 1.144 22
1622734102087 1.187 23
1622734103435 1.236 24
1622734104827 1.279 25
1622734106246 1.305 26
1622734107676 1.314 27
1622734109161 1.371 28
1622734110692 1.416 29
1622734112239 1.433 30
1622734113821 1.471 31
1622734115453 1.519 32
1622734117109 1.542 33
1622734118810 1.585 34
1622734120576 1.651 35
1622734122347 1.659 36
1622734124161 1.699 37
1622734126009 1.732 38
1622734127893 1.771 39
1622734129844 1.836 40
1622734131803 1.845 41
1622734133827 1.912 42
1622734135857 1.917 43
1622734137920 1.95 44
1622734140031 1.999 45
1622734142171 2.028 46
1622734144350 2.064 47
1622734146553 2.089 48
1622734148816 2.147 49
1622734151048 2.116 50
1622734153407 2.242 51
1622734155784 2.26 52
1622734158169 2.27 53
1622734160621 2.336 54
1622734163101 2.33 55
1622734165649 2.413 56
1622734168160 2.397 57
1622734170744 2.47 58
1622734173346 2.486 59
1622734175975 2.512 60
1622734178659 2.569 61
1622734181382 2.607 62
1622734184152 2.655 63
1622734186970 2.701 64
1622734189785 2.697 65
1622734192671 2.768 66
1622734195546 2.759 67
1622734198482 2.822 68
1622734201481 2.883 69
1622734204498 2.902 70
1622734207579 2.965 71
1622734210654 2.958 72
1622734213816 3.043 73
1622734217010 3.072 74
1622734220216 3.084 75
1622734223481 3.146 76
1622734226774 3.176 77
1622734230071 3.182 78
1622734233364 3.179 79
1622734236690 3.208 80
1622734240078 3.27 81
1622734243555 3.36 82
1622734247038 3.368 83
1622734250571 3.418 84
1622734254135 3.448 85
1622734257738 3.486 86
1622734261352 3.498 87
1622734265020 3.552 88
1622734268774 3.638 89
1622734272544 3.655 90
1622734276310 3.654 91
1622734280132 3.708 92
1622734283964 3.718 93
1622734287848 3.77 94
1622734291754 3.79 95
1622734295697 3.827 96
1622734299703 3.887 97
1622734303751 3.929 98
1622734307804 3.936 99
1622734311912 3.99 100
1622734316067 4.038 101
1622734320300 4.115 102
1622734324525 4.107 103
1622734328796 4.153 104
1622734333105 4.193 105
1622734337494 4.271 106
1622734341910 4.299 107
1622734346333 4.305 108
1622734350727 4.281 109
1622734355210 4.368 110
1622734359677 4.353 111
1622734364219 4.425 112
1622734368748 4.41 113
1622734373363 4.5 114
1622734377989 4.511 115
1622734382636 4.532 116
1622734387341 4.59 117
1622734392052 4.593 118
1622734396836 4.665 119
1622734401713 4.761 120
1622734406647 4.819 121
1622734411530 4.768 122
1622734416471 4.825 123
1622734421462 4.874 124
1622734426484 4.905 125
1622734431509 4.91 126
1622734436602 4.977 127
1622734441689 4.971 128
1622734446844 5.035 129
1622734452018 5.053 130
1622734457247 5.111 131
1622734462509 5.145 132
1622734467875 5.25 133
1622734473252 5.261 134
1622734478612 5.243 135
1622734484029 5.3 136
1622734489473 5.327 137
1622734494954 5.365 138
1622734500487 5.418 139
1622734506032 5.429 140
1622734511603 5.455 141
1622734517291 5.574 142
1622734523012 5.607 143
1622734528700 5.574 144
1622734534455 5.64 145
1622734540240 5.673 146
1622734546071 5.719 147
1622734551918 5.734 148
1622734557910 5.878 149
1622734563803 5.777 150
1622734569786 5.868 151
1622734575779 5.877 152
1622734581819 5.924 153
1622734587892 5.956 154
1622734593992 5.987 155
1622734600126 6.019 156
1622734606284 6.045 157
1622734612515 6.119 158
1622734618817 6.186 159
1622734625115 6.18 160
1622734631418 6.189 161
1622734637771 6.236 162
1622734644167 6.279 163
1622734650666 6.383 164
1622734657223 6.442 165
1622734663823 6.482 166
1622734670464 6.525 167
1622734677038 6.459 168
1622734683662 6.508 169
1622734690330 6.549 170
1622734696990 6.544 171
1622734703687 6.582 172
1622734710365 6.563 173
1622734717240 6.761 174
1622734724057 6.703 175
1622734730936 6.763 176
1622734737820 6.769 177
1622734744756 6.823 178
1622734751742 6.868 179
1622734758736 6.879 180
1622734765862 7.011 181
1622734772900 6.921 182
1622734780025 7.008 183
1622734787141 7.002 184
1622734794354 7.099 185
1622734801577 7.106 186
1622734808854 7.162 187
1622734816202 7.234 188
1622734823538 7.22 189
1622734830929 7.277 190
1622734838393 7.349 191
1622734845841 7.336 192
1622734853318 7.363 193
1622734860858 7.423 194
1622734868452 7.479 195
1622734876037 7.468 196
1622734883610 7.457 197
1622734891293 7.567 198
1622734899053 7.642 199
1622734906864 7.693 200
1622734914663 7.679 201
1622734922566 7.784 202
1622734930415 7.732 203
1622734938298 7.768 204
1622734946312 7.9 205
1622734954220 7.793 206
1622734962207 7.87 207
1622734970233 7.912 208
1622734978312 7.963 209
1622734986409 7.98 210
1622734994529 8.004 211
1622735002687 8.041 212
1622735010941 8.139 213
1622735019215 8.157 214
1622735027572 8.241 215
1622735035968 8.279 216
1622735044379 8.293 217
1622735052765 8.269 218
1622735061217 8.335 219
1622735069709 8.375 220
1622735078249 8.422 221
1622735086749 8.383 222
1622735095378 8.512 223
1622735104008 8.513 224
1622735112687 8.563 225
1622735121372 8.568 226
1622735130067 8.577 227
1622735138868 8.684 228
1622735147660 8.673 229
1622735156493 8.713 230
1622735165466 8.855 231
1622735174421 8.835 232
1622735183394 8.855 233
1622735192367 8.855 234
1622735201395 8.909 235
1622735210409 8.895 236
1622735219541 9.013 237
1622735228729 9.073 238
1622735237935 9.09 239
1622735247184 9.131 240
1622735256415 9.113 241
1622735265644 9.114 242
1622735274952 9.194 243
1622735284234 9.167 244
1622735293584 9.235 245
1622735303013 9.315 246
1622735312520 9.393 247
1622735322055 9.422 248
1622735331541 9.374 249
1622735341039 9.385 250
1622735350594 9.44 251
1622735360277 9.566 252
1622735369964 9.571 253
1622735379661 9.583 254
1622735389442 9.664 255
1622735399201 9.643 256
1622735409018 9.7 257
1622735418969 9.837 258
1622735428873 9.79 259
1622735438791 9.804 260
1622735448757 9.85 261
1622735458732 9.862 262
1622735468811 9.966 263
1622735478848 9.922 264
1622735488954 9.992 265
1622735499047 9.976 266
1622735509227 10.063 267
1622735519371 10.027 268
1622735529678 10.19 269
1622735539890 10.099 270
1622735550157 10.15 271
1622735560434 10.162 272
1622735570762 10.214 273
1622735581093 10.214 274
1622735592401 11.118 275
1622735602776 10.256 276
1622735613229 10.333 277
1622735623762 10.412 278
1622735634294 10.41 279
1622735644861 10.449 280
1622735655468 10.49 281
1622735666157 10.57 282
1622735676891 10.617 283
1622735687661 10.651 284
1622735698487 10.707 285
1622735709324 10.724 286
1622735720141 10.699 287
1622735731051 10.793 288
1622735741972 10.804 289
1622735752947 10.857 290
1622735763950 10.879 291
1622735775847 11.705 292
1622735786851 10.887 293
1622735797856 10.884 294
1622735808843 10.869 295
1622735819927 10.963 296
1622735831118 11.072 297
1622735842315 11.079 298
1622735853547 11.113 299
1622735864841 11.178 300
1622735876103 11.143 301
1622735887456 11.233 302
1622735898885 11.31 303
1622735910222 11.222 304
1622735921661 11.322 305
1622735933134 11.355 306
1622735944622 11.371 307
1622735956185 11.447 308
1622735967794 11.492 309
1622735979444 11.533 310
1622735991016 11.457 311
1622736002671 11.539 312
1622736014355 11.565 313
1622736026068 11.593 314
1622736037820 11.632 315
1622736049679 11.739 316
1622736061565 11.768 317
1622736073497 11.814 318
1622736085323 11.711 319
1622736097292 11.851 320
1622736109278 11.869 321
1622736121184 11.791 322
1622736133217 11.92 323
1622736145241 11.912 324
1622736157379 12.023 325
1622736169503 12.006 326
1622736181709 12.091 327
1622736193933 12.109 328
1622736206267 12.22 329
1622736218656 12.275 330
1622736231060 12.288 331
1622736243431 12.257 332
1622736255815 12.268 333
1622736268241 12.31 334
1622736280687 12.33 335
1622736293111 12.307 336
1622736305688 12.458 337
1622736318243 12.438 338
1622736330836 12.478 339
1622736343565 12.615 340
1622736356274 12.594 341
1622736368987 12.597 342
1622736381870 12.765 343
1622736394756 12.77 344
1622736407535 12.661 345
1622736420423 12.774 346
1622736433413 12.876 347
1622736446460 12.934 348
1622736459425 12.852 349
1622736472469 12.929 350
1622736485499 12.916 351
1622736498676 13.063 352
1622736511827 13.036 353
1622736524984 13.042 354
1622736538184 13.085 355
1622736551457 13.158 356
1622736564787 13.214 357
1622736578112 13.208 358
1622736591521 13.292 359
1622736604899 13.262 360
1622736618305 13.292 361
1622736631718 13.3 362
1622736645134 13.3 363
1622736658572 13.322 364
1622736672185 13.497 365
1622736685856 13.557 366
1622736699486 13.517 367
1622736713128 13.526 368
1622736726960 13.715 369
1622736740708 13.635 370
1622736754466 13.64 371
1622736768301 13.718 372
1622736782219 13.801 373
1622736796173 13.838 374
1622736810113 13.821 375
1622736824054 13.823 376
1622736838095 13.924 377
1622736852128 13.918 378
1622736866191 13.948 379
1622736880333 14.028 380
1622736894514 14.068 381
1622736908683 14.056 382
1622736922906 14.109 383
1622736937104 14.079 384
1622736951437 14.217 385
1622736965746 14.197 386
1622736980116 14.256 387
1622736994641 14.41 388
1622737008982 14.226 389
1622737023387 14.292 390
1622737038012 14.509 391
1622737052629 14.502 392
1622737067258 14.513 393
1622737081805 14.429 394
1622737096457 14.533 395
1622737111235 14.66 396
1622737125885 14.532 397
1622737140686 14.683 398
1622737155495 14.694 399
1622737170285 14.673 400
1622737185187 14.786 401
1622737200119 14.817 402
1622737215005 14.771 403
1622737229999 14.881 404
1622737244972 14.858 405
1622737259959 14.869 406
1622737275022 14.943 407
1622737290103 14.964 408
1622737305238 15.018 409
1622737320396 15.042 410
1622737335563 15.052 411
1622737350770 15.093 412
1622737366096 15.208 413
1622737381401 15.19 414
1622737396791 15.275 415
1622737412209 15.304 416
1622737427744 15.42 417
1622737443179 15.318 418
1622737458605 15.308 419
1622737474112 15.389 420
1622737489611 15.383 421
1622737505161 15.434 422
1622737521349 16.072 423
1622737537042 15.576 424
1622737552763 15.608 425
1622737568513 15.637 426
1622737584440 15.809 427
1622737600473 15.917 428
1622737616398 15.808 429
1622737632285 15.77 430
1622737648218 15.82 431
1622737664086 15.754 432
1622737680033 15.832 433
1622737696030 15.883 434
1622737712211 16.067 435
1622737728223 15.895 436
1622737744257 15.917 437
1622737760344 15.97 438
1622737776556 16.097 439
1622737792682 16.011 440
1622737808884 16.088 441
1622737825074 16.076 442
1622737841294 16.106 443
1622737857505 16.097 444
1622737873875 16.252 445
1622737890237 16.248 446
1622737906644 16.291 447
1622737923150 16.392 448
1622737939692 16.43 449
1622737956229 16.42 450
1622737972907 16.562 451
1622737989531 16.511 452
1622738006118 16.475 453
1622738022852 16.62 454
1622738039576 16.608 455
1622738056326 16.635 456
1622738073179 16.741 457
1622738090038 16.747 458
1622738106977 16.827 459
1622738123919 16.828 460
1622738140873 16.84 461
1622738157969 16.981 462
1622738175046 16.963 463
1622738192184 17.025 464
1622738209118 16.818 465
1622738226327 17.092 466
1622738243461 17.02 467
1622738260698 17.126 468
1622738278001 17.19 469
1622738295250 17.135 470
1622738312591 17.231 471
1622738329932 17.229 472
1622738347326 17.28 473
1622738364871 17.429 474
1622738382313 17.324 475
1622738399780 17.349 476
1622738417292 17.396 477
1622738434805 17.397 478
1622738452436 17.519 479
1622738470054 17.506 480
1622738487722 17.552 481
1622738505337 17.499 482
1622738523096 17.643 483
1622738540824 17.611 484
1622738558533 17.593 485
1622738576465 17.814 486
1622738594408 17.828 487
1622738612320 17.797 488
1622738630245 17.812 489
1622738648263 17.904 490
1622738666252 17.877 491
1622738684328 17.963 492
1622738702522 18.081 493
1622738720684 18.045 494
1622738739044 18.241 495
1622738757359 18.199 496
1622738775639 18.168 497
1622738793861 18.11 498
1622738812242 18.266 499
1622738830718 18.36 500
