1622845864964 0.111 0
1622845866360 0.112 1
1622845868083 0.11 2
1622845870135 0.111 3
1622845872555 0.111 4
1622845875279 0.111 5
1622845878347 0.112 6
1622845881716 0.113 7
1622845885472 0.112 8
1622845889537 0.11 9
1622845893915 0.11 10
1622845898633 0.113 11
1622845903666 0.11 12
1622845909015 0.112 13
1622845914649 0.111 14
1622845920695 0.108 15
1622845927056 0.11 16
1622845933716 0.109 17
1622845940721 0.111 18
1622845948017 0.111 19
1622845955655 0.11 20
1622845963694 0.11 21
1622845972014 0.107 22
1622845980628 0.11 23
1622845989597 0.11 24
1622845998891 0.109 25
1622846008629 0.11 26
1622846018609 0.11 27
1622846028935 0.111 28
1622846039611 0.111 29
1622846050621 0.113 30
1622846062003 0.111 31
1622846073641 0.107 32
1622846085673 0.108 33
1622846097962 0.108 34
1622846110663 0.113 35
1622846123656 0.109 36
1622846137033 0.112 37
1622846150655 0.11 38
1622846164592 0.108 39
1622846178760 0.11 40
1622846193397 0.11 41
1622846208311 0.11 42
1622846223610 0.108 43
1622846239179 0.111 44
1622846255111 0.113 45
1622846271433 0.111 46
1622846288095 0.11 47
1622846305034 0.109 48
1622846322253 0.111 49
1622846340024 0.105 50
1622846358037 0.11 51
1622846376417 0.109 52
1622846394954 0.11 53
1622846413877 0.11 54
1622846432887 0.109 55
1622846452398 0.103 56
1622846472164 0.105 57
1622846492193 0.107 58
1622846512605 0.102 59
1622846533581 0.108 60
1622846554708 0.104 61
1622846576241 0.106 62
1622846598439 0.106 63
1622846620471 0.108 64
1622846643359 0.108 65
1622846666047 0.107 66
1622846689296 0.106 67
1622846712969 0.109 68
1622846736618 0.111 69
1622846760472 0.106 70
1622846785387 0.11 71
1622846811093 0.111 72
1622846836965 0.108 73
1622846862974 0.108 74
1622846888948 0.109 75
1622846914990 0.109 76
1622846941489 0.106 77
1622846968332 0.11 78
1622846996859 0.112 79
1622847025627 0.122 80
1622847054504 0.112 81
1622847083769 0.114 82
1622847113376 0.112 83
1622847145825 0.12 84
1622847177822 0.118 85
1622847208269 0.116 86
1622847240158 0.114 87
1622847270473 0.114 88
1622847302187 0.11 89
1622847334034 0.111 90
1622847365413 0.11 91
1622847397627 0.113 92
1622847430594 0.111 93
1622847463932 0.111 94
1622847496183 0.11 95
1622847528722 0.106 96
1622847561303 0.108 97
1622847594455 0.105 98
1622847627908 0.103 99
1622847662054 0.105 100
1622847696551 0.106 101
1622847730897 0.107 102
1622847765770 0.109 103
1622847800917 0.108 104
1622847836782 0.107 105
1622847873168 0.112 106
1622847910889 0.11 107
1622847949055 0.109 108
1622847987285 0.109 109
1622848024553 0.108 110
1622848062590 0.11 111
1622848101521 0.112 112
1622848139872 0.108 113
1622848178396 0.109 114
1622848217160 0.106 115
1622848255974 0.108 116
1622848295488 0.111 117
1622848336498 0.111 118
1622848376485 0.109 119
1622848417420 0.108 120
1622848458192 0.107 121
1622848499501 0.11 122
1622848542590 0.11 123
1622848584981 0.107 124
1622848627011 0.109 125
1622848670442 0.105 126
1622848714804 0.11 127
1622848759993 0.113 128
1622848806314 0.112 129
1622848851836 0.114 130
1622848897092 0.113 131
1622848943684 0.111 132
1622848990259 0.113 133
1622849035481 0.11 134
1622849081753 0.111 135
1622849132271 0.111 136
1622849178772 0.113 137
1622849224860 0.107 138
1622849272245 0.107 139
1622849320079 0.112 140
1622849367445 0.11 141
1622849417082 0.112 142
1622849464979 0.111 143
1622849514397 0.104 144
1622849563027 0.103 145
1622849611655 0.106 146
1622849660808 0.108 147
1622849710151 0.107 148
1622849760011 0.108 149
1622849810070 0.107 150
1622849860534 0.107 151
1622849911222 0.106 152
1622849962216 0.105 153
1622850013534 0.107 154
1622850065140 0.105 155
1622850117501 0.108 156
1622850169982 0.107 157
1622850223017 0.108 158
1622850275978 0.108 159
1622850330219 0.112 160
1622850383993 0.104 161
1622850437930 0.105 162
1622850492113 0.105 163
1622850546932 0.106 164
1622850602295 0.108 165
1622850657584 0.106 166
1622850713820 0.107 167
1622850773710 0.11 168
1622850834137 0.11 169
1622850891481 0.11 170
1622850953463 0.11 171
1622851011544 0.11 172
1622851069950 0.106 173
1622851128109 0.109 174
1622851186971 0.106 175
1622851245893 0.107 176
1622851305438 0.104 177
1622851364871 0.107 178
1622851424709 0.107 179
1622851485647 0.106 180
1622851547068 0.107 181
1622851609839 0.108 182
1622851671274 0.107 183
1622851732580 0.107 184
1622851794066 0.105 185
1622851855774 0.106 186
1622851918747 0.106 187
1622851981509 0.102 188
1622852044550 0.104 189
1622852107741 0.108 190
1622852171132 0.107 191
1622852235011 0.107 192
1622852299792 0.106 193
1622852365337 0.107 194
1622852430557 0.105 195
1622852495894 0.106 196
1622852561551 0.105 197
1622852627295 0.104 198
1622852693478 0.101 199
1622852759441 0.107 200
1622852826298 0.108 201
1622852894279 0.11 202
1622852962070 0.11 203
1622853029801 0.107 204
1622853097580 0.106 205
1622853167333 0.104 206
1622853242050 0.106 207
1622853314000 0.109 208
1622853384108 0.111 209
1622853454623 0.104 210
1622853526381 0.105 211
1622853597337 0.11 212
1622853670321 0.115 213
1622853743426 0.108 214
1622853817651 0.107 215
1622853892139 0.109 216
1622853966625 0.107 217
1622854039878 0.107 218
1622854115196 0.105 219
1622854188755 0.104 220
1622854263439 0.106 221
1622854338540 0.108 222
1622854413985 0.112 223
1622854490219 0.106 224
1622854567373 0.105 225
1622854646215 0.105 226
1622854725003 0.106 227
1622854805788 0.111 228
1622854886857 0.11 229
1622854965062 0.112 230
1622855042805 0.108 231
1622855121377 0.106 232
1622855203536 0.107 233
1622855283697 0.11 234
1622855368393 0.107 235
1622855452790 0.109 236
1622855541038 0.11 237
1622855626028 0.112 238
1622855710963 0.109 239
1622855792869 0.11 240
1622855877248 0.109 241
1622855960037 0.112 242
1622856044221 0.104 243
1622856127283 0.107 244
1622856211734 0.106 245
1622856295297 0.107 246
1622856379704 0.108 247
1622856464416 0.104 248
1622856548637 0.107 249
1622856632197 0.111 250
1622856718350 0.11 251
1622856802264 0.108 252
1622856886583 0.111 253
1622856971858 0.106 254
1622857056437 0.109 255
1622857142081 0.107 256
1622857232297 0.105 257
1622857318407 0.108 258
1622857405208 0.108 259
1622857492817 0.112 260
1622857579413 0.108 261
1622857666779 0.107 262
1622857753702 0.109 263
1622857843166 0.107 264
1622857932782 0.109 265
1622858022807 0.108 266
1622858112719 0.109 267
1622858202475 0.114 268
1622858292426 0.106 269
1622858382555 0.108 270
1622858472501 0.108 271
1622858562825 0.109 272
1622858653011 0.105 273
1622858744068 0.107 274
1622858835939 0.11 275
1622858928793 0.112 276
1622859021580 0.107 277
1622859114633 0.108 278
1622859208123 0.105 279
1622859301890 0.109 280
1622859395505 0.11 281
1622859488825 0.108 282
1622859583807 0.109 283
1622859678178 0.103 284
1622859773538 0.107 285
1622859869749 0.107 286
1622859965847 0.107 287
1622860061866 0.106 288
1622860159272 0.11 289
1622860257841 0.108 290
1622860354546 0.108 291
1622860451084 0.105 292
1622860548084 0.105 293
1622860645204 0.103 294
1622860743516 0.107 295
1622860842587 0.106 296
1622860941763 0.108 297
1622861041659 0.108 298
1622861141864 0.103 299
1622861238968 0.105 300
1622861337262 0.107 301
1622861436120 0.105 302
1622861533618 0.107 303
1622861633824 0.108 304
1622861731669 0.11 305
1622861829578 0.11 306
1622861931385 0.11 307
1622862032632 0.109 308
1622862135242 0.11 309
1622862238353 0.111 310
1622862340224 0.112 311
1622862442163 0.113 312
1622862545782 0.111 313
1622862647312 0.113 314
1622862747257 0.109 315
1622862853650 0.11 316
1622862960095 0.114 317
1622863061745 0.11 318
1622863166845 0.105 319
1622863272041 0.108 320
1622863376322 0.107 321
1622863480143 0.11 322
1622863587503 0.113 323
1622863692482 0.116 324
1622863796645 0.111 325
1622863899840 0.106 326
1622864002881 0.106 327
1622864105603 0.106 328
1622864211777 0.108 329
1622864317279 0.105 330
1622864424067 0.109 331
1622864533127 0.11 332
1622864639907 0.111 333
1622864750730 0.113 334
1622864861614 0.113 335
1622864969905 0.116 336
1622865081381 0.112 337
1622865192893 0.114 338
1622865302067 0.114 339
1622865414649 0.114 340
1622865523652 0.115 341
1622865635695 0.11 342
1622865744734 0.109 343
1622865853572 0.108 344
1622865963070 0.107 345
1622866072028 0.106 346
1622866182379 0.105 347
1622866292396 0.108 348
1622866402454 0.103 349
1622866512965 0.105 350
1622866624286 0.109 351
1622866737331 0.106 352
1622866849163 0.106 353
1622866963087 0.109 354
1622867081897 0.109 355
1622867197660 0.112 356
1622867314020 0.11 357
1622867429768 0.111 358
1622867544621 0.107 359
1622867659892 0.109 360
1622867774262 0.112 361
1622867891213 0.106 362
1622868008183 0.109 363
1622868124352 0.108 364
1622868240473 0.108 365
1622868357040 0.11 366
1622868473816 0.106 367
1622868590966 0.107 368
1622868707782 0.107 369
1622868825586 0.107 370
1622868944828 0.108 371
1622869066569 0.108 372
1622869188155 0.108 373
1622869311303 0.111 374
1622869435043 0.11 375
1622869556524 0.11 376
1622869676556 0.11 377
1622869796984 0.165 378
1622869918056 0.105 379
1622870039211 0.109 380
1622870160851 0.107 381
1622870287374 0.108 382
1622870410759 0.109 383
1622870538521 0.114 384
1622870663388 0.11 385
1622870787470 0.109 386
1622870915641 0.106 387
1622871045101 0.111 388
1622871169717 0.11 389
1622871296901 0.111 390
1622871421597 0.109 391
1622871546183 0.107 392
1622871670666 0.106 393
1622871795680 0.106 394
1622871921578 0.106 395
1622872047187 0.106 396
1622872176833 0.106 397
1622872305330 0.123 398
1622872433869 0.111 399
1622872564149 0.11 400
1622872694930 0.11 401
1622872826641 0.112 402
1622872965230 0.114 403
1622873099226 0.111 404
1622873236597 0.11 405
1622873374667 0.119 406
1622873508838 0.109 407
1622873650667 0.111 408
1622873783380 0.115 409
1622873914265 0.111 410
1622874045603 0.109 411
1622874177938 0.11 412
1622874312636 0.111 413
1622874445532 0.106 414
1622874578209 0.109 415
1622874712136 0.106 416
1622874844438 0.106 417
1622874980175 0.106 418
1622875115243 0.105 419
1622875249704 0.106 420
1622875384592 0.106 421
1622875519323 0.105 422
1622875656773 0.112 423
1622875794452 0.111 424
1622875930643 0.109 425
1622876066968 0.105 426
1622876203309 0.105 427
1622876339670 0.105 428
1622876476055 0.109 429
1622876613507 0.108 430
1622876753216 0.113 431
1622876893428 0.111 432
1622877039044 0.114 433
1622877184752 0.109 434
1622877324570 0.114 435
1622877464054 0.11 436
1622877606317 0.11 437
1622877751474 0.112 438
1622877894437 0.113 439
1622878034589 0.109 440
1622878175236 0.108 441
1622878320793 0.111 442
1622878466640 0.107 443
1622878612472 0.11 444
1622878758992 0.112 445
1622878904707 0.113 446
1622879049468 0.109 447
1622879194388 0.106 448
1622879340197 0.111 449
1622879484504 0.11 450
1622879629005 0.109 451
1622879775058 0.112 452
1622879921345 0.109 453
1622880067562 0.109 454
1622880213688 0.106 455
1622880358457 0.108 456
1622880503617 0.108 457
1622880648716 0.102 458
1622880794354 0.107 459
1622880941126 0.106 460
1622881091793 0.109 461
1622881238329 0.108 462
1622881392717 0.108 463
1622881546229 0.11 464
1622881700241 0.111 465
1622881856074 0.109 466
1622882007069 0.108 467
1622882156171 0.107 468
1622882307837 0.107 469
1622882459477 0.105 470
1622882616968 0.105 471
1622882773934 0.108 472
1622882936386 0.109 473
1622883099174 0.111 474
1622883252000 0.108 475
1622883407560 0.104 476
1622883563508 0.109 477
1622883723302 0.109 478
1622883880361 0.11 479
1622884039084 0.108 480
1622884198831 0.107 481
1622884359689 0.112 482
1622884521684 0.113 483
1622884688813 0.113 484
1622884853299 0.122 485
1622885022637 0.115 486
1622885185719 0.115 487
1622885352627 0.113 488
1622885516847 0.12 489
1622885677404 0.111 490
1622885836675 0.111 491
1622885999316 0.11 492
1622886162255 0.114 493
1622886323371 0.113 494
1622886481472 0.106 495
1622886640572 0.109 496
1622886806802 0.107 497
1622886970031 0.108 498
1622887133677 0.107 499
1622887301688 0.105 500
