1622743458584 -154.96243616485182 0
1622743459121 -30.13342478523097 1
1622743459653 -30.13342478523097 2
1622743460215 -30.13342478523097 3
1622743460813 -30.13342478523097 4
1622743461443 -30.13342478523097 5
1622743462107 -30.13342478523097 6
1622743462807 -30.13342478523097 7
1622743463547 -30.13342478523097 8
1622743464325 -30.13342478523097 9
1622743465135 -30.13342478523097 10
1622743465976 -30.13342478523097 11
1622743467619 -30.13342478523097 12
1622743468798 -30.13342478523097 13
1622743469739 -30.13342478523097 14
1622743470713 -30.13342478523097 15
1622743471723 -30.13342478523097 16
1622743472807 -30.13342478523097 17
1622743473917 -30.13342478523097 18
1622743475031 -30.13342478523097 19
1622743476226 -30.13342478523097 20
1622743477434 -30.13342478523097 21
1622743478675 -30.13342478523097 22
1622743479940 -30.13342478523097 23
1622743481263 -30.13342478523097 24
1622743482602 -30.13342478523097 25
1622743484012 -30.13342478523097 26
1622743485451 -30.13342478523097 27
1622743486913 -30.13342478523097 28
1622743488412 -30.13342478523097 29
1622743489936 -30.13342478523097 30
1622743491530 -30.13342478523097 31
1622743493135 -30.13342478523097 32
1622743494768 -30.13342478523097 33
1622743496444 -30.13342478523097 34
1622743498132 -30.13342478523097 35
1622743499868 -30.13342478523097 36
1622743501629 -30.13342478523097 37
1622743503424 -30.13342478523097 38
1622743505270 -30.13342478523097 39
1622743507164 -30.13342478523097 40
1622743509078 -30.13342478523097 41
1622743511037 -30.13342478523097 42
1622743513034 -30.13342478523097 43
1622743515077 -30.13342478523097 44
1622743517163 -30.13342478523097 45
1622743519272 -30.13342478523097 46
1622743521420 -30.13342478523097 47
1622743523580 -30.13342478523097 48
1622743525783 -30.13342478523097 49
1622743528009 -30.13342478523097 50
1622743530288 -30.13342478523097 51
1622743532611 -30.13342478523097 52
1622743534962 -30.13342478523097 53
1622743537372 -30.13342478523097 54
1622743539808 -30.13342478523097 55
1622743542279 -30.13342478523097 56
1622743544767 -30.13342478523097 57
1622743547264 -30.13342478523097 58
1622743549854 -30.13342478523097 59
1622743552466 -30.13342478523097 60
1622743555126 -30.13342478523097 61
1622743557771 -30.13342478523097 62
1622743560475 -30.13342478523097 63
1622743563215 -30.13342478523097 64
1622743565981 -30.13342478523097 65
1622743568758 -30.13342478523097 66
1622743571628 -30.13342478523097 67
1622743574494 -30.13342478523097 68
1622743577445 -30.13342478523097 69
1622743580423 -30.13342478523097 70
1622743583436 -30.13342478523097 71
1622743586471 -30.13342478523097 72
1622743589559 -30.13342478523097 73
1622743592634 -30.13342478523097 74
1622743595816 -30.13342478523097 75
1622743598982 -30.13342478523097 76
1622743602226 -30.13342478523097 77
1622743605494 -30.13342478523097 78
1622743608785 -30.13342478523097 79
1622743612100 -30.13342478523097 80
1622743615462 -30.13342478523097 81
1622743618817 -30.13342478523097 82
1622743622236 -30.13342478523097 83
1622743625691 -30.13342478523097 84
1622743629199 -30.13342478523097 85
1622743632733 -30.13342478523097 86
1622743636299 -30.13342478523097 87
1622743639902 -30.13342478523097 88
1622743643536 -30.13342478523097 89
1622743647221 -30.13342478523097 90
1622743650954 -30.13342478523097 91
1622743654723 -30.13342478523097 92
1622743658518 -30.13342478523097 93
1622743662328 -30.13342478523097 94
1622743666198 -30.13342478523097 95
1622743670086 -30.13342478523097 96
1622743674013 -30.13342478523097 97
1622743678003 -30.13342478523097 98
1622743682018 -30.13342478523097 99
1622743686064 -30.13342478523097 100
1622743690136 -30.13342478523097 101
1622743694281 -30.13342478523097 102
1622743698397 -30.13342478523097 103
1622743702590 -30.13342478523097 104
1622743706921 -30.13342478523097 105
1622743711188 -30.13342478523097 106
1622743715468 -30.13342478523097 107
1622743719818 -30.13342478523097 108
1622743724240 -30.13342478523097 109
1622743728687 -30.13342478523097 110
1622743733090 -30.13342478523097 111
1622743737551 -30.13342478523097 112
1622743742057 -30.13342478523097 113
1622743746645 -30.13342478523097 114
1622743751234 -30.13342478523097 115
1622743755884 -30.13342478523097 116
1622743760549 -30.13342478523097 117
1622743765263 -30.13342478523097 118
1622743769990 -30.13342478523097 119
1622743774768 -30.13342478523097 120
1622743779599 -30.13342478523097 121
1622743784460 -30.13342478523097 122
1622743789316 -30.13342478523097 123
1622743794219 -30.13342478523097 124
1622743799158 -30.13342478523097 125
1622743804149 -30.13342478523097 126
1622743809156 -30.13342478523097 127
1622743814217 -30.13342478523097 128
1622743819349 -30.13342478523097 129
1622743824522 -30.13342478523097 130
1622743829645 -30.13342478523097 131
1622743834791 -30.13342478523097 132
1622743840024 -30.13342478523097 133
1622743845293 -30.13342478523097 134
1622743850635 -30.13342478523097 135
1622743855956 -30.13342478523097 136
1622743861304 -30.13342478523097 137
1622743866746 -30.13342478523097 138
1622743872188 -30.13342478523097 139
1622743877660 -30.13342478523097 140
1622743883131 -30.13342478523097 141
1622743888688 -30.13342478523097 142
1622743894209 -30.13342478523097 143
1622743899809 -30.13342478523097 144
1622743905463 -30.13342478523097 145
1622743911128 -30.13342478523097 146
1622743916870 -30.13342478523097 147
1622743922623 -30.13342478523097 148
1622743928382 -30.13342478523097 149
1622743934194 -30.13342478523097 150
1622743940086 -30.13342478523097 151
1622743945999 -30.13342478523097 152
1622743951957 -30.13342478523097 153
1622743957952 -30.13342478523097 154
1622743963990 -30.13342478523097 155
1622743970064 -30.13342478523097 156
1622743976181 -30.13342478523097 157
1622743982268 -30.13342478523097 158
1622743988436 -30.13342478523097 159
1622743994645 -30.13342478523097 160
1622744000833 -30.13342478523097 161
1622744007111 -30.13342478523097 162
1622744013435 -30.13342478523097 163
1622744019778 -30.13342478523097 164
1622744026122 -30.13342478523097 165
1622744032608 -30.13342478523097 166
1622744039020 -30.13342478523097 167
1622744045476 -30.13342478523097 168
1622744052016 -30.13342478523097 169
1622744058571 -30.13342478523097 170
1622744065124 -30.13342478523097 171
1622744071690 -30.13342478523097 172
1622744078348 -30.13342478523097 173
1622744085029 -30.13342478523097 174
1622744091751 -30.13342478523097 175
1622744098573 -30.13342478523097 176
1622744105344 -30.13342478523097 177
1622744112183 -30.13342478523097 178
1622744119112 -30.13342478523097 179
1622744126108 -30.13342478523097 180
1622744133069 -30.13342478523097 181
1622744140080 -30.13342478523097 182
1622744147111 -30.13342478523097 183
1622744154191 -30.13342478523097 184
1622744161333 -30.13342478523097 185
1622744168519 -30.13342478523097 186
1622744175673 -30.13342478523097 187
1622744182858 -30.13342478523097 188
1622744190163 -30.13342478523097 189
1622744197376 -30.13342478523097 190
1622744204727 -30.13342478523097 191
1622744212088 -30.13342478523097 192
1622744219413 -30.13342478523097 193
1622744226799 -30.13342478523097 194
1622744234185 -30.13342478523097 195
1622744241670 -30.13342478523097 196
1622744249208 -30.13342478523097 197
1622744256798 -30.13342478523097 198
1622744264392 -30.13342478523097 199
1622744272085 -30.13342478523097 200
1622744279841 -30.13342478523097 201
1622744287552 -30.13342478523097 202
1622744295267 -30.13342478523097 203
1622744303123 -30.13342478523097 204
1622744310921 -30.13342478523097 205
1622744318772 -30.13342478523097 206
1622744326596 -30.13342478523097 207
1622744334537 -30.13342478523097 208
1622744342535 -30.13342478523097 209
1622744350580 -30.13342478523097 210
1622744358701 -30.13342478523097 211
1622744366837 -30.13342478523097 212
1622744374947 -30.13342478523097 213
1622744383080 -30.13342478523097 214
1622744391303 -30.13342478523097 215
1622744400540 -30.13342478523097 216
1622744408848 -30.13342478523097 217
1622744417082 -30.13342478523097 218
1622744425401 -30.13342478523097 219
1622744433697 -30.13342478523097 220
1622744442241 -30.13342478523097 221
1622744451687 -30.13342478523097 222
1622744460584 -30.13342478523097 223
1622744469157 -30.13342478523097 224
1622744477674 -30.13342478523097 225
1622744486152 -30.13342478523097 226
1622744494672 -30.13342478523097 227
1622744503288 -30.13342478523097 228
1622744511978 -30.13342478523097 229
1622744520560 -30.13342478523097 230
1622744529316 -30.13342478523097 231
1622744538081 -30.13342478523097 232
1622744546931 -30.13342478523097 233
1622744555675 -30.13342478523097 234
1622744564467 -30.13342478523097 235
1622744573382 -30.13342478523097 236
1622744582249 -30.13342478523097 237
1622744591210 -30.13342478523097 238
1622744600212 -30.13342478523097 239
1622744609205 -30.13342478523097 240
1622744618288 -30.13342478523097 241
1622744627359 -30.13342478523097 242
1622744636489 -30.13342478523097 243
1622744645641 -30.13342478523097 244
1622744654834 -30.13342478523097 245
1622744664073 -30.13342478523097 246
1622744673324 -30.13342478523097 247
1622744682659 -30.13342478523097 248
1622744691969 -30.13342478523097 249
1622744701290 -30.13342478523097 250
1622744710701 -30.13342478523097 251
1622744720145 -30.13342478523097 252
1622744729609 -30.13342478523097 253
1622744739139 -30.13342478523097 254
1622744748674 -30.13342478523097 255
1622744758292 -30.13342478523097 256
1622744767856 -30.13342478523097 257
1622744777444 -30.13342478523097 258
1622744787124 -30.13342478523097 259
1622744796917 -30.13342478523097 260
1622744806695 -30.13342478523097 261
1622744816502 -30.13342478523097 262
1622744826384 -30.13342478523097 263
1622744836257 -30.13342478523097 264
1622744846173 -30.13342478523097 265
1622744856106 -30.13342478523097 266
1622744866108 -30.13342478523097 267
1622744876176 -30.13342478523097 268
1622744886248 -30.13342478523097 269
1622744896376 -30.13342478523097 270
1622744906495 -30.13342478523097 271
1622744916663 -30.13342478523097 272
1622744926961 -30.13342478523097 273
1622744937257 -30.13342478523097 274
1622744947584 -30.13342478523097 275
1622744957940 -30.13342478523097 276
1622744968324 -30.13342478523097 277
1622744978744 -30.13342478523097 278
1622744989116 -30.13342478523097 279
1622744999555 -30.13342478523097 280
1622745010088 -30.13342478523097 281
1622745020590 -30.13342478523097 282
1622745031165 -30.13342478523097 283
1622745041733 -30.13342478523097 284
1622745052369 -30.13342478523097 285
1622745062966 -30.13342478523097 286
1622745073720 -30.13342478523097 287
1622745084396 -30.13342478523097 288
1622745095132 -30.13342478523097 289
1622745105928 -30.13342478523097 290
1622745116729 -30.13342478523097 291
1622745127586 -30.13342478523097 292
1622745138479 -30.13342478523097 293
1622745149402 -30.13342478523097 294
1622745160416 -30.13342478523097 295
1622745171424 -30.13342478523097 296
1622745182523 -30.13342478523097 297
1622745193612 -30.13342478523097 298
1622745204709 -30.13342478523097 299
1622745216925 -30.13342478523097 300
1622745228151 -30.13342478523097 301
1622745239404 -30.13342478523097 302
1622745250686 -30.13342478523097 303
1622745262131 -30.13342478523097 304
1622745273479 -30.13342478523097 305
1622745284995 -30.13342478523097 306
1622745296475 -30.13342478523097 307
1622745307966 -30.13342478523097 308
1622745319575 -30.13342478523097 309
1622745331265 -30.13342478523097 310
1622745342909 -30.13342478523097 311
1622745354617 -30.13342478523097 312
1622745366332 -30.13342478523097 313
1622745378074 -30.13342478523097 314
1622745389865 -30.13342478523097 315
1622745402000 -30.13342478523097 316
1622745413849 -30.13342478523097 317
1622745425808 -30.13342478523097 318
1622745437752 -30.13342478523097 319
1622745449737 -30.13342478523097 320
1622745461750 -30.13342478523097 321
1622745473760 -30.13342478523097 322
1622745485801 -30.13342478523097 323
1622745497873 -30.13342478523097 324
1622745510001 -30.13342478523097 325
1622745522207 -30.13342478523097 326
1622745534458 -30.13342478523097 327
1622745546725 -30.13342478523097 328
1622745559071 -30.13342478523097 329
1622745571410 -30.13342478523097 330
1622745583743 -30.13342478523097 331
1622745596112 -30.13342478523097 332
1622745608531 -30.13342478523097 333
1622745621001 -30.13342478523097 334
1622745633482 -30.13342478523097 335
1622745646097 -30.13342478523097 336
1622745658699 -30.13342478523097 337
1622745671365 -30.13342478523097 338
1622745684027 -30.13342478523097 339
1622745696631 -30.13342478523097 340
1622745709403 -30.13342478523097 341
1622745722177 -30.13342478523097 342
1622745734954 -30.13342478523097 343
1622745747801 -30.13342478523097 344
1622745760683 -30.13342478523097 345
1622745773478 -30.13342478523097 346
1622745786397 -30.13342478523097 347
1622745799407 -30.13342478523097 348
1622745814244 -30.13342478523097 349
1622745828907 -30.13342478523097 350
1622745841919 -30.13342478523097 351
1622745854896 -30.13342478523097 352
1622745867888 -30.13342478523097 353
1622745881869 -30.13342478523097 354
1622745894978 -30.13342478523097 355
1622745908204 -30.13342478523097 356
1622745921426 -30.13342478523097 357
1622745934797 -30.13342478523097 358
1622745948114 -30.13342478523097 359
1622745961495 -30.13342478523097 360
1622745974888 -30.13342478523097 361
1622745988250 -30.13342478523097 362
1622746001695 -30.13342478523097 363
1622746015265 -30.13342478523097 364
1622746028866 -30.13342478523097 365
1622746042415 -30.13342478523097 366
1622746055975 -30.13342478523097 367
1622746069568 -30.13342478523097 368
1622746083040 -30.13342478523097 369
1622746096663 -30.13342478523097 370
1622746110354 -30.13342478523097 371
1622746124099 -30.13342478523097 372
1622746137926 -30.13342478523097 373
1622746151601 -30.13342478523097 374
1622746165459 -30.13342478523097 375
1622746179367 -30.13342478523097 376
1622746193343 -30.13342478523097 377
1622746207360 -30.13342478523097 378
1622746221400 -30.13342478523097 379
1622746235465 -30.13342478523097 380
1622746249499 -30.13342478523097 381
1622746263509 -30.13342478523097 382
1622746277681 -30.13342478523097 383
1622746292129 -30.13342478523097 384
1622746307829 -30.13342478523097 385
1622746322273 -30.13342478523097 386
1622746336754 -30.13342478523097 387
1622746351081 -30.13342478523097 388
1622746365516 -30.13342478523097 389
1622746380045 -30.13342478523097 390
1622746394619 -30.13342478523097 391
1622746409230 -30.13342478523097 392
1622746424197 -30.13342478523097 393
1622746438889 -30.13342478523097 394
1622746453574 -30.13342478523097 395
1622746468233 -30.13342478523097 396
1622746483089 -30.13342478523097 397
1622746497883 -30.13342478523097 398
1622746512657 -30.13342478523097 399
1622746527617 -30.13342478523097 400
1622746542615 -30.13342478523097 401
1622746557495 -30.13342478523097 402
1622746572499 -30.13342478523097 403
1622746587498 -30.13342478523097 404
1622746602502 -30.13342478523097 405
1622746617647 -30.13342478523097 406
1622746632791 -30.13342478523097 407
1622746648091 -30.13342478523097 408
1622746663456 -30.13342478523097 409
1622746678685 -30.13342478523097 410
1622746693998 -30.13342478523097 411
1622746709321 -30.13342478523097 412
1622746724697 -30.13342478523097 413
1622746740043 -30.13342478523097 414
1622746755501 -30.13342478523097 415
1622746770897 -30.13342478523097 416
1622746786398 -30.13342478523097 417
1622746801938 -30.13342478523097 418
1622746817472 -30.13342478523097 419
1622746832916 -30.13342478523097 420
1622746848437 -30.13342478523097 421
1622746864029 -30.13342478523097 422
1622746879726 -30.13342478523097 423
1622746897053 -30.13342478523097 424
1622746912754 -30.13342478523097 425
1622746928477 -30.13342478523097 426
1622746944199 -30.13342478523097 427
1622746961101 -30.13342478523097 428
1622746977351 -30.13342478523097 429
1622746993705 -30.13342478523097 430
1622747009812 -30.13342478523097 431
1622747025756 -30.13342478523097 432
1622747041781 -30.13342478523097 433
1622747057854 -30.13342478523097 434
1622747073962 -30.13342478523097 435
1622747090094 -30.13342478523097 436
1622747106219 -30.13342478523097 437
1622747122484 -30.13342478523097 438
1622747138834 -30.13342478523097 439
1622747155129 -30.13342478523097 440
1622747171408 -30.13342478523097 441
1622747187787 -30.13342478523097 442
1622747204204 -30.13342478523097 443
1622747220630 -30.13342478523097 444
1622747237075 -30.13342478523097 445
1622747253625 -30.13342478523097 446
1622747270237 -30.13342478523097 447
1622747286863 -30.13342478523097 448
1622747303490 -30.13342478523097 449
1622747320148 -30.13342478523097 450
1622747336729 -30.13342478523097 451
1622747353300 -30.13342478523097 452
1622747370024 -30.13342478523097 453
1622747386861 -30.13342478523097 454
1622747403680 -30.13342478523097 455
1622747420559 -30.13342478523097 456
1622747437526 -30.13342478523097 457
1622747454340 -30.13342478523097 458
1622747471146 -30.13342478523097 459
1622747488082 -30.13342478523097 460
1622747505069 -30.13342478523097 461
1622747522246 -30.13342478523097 462
1622747539365 -30.13342478523097 463
1622747556449 -30.13342478523097 464
1622747573499 -30.13342478523097 465
1622747590608 -30.13342478523097 466
1622747607942 -30.13342478523097 467
1622747625380 -30.13342478523097 468
1622747642741 -30.13342478523097 469
1622747660143 -30.13342478523097 470
1622747677533 -30.13342478523097 471
1622747694922 -30.13342478523097 472
1622747712343 -30.13342478523097 473
1622747729694 -30.13342478523097 474
1622747747128 -30.13342478523097 475
1622747764762 -30.13342478523097 476
1622747782416 -30.13342478523097 477
1622747800126 -30.13342478523097 478
1622747817843 -30.13342478523097 479
1622747835471 -30.13342478523097 480
1622747853189 -30.13342478523097 481
1622747870980 -30.13342478523097 482
1622747888817 -30.13342478523097 483
1622747906807 -30.13342478523097 484
1622747924858 -30.13342478523097 485
1622747942873 -30.13342478523097 486
1622747962162 -30.13342478523097 487
1622747980439 -30.13342478523097 488
1622747998825 -30.13342478523097 489
1622748017203 -30.13342478523097 490
1622748035632 -30.13342478523097 491
1622748054027 -30.13342478523097 492
1622748072596 -30.13342478523097 493
1622748091240 -30.13342478523097 494
1622748109883 -30.13342478523097 495
1622748128302 -30.13342478523097 496
1622748146747 -30.13342478523097 497
1622748165962 -30.13342478523097 498
1622748184389 -30.13342478523097 499
1622748202815 -30.13342478523097 500
