1622611185414 0.376 0
1622611185961 0.075 1
1622611186489 0.075 2
1622611187063 0.075 3
1622611187660 0.075 4
1622611188298 0.076 5
1622611188971 0.075 6
1622611189670 0.076 7
1622611190403 0.077 8
1622611191192 0.075 9
1622611192013 0.076 10
1622611192877 0.075 11
1622611193785 0.076 12
1622611194724 0.077 13
1622611195674 0.076 14
1622611196683 0.074 15
1622611197722 0.074 16
1622611198798 0.076 17
1622611199923 0.077 18
1622611201072 0.076 19
1622611202253 0.076 20
1622611203456 0.075 21
1622611204687 0.076 22
1622611205995 0.075 23
1622611207325 0.077 24
1622611208695 0.075 25
1622611210061 0.075 26
1622611211501 0.076 27
1622611212972 0.076 28
1622611214483 0.076 29
1622611216027 0.075 30
1622611217592 0.077 31
1622611219231 0.075 32
1622611220875 0.077 33
1622611222532 0.076 34
1622611224236 0.076 35
1622611225993 0.075 36
1622611227776 0.076 37
1622611229606 0.075 38
1622611231468 0.075 39
1622611233364 0.075 40
1622611235290 0.076 41
1622611237289 0.076 42
1622611239296 0.078 43
1622611241369 0.076 44
1622611243403 0.075 45
1622611245647 0.075 46
1622611248041 0.086 47
1622611250314 0.081 48
1622611252565 0.076 49
1622611254841 0.089 50
1622611257119 0.077 51
1622611259443 0.075 52
1622611261842 0.076 53
1622611264312 0.076 54
1622611266869 0.081 55
1622611269308 0.075 56
1622611271779 0.076 57
1622611274306 0.075 58
1622611276878 0.075 59
1622611279482 0.076 60
1622611282115 0.076 61
1622611284784 0.076 62
1622611287455 0.075 63
1622611290234 0.075 64
1622611293032 0.076 65
1622611295824 0.074 66
1622611298699 0.075 67
1622611301669 0.077 68
1622611304707 0.087 69
1622611307683 0.075 70
1622611310672 0.076 71
1622611313724 0.074 72
1622611316785 0.077 73
1622611319910 0.075 74
1622611323078 0.075 75
1622611326281 0.075 76
1622611329500 0.077 77
1622611332732 0.075 78
1622611336019 0.076 79
1622611339328 0.075 80
1622611342647 0.075 81
1622611346085 0.075 82
1622611349528 0.075 83
1622611353003 0.076 84
1622611356497 0.077 85
1622611360143 0.075 86
1622611363751 0.075 87
1622611367370 0.076 88
1622611371024 0.074 89
1622611374712 0.075 90
1622611378442 0.076 91
1622611382231 0.075 92
1622611386086 0.074 93
1622611389898 0.075 94
1622611393803 0.074 95
1622611397705 0.074 96
1622611401647 0.076 97
1622611405619 0.076 98
1622611409671 0.076 99
1622611414086 0.075 100
1622611418276 0.08 101
1622611422430 0.076 102
1622611426731 0.075 103
1622611430915 0.081 104
1622611435184 0.074 105
1622611439620 0.077 106
1622611444217 0.078 107
1622611448632 0.077 108
1622611453079 0.077 109
1622611457723 0.077 110
1622611462246 0.075 111
1622611466727 0.075 112
1622611471639 0.077 113
1622611476445 0.077 114
1622611481240 0.082 115
1622611485910 0.078 116
1622611490606 0.076 117
1622611495356 0.075 118
1622611500134 0.077 119
1622611504906 0.077 120
1622611509752 0.076 121
1622611514655 0.077 122
1622611519587 0.076 123
1622611524469 0.076 124
1622611529463 0.074 125
1622611534477 0.078 126
1622611541055 0.15 127
1622611546155 0.076 128
1622611551238 0.076 129
1622611556374 0.075 130
1622611561588 0.076 131
1622611566751 0.075 132
1622611572005 0.075 133
1622611577337 0.076 134
1622611582773 0.075 135
1622611588883 0.081 136
1622611594265 0.075 137
1622611599689 0.074 138
1622611605192 0.075 139
1622611610686 0.075 140
1622611616185 0.075 141
1622611621733 0.076 142
1622611627373 0.074 143
1622611632991 0.074 144
1622611638645 0.075 145
1622611644348 0.074 146
1622611650026 0.075 147
1622611655819 0.074 148
1622611661733 0.079 149
1622611667592 0.073 150
1622611673474 0.074 151
1622611679435 0.075 152
1622611685505 0.074 153
1622611691491 0.076 154
1622611697600 0.076 155
1622611703650 0.075 156
1622611709818 0.075 157
1622611715923 0.074 158
1622611722311 0.076 159
1622611728897 0.077 160
1622611736780 0.079 161
1622611743159 0.081 162
1622611749678 0.074 163
1622611756321 0.084 164
1622611762721 0.075 165
1622611769174 0.075 166
1622611775668 0.075 167
1622611782420 0.08 168
1622611788918 0.076 169
1622611795449 0.075 170
1622611802040 0.075 171
1622611808648 0.074 172
1622611815315 0.075 173
1622611822012 0.074 174
1622611828743 0.075 175
1622611835499 0.074 176
1622611842313 0.074 177
1622611849350 0.075 178
1622611856296 0.075 179
1622611863224 0.075 180
1622611870262 0.074 181
1622611877351 0.074 182
1622611884393 0.075 183
1622611891463 0.074 184
1622611898593 0.076 185
1622611905754 0.074 186
1622611912857 0.074 187
1622611920067 0.075 188
1622611927281 0.075 189
1622611934640 0.074 190
1622611942001 0.081 191
1622611949277 0.074 192
1622611956653 0.074 193
1622611964070 0.077 194
1622611971738 0.075 195
1622611979185 0.075 196
1622611986655 0.075 197
1622611994185 0.076 198
1622612002193 0.074 199
1622612009866 0.075 200
1622612018453 0.083 201
1622612026536 0.075 202
1622612034582 0.08 203
1622612042590 0.076 204
1622612050775 0.089 205
1622612058694 0.075 206
1622612066971 0.076 207
1622612074984 0.082 208
1622612082959 0.077 209
1622612091019 0.075 210
1622612099181 0.076 211
1622612107270 0.074 212
1622612115533 0.076 213
1622612123697 0.074 214
1622612131960 0.074 215
1622612140185 0.074 216
1622612148739 0.076 217
1622612157122 0.075 218
1622612165452 0.076 219
1622612173844 0.075 220
1622612182298 0.074 221
1622612190806 0.075 222
1622612199324 0.074 223
1622612207860 0.075 224
1622612216471 0.074 225
1622612225173 0.076 226
1622612233852 0.076 227
1622612243409 0.075 228
1622612252392 0.074 229
1622612261169 0.076 230
1622612270044 0.075 231
1622612278936 0.075 232
1622612287769 0.077 233
1622612296698 0.075 234
1622612305665 0.075 235
1622612314719 0.074 236
1622612324399 0.075 237
1622612333513 0.074 238
1622612342593 0.076 239
1622612351773 0.075 240
1622612361032 0.075 241
1622612370307 0.076 242
1622612379541 0.075 243
1622612389242 0.076 244
1622612398757 0.078 245
1622612408098 0.076 246
1622612417547 0.075 247
1622612427018 0.074 248
1622612436473 0.074 249
1622612446015 0.076 250
1622612455662 0.076 251
1622612465275 0.074 252
1622612475299 0.079 253
1622612484967 0.077 254
1622612494738 0.074 255
1622612504457 0.076 256
1622612515437 0.162 257
1622612525227 0.075 258
1622612535266 0.074 259
1622612545330 0.074 260
1622612555477 0.074 261
1622612565674 0.082 262
1622612575705 0.076 263
1622612586074 0.074 264
1622612596319 0.076 265
1622612606696 0.08 266
1622612618196 0.082 267
1622612628440 0.075 268
1622612638641 0.074 269
1622612648878 0.074 270
1622612659134 0.075 271
1622612669350 0.076 272
1622612679665 0.075 273
1622612689985 0.073 274
1622612700368 0.074 275
1622612710711 0.075 276
1622612721890 0.149 277
1622612732394 0.076 278
1622612742931 0.076 279
1622612753519 0.077 280
1622612764105 0.075 281
1622612774914 0.077 282
1622612785638 0.075 283
1622612796437 0.076 284
1622612807236 0.075 285
1622612818068 0.075 286
1622612828995 0.076 287
1622612839858 0.074 288
1622612850976 0.076 289
1622612862156 0.074 290
1622612873349 0.084 291
1622612884402 0.075 292
1622612895561 0.076 293
1622612906676 0.076 294
1622612917929 0.076 295
1622612929931 0.075 296
1622612941253 0.075 297
1622612952494 0.076 298
1622612963837 0.074 299
1622612975149 0.075 300
1622612986508 0.075 301
1622612997927 0.076 302
1622613009437 0.075 303
1622613020968 0.075 304
1622613032557 0.076 305
1622613044052 0.075 306
1622613055600 0.075 307
1622613067286 0.076 308
1622613079066 0.076 309
1622613090710 0.074 310
1622613102372 0.074 311
1622613114149 0.075 312
1622613125899 0.075 313
1622613138191 0.076 314
1622613150354 0.082 315
1622613162225 0.076 316
1622613174268 0.075 317
1622613186308 0.076 318
1622613198350 0.076 319
1622613210422 0.076 320
1622613222495 0.075 321
1622613234601 0.076 322
1622613246767 0.077 323
1622613259268 0.074 324
1622613271565 0.075 325
1622613283806 0.076 326
1622613296112 0.074 327
1622613308379 0.076 328
1622613321335 0.074 329
1622613334651 0.074 330
1622613347431 0.075 331
1622613359875 0.074 332
1622613372345 0.075 333
1622613385056 0.075 334
1622613397789 0.082 335
1622613410532 0.076 336
1622613424162 0.076 337
1622613436827 0.074 338
1622613451098 0.158 339
1622613463966 0.075 340
1622613476886 0.075 341
1622613489832 0.075 342
1622613503559 0.075 343
1622613516643 0.076 344
1622613529624 0.075 345
1622613542644 0.076 346
1622613555670 0.076 347
1622613568800 0.075 348
1622613581956 0.076 349
1622613595190 0.078 350
1622613608438 0.075 351
1622613621706 0.075 352
1622613635058 0.076 353
1622613648405 0.074 354
1622613661862 0.076 355
1622613675274 0.076 356
1622613688715 0.075 357
1622613702314 0.076 358
1622613715935 0.076 359
1622613729447 0.075 360
1622613742951 0.076 361
1622613756632 0.076 362
1622613770486 0.076 363
1622613784113 0.075 364
1622613797887 0.076 365
1622613811705 0.074 366
1622613825439 0.074 367
1622613839267 0.078 368
1622613853237 0.076 369
1622613867343 0.078 370
1622613881311 0.074 371
1622613895272 0.075 372
1622613909191 0.075 373
1622613923151 0.076 374
1622613937108 0.075 375
1622613951186 0.075 376
1622613965236 0.075 377
1622613979555 0.076 378
1622613993760 0.075 379
1622614007999 0.074 380
1622614022291 0.075 381
1622614036677 0.075 382
1622614051052 0.074 383
1622614065749 0.076 384
1622614080129 0.076 385
1622614094976 0.075 386
1622614109521 0.081 387
1622614124779 0.074 388
1622614139619 0.078 389
1622614154159 0.076 390
1622614168801 0.075 391
1622614183482 0.074 392
1622614198322 0.075 393
1622614213137 0.078 394
1622614227991 0.074 395
1622614242877 0.072 396
1622614258574 0.074 397
1622614273484 0.075 398
1622614288441 0.074 399
1622614303362 0.075 400
1622614319888 0.075 401
1622614334928 0.074 402
1622614350071 0.076 403
1622614365134 0.076 404
1622614380629 0.075 405
1622614396097 0.075 406
1622614411374 0.075 407
1622614426748 0.075 408
1622614442338 0.079 409
1622614457958 0.074 410
1622614473486 0.076 411
1622614488974 0.077 412
1622614504385 0.074 413
1622614520428 0.158 414
1622614535778 0.074 415
1622614551152 0.075 416
1622614566744 0.075 417
1622614582262 0.074 418
1622614597836 0.074 419
1622614613473 0.076 420
1622614629090 0.073 421
1622614644748 0.075 422
1622614660352 0.075 423
1622614676094 0.075 424
1622614691829 0.075 425
1622614708220 0.075 426
1622614724980 0.078 427
1622614741072 0.079 428
1622614756942 0.076 429
1622614773052 0.075 430
1622614789300 0.074 431
1622614805421 0.074 432
1622614821393 0.076 433
1622614837493 0.075 434
1622614853813 0.076 435
1622614869921 0.077 436
1622614886235 0.075 437
1622614902466 0.076 438
1622614918951 0.075 439
1622614935487 0.076 440
1622614951897 0.074 441
1622614968341 0.074 442
1622614984822 0.076 443
1622615001338 0.074 444
1622615017903 0.074 445
1622615035484 0.08 446
1622615052210 0.074 447
1622615068933 0.075 448
1622615085642 0.074 449
1622615102386 0.071 450
1622615119268 0.071 451
1622615136091 0.075 452
1622615153049 0.074 453
1622615170646 0.085 454
1622615187800 0.075 455
1622615204858 0.075 456
1622615221848 0.076 457
1622615238882 0.074 458
1622615256773 0.074 459
1622615273804 0.074 460
1622615291043 0.075 461
1622615308156 0.074 462
1622615325432 0.074 463
1622615342723 0.075 464
1622615360013 0.075 465
1622615377393 0.074 466
1622615394893 0.075 467
1622615412425 0.075 468
1622615429962 0.076 469
1622615447614 0.074 470
1622615465129 0.076 471
1622615482730 0.076 472
1622615500251 0.075 473
1622615517917 0.074 474
1622615535552 0.075 475
1622615553172 0.075 476
1622615570890 0.075 477
1622615588792 0.076 478
1622615606773 0.077 479
1622615624592 0.075 480
1622615644423 0.147 481
1622615664213 0.171 482
1622615682174 0.074 483
1622615700289 0.073 484
1622615718306 0.074 485
1622615736487 0.073 486
1622615755147 0.074 487
1622615774833 0.158 488
1622615793180 0.076 489
1622615812097 0.074 490
1622615830605 0.072 491
1622615849007 0.073 492
1622615867523 0.076 493
1622615886296 0.075 494
1622615904970 0.076 495
1622615923434 0.076 496
1622615942061 0.075 497
1622615961506 0.077 498
1622615980230 0.074 499
1622615999107 0.077 500
