1622827161595 50 0
1622827163621 60 1
1622827165571 70 2
1622827167756 80 3
1622827170076 90 4
1622827172592 100 5
1622827175281 110 6
1622827178127 120 7
1622827181129 130 8
1622827184344 140 9
1622827187651 150 10
1622827191164 160 11
1622827194830 170 12
1622827198619 180 13
1622827202620 190 14
1622827206875 200 15
1622827211120 210 16
1622827215631 220 17
1622827220348 230 18
1622827225238 240 19
1622827230270 250 20
1622827235432 260 21
1622827240773 270 22
1622827246329 280 23
1622827252073 290 24
1622827257983 300 25
1622827263948 310 26
1622827270126 320 27
1622827276388 330 28
1622827282818 340 29
1622827289368 350 30
1622827296143 360 31
1622827303109 370 32
1622827310286 380 33
1622827317426 390 34
1622827324915 400 35
1622827332529 410 36
1622827340433 420 37
1622827348454 430 38
1622827356502 440 39
1622827364861 450 40
1622827373215 460 41
1622827381897 470 42
1622827390718 480 43
1622827399772 490 44
1622827408958 500 45
1622827418184 510 46
1622827427707 520 47
1622827437403 530 48
1622827447127 540 49
1622827457133 550 50
1622827467170 560 51
1622827477581 570 52
1622827488171 580 53
1622827498842 590 54
1622827509622 600 55
1622827520734 610 56
1622827531833 620 57
1622827543297 630 58
1622827554734 640 59
1622827566386 650 60
1622827578272 660 61
1622827590195 670 62
1622827602366 680 63
1622827614771 690 64
1622827627333 700 65
1622827640103 710 66
1622827653025 720 67
1622827666089 730 68
1622827679280 740 69
1622827692589 750 70
1622827706051 760 71
1622827719685 770 72
1622827733533 780 73
1622827747510 790 74
1622827761678 800 75
1622827775866 810 76
1622827790366 820 77
1622827805134 830 78
1622827819862 840 79
1622827834851 850 80
1622827849904 860 81
1622827865194 870 82
1622827880781 880 83
1622827896603 890 84
1622827912432 900 85
1622827928613 910 86
1622827944548 920 87
1622827960753 930 88
1622827977192 940 89
1622827993814 950 90
1622828010538 960 91
1622828027522 970 92
1622828044674 980 93
1622828062039 990 94
1622828079444 1000 95
1622828097176 1010 96
1622828114776 1020 97
1622828132727 1030 98
1622828150975 1040 99
1622828169422 1050 100
1622828188080 1060 101
1622828206785 1070 102
1622828225729 1080 103
1622828244565 1090 104
1622828263744 1100 105
1622828283010 1110 106
1622828302366 1120 107
1622828321938 1130 108
1622828341618 1140 109
1622828361547 1150 110
1622828381529 1160 111
1622828401859 1170 112
1622828422401 1180 113
1622828442975 1190 114
1622828463781 1200 115
1622828484911 1210 116
1622828506144 1220 117
1622828527474 1230 118
1622828548913 1240 119
1622828570650 1250 120
1622828592479 1260 121
1622828614339 1270 122
1622828636321 1280 123
1622828658693 1290 124
1622828681272 1300 125
1622828703789 1310 126
1622828726436 1320 127
1622828749667 1330 128
1622828773017 1340 129
1622828796364 1350 130
1622828819611 1360 131
1622828843157 1370 132
1622828866987 1380 133
1622828890915 1390 134
1622828915046 1400 135
1622828939399 1410 136
1622828963739 1420 137
1622828988452 1430 138
1622829013180 1440 139
1622829038193 1450 140
1622829063322 1460 141
1622829088672 1470 142
1622829113967 1480 143
1622829139443 1490 144
1622829165491 1500 145
1622829191567 1510 146
1622829217726 1520 147
1622829244103 1530 148
1622829270732 1540 149
1622829297342 1550 150
1622829324201 1560 151
1622829351075 1570 152
1622829378144 1580 153
1622829405456 1590 154
1622829433027 1600 155
1622829460696 1610 156
1622829488449 1620 157
1622829516611 1630 158
1622829544840 1640 159
1622829573199 1650 160
1622829601693 1660 161
1622829630403 1670 162
1622829659083 1680 163
1622829687923 1690 164
1622829716980 1700 165
1622829746055 1710 166
1622829775599 1720 167
1622829805288 1730 168
1622829835205 1740 169
1622829865162 1750 170
1622829895158 1760 171
1622829925296 1770 172
1622829955768 1780 173
1622829986642 1790 174
1622830017140 1800 175
1622830048054 1810 176
1622830079245 1820 177
1622830110624 1830 178
1622830142277 1840 179
1622830173846 1850 180
1622830205736 1860 181
1622830237597 1870 182
1622830269454 1880 183
1622830301682 1890 184
1622830334346 1900 185
1622830366971 1910 186
1622830400011 1920 187
1622830432864 1930 188
1622830465793 1940 189
1622830498887 1950 190
1622830532427 1960 191
1622830565991 1970 192
1622830599691 1980 193
1622830633533 1990 194
1622830667506 2000 195
1622830701706 2010 196
1622830735907 2020 197
1622830770487 2030 198
1622830805411 2040 199
1622830840419 2050 200
1622830875435 2060 201
1622830910654 2070 202
1622830946111 2080 203
1622830981588 2090 204
1622831017142 2100 205
1622831053063 2110 206
1622831089342 2120 207
1622831125795 2130 208
1622831162143 2140 209
1622831198926 2150 210
1622831235474 2160 211
1622831272376 2170 212
1622831309670 2180 213
1622831347107 2190 214
1622831384463 2200 215
1622831422332 2210 216
1622831459989 2220 217
1622831498152 2230 218
1622831536527 2240 219
1622831574523 2250 220
1622831612751 2260 221
1622831651200 2270 222
1622831689826 2280 223
1622831728921 2290 224
1622831768250 2300 225
1622831807493 2310 226
1622831847088 2320 227
1622831886531 2330 228
1622831926527 2340 229
1622831966394 2350 230
1622832006344 2360 231
1622832046463 2370 232
1622832086826 2380 233
1622832127494 2390 234
1622832168058 2400 235
1622832209342 2410 236
1622832250107 2420 237
1622832291414 2430 238
1622832332957 2440 239
1622832374357 2450 240
1622832416226 2460 241
1622832458295 2470 242
1622832500468 2480 243
1622832543034 2490 244
1622832585406 2500 245
1622832627896 2510 246
1622832670608 2520 247
1622832713543 2530 248
1622832756693 2540 249
1622832800118 2550 250
1622832843755 2560 251
1622832887359 2570 252
1622832930855 2580 253
1622832974825 2590 254
1622833018861 2600 255
1622833062775 2610 256
1622833107265 2620 257
1622833152011 2630 258
1622833196901 2640 259
1622833241970 2650 260
1622833287030 2660 261
1622833332332 2670 262
1622833377901 2680 263
1622833423741 2690 264
1622833469678 2700 265
1622833515990 2710 266
1622833562152 2720 267
1622833608373 2730 268
1622833654584 2740 269
1622833701484 2750 270
1622833748423 2760 271
1622833795669 2770 272
1622833842868 2780 273
1622833889904 2790 274
1622833937523 2800 275
1622833985189 2810 276
1622834032991 2820 277
1622834081216 2830 278
1622834129236 2840 279
1622834177666 2850 280
1622834226462 2860 281
1622834274713 2870 282
1622834323714 2880 283
1622834372713 2890 284
1622834421801 2900 285
1622834471242 2910 286
1622834520935 2920 287
1622834570523 2930 288
1622834619980 2940 289
1622834669769 2950 290
1622834719809 2960 291
1622834769804 2970 292
1622834820514 2980 293
1622834871156 2990 294
1622834921977 3000 295
1622834972478 3010 296
1622835023582 3020 297
1622835074978 3030 298
1622835126388 3040 299
1622835177981 3050 300
1622835229792 3060 301
1622835281643 3070 302
1622835333863 3080 303
1622835386046 3090 304
1622835438517 3100 305
1622835490930 3110 306
1622835543892 3120 307
1622835596723 3130 308
1622835649962 3140 309
1622835703138 3150 310
1622835756766 3160 311
1622835810501 3170 312
1622835864174 3180 313
1622835918156 3190 314
1622835972570 3200 315
1622836026796 3210 316
1622836081366 3220 317
1622836136029 3230 318
1622836191092 3240 319
1622836245993 3250 320
1622836301399 3260 321
1622836356779 3270 322
1622836412479 3280 323
1622836468215 3290 324
1622836523986 3300 325
1622836579869 3310 326
1622836636376 3320 327
1622836692905 3330 328
1622836749164 3340 329
1622836805839 3350 330
1622836862400 3360 331
1622836919266 3370 332
1622836976487 3380 333
1622837033929 3390 334
1622837091357 3400 335
1622837149033 3410 336
1622837206820 3420 337
1622837265013 3430 338
1622837323027 3440 339
1622837381078 3450 340
1622837439453 3460 341
1622837498024 3470 342
1622837556868 3480 343
1622837615404 3490 344
1622837674466 3500 345
1622837733884 3510 346
1622837793366 3520 347
1622837852793 3530 348
1622837912265 3540 349
1622837972333 3550 350
1622838032419 3560 351
1622838092446 3570 352
1622838153018 3580 353
1622838213813 3590 354
1622838274283 3600 355
1622838335104 3610 356
1622838395965 3620 357
1622838456786 3630 358
1622838517995 3640 359
1622838579117 3650 360
1622838640826 3660 361
1622838702754 3670 362
1622838765005 3680 363
1622838827524 3690 364
1622838890295 3700 365
1622838953304 3710 366
1622839016327 3720 367
1622839079700 3730 368
1622839142558 3740 369
1622839205841 3750 370
1622839268900 3760 371
1622839332603 3770 372
1622839396304 3780 373
1622839460471 3790 374
1622839524519 3800 375
1622839589081 3810 376
1622839653584 3820 377
1622839718006 3830 378
1622839782499 3840 379
1622839847314 3850 380
1622839912413 3860 381
1622839977496 3870 382
1622840042837 3880 383
1622840108654 3890 384
1622840174089 3900 385
1622840239985 3910 386
1622840306104 3920 387
1622840372357 3930 388
1622840439012 3940 389
1622840505935 3950 390
1622840572545 3960 391
1622840639395 3970 392
1622840706825 3980 393
1622840774217 3990 394
1622840841767 4000 395
1622840909292 4010 396
1622840977404 4020 397
1622841045563 4030 398
1622841113907 4040 399
1622841182623 4050 400
1622841250917 4060 401
1622841319720 4070 402
1622841388338 4080 403
1622841457351 4090 404
1622841526355 4100 405
1622841595761 4110 406
1622841665272 4120 407
1622841735023 4130 408
1622841804737 4140 409
1622841874416 4150 410
1622841944121 4160 411
1622842014943 4170 412
1622842085441 4180 413
1622842156182 4190 414
1622842227233 4200 415
1622842298033 4210 416
1622842369064 4220 417
1622842440383 4230 418
1622842511591 4240 419
1622842582916 4250 420
1622842654924 4260 421
1622842726485 4270 422
1622842798609 4280 423
1622842870620 4290 424
1622842942890 4300 425
1622843016282 4310 426
1622843089658 4320 427
1622843162149 4330 428
1622843235285 4340 429
1622843308610 4350 430
1622843382180 4360 431
1622843456087 4370 432
1622843530268 4380 433
1622843604734 4390 434
1622843679059 4400 435
1622843753302 4410 436
1622843827882 4420 437
1622843902466 4430 438
1622843977322 4440 439
1622844052131 4450 440
1622844127011 4460 441
1622844202500 4470 442
1622844278107 4480 443
1622844353659 4490 444
1622844429162 4500 445
1622844505175 4510 446
1622844580978 4520 447
1622844656955 4530 448
1622844733356 4540 449
1622844809740 4550 450
1622844886418 4560 451
1622844963306 4570 452
1622845040211 4580 453
1622845117998 4590 454
1622845195690 4600 455
1622845273443 4610 456
1622845351832 4620 457
1622845430743 4630 458
1622845509476 4640 459
1622845588095 4650 460
1622845666766 4660 461
1622845745733 4670 462
1622845825056 4680 463
1622845904216 4690 464
1622845983085 4700 465
1622846062625 4710 466
1622846142270 4720 467
1622846222731 4730 468
1622846303299 4740 469
1622846383795 4750 470
1622846464087 4760 471
1622846544847 4770 472
1622846625651 4780 473
1622846706603 4790 474
1622846787716 4800 475
1622846869098 4810 476
1622846950651 4820 477
1622847032167 4830 478
1622847114021 4840 479
1622847195705 4850 480
1622847277639 4860 481
1622847360292 4870 482
1622847443185 4880 483
1622847525479 4890 484
1622847608276 4900 485
1622847691161 4910 486
1622847774255 4920 487
1622847857337 4930 488
1622847940462 4940 489
1622848023413 4950 490
1622848107071 4960 491
1622848190601 4970 492
1622848274448 4980 493
1622848358771 4990 494
1622848442738 5000 495
1622848527009 5010 496
1622848611849 5020 497
1622848696767 5030 498
1622848782027 5040 499
1622848866896 5050 500
