1622827161588 -91.3784184977016 0
1622827163614 -15.393110428898105 1
1622827165564 -15.393110428898105 2
1622827167750 -15.393110428898105 3
1622827170070 -15.393110428898105 4
1622827172585 -15.393110428898105 5
1622827175275 -15.393110428898105 6
1622827178121 -15.393110428898105 7
1622827181122 -15.393110428898105 8
1622827184337 -15.393110428898105 9
1622827187645 -15.393110428898105 10
1622827191157 -15.393110428898105 11
1622827194823 -15.393110428898105 12
1622827198613 -15.393110428898105 13
1622827202614 -15.393110428898105 14
1622827206869 -15.393110428898105 15
1622827211113 -15.393110428898105 16
1622827215625 -15.393110428898105 17
1622827220342 -15.393110428898105 18
1622827225231 -15.393110428898105 19
1622827230264 -15.393110428898105 20
1622827235425 -15.393110428898105 21
1622827240767 -15.393110428898105 22
1622827246322 -15.393110428898105 23
1622827252066 -15.393110428898105 24
1622827257976 -15.393110428898105 25
1622827263942 -15.393110428898105 26
1622827270119 -15.393110428898105 27
1622827276382 -15.393110428898105 28
1622827282812 -15.393110428898105 29
1622827289362 -15.393110428898105 30
1622827296137 -15.393110428898105 31
1622827303102 -15.393110428898105 32
1622827310279 -15.393110428898105 33
1622827317419 -15.393110428898105 34
1622827324909 -15.393110428898105 35
1622827332522 -15.393110428898105 36
1622827340426 -15.393110428898105 37
1622827348447 -15.393110428898105 38
1622827356496 -15.393110428898105 39
1622827364854 -15.393110428898105 40
1622827373209 -15.393110428898105 41
1622827381891 -15.393110428898105 42
1622827390712 -15.393110428898105 43
1622827399765 -15.393110428898105 44
1622827408952 -15.393110428898105 45
1622827418177 -15.393110428898105 46
1622827427700 -15.393110428898105 47
1622827437397 -15.393110428898105 48
1622827447121 -15.393110428898105 49
1622827457127 -15.393110428898105 50
1622827467163 -15.393110428898105 51
1622827477575 -15.393110428898105 52
1622827488165 -15.393110428898105 53
1622827498835 -15.393110428898105 54
1622827509616 -15.393110428898105 55
1622827520728 -15.393110428898105 56
1622827531826 -15.393110428898105 57
1622827543291 -15.393110428898105 58
1622827554728 -15.393110428898105 59
1622827566379 -15.393110428898105 60
1622827578266 -15.393110428898105 61
1622827590189 -15.393110428898105 62
1622827602360 -15.393110428898105 63
1622827614764 -15.393110428898105 64
1622827627326 -15.393110428898105 65
1622827640097 -15.393110428898105 66
1622827653019 -15.393110428898105 67
1622827666082 -15.393110428898105 68
1622827679274 -15.393110428898105 69
1622827692582 -15.393110428898105 70
1622827706044 -15.393110428898105 71
1622827719678 -15.393110428898105 72
1622827733526 -15.393110428898105 73
1622827747504 -15.393110428898105 74
1622827761671 -15.393110428898105 75
1622827775859 -15.393110428898105 76
1622827790359 -15.393110428898105 77
1622827805127 -15.393110428898105 78
1622827819856 -15.393110428898105 79
1622827834844 -15.393110428898105 80
1622827849897 -15.393110428898105 81
1622827865187 -15.393110428898105 82
1622827880775 -15.393110428898105 83
1622827896596 -15.393110428898105 84
1622827912426 -15.393110428898105 85
1622827928607 -15.393110428898105 86
1622827944541 -15.393110428898105 87
1622827960746 -15.393110428898105 88
1622827977185 -15.393110428898105 89
1622827993808 -15.393110428898105 90
1622828010531 -15.393110428898105 91
1622828027515 -15.393110428898105 92
1622828044667 -15.393110428898105 93
1622828062032 -15.393110428898105 94
1622828079438 -15.393110428898105 95
1622828097169 -15.393110428898105 96
1622828114770 -15.393110428898105 97
1622828132720 -15.393110428898105 98
1622828150968 -15.393110428898105 99
1622828169416 -15.393110428898105 100
1622828188073 -15.393110428898105 101
1622828206779 -15.393110428898105 102
1622828225722 -15.393110428898105 103
1622828244558 -15.393110428898105 104
1622828263738 -15.393110428898105 105
1622828283004 -15.393110428898105 106
1622828302359 -15.393110428898105 107
1622828321931 -15.393110428898105 108
1622828341611 -15.393110428898105 109
1622828361541 -15.393110428898105 110
1622828381523 -15.393110428898105 111
1622828401852 -15.393110428898105 112
1622828422394 -15.393110428898105 113
1622828442968 -15.393110428898105 114
1622828463774 -15.393110428898105 115
1622828484904 -15.393110428898105 116
1622828506138 -15.393110428898105 117
1622828527467 -15.393110428898105 118
1622828548907 -15.393110428898105 119
1622828570643 -15.393110428898105 120
1622828592473 -15.393110428898105 121
1622828614332 -15.393110428898105 122
1622828636314 -15.393110428898105 123
1622828658687 -15.393110428898105 124
1622828681265 -15.393110428898105 125
1622828703782 -15.393110428898105 126
1622828726429 -15.393110428898105 127
1622828749660 -15.393110428898105 128
1622828773011 -15.393110428898105 129
1622828796357 -15.393110428898105 130
1622828819604 -15.393110428898105 131
1622828843150 -15.393110428898105 132
1622828866981 -15.393110428898105 133
1622828890908 -15.393110428898105 134
1622828915040 -15.393110428898105 135
1622828939392 -15.393110428898105 136
1622828963732 -15.393110428898105 137
1622828988446 -15.393110428898105 138
1622829013173 -15.393110428898105 139
1622829038186 -15.393110428898105 140
1622829063315 -15.393110428898105 141
1622829088665 -15.393110428898105 142
1622829113959 -15.393110428898105 143
1622829139436 -15.393110428898105 144
1622829165485 -15.393110428898105 145
1622829191560 -15.393110428898105 146
1622829217719 -15.393110428898105 147
1622829244096 -15.393110428898105 148
1622829270726 -15.393110428898105 149
1622829297335 -15.393110428898105 150
1622829324195 -15.393110428898105 151
1622829351068 -15.393110428898105 152
1622829378138 -15.393110428898105 153
1622829405449 -15.393110428898105 154
1622829433020 -15.393110428898105 155
1622829460690 -15.393110428898105 156
1622829488443 -15.393110428898105 157
1622829516605 -15.393110428898105 158
1622829544833 -15.393110428898105 159
1622829573192 -15.393110428898105 160
1622829601686 -15.393110428898105 161
1622829630396 -15.393110428898105 162
1622829659076 -15.393110428898105 163
1622829687916 -15.393110428898105 164
1622829716974 -15.393110428898105 165
1622829746049 -15.393110428898105 166
1622829775592 -15.393110428898105 167
1622829805281 -15.393110428898105 168
1622829835198 -15.393110428898105 169
1622829865156 -15.393110428898105 170
1622829895151 -15.393110428898105 171
1622829925290 -15.393110428898105 172
1622829955761 -15.393110428898105 173
1622829986635 -15.393110428898105 174
1622830017133 -15.393110428898105 175
1622830048046 -15.393110428898105 176
1622830079239 -15.393110428898105 177
1622830110618 -15.393110428898105 178
1622830142271 -15.393110428898105 179
1622830173839 -15.393110428898105 180
1622830205729 -15.393110428898105 181
1622830237591 -15.393110428898105 182
1622830269447 -15.393110428898105 183
1622830301675 -15.393110428898105 184
1622830334340 -15.393110428898105 185
1622830366965 -15.393110428898105 186
1622830400004 -15.393110428898105 187
1622830432858 -15.393110428898105 188
1622830465786 -15.393110428898105 189
1622830498881 -15.393110428898105 190
1622830532421 -15.393110428898105 191
1622830565985 -15.393110428898105 192
1622830599684 -15.393110428898105 193
1622830633526 -15.393110428898105 194
1622830667499 -15.393110428898105 195
1622830701700 -15.393110428898105 196
1622830735900 -15.393110428898105 197
1622830770480 -15.393110428898105 198
1622830805405 -15.393110428898105 199
1622830840412 -15.393110428898105 200
1622830875428 -15.393110428898105 201
1622830910647 -15.393110428898105 202
1622830946104 -15.393110428898105 203
1622830981581 -15.393110428898105 204
1622831017135 -15.393110428898105 205
1622831053057 -15.393110428898105 206
1622831089336 -15.393110428898105 207
1622831125789 -15.393110428898105 208
1622831162136 -15.393110428898105 209
1622831198919 -15.393110428898105 210
1622831235468 -15.393110428898105 211
1622831272370 -15.393110428898105 212
1622831309663 -15.393110428898105 213
1622831347101 -15.393110428898105 214
1622831384456 -15.393110428898105 215
1622831422326 -15.393110428898105 216
1622831459982 -15.393110428898105 217
1622831498145 -15.393110428898105 218
1622831536520 -15.393110428898105 219
1622831574517 -15.393110428898105 220
1622831612744 -15.393110428898105 221
1622831651194 -15.393110428898105 222
1622831689819 -15.393110428898105 223
1622831728914 -15.393110428898105 224
1622831768243 -15.393110428898105 225
1622831807486 -15.393110428898105 226
1622831847082 -15.393110428898105 227
1622831886524 -15.393110428898105 228
1622831926520 -15.393110428898105 229
1622831966388 -15.393110428898105 230
1622832006338 -15.393110428898105 231
1622832046457 -15.393110428898105 232
1622832086820 -15.393110428898105 233
1622832127487 -15.393110428898105 234
1622832168051 -15.393110428898105 235
1622832209335 -15.393110428898105 236
1622832250100 -15.393110428898105 237
1622832291407 -15.393110428898105 238
1622832332951 -15.393110428898105 239
1622832374351 -15.393110428898105 240
1622832416220 -15.393110428898105 241
1622832458289 -15.393110428898105 242
1622832500462 -15.393110428898105 243
1622832543027 -15.393110428898105 244
1622832585400 -15.393110428898105 245
1622832627889 -15.393110428898105 246
1622832670601 -15.393110428898105 247
1622832713537 -15.393110428898105 248
1622832756687 -15.393110428898105 249
1622832800112 -15.393110428898105 250
1622832843749 -15.393110428898105 251
1622832887352 -15.393110428898105 252
1622832930848 -15.393110428898105 253
1622832974818 -15.393110428898105 254
1622833018855 -15.393110428898105 255
1622833062769 -15.393110428898105 256
1622833107258 -15.393110428898105 257
1622833152004 -15.393110428898105 258
1622833196895 -15.393110428898105 259
1622833241963 -15.393110428898105 260
1622833287024 -15.393110428898105 261
1622833332326 -15.393110428898105 262
1622833377895 -15.393110428898105 263
1622833423734 -15.393110428898105 264
1622833469671 -15.393110428898105 265
1622833515983 -15.393110428898105 266
1622833562145 -15.393110428898105 267
1622833608366 -15.393110428898105 268
1622833654577 -15.393110428898105 269
1622833701478 -15.393110428898105 270
1622833748416 -15.393110428898105 271
1622833795662 -15.393110428898105 272
1622833842861 -15.393110428898105 273
1622833889898 -15.393110428898105 274
1622833937516 -15.393110428898105 275
1622833985182 -15.393110428898105 276
1622834032984 -15.393110428898105 277
1622834081210 -15.393110428898105 278
1622834129229 -15.393110428898105 279
1622834177659 -15.393110428898105 280
1622834226456 -15.393110428898105 281
1622834274706 -15.393110428898105 282
1622834323708 -15.393110428898105 283
1622834372707 -15.393110428898105 284
1622834421795 -15.393110428898105 285
1622834471236 -15.393110428898105 286
1622834520929 -15.393110428898105 287
1622834570517 -15.393110428898105 288
1622834619973 -15.393110428898105 289
1622834669762 -15.393110428898105 290
1622834719803 -15.393110428898105 291
1622834769797 -15.393110428898105 292
1622834820507 -15.393110428898105 293
1622834871150 -15.393110428898105 294
1622834921971 -15.393110428898105 295
1622834972472 -15.393110428898105 296
1622835023576 -15.393110428898105 297
1622835074972 -15.393110428898105 298
1622835126382 -15.393110428898105 299
1622835177975 -15.393110428898105 300
1622835229785 -15.393110428898105 301
1622835281636 -15.393110428898105 302
1622835333857 -15.393110428898105 303
1622835386039 -15.393110428898105 304
1622835438510 -15.393110428898105 305
1622835490923 -15.393110428898105 306
1622835543886 -15.393110428898105 307
1622835596717 -15.393110428898105 308
1622835649956 -15.393110428898105 309
1622835703131 -15.393110428898105 310
1622835756759 -15.393110428898105 311
1622835810495 -15.393110428898105 312
1622835864167 -15.393110428898105 313
1622835918150 -15.393110428898105 314
1622835972564 -15.393110428898105 315
1622836026789 -15.393110428898105 316
1622836081359 -15.393110428898105 317
1622836136023 -15.393110428898105 318
1622836191086 -15.393110428898105 319
1622836245987 -15.393110428898105 320
1622836301392 -15.393110428898105 321
1622836356772 -15.393110428898105 322
1622836412472 -15.393110428898105 323
1622836468208 -15.393110428898105 324
1622836523980 -15.393110428898105 325
1622836579862 -15.393110428898105 326
1622836636370 -15.393110428898105 327
1622836692898 -15.393110428898105 328
1622836749158 -15.393110428898105 329
1622836805832 -15.393110428898105 330
1622836862394 -15.393110428898105 331
1622836919260 -15.393110428898105 332
1622836976480 -15.393110428898105 333
1622837033923 -15.393110428898105 334
1622837091351 -15.393110428898105 335
1622837149026 -15.393110428898105 336
1622837206813 -15.393110428898105 337
1622837265007 -15.393110428898105 338
1622837323020 -15.393110428898105 339
1622837381071 -15.393110428898105 340
1622837439446 -15.393110428898105 341
1622837498017 -15.393110428898105 342
1622837556861 -15.393110428898105 343
1622837615397 -15.393110428898105 344
1622837674459 -15.393110428898105 345
1622837733878 -15.393110428898105 346
1622837793359 -15.393110428898105 347
1622837852786 -15.393110428898105 348
1622837912259 -15.393110428898105 349
1622837972326 -15.393110428898105 350
1622838032413 -15.393110428898105 351
1622838092440 -15.393110428898105 352
1622838153012 -15.393110428898105 353
1622838213806 -15.393110428898105 354
1622838274276 -15.393110428898105 355
1622838335096 -15.393110428898105 356
1622838395959 -15.393110428898105 357
1622838456780 -15.393110428898105 358
1622838517989 -15.393110428898105 359
1622838579110 -15.393110428898105 360
1622838640819 -15.393110428898105 361
1622838702747 -15.393110428898105 362
1622838764999 -15.393110428898105 363
1622838827517 -15.393110428898105 364
1622838890288 -15.393110428898105 365
1622838953297 -15.393110428898105 366
1622839016320 -15.393110428898105 367
1622839079693 -15.393110428898105 368
1622839142552 -15.393110428898105 369
1622839205834 -15.393110428898105 370
1622839268893 -15.393110428898105 371
1622839332596 -15.393110428898105 372
1622839396298 -15.393110428898105 373
1622839460464 -15.393110428898105 374
1622839524513 -15.393110428898105 375
1622839589075 -15.393110428898105 376
1622839653577 -15.393110428898105 377
1622839717999 -15.393110428898105 378
1622839782492 -15.393110428898105 379
1622839847308 -15.393110428898105 380
1622839912405 -15.393110428898105 381
1622839977489 -15.393110428898105 382
1622840042830 -15.393110428898105 383
1622840108648 -15.393110428898105 384
1622840174083 -15.393110428898105 385
1622840239978 -15.393110428898105 386
1622840306098 -15.393110428898105 387
1622840372350 -15.393110428898105 388
1622840439005 -15.393110428898105 389
1622840505929 -15.393110428898105 390
1622840572539 -15.393110428898105 391
1622840639388 -15.393110428898105 392
1622840706819 -15.393110428898105 393
1622840774211 -15.393110428898105 394
1622840841761 -15.393110428898105 395
1622840909285 -15.393110428898105 396
1622840977397 -15.393110428898105 397
1622841045556 -15.393110428898105 398
1622841113901 -15.393110428898105 399
1622841182616 -15.393110428898105 400
1622841250911 -15.393110428898105 401
1622841319713 -15.393110428898105 402
1622841388332 -15.393110428898105 403
1622841457345 -15.393110428898105 404
1622841526348 -15.393110428898105 405
1622841595754 -15.393110428898105 406
1622841665265 -15.393110428898105 407
1622841735016 -15.393110428898105 408
1622841804730 -15.393110428898105 409
1622841874409 -15.393110428898105 410
1622841944114 -15.393110428898105 411
1622842014936 -15.393110428898105 412
1622842085434 -15.393110428898105 413
1622842156176 -15.393110428898105 414
1622842227226 -15.393110428898105 415
1622842298026 -15.393110428898105 416
1622842369058 -15.393110428898105 417
1622842440376 -15.393110428898105 418
1622842511584 -15.393110428898105 419
1622842582909 -15.393110428898105 420
1622842654918 -15.393110428898105 421
1622842726479 -15.393110428898105 422
1622842798602 -15.393110428898105 423
1622842870613 -15.393110428898105 424
1622842942883 -15.393110428898105 425
1622843016275 -15.393110428898105 426
1622843089652 -15.393110428898105 427
1622843162143 -15.393110428898105 428
1622843235278 -15.393110428898105 429
1622843308604 -15.393110428898105 430
1622843382173 -15.393110428898105 431
1622843456080 -15.393110428898105 432
1622843530262 -15.393110428898105 433
1622843604727 -15.393110428898105 434
1622843679053 -15.393110428898105 435
1622843753296 -15.393110428898105 436
1622843827876 -15.393110428898105 437
1622843902459 -15.393110428898105 438
1622843977316 -15.393110428898105 439
1622844052124 -15.393110428898105 440
1622844127004 -15.393110428898105 441
1622844202493 -15.393110428898105 442
1622844278100 -15.393110428898105 443
1622844353652 -15.393110428898105 444
1622844429155 -15.393110428898105 445
1622844505168 -15.393110428898105 446
1622844580972 -15.393110428898105 447
1622844656949 -15.393110428898105 448
1622844733349 -15.393110428898105 449
1622844809733 -15.393110428898105 450
1622844886411 -15.393110428898105 451
1622844963299 -15.393110428898105 452
1622845040205 -15.393110428898105 453
1622845117991 -15.393110428898105 454
1622845195684 -15.393110428898105 455
1622845273436 -15.393110428898105 456
1622845351825 -15.393110428898105 457
1622845430736 -15.393110428898105 458
1622845509470 -15.393110428898105 459
1622845588088 -15.393110428898105 460
1622845666759 -15.393110428898105 461
1622845745726 -15.393110428898105 462
1622845825049 -15.393110428898105 463
1622845904210 -15.393110428898105 464
1622845983079 -15.393110428898105 465
1622846062618 -15.393110428898105 466
1622846142263 -15.393110428898105 467
1622846222724 -15.393110428898105 468
1622846303292 -15.393110428898105 469
1622846383788 -15.393110428898105 470
1622846464080 -15.393110428898105 471
1622846544840 -15.393110428898105 472
1622846625644 -15.393110428898105 473
1622846706597 -15.393110428898105 474
1622846787709 -15.393110428898105 475
1622846869091 -15.393110428898105 476
1622846950645 -15.393110428898105 477
1622847032160 -15.393110428898105 478
1622847114014 -15.393110428898105 479
1622847195699 -15.393110428898105 480
1622847277632 -15.393110428898105 481
1622847360286 -15.393110428898105 482
1622847443178 -15.393110428898105 483
1622847525473 -15.393110428898105 484
1622847608270 -15.393110428898105 485
1622847691154 -15.393110428898105 486
1622847774249 -15.393110428898105 487
1622847857330 -15.393110428898105 488
1622847940455 -15.393110428898105 489
1622848023407 -15.393110428898105 490
1622848107064 -15.393110428898105 491
1622848190595 -15.393110428898105 492
1622848274441 -15.393110428898105 493
1622848358765 -15.393110428898105 494
1622848442731 -15.393110428898105 495
1622848527002 -15.393110428898105 496
1622848611843 -15.393110428898105 497
1622848696761 -15.393110428898105 498
1622848782021 -15.393110428898105 499
1622848866889 -15.393110428898105 500
