1622630578548 50 0
1622630579383 100 1
1622630580394 150 2
1622630581583 200 3
1622630582946 250 4
1622630584512 300 5
1622630586242 350 6
1622630588134 400 7
1622630590203 450 8
1622630592480 500 9
1622630594892 550 10
1622630597481 600 11
1622630600284 650 12
1622630603254 700 13
1622630606399 750 14
1622630609722 800 15
1622630613215 850 16
1622630616929 900 17
1622630620799 950 18
1622630624853 1000 19
1622630629086 1050 20
1622630633500 1100 21
1622630638127 1150 22
1622630642902 1200 23
1622630647865 1250 24
1622630652971 1300 25
1622630658315 1350 26
1622630663757 1400 27
1622630669403 1450 28
1622630675255 1500 29
1622630681315 1550 30
1622630687555 1600 31
1622630693939 1650 32
1622630700572 1700 33
1622630708349 1750 34
1622630715235 1800 35
1622630722678 1850 36
1622630729914 1900 37
1622630737296 1950 38
1622630744897 2000 39
1622630752696 2050 40
1622630760674 2100 41
1622630768844 2150 42
1622630777150 2200 43
1622630785748 2250 44
1622630794429 2300 45
1622630803239 2350 46
1622630812370 2400 47
1622630821588 2450 48
1622630831022 2500 49
1622630840665 2550 50
1622630850400 2600 51
1622630860370 2650 52
1622630870514 2700 53
1622630880891 2750 54
1622630891313 2800 55
1622630901946 2850 56
1622630912710 2900 57
1622630923728 2950 58
1622630935016 3000 59
1622630946406 3050 60
1622630958075 3100 61
1622630969813 3150 62
1622630981793 3200 63
1622630993854 3250 64
1622631006067 3300 65
1622631018596 3350 66
1622631031320 3400 67
1622631044141 3450 68
1622631057138 3500 69
1622631070309 3550 70
1622631083688 3600 71
1622631097174 3650 72
1622631110899 3700 73
1622631124674 3750 74
1622631138708 3800 75
1622631152910 3850 76
1622631167333 3900 77
1622631181886 3950 78
1622631196620 4000 79
1622631211680 4050 80
1622631226834 4100 81
1622631242231 4150 82
1622631257763 4200 83
1622631273448 4250 84
1622631289295 4300 85
1622631305373 4350 86
1622631321514 4400 87
1622631337839 4450 88
1622631354478 4500 89
1622631371505 4550 90
1622631388504 4600 91
1622631405598 4650 92
1622631422888 4700 93
1622631440406 4750 94
1622631458017 4800 95
1622631475956 4850 96
1622631493919 4900 97
1622631512158 4950 98
1622631530564 5000 99
1622631549104 5050 100
1622631567863 5100 101
1622631586895 5150 102
1622631605952 5200 103
1622631625213 5250 104
1622631644699 5300 105
1622631664287 5350 106
1622631684158 5400 107
1622631704323 5450 108
1622631724520 5500 109
1622631744996 5550 110
1622631765576 5600 111
1622631786464 5650 112
1622631807474 5700 113
1622631828598 5750 114
1622631849901 5800 115
1622631871499 5850 116
1622631893047 5900 117
1622631914911 5950 118
1622631937044 6000 119
1622631959281 6050 120
1622631981802 6100 121
1622632004269 6150 122
1622632027083 6200 123
1622632050022 6250 124
1622632073268 6300 125
1622632096588 6350 126
1622632120195 6400 127
1622632143903 6450 128
1622632167911 6500 129
1622632191903 6550 130
1622632216253 6600 131
1622632240724 6650 132
1622632265132 6700 133
1622632290141 6750 134
1622632315049 6800 135
1622632340014 6850 136
1622632365185 6900 137
1622632390488 6950 138
1622632416298 7000 139
1622632442197 7050 140
1622632469109 7100 141
1622632496567 7150 142
1622632522957 7200 143
1622632549850 7250 144
1622632576698 7300 145
1622632603553 7350 146
1622632630631 7400 147
1622632657835 7450 148
1622632685355 7500 149
1622632712917 7550 150
1622632740631 7600 151
1622632768755 7650 152
1622632796784 7700 153
1622632825040 7750 154
1622632853831 7800 155
1622632882621 7850 156
1622632911736 7900 157
1622632940941 7950 158
1622632970632 8000 159
1622633000224 8050 160
1622633030201 8100 161
1622633060335 8150 162
1622633090572 8200 163
1622633120857 8250 164
1622633151331 8300 165
1622633181900 8350 166
1622633212724 8400 167
1622633243755 8450 168
1622633274986 8500 169
1622633306408 8550 170
1622633337925 8600 171
1622633369550 8650 172
1622633401452 8700 173
1622633433687 8750 174
1622633465952 8800 175
1622633498617 8850 176
1622633531408 8900 177
1622633564184 8950 178
1622633597291 9000 179
1622633630405 9050 180
1622633663831 9100 181
1622633697243 9150 182
1622633731034 9200 183
1622633764795 9250 184
1622633798768 9300 185
1622633832953 9350 186
1622633867563 9400 187
1622633902321 9450 188
1622633937172 9500 189
1622633972348 9550 190
1622634008634 9600 191
1622634044116 9650 192
1622634079983 9700 193
1622634116016 9750 194
1622634152209 9800 195
1622634188586 9850 196
1622634225235 9900 197
1622634261864 9950 198
1622634298831 10000 199
1622634335945 10050 200
1622634373031 10100 201
1622634410343 10150 202
1622634447969 10200 203
1622634485661 10250 204
1622634523571 10300 205
1622634561599 10350 206
1622634599814 10400 207
1622634638436 10450 208
1622634676891 10500 209
1622634715621 10550 210
1622634754584 10600 211
1622634793750 10650 212
1622634833123 10700 213
1622634872332 10750 214
1622634912022 10800 215
1622634951807 10850 216
1622634991703 10900 217
1622635031939 10950 218
1622635072306 11000 219
1622635113100 11050 220
1622635153708 11100 221
1622635194946 11150 222
1622635236018 11200 223
1622635277066 11250 224
1622635318496 11300 225
1622635360068 11350 226
1622635402150 11400 227
1622635444269 11450 228
1622635486663 11500 229
1622635529048 11550 230
1622635571978 11600 231
1622635615059 11650 232
1622635658164 11700 233
1622635701430 11750 234
1622635745119 11800 235
1622635788803 11850 236
1622635832482 11900 237
1622635876401 11950 238
1622635920600 12000 239
1622635964976 12050 240
1622636009121 12100 241
1622636053321 12150 242
1622636097717 12200 243
1622636142131 12250 244
1622636187073 12300 245
1622636232220 12350 246
1622636278007 12400 247
1622636323421 12450 248
1622636368969 12500 249
1622636415142 12550 250
1622636461436 12600 251
1622636508122 12650 252
1622636554922 12700 253
1622636601581 12750 254
1622636648317 12800 255
1622636695017 12850 256
1622636741930 12900 257
1622636789131 12950 258
1622636836321 13000 259
1622636883807 13050 260
1622636931692 13100 261
1622636979421 13150 262
1622637027637 13200 263
1622637075924 13250 264
1622637124395 13300 265
1622637173188 13350 266
1622637221928 13400 267
1622637271705 13450 268
1622637320792 13500 269
1622637369927 13550 270
1622637419287 13600 271
1622637468627 13650 272
1622637518324 13700 273
1622637568318 13750 274
1622637618433 13800 275
1622637668684 13850 276
1622637719082 13900 277
1622637769598 13950 278
1622637820389 14000 279
1622637871388 14050 280
1622637922808 14100 281
1622637974493 14150 282
1622638026433 14200 283
1622638078034 14250 284
1622638129975 14300 285
1622638181910 14350 286
1622638234416 14400 287
1622638287033 14450 288
1622638339990 14500 289
1622638393089 14550 290
1622638446401 14600 291
1622638500040 14650 292
1622638553537 14700 293
1622638607273 14750 294
1622638661242 14800 295
1622638714999 14850 296
1622638768915 14900 297
1622638823579 14950 298
1622638878226 15000 299
1622638933132 15050 300
1622638988039 15100 301
1622639043182 15150 302
1622639098534 15200 303
1622639154159 15250 304
1622639209822 15300 305
1622639265428 15350 306
1622639321197 15400 307
1622639377243 15450 308
1622639433753 15500 309
1622639490232 15550 310
1622639546848 15600 311
1622639603830 15650 312
1622639660744 15700 313
1622639717978 15750 314
1622639776068 15800 315
1622639833749 15850 316
1622639891730 15900 317
1622639949835 15950 318
1622640007977 16000 319
1622640066629 16050 320
1622640125127 16100 321
1622640183887 16150 322
1622640242652 16200 323
1622640301844 16250 324
1622640361232 16300 325
1622640420571 16350 326
1622640480141 16400 327
1622640539829 16450 328
1622640599836 16500 329
1622640664295 16550 330
1622640724331 16600 331
1622640784889 16650 332
1622640845874 16700 333
1622640907415 16750 334
1622640968617 16800 335
1622641029981 16850 336
1622641091585 16900 337
1622641153523 16950 338
1622641215965 17000 339
1622641278739 17050 340
1622641341809 17100 341
1622641404301 17150 342
1622641467413 17200 343
1622641530992 17250 344
1622641595268 17300 345
1622641659274 17350 346
1622641723123 17400 347
1622641787046 17450 348
1622641851138 17500 349
1622641915607 17550 350
1622641979671 17600 351
1622642043908 17650 352
1622642108434 17700 353
1622642172826 17750 354
1622642237438 17800 355
1622642302299 17850 356
1622642367499 17900 357
1622642433435 17950 358
1622642556114 18000 359
1622642623423 18050 360
1622642689890 18100 361
1622642757274 18150 362
1622642825385 18200 363
1622642892015 18250 364
1622642958778 18300 365
1622643026131 18350 366
1622643093114 18400 367
1622643160311 18450 368
1622643227691 18500 369
1622643295387 18550 370
1622643364611 18600 371
1622643433458 18650 372
1622643502149 18700 373
1622643571489 18750 374
1622643641439 18800 375
1622643710517 18850 376
1622643780439 18900 377
1622643850598 18950 378
1622643921136 19000 379
1622643991877 19050 380
1622644062255 19100 381
1622644133047 19150 382
1622644203712 19200 383
1622644274530 19250 384
1622644345344 19300 385
1622644417088 19350 386
1622644488759 19400 387
1622644560518 19450 388
1622644632342 19500 389
1622644704179 19550 390
1622644776384 19600 391
1622644848667 19650 392
1622644921337 19700 393
1622644994366 19750 394
1622645067521 19800 395
1622645141378 19850 396
1622645213994 19900 397
1622645286799 19950 398
1622645359787 20000 399
1622645432681 20050 400
1622645506289 20100 401
1622645579613 20150 402
1622645653141 20200 403
1622645726971 20250 404
1622645800507 20300 405
1622645874008 20350 406
1622645948802 20400 407
1622646022814 20450 408
1622646097103 20500 409
1622646171730 20550 410
1622646246492 20600 411
1622646321558 20650 412
1622646396418 20700 413
1622646471570 20750 414
1622646546677 20800 415
1622646623363 20850 416
1622646699799 20900 417
1622646776942 20950 418
1622646854098 21000 419
1622646931608 21050 420
1622647009609 21100 421
1622647087877 21150 422
1622647165892 21200 423
1622647244516 21250 424
1622647322975 21300 425
1622647401485 21350 426
1622647480127 21400 427
1622647559617 21450 428
1622647638811 21500 429
1622647717958 21550 430
1622647797476 21600 431
1622647877218 21650 432
1622647956948 21700 433
1622648037346 21750 434
1622648117593 21800 435
1622648198383 21850 436
1622648279277 21900 437
1622648360688 21950 438
1622648442181 22000 439
1622648522700 22050 440
1622648603249 22100 441
1622648684435 22150 442
1622648765745 22200 443
1622648847221 22250 444
1622648929361 22300 445
1622649011187 22350 446
1622649092999 22400 447
1622649175335 22450 448
1622649257190 22500 449
1622649339856 22550 450
1622649421983 22600 451
1622649504724 22650 452
1622649587687 22700 453
1622649670133 22750 454
1622649753011 22800 455
1622649835852 22850 456
1622649919812 22900 457
1622650003690 22950 458
1622650087902 23000 459
1622650172395 23050 460
1622650257962 23100 461
1622650342733 23150 462
1622650427955 23200 463
1622650513290 23250 464
1622650599189 23300 465
1622650684538 23350 466
1622650770986 23400 467
1622650858556 23450 468
1622650945151 23500 469
1622651031797 23550 470
1622651118037 23600 471
1622651204371 23650 472
1622651290418 23700 473
1622651376733 23750 474
1622651463880 23800 475
1622651550989 23850 476
1622651638294 23900 477
1622651725536 23950 478
1622651813461 24000 479
1622651901836 24050 480
1622651989876 24100 481
1622652078700 24150 482
1622652167958 24200 483
1622652257162 24250 484
1622652346299 24300 485
1622652435271 24350 486
1622652524552 24400 487
1622652614147 24450 488
1622652703625 24500 489
1622652793602 24550 490
1622652883837 24600 491
1622652974547 24650 492
1622653064653 24700 493
1622653154697 24750 494
1622653245051 24800 495
1622653335875 24850 496
1622653426544 24900 497
1622653517152 24950 498
1622653608721 25000 499
1622653700262 25050 500
