1622630578567 0.093 0
1622630579401 0.184 1
1622630580410 0.278 2
1622630581599 0.372 3
1622630582964 0.46299999999999997 4
1622630584528 0.5569999999999999 5
1622630586258 0.6499999999999999 6
1622630588151 0.7409999999999999 7
1622630590219 0.8339999999999999 8
1622630592497 0.9249999999999998 9
1622630594907 1.0199999999999998 10
1622630597498 1.1119999999999999 11
1622630600301 1.2029999999999998 12
1622630603271 1.295 13
1622630606413 1.387 14
1622630609740 1.48 15
1622630613231 1.573 16
1622630616945 1.664 17
1622630620816 1.757 18
1622630624878 1.8499999999999999 19
1622630629103 1.9409999999999998 20
1622630633516 2.033 21
1622630638145 2.1229999999999998 22
1622630642920 2.215 23
1622630647883 2.308 24
1622630652988 2.4019999999999997 25
1622630658332 2.4939999999999998 26
1622630663773 2.586 27
1622630669420 2.677 28
1622630675271 2.771 29
1622630681331 2.8649999999999998 30
1622630687572 2.956 31
1622630693955 3.048 32
1622630700588 3.141 33
1622630708366 3.233 34
1622630715276 3.323 35
1622630722696 3.438 36
1622630729933 3.5290000000000004 37
1622630737315 3.6220000000000003 38
1622630744914 3.7130000000000005 39
1622630752712 3.8030000000000004 40
1622630760690 3.8950000000000005 41
1622630768860 3.9870000000000005 42
1622630777167 4.080000000000001 43
1622630785765 4.170000000000001 44
1622630794446 4.260000000000001 45
1622630803255 4.351000000000001 46
1622630812387 4.442000000000001 47
1622630821605 4.532000000000001 48
1622630831038 4.6240000000000006 49
1622630840681 4.716 50
1622630850424 4.807 51
1622630860400 4.898000000000001 52
1622630870531 4.99 53
1622630880907 5.082 54
1622630891329 5.1739999999999995 55
1622630901963 5.2669999999999995 56
1622630912725 5.361 57
1622630923744 5.458 58
1622630935031 5.55 59
1622630946422 5.6419999999999995 60
1622630958092 5.733 61
1622630969830 5.8229999999999995 62
1622630981809 5.914 63
1622630993869 6.005 64
1622631006083 6.096 65
1622631018612 6.189 66
1622631031337 6.282 67
1622631044157 6.373 68
1622631057155 6.4670000000000005 69
1622631070325 6.558000000000001 70
1622631083705 6.649000000000001 71
1622631097190 6.743000000000001 72
1622631110916 6.834000000000001 73
1622631124691 6.927000000000001 74
1622631138726 7.019000000000001 75
1622631152927 7.112000000000001 76
1622631167350 7.203000000000001 77
1622631181903 7.295000000000001 78
1622631196637 7.388000000000001 79
1622631211698 7.48 80
1622631226852 7.571000000000001 81
1622631242248 7.6610000000000005 82
1622631257780 7.755000000000001 83
1622631273465 7.846000000000001 84
1622631289312 7.937000000000001 85
1622631305391 8.028 86
1622631321531 8.119 87
1622631337857 8.211 88
1622631354495 8.303 89
1622631371522 8.397 90
1622631388521 8.492 91
1622631405616 8.585 92
1622631422906 8.676 93
1622631440423 8.766 94
1622631458036 8.859 95
1622631475973 8.951 96
1622631493935 9.042 97
1622631512175 9.132 98
1622631530580 9.222999999999999 99
1622631549118 9.313999999999998 100
1622631567879 9.404999999999998 101
1622631586910 9.494999999999997 102
1622631605968 9.586999999999998 103
1622631625231 9.677999999999997 104
1622631644715 9.769999999999998 105
1622631664304 9.860999999999997 106
1622631684175 9.952999999999998 107
1622631704340 10.045999999999998 108
1622631724539 10.134999999999998 109
1622631745013 10.225999999999997 110
1622631765593 10.316999999999997 111
1622631786481 10.407999999999996 112
1622631807491 10.504999999999995 113
1622631828615 10.596999999999996 114
1622631849917 10.686999999999996 115
1622631871516 10.775999999999996 116
1622631893064 10.866999999999996 117
1622631914928 10.955999999999996 118
1622631937061 11.045999999999996 119
1622631959298 11.136999999999995 120
1622631981819 11.227999999999994 121
1622632004285 11.319999999999995 122
1622632027100 11.411999999999995 123
1622632050040 11.502999999999995 124
1622632073287 11.593999999999994 125
1622632096606 11.687999999999994 126
1622632120213 11.779999999999994 127
1622632143921 11.871999999999995 128
1622632167928 11.962999999999994 129
1622632191921 12.053999999999993 130
1622632216270 12.144999999999992 131
1622632240741 12.235999999999992 132
1622632265150 12.325999999999992 133
1622632290159 12.415999999999991 134
1622632315068 12.50699999999999 135
1622632340032 12.595999999999991 136
1622632365203 12.68699999999999 137
1622632390506 12.77699999999999 138
1622632416316 12.86799999999999 139
1622632442214 12.95999999999999 140
1622632469126 13.05299999999999 141
1622632496584 13.14499999999999 142
1622632522976 13.23599999999999 143
1622632549867 13.32499999999999 144
1622632576715 13.41599999999999 145
1622632603570 13.50899999999999 146
1622632630648 13.59899999999999 147
1622632657852 13.69099999999999 148
1622632685371 13.78199999999999 149
1622632712933 13.87199999999999 150
1622632740649 13.961999999999989 151
1622632768772 14.05399999999999 152
1622632796801 14.14599999999999 153
1622632825057 14.23499999999999 154
1622632853848 14.32599999999999 155
1622632882638 14.42099999999999 156
1622632911752 14.51199999999999 157
1622632940957 14.602999999999989 158
1622632970649 14.69499999999999 159
1622633000241 14.78699999999999 160
1622633030218 14.88099999999999 161
1622633060352 14.97399999999999 162
1622633090589 15.06599999999999 163
1622633120875 15.15599999999999 164
1622633151348 15.24799999999999 165
1622633181916 15.33799999999999 166
1622633212741 15.42899999999999 167
1622633243770 15.52099999999999 168
1622633275003 15.61199999999999 169
1622633306425 15.70099999999999 170
1622633337943 15.79199999999999 171
1622633369567 15.88099999999999 172
1622633401469 15.98099999999999 173
1622633433705 16.07399999999999 174
1622633465971 16.167999999999992 175
1622633498633 16.261999999999993 176
1622633531424 16.354999999999993 177
1622633564200 16.445999999999994 178
1622633597308 16.536999999999995 179
1622633630422 16.627999999999997 180
1622633663848 16.719999999999995 181
1622633697260 16.813999999999997 182
1622633731051 16.907999999999998 183
1622633764813 16.999 184
1622633798787 17.09 185
1622633832970 17.179 186
1622633867580 17.270999999999997 187
1622633902337 17.362 188
1622633937189 17.453999999999997 189
1622633972365 17.545999999999996 190
1622634008651 17.723999999999997 191
1622634044132 17.815999999999995 192
1622634080000 17.907999999999994 193
1622634116033 17.999999999999993 194
1622634152225 18.090999999999994 195
1622634188604 18.184999999999995 196
1622634225251 18.274999999999995 197
1622634261881 18.365999999999996 198
1622634298848 18.457999999999995 199
1622634335962 18.548999999999996 200
1622634373048 18.640999999999995 201
1622634410360 18.731999999999996 202
1622634447986 18.822999999999997 203
1622634485677 18.914999999999996 204
1622634523589 19.007999999999996 205
1622634561616 19.100999999999996 206
1622634599831 19.195999999999994 207
1622634638454 19.287999999999993 208
1622634676908 19.382999999999992 209
1622634715638 19.476999999999993 210
1622634754603 19.567999999999994 211
1622634793768 19.659999999999993 212
1622634833141 19.751999999999992 213
1622634872350 19.842999999999993 214
1622634912039 19.93799999999999 215
1622634951825 20.028999999999993 216
1622634991720 20.119999999999994 217
1622635031956 20.210999999999995 218
1622635072322 20.302999999999994 219
1622635113117 20.395999999999994 220
1622635153725 20.486999999999995 221
1622635194963 20.578999999999994 222
1622635236035 20.673999999999992 223
1622635277083 20.764999999999993 224
1622635318514 20.857999999999993 225
1622635360083 20.948999999999995 226
1622635402168 21.055999999999994 227
1622635444286 21.148999999999994 228
1622635486679 21.242999999999995 229
1622635529067 21.332999999999995 230
1622635571996 21.425999999999995 231
1622635615077 21.517999999999994 232
1622635658182 21.613999999999994 233
1622635701447 21.707999999999995 234
1622635745138 21.801999999999996 235
1622635788821 21.893999999999995 236
1622635832498 21.983999999999995 237
1622635876420 22.077999999999996 238
1622635920617 22.169999999999995 239
1622635964992 22.260999999999996 240
1622636009137 22.349999999999994 241
1622636053339 22.441999999999993 242
1622636097733 22.532999999999994 243
1622636142147 22.626999999999995 244
1622636187089 22.718999999999994 245
1622636232237 22.810999999999993 246
1622636278023 22.901999999999994 247
1622636323439 22.992999999999995 248
1622636368985 23.085999999999995 249
1622636415159 23.177999999999994 250
1622636461453 23.269999999999992 251
1622636508140 23.36499999999999 252
1622636554939 23.45799999999999 253
1622636601601 23.55699999999999 254
1622636648334 23.64999999999999 255
1622636695035 23.74199999999999 256
1622636741947 23.83099999999999 257
1622636789148 23.92199999999999 258
1622636836338 24.01399999999999 259
1622636883824 24.105999999999987 260
1622636931709 24.19999999999999 261
1622636979439 24.291999999999987 262
1622637027654 24.380999999999986 263
1622637075940 24.473999999999986 264
1622637124412 24.565999999999985 265
1622637173216 24.658999999999985 266
1622637221945 24.751999999999985 267
1622637271723 24.844999999999985 268
1622637320810 24.935999999999986 269
1622637369945 25.027999999999984 270
1622637419305 25.120999999999984 271
1622637468644 25.211999999999986 272
1622637518342 25.302999999999987 273
1622637568335 25.398999999999987 274
1622637618451 25.491999999999987 275
1622637668702 25.585999999999988 276
1622637719099 25.677999999999987 277
1622637769625 25.768999999999988 278
1622637820408 25.85999999999999 279
1622637871404 25.95099999999999 280
1622637922825 26.05699999999999 281
1622637974510 26.14899999999999 282
1622638026450 26.24199999999999 283
1622638078051 26.33499999999999 284
1622638129995 26.42899999999999 285
1622638181928 26.52199999999999 286
1622638234434 26.61499999999999 287
1622638287051 26.708999999999993 288
1622638340008 26.801999999999992 289
1622638393107 26.89399999999999 290
1622638446419 26.98699999999999 291
1622638500057 27.080999999999992 292
1622638553554 27.17299999999999 293
1622638607291 27.26599999999999 294
1622638661260 27.35799999999999 295
1622638715018 27.44799999999999 296
1622638768933 27.54299999999999 297
1622638823596 27.63399999999999 298
1622638878245 27.72499999999999 299
1622638933149 27.815999999999992 300
1622638988056 27.91099999999999 301
1622639043199 28.00099999999999 302
1622639098552 28.09099999999999 303
1622639154177 28.18399999999999 304
1622639209841 28.27399999999999 305
1622639265447 28.36499999999999 306
1622639321213 28.45499999999999 307
1622639377261 28.545999999999992 308
1622639433772 28.635999999999992 309
1622639490250 28.726999999999993 310
1622639546865 28.818999999999992 311
1622639603848 28.90799999999999 312
1622639660762 28.99699999999999 313
1622639717996 29.08999999999999 314
1622639776086 29.181999999999988 315
1622639833768 29.273999999999987 316
1622639891748 29.365999999999985 317
1622639949853 29.457999999999984 318
1622640007994 29.547999999999984 319
1622640066646 29.639999999999983 320
1622640125143 29.729999999999983 321
1622640183903 29.820999999999984 322
1622640242670 29.910999999999984 323
1622640301862 30.001999999999985 324
1622640361249 30.094999999999985 325
1622640420588 30.184999999999985 326
1622640480159 30.276999999999983 327
1622640539846 30.372999999999983 328
1622640599854 30.463999999999984 329
1622640664314 30.555999999999983 330
1622640724350 30.648999999999983 331
1622640784906 30.738999999999983 332
1622640845891 30.829999999999984 333
1622640907433 30.921999999999983 334
1622640968634 31.015999999999984 335
1622641030000 31.105999999999984 336
1622641091605 31.196999999999985 337
1622641153538 31.287999999999986 338
1622641215981 31.381999999999987 339
1622641278756 31.474999999999987 340
1622641341826 31.56599999999999 341
1622641404318 31.65999999999999 342
1622641467430 31.75299999999999 343
1622641531009 31.84599999999999 344
1622641595284 31.937999999999988 345
1622641659290 32.03099999999999 346
1622641723140 32.12299999999999 347
1622641787065 32.21399999999999 348
1622641851156 32.306999999999995 349
1622641915623 32.397999999999996 350
1622641979689 32.492999999999995 351
1622642043926 32.584999999999994 352
1622642108452 32.67999999999999 353
1622642172843 32.772999999999996 354
1622642237455 32.867 355
1622642302319 32.958 356
1622642367514 33.05 357
1622642433452 33.141999999999996 358
1622642556137 33.233 359
1622642623440 33.406 360
1622642689906 33.496 361
1622642757292 33.589000000000006 362
1622642825404 33.67900000000001 363
1622642892032 33.77100000000001 364
1622642958797 33.86300000000001 365
1622643026148 33.95300000000001 366
1622643093130 34.046000000000014 367
1622643160329 34.13900000000002 368
1622643227709 34.228000000000016 369
1622643295403 34.317000000000014 370
1622643364629 34.408000000000015 371
1622643433477 34.49800000000002 372
1622643502167 34.59000000000002 373
1622643571670 34.68000000000002 374
1622643641456 34.84900000000002 375
1622643710533 34.94000000000002 376
1622643780455 35.03300000000002 377
1622643850617 35.126000000000026 378
1622643921152 35.21900000000003 379
1622643991893 35.31300000000003 380
1622644062272 35.40400000000003 381
1622644133066 35.50000000000003 382
1622644203729 35.59200000000003 383
1622644274547 35.684000000000026 384
1622644345363 35.77500000000003 385
1622644417105 35.86600000000003 386
1622644488778 35.95700000000003 387
1622644560536 36.05000000000003 388
1622644632360 36.14600000000003 389
1622644704195 36.23900000000003 390
1622644776400 36.332000000000036 391
1622644848686 36.42600000000004 392
1622644921354 36.521000000000036 393
1622644994384 36.613000000000035 394
1622645067540 36.707000000000036 395
1622645141395 36.79800000000004 396
1622645214013 36.89200000000004 397
1622645286817 36.98400000000004 398
1622645359805 37.07500000000004 399
1622645432699 37.16500000000004 400
1622645506307 37.258000000000045 401
1622645579632 37.35800000000005 402
1622645653158 37.45100000000005 403
1622645726989 37.54300000000005 404
1622645800525 37.63600000000005 405
1622645874027 37.727000000000054 406
1622645948819 37.81900000000005 407
1622646022830 37.912000000000056 408
1622646097122 38.00600000000006 409
1622646171746 38.09700000000006 410
1622646246510 38.18900000000006 411
1622646321576 38.28000000000006 412
1622646396435 38.37200000000006 413
1622646471587 38.464000000000055 414
1622646546695 38.556000000000054 415
1622646623383 38.64900000000006 416
1622646699816 38.74200000000006 417
1622646776960 38.83400000000006 418
1622646854116 38.92700000000006 419
1622646931625 39.01900000000006 420
1622647009628 39.11100000000006 421
1622647087896 39.20500000000006 422
1622647165912 39.29600000000006 423
1622647244532 39.39100000000006 424
1622647322995 39.491000000000064 425
1622647401505 39.58100000000007 426
1622647480146 39.673000000000066 427
1622647559636 39.765000000000065 428
1622647638829 39.86000000000006 429
1622647717976 39.95000000000007 430
1622647797494 40.039000000000065 431
1622647877236 40.131000000000064 432
1622647956965 40.222000000000065 433
1622648037364 40.314000000000064 434
1622648117610 40.40600000000006 435
1622648198399 40.49800000000006 436
1622648279295 40.59200000000006 437
1622648360705 40.686000000000064 438
1622648442198 40.78100000000006 439
1622648522717 40.872000000000064 440
1622648603266 40.963000000000065 441
1622648684451 41.055000000000064 442
1622648765762 41.14800000000007 443
1622648847237 41.24100000000007 444
1622648929382 41.33200000000007 445
1622649011207 41.42400000000007 446
1622649093017 41.51600000000007 447
1622649175354 41.60800000000007 448
1622649257208 41.69900000000007 449
1622649339872 41.79300000000007 450
1622649422000 41.88400000000007 451
1622649504741 41.97600000000007 452
1622649587704 42.06800000000007 453
1622649670151 42.16100000000007 454
1622649753030 42.254000000000076 455
1622649835871 42.34700000000008 456
1622649919830 42.44000000000008 457
1622650003708 42.53600000000008 458
1622650087919 42.62400000000008 459
1622650172416 42.717000000000084 460
1622650257979 42.81000000000009 461
1622650342750 42.90100000000009 462
1622650427974 42.99300000000009 463
1622650513308 43.08400000000009 464
1622650599206 43.17600000000009 465
1622650684558 43.26700000000009 466
1622650771006 43.35800000000009 467
1622650858575 43.44800000000009 468
1622650945172 43.54000000000009 469
1622651031818 43.633000000000095 470
1622651118061 43.7230000000001 471
1622651204391 43.8160000000001 472
1622651290437 43.906000000000105 473
1622651376752 43.99700000000011 474
1622651463896 44.08700000000011 475
1622651551008 44.18100000000011 476
1622651638313 44.27200000000011 477
1622651725554 44.36300000000011 478
1622651813478 44.45500000000011 479
1622651901854 44.548000000000116 480
1622651989893 44.63800000000012 481
1622652078718 44.73000000000012 482
1622652167974 44.822000000000116 483
1622652257180 44.914000000000115 484
1622652346316 45.009000000000114 485
1622652435288 45.100000000000115 486
1622652524569 45.192000000000114 487
1622652614163 45.295000000000115 488
1622652703642 45.38800000000012 489
1622652793620 45.47900000000012 490
1622652883854 45.57000000000012 491
1622652974564 45.65900000000012 492
1622653064671 45.76000000000012 493
1622653154714 45.85200000000012 494
1622653245069 45.94300000000012 495
1622653335892 46.03500000000012 496
1622653426563 46.12500000000012 497
1622653517169 46.21600000000012 498
1622653608738 46.30800000000012 499
1622653700281 46.39700000000012 500
