1622611033956 50 0
1622611034557 60 1
1622611035131 70 2
1622611035715 80 3
1622611036350 90 4
1622611037018 100 5
1622611037723 110 6
1622611038462 120 7
1622611039254 130 8
1622611040073 140 9
1622611040909 150 10
1622611041807 160 11
1622611042713 170 12
1622611043680 180 13
1622611044666 190 14
1622611045698 200 15
1622611046781 210 16
1622611047888 220 17
1622611049018 230 18
1622611050195 240 19
1622611051392 250 20
1622611052649 260 21
1622611053949 270 22
1622611055262 280 23
1622611056625 290 24
1622611058047 300 25
1622611059492 310 26
1622611060948 320 27
1622611062430 330 28
1622611063946 340 29
1622611065510 350 30
1622611067099 360 31
1622611068725 370 32
1622611070370 380 33
1622611072054 390 34
1622611073778 400 35
1622611075558 410 36
1622611077348 420 37
1622611079189 430 38
1622611081071 440 39
1622611082977 450 40
1622611084934 460 41
1622611086918 470 42
1622611088971 480 43
1622611091007 490 44
1622611093094 500 45
1622611095241 510 46
1622611097409 520 47
1622611099632 530 48
1622611101892 540 49
1622611104126 550 50
1622611106438 560 51
1622611108789 570 52
1622611111143 580 53
1622611113527 590 54
1622611115973 600 55
1622611118474 610 56
1622611121013 620 57
1622611123579 630 58
1622611126160 640 59
1622611128787 650 60
1622611131452 660 61
1622611134159 670 62
1622611136879 680 63
1622611139687 690 64
1622611142595 700 65
1622611145617 710 66
1622611148464 720 67
1622611151466 730 68
1622611155897 740 69
1622611159329 750 70
1622611162359 760 71
1622611165429 770 72
1622611168507 780 73
1622611171610 790 74
1622611174769 800 75
1622611177963 810 76
1622611181156 820 77
1622611184440 830 78
1622611187877 840 79
1622611191351 850 80
1622611194753 860 81
1622611198130 870 82
1622611201588 880 83
1622611205319 890 84
1622611209041 900 85
1622611212758 910 86
1622611216554 920 87
1622611220571 930 88
1622611224619 940 89
1622611228407 950 90
1622611232138 960 91
1622611235923 970 92
1622611239734 980 93
1622611243605 990 94
1622611247471 1000 95
1622611251383 1010 96
1622611255341 1020 97
1622611259304 1030 98
1622611263314 1040 99
1622611267382 1050 100
1622611271479 1060 101
1622611275631 1070 102
1622611279815 1080 103
1622611284038 1090 104
1622611288272 1100 105
1622611292554 1110 106
1622611296832 1120 107
1622611301188 1130 108
1622611305565 1140 109
1622611309978 1150 110
1622611314437 1160 111
1622611318963 1170 112
1622611323508 1180 113
1622611328764 1190 114
1622611333351 1200 115
1622611338203 1210 116
1622611342818 1220 117
1622611347499 1230 118
1622611352181 1240 119
1622611356943 1250 120
1622611361687 1260 121
1622611366524 1270 122
1622611371432 1280 123
1622611376306 1290 124
1622611381216 1300 125
1622611386186 1310 126
1622611391184 1320 127
1622611396210 1330 128
1622611401297 1340 129
1622611406450 1350 130
1622611411673 1360 131
1622611417299 1370 132
1622611422979 1380 133
1622611428218 1390 134
1622611433539 1400 135
1622611438891 1410 136
1622611444243 1420 137
1622611449595 1430 138
1622611455037 1440 139
1622611460611 1450 140
1622611466151 1460 141
1622611471781 1470 142
1622611477347 1480 143
1622611483003 1490 144
1622611488624 1500 145
1622611495284 1510 146
1622611501315 1520 147
1622611507624 1530 148
1622611514013 1540 149
1622611519738 1550 150
1622611525558 1560 151
1622611531438 1570 152
1622611537320 1580 153
1622611543239 1590 154
1622611549482 1600 155
1622611555544 1610 156
1622611561588 1620 157
1622611567885 1630 158
1622611574126 1640 159
1622611580922 1650 160
1622611587255 1660 161
1622611593470 1670 162
1622611599880 1680 163
1622611606495 1690 164
1622611612845 1700 165
1622611619256 1710 166
1622611625609 1720 167
1622611632078 1730 168
1622611638590 1740 169
1622611645145 1750 170
1622611651722 1760 171
1622611658427 1770 172
1622611665024 1780 173
1622611671745 1790 174
1622611678487 1800 175
1622611685257 1810 176
1622611692056 1820 177
1622611699292 1830 178
1622611706290 1840 179
1622611713128 1850 180
1622611720063 1860 181
1622611726983 1870 182
1622611733983 1880 183
1622611741009 1890 184
1622611748042 1900 185
1622611755089 1910 186
1622611762180 1920 187
1622611769398 1930 188
1622611776595 1940 189
1622611783865 1950 190
1622611791152 1960 191
1622611798493 1970 192
1622611805841 1980 193
1622611813327 1990 194
1622611821379 2000 195
1622611829130 2010 196
1622611836590 2020 197
1622611845851 2030 198
1622611853453 2040 199
1622611861103 2050 200
1622611868746 2060 201
1622611876375 2070 202
1622611884314 2080 203
1622611892110 2090 204
1622611900328 2100 205
1622611908628 2110 206
1622611916599 2120 207
1622611924499 2130 208
1622611932857 2140 209
1622611940933 2150 210
1622611949015 2160 211
1622611957091 2170 212
1622611965201 2180 213
1622611973667 2190 214
1622611981964 2200 215
1622611990196 2210 216
1622611998482 2220 217
1622612006755 2230 218
1622612014992 2240 219
1622612023289 2250 220
1622612031686 2260 221
1622612040094 2270 222
1622612048603 2280 223
1622612057064 2290 224
1622612065627 2300 225
1622612074182 2310 226
1622612082764 2320 227
1622612091495 2330 228
1622612100263 2340 229
1622612109017 2350 230
1622612117741 2360 231
1622612126650 2370 232
1622612135537 2380 233
1622612144378 2390 234
1622612153259 2400 235
1622612162169 2410 236
1622612171179 2420 237
1622612180195 2430 238
1622612189622 2440 239
1622612199186 2450 240
1622612209755 2460 241
1622612218991 2470 242
1622612228476 2480 243
1622612237810 2490 244
1622612247166 2500 245
1622612257124 2510 246
1622612266385 2520 247
1622612275746 2530 248
1622612285168 2540 249
1622612294956 2550 250
1622612304439 2560 251
1622612313969 2570 252
1622612323482 2580 253
1622612332964 2590 254
1622612342541 2600 255
1622612352169 2610 256
1622612361821 2620 257
1622612371488 2630 258
1622612381173 2640 259
1622612390883 2650 260
1622612400628 2660 261
1622612410408 2670 262
1622612420273 2680 263
1622612430107 2690 264
1622612440874 2700 265
1622612450857 2710 266
1622612460858 2720 267
1622612470832 2730 268
1622612480890 2740 269
1622612490966 2750 270
1622612501144 2760 271
1622612511712 2770 272
1622612522691 2780 273
1622612533757 2790 274
1622612544293 2800 275
1622612554562 2810 276
1622612565794 2820 277
1622612576197 2830 278
1622612586615 2840 279
1622612597144 2850 280
1622612607694 2860 281
1622612618191 2870 282
1622612628908 2880 283
1622612639502 2890 284
1622612650368 2900 285
1622612661194 2910 286
1622612671844 2920 287
1622612682874 2930 288
1622612693677 2940 289
1622612704544 2950 290
1622612715410 2960 291
1622612726204 2970 292
1622612739040 2980 293
1622612750817 2990 294
1622612762085 3000 295
1622612773207 3010 296
1622612784363 3020 297
1622612795425 3030 298
1622612806611 3040 299
1622612817808 3050 300
1622612829375 3060 301
1622612841089 3070 302
1622612852604 3080 303
1622612863979 3090 304
1622612875288 3100 305
1622612886752 3110 306
1622612898590 3120 307
1622612910192 3130 308
1622612921925 3140 309
1622612933523 3150 310
1622612946576 3160 311
1622612958694 3170 312
1622612970323 3180 313
1622612981923 3190 314
1622612993688 3200 315
1622613005757 3210 316
1622613017772 3220 317
1622613029966 3230 318
1622613041843 3240 319
1622613053902 3250 320
1622613066002 3260 321
1622613078255 3270 322
1622613090233 3280 323
1622613102828 3290 324
1622613114848 3300 325
1622613126910 3310 326
1622613139115 3320 327
1622613152195 3330 328
1622613165262 3340 329
1622613177531 3350 330
1622613190989 3360 331
1622613203364 3370 332
1622613215807 3380 333
1622613228179 3390 334
1622613240544 3400 335
1622613254061 3410 336
1622613266522 3420 337
1622613279047 3430 338
1622613291803 3440 339
1622613304461 3450 340
1622613317398 3460 341
1622613330894 3470 342
1622613343529 3480 343
1622613356261 3490 344
1622613369629 3500 345
1622613382809 3510 346
1622613396145 3520 347
1622613409753 3530 348
1622613423004 3540 349
1622613437160 3550 350
1622613450095 3560 351
1622613463318 3570 352
1622613476897 3580 353
1622613490182 3590 354
1622613503438 3600 355
1622613516708 3610 356
1622613529928 3620 357
1622613543244 3630 358
1622613556588 3640 359
1622613570031 3650 360
1622613583510 3660 361
1622613597222 3670 362
1622613610650 3680 363
1622613624193 3690 364
1622613637764 3700 365
1622613651351 3710 366
1622613665035 3720 367
1622613678930 3730 368
1622613692710 3740 369
1622613706840 3750 370
1622613720855 3760 371
1622613734863 3770 372
1622613748671 3780 373
1622613762543 3790 374
1622613776380 3800 375
1622613790357 3810 376
1622613805412 3820 377
1622613819484 3830 378
1622613833585 3840 379
1622613847826 3850 380
1622613862918 3860 381
1622613878514 3870 382
1622613893525 3880 383
1622613907675 3890 384
1622613921889 3900 385
1622613936108 3910 386
1622613950468 3920 387
1622613964903 3930 388
1622613979414 3940 389
1622613993861 3950 390
1622614008278 3960 391
1622614022883 3970 392
1622614038215 3980 393
1622614052728 3990 394
1622614067474 4000 395
1622614082028 4010 396
1622614096997 4020 397
1622614112101 4030 398
1622614127450 4040 399
1622614142842 4050 400
1622614157559 4060 401
1622614172338 4070 402
1622614187137 4080 403
1622614202169 4090 404
1622614217366 4100 405
1622614232326 4110 406
1622614247775 4120 407
1622614262786 4130 408
1622614277806 4140 409
1622614293733 4150 410
1622614309172 4160 411
1622614324347 4170 412
1622614339409 4180 413
1622614354736 4190 414
1622614369984 4200 415
1622614386255 4210 416
1622614402581 4220 417
1622614419141 4230 418
1622614434619 4240 419
1622614450094 4250 420
1622614465634 4260 421
1622614481216 4270 422
1622614496808 4280 423
1622614512537 4290 424
1622614528271 4300 425
1622614544031 4310 426
1622614559856 4320 427
1622614575704 4330 428
1622614591628 4340 429
1622614607911 4350 430
1622614624118 4360 431
1622614640076 4370 432
1622614656015 4380 433
1622614672101 4390 434
1622614688222 4400 435
1622614704480 4410 436
1622614720590 4420 437
1622614736889 4430 438
1622614753001 4440 439
1622614769454 4450 440
1622614785710 4460 441
1622614802275 4470 442
1622614819061 4480 443
1622614835403 4490 444
1622614851920 4500 445
1622614868320 4510 446
1622614884849 4520 447
1622614901399 4530 448
1622614917977 4540 449
1622614934601 4550 450
1622614951293 4560 451
1622614967949 4570 452
1622614984558 4580 453
1622615001231 4590 454
1622615017947 4600 455
1622615035284 4610 456
1622615053783 4620 457
1622615071703 4630 458
1622615088899 4640 459
1622615106659 4650 460
1622615124538 4660 461
1622615141968 4670 462
1622615158867 4680 463
1622615176785 4690 464
1622615193709 4700 465
1622615210747 4710 466
1622615228437 4720 467
1622615246108 4730 468
1622615263445 4740 469
1622615280560 4750 470
1622615297729 4760 471
1622615314976 4770 472
1622615332203 4780 473
1622615350005 4790 474
1622615367334 4800 475
1622615384792 4810 476
1622615402171 4820 477
1622615419692 4830 478
1622615437235 4840 479
1622615454756 4850 480
1622615472372 4860 481
1622615490049 4870 482
1622615507685 4880 483
1622615525406 4890 484
1622615543154 4900 485
1622615561013 4910 486
1622615578885 4920 487
1622615596818 4930 488
1622615614665 4940 489
1622615632517 4950 490
1622615650677 4960 491
1622615668561 4970 492
1622615686589 4980 493
1622615705404 4990 494
1622615724312 5000 495
1622615742982 5010 496
1622615762503 5020 497
1622615780759 5030 498
1622615799111 5040 499
1622615817970 5050 500
