1622761489901 1.258 0
1622761492043 1.508 1
1622761494325 1.762 2
1622761496792 2.0140000000000002 3
1622761499357 2.2670000000000003 4
1622761502059 2.5210000000000004 5
1622761504915 2.7720000000000002 6
1622761508011 3.024 7
1622761511229 3.278 8
1622761514552 3.529 9
1622761518077 3.7809999999999997 10
1622761521815 4.0329999999999995 11
1622761525661 4.284 12
1622761529647 4.537 13
1622761533782 4.788 14
1622761538081 5.039000000000001 15
1622761542473 5.290000000000001 16
1622761547155 5.543000000000001 17
1622761551918 5.793000000000001 18
1622761556871 6.044000000000001 19
1622761562010 6.294000000000001 20
1622761567230 6.546000000000001 21
1622761572683 6.796000000000001 22
1622761578249 7.0470000000000015 23
1622761584059 7.298000000000002 24
1622761589946 7.549000000000002 25
1622761596020 7.8000000000000025 26
1622761602156 8.051000000000002 27
1622761608603 8.303000000000003 28
1622761615197 8.556000000000003 29
1622761621814 8.807000000000002 30
1622761628614 9.057000000000002 31
1622761635609 9.307000000000002 32
1622761642726 9.558000000000002 33
1622761650012 9.809000000000001 34
1622761657469 10.06 35
1622761665172 10.311 36
1622761673048 10.564 37
1622761681025 10.814 38
1622761689064 11.063 39
1622761697278 11.313 40
1622761705718 11.565000000000001 41
1622761714199 11.814000000000002 42
1622761723076 12.067000000000002 43
1622761732001 12.317000000000002 44
1622761741104 12.567000000000002 45
1622761750274 12.817000000000002 46
1622761759686 13.070000000000002 47
1622761769313 13.319000000000003 48
1622761779099 13.570000000000002 49
1622761788905 13.822000000000003 50
1622761798847 14.074000000000003 51
1622761808942 14.325000000000003 52
1622761819258 14.574000000000003 53
1622761829649 14.823000000000004 54
1622761840276 15.073000000000004 55
1622761851088 15.324000000000003 56
1622761862022 15.575000000000003 57
1622761873226 15.827000000000004 58
1622761884521 16.077000000000005 59
1622761895941 16.329000000000004 60
1622761907602 16.578000000000003 61
1622761919256 16.828000000000003 62
1622761931140 17.079000000000004 63
1622761943195 17.330000000000005 64
1622761955399 17.582000000000004 65
1622761967818 17.833000000000006 66
1622761980414 18.084000000000007 67
1622761992979 18.337000000000007 68
1622762005811 18.588000000000008 69
1622762018740 18.841000000000008 70
1622762031868 19.091000000000008 71
1622762045231 19.340000000000007 72
1622762058742 19.590000000000007 73
1622762072283 19.842000000000006 74
1622762086183 20.092000000000006 75
1622762100111 20.341000000000005 76
1622762114286 20.595000000000006 77
1622762128542 20.847000000000005 78
1622762143081 21.098000000000006 79
1622762157801 21.348000000000006 80
1622762172356 21.601000000000006 81
1622762187107 21.851000000000006 82
1622762202161 22.105000000000008 83
1622762217417 22.35600000000001 84
1622762232897 22.608000000000008 85
1622762248376 22.857000000000006 86
1622762263941 23.108000000000008 87
1622762279747 23.363000000000007 88
1622762295739 23.612000000000005 89
1622762311786 23.862000000000005 90
1622762328027 24.112000000000005 91
1622762344460 24.363000000000007 92
1622762361047 24.612000000000005 93
1622762377866 24.862000000000005 94
1622762394770 25.112000000000005 95
1622762411907 25.361000000000004 96
1622762429169 25.615000000000006 97
1622762446688 25.867000000000004 98
1622762464337 26.118000000000006 99
1622762482122 26.369000000000007 100
1622762499876 26.620000000000008 101
1622762517935 26.870000000000008 102
1622762536266 27.119000000000007 103
1622762554597 27.369000000000007 104
1622762573057 27.618000000000006 105
1622762591688 27.868000000000006 106
1622762610546 28.117000000000004 107
1622762629449 28.368000000000006 108
1622762648458 28.616000000000007 109
1622762667741 28.868000000000006 110
1622762687012 29.119000000000007 111
1622762706650 29.369000000000007 112
1622762726346 29.619000000000007 113
1622762746111 29.868000000000006 114
1622762765964 30.119000000000007 115
1622762786045 30.369000000000007 116
1622762806307 30.618000000000006 117
1622762826805 30.866000000000007 118
1622762847286 31.117000000000008 119
1622762868137 31.367000000000008 120
1622762889068 31.616000000000007 121
1622762910322 31.865000000000006 122
1622762931670 32.11900000000001 123
1622762953106 32.36900000000001 124
1622762974773 32.62100000000001 125
1622762996756 32.86900000000001 126
1622763018696 33.11800000000001 127
1622763040562 33.36300000000001 128
1622763062856 33.61500000000001 129
1622763085191 33.86600000000001 130
1622763107623 34.12100000000001 131
1622763130349 34.37400000000001 132
1622763153380 34.62600000000001 133
1622763176317 34.875000000000014 134
1622763199510 35.12400000000002 135
1622763222839 35.37400000000002 136
1622763246209 35.62300000000002 137
1622763269864 35.87300000000002 138
1622763293597 36.12400000000002 139
1622763317575 36.375000000000014 140
1622763341705 36.62400000000002 141
1622763365952 36.87400000000002 142
1622763390377 37.125000000000014 143
1622763414983 37.37600000000001 144
1622763439640 37.62600000000001 145
1622763464627 37.87600000000001 146
1622763489481 38.12600000000001 147
1622763514680 38.37700000000001 148
1622763539889 38.62700000000001 149
1622763565445 38.87800000000001 150
1622763591074 39.129000000000005 151
1622763616977 39.37800000000001 152
1622763642863 39.626000000000005 153
1622763668972 39.876000000000005 154
1622763695279 40.12500000000001 155
1622763721690 40.37400000000001 156
1622763748274 40.62500000000001 157
1622763775228 40.87500000000001 158
1622763802049 41.126000000000005 159
1622763829195 41.376000000000005 160
1622763856590 41.62800000000001 161
1622763883810 41.876000000000005 162
1622763911210 42.13 163
1622763938943 42.378 164
1622763966992 42.626 165
1622763995103 42.876 166
1622764023341 43.126 167
1622764051696 43.376 168
1622764080212 43.623 169
1622764108885 43.872 170
1622764137781 44.123 171
1622764166875 44.372 172
1622764196015 44.622 173
1622764225248 44.869 174
1622764254498 45.118 175
1622764284105 45.368 176
1622764313724 45.617000000000004 177
1622764343517 45.86900000000001 178
1622764373759 46.11800000000001 179
1622764404090 46.36900000000001 180
1622764434848 46.61900000000001 181
1622764465433 46.867000000000004 182
1622764496029 47.118 183
1622764526893 47.367000000000004 184
1622764558063 47.61900000000001 185
1622764589178 47.86900000000001 186
1622764620511 48.11800000000001 187
1622764651959 48.36900000000001 188
1622764683868 48.61800000000001 189
1622764715911 48.86600000000001 190
1622764747925 49.11600000000001 191
1622764780108 49.36600000000001 192
1622764812472 49.61600000000001 193
1622764844903 49.86600000000001 194
1622764877418 50.11500000000001 195
1622764910273 50.36600000000001 196
1622764943319 50.614000000000004 197
1622764976604 50.86300000000001 198
1622765010059 51.114000000000004 199
1622765043308 51.364000000000004 200
1622765076770 51.61600000000001 201
1622765110460 51.86600000000001 202
1622765144550 52.11600000000001 203
1622765178251 52.36600000000001 204
1622765212642 52.617000000000004 205
1622765246798 52.867000000000004 206
1622765281288 53.11600000000001 207
1622765315883 53.36500000000001 208
1622765350645 53.61600000000001 209
1622765385545 53.864000000000004 210
1622765420940 54.115 211
1622765456147 54.365 212
1622765491653 54.614000000000004 213
1622765526901 54.862 214
1622765562252 55.113 215
1622765598250 55.365 216
1622765634226 55.616 217
1622765670440 55.865 218
1622765706897 56.114000000000004 219
1622765743117 56.36600000000001 220
1622765779741 56.61500000000001 221
1622765816885 56.86600000000001 222
1622765854149 57.11500000000001 223
1622765890916 57.36400000000001 224
1622765928177 57.613000000000014 225
1622765965641 57.86400000000001 226
1622766003321 58.11700000000001 227
1622766041177 58.369000000000014 228
1622766078888 58.619000000000014 229
1622766117065 58.868000000000016 230
1622766155370 59.118000000000016 231
1622766193897 59.366000000000014 232
1622766232583 59.62400000000002 233
1622766271288 59.87600000000002 234
1622766309939 60.12700000000002 235
1622766349600 60.37600000000002 236
1622766388953 60.62600000000002 237
1622766428517 60.87800000000002 238
1622766468381 61.12800000000002 239
1622766508199 61.377000000000024 240
1622766548010 61.62800000000002 241
1622766588272 61.87800000000002 242
1622766628447 62.12800000000002 243
1622766668900 62.37800000000002 244
1622766709625 62.62800000000002 245
1622766750609 62.87800000000002 246
1622766791420 63.127000000000024 247
1622766832439 63.37800000000002 248
1622766873390 63.62800000000002 249
1622766914348 63.87800000000002 250
1622766955839 64.13300000000002 251
1622766997706 64.38300000000002 252
1622767039409 64.63400000000003 253
1622767081301 64.88500000000003 254
1622767123362 65.13400000000003 255
1622767165487 65.38700000000003 256
1622767207688 65.63500000000003 257
1622767250284 65.88500000000003 258
1622767292810 66.13600000000004 259
1622767335753 66.38700000000004 260
1622767378878 66.63600000000004 261
1622767422128 66.88700000000004 262
1622767465632 67.14000000000004 263
1622767508980 67.38800000000005 264
1622767552775 67.63900000000005 265
1622767596736 67.89000000000006 266
1622767640553 68.14200000000005 267
1622767684475 68.39300000000006 268
1622767728538 68.64400000000006 269
1622767773238 68.89400000000006 270
1622767817694 69.14400000000006 271
1622767862365 69.39500000000007 272
1622767907240 69.64600000000007 273
1622767952593 69.89500000000007 274
1622767997782 70.14700000000006 275
1622768043300 70.40100000000007 276
1622768088749 70.65200000000007 277
1622768134255 70.90100000000007 278
1622768180011 71.16900000000007 279
1622768226155 71.42000000000007 280
1622768272713 71.67200000000007 281
1622768318982 71.92000000000007 282
1622768365274 72.17100000000008 283
1622768412024 72.42400000000008 284
1622768458732 72.67200000000008 285
1622768505929 72.92000000000009 286
1622768552679 73.17000000000009 287
1622768599774 73.41800000000009 288
1622768647317 73.66800000000009 289
1622768694592 73.91700000000009 290
1622768742137 74.16800000000009 291
1622768789942 74.41700000000009 292
1622768837875 74.66700000000009 293
1622768886207 74.91600000000008 294
1622768934688 75.16900000000008 295
1622768983307 75.42200000000008 296
1622769032062 75.67200000000008 297
1622769080983 75.92100000000008 298
1622769130073 76.17200000000008 299
1622769179215 76.42200000000008 300
1622769228479 76.67300000000009 301
1622769278082 76.92200000000008 302
1622769327722 77.17200000000008 303
1622769377316 77.42500000000008 304
1622769427075 77.67700000000008 305
1622769477333 77.92500000000008 306
1622769527823 78.17600000000009 307
1622769578188 78.42800000000008 308
1622769628954 78.67900000000009 309
1622769679479 78.92900000000009 310
1622769730648 79.18100000000008 311
1622769781889 79.43100000000008 312
1622769832755 79.68100000000008 313
1622769884181 79.93100000000008 314
1622769935830 80.17900000000009 315
1622769987514 80.42900000000009 316
1622770039424 80.67900000000009 317
1622770091664 80.92800000000008 318
1622770143995 81.18100000000008 319
1622770196591 81.42900000000009 320
1622770249096 81.67900000000009 321
1622770301847 81.93000000000009 322
1622770354335 82.18000000000009 323
1622770407511 82.43000000000009 324
1622770460404 82.67900000000009 325
1622770513559 82.92800000000008 326
1622770567070 83.17900000000009 327
1622770620350 83.43100000000008 328
1622770674218 83.68200000000009 329
1622770727924 83.93200000000009 330
1622770781870 84.18300000000009 331
1622770836046 84.43300000000009 332
1622770890389 84.68300000000009 333
1622770944903 84.9340000000001 334
1622770999451 85.1880000000001 335
1622771054405 85.4380000000001 336
1622771109237 85.6970000000001 337
1622771164379 85.9470000000001 338
1622771219615 86.1970000000001 339
1622771274933 86.4480000000001 340
1622771330246 86.6970000000001 341
1622771386374 86.9460000000001 342
1622771442144 87.19500000000009 343
1622771498373 87.44500000000009 344
1622771554641 87.6960000000001 345
1622771610866 87.94500000000009 346
1622771667321 88.19500000000009 347
1622771723752 88.4490000000001 348
1622771780509 88.70100000000009 349
1622771837258 88.9520000000001 350
1622771894397 89.2020000000001 351
1622771951436 89.4540000000001 352
1622772008961 89.70300000000009 353
1622772066624 89.9540000000001 354
1622772124096 90.2020000000001 355
1622772181727 90.4530000000001 356
1622772239564 90.7030000000001 357
1622772297683 90.9520000000001 358
1622772356414 91.2030000000001 359
1622772415323 91.4520000000001 360
1622772474413 91.7020000000001 361
1622772533907 91.9530000000001 362
1622772593217 92.20400000000011 363
1622772652508 92.45500000000011 364
1622772711934 92.70500000000011 365
1622772771087 92.95400000000011 366
1622772830907 93.20400000000011 367
1622772890978 93.45200000000011 368
1622772950551 93.70200000000011 369
1622773010977 93.95300000000012 370
1622773071438 94.20300000000012 371
1622773131983 94.45200000000011 372
1622773192830 94.7010000000001 373
1622773253499 94.95200000000011 374
1622773314741 95.20000000000012 375
1622773375903 95.44800000000012 376
1622773437290 95.69700000000012 377
1622773498383 95.94900000000011 378
1622773559998 96.19900000000011 379
1622773621952 96.45200000000011 380
1622773683657 96.70400000000011 381
1622773745975 96.95500000000011 382
1622773808040 97.20500000000011 383
1622773870510 97.45400000000011 384
1622773932822 97.7030000000001 385
1622773995452 97.9510000000001 386
1622774057890 98.2030000000001 387
1622774120729 98.4530000000001 388
1622774184063 98.7020000000001 389
1622774247408 98.9530000000001 390
1622774310752 99.2030000000001 391
1622774374039 99.4520000000001 392
1622774437650 99.7040000000001 393
1622774501266 99.95600000000009 394
1622774565186 100.20500000000008 395
1622774629162 100.45500000000008 396
1622774693553 100.70400000000008 397
1622774757852 100.95400000000008 398
1622774822095 101.20400000000008 399
1622774886955 101.45300000000007 400
1622774952071 101.70100000000008 401
1622775016737 101.95200000000008 402
1622775081947 102.20100000000008 403
1622775147117 102.45100000000008 404
1622775212939 102.70100000000008 405
1622775278424 102.95100000000008 406
1622775344326 103.20100000000008 407
1622775410549 103.45900000000007 408
1622775476438 103.71000000000008 409
1622775542591 103.96000000000008 410
1622775609141 104.21100000000008 411
1622775675638 104.46100000000008 412
1622775742575 104.71400000000008 413
1622775809307 104.96500000000009 414
1622775876396 105.21800000000009 415
1622775943801 105.46800000000009 416
1622776011370 105.72300000000008 417
1622776079057 105.97300000000008 418
1622776146514 106.22300000000008 419
1622776214330 106.47200000000008 420
1622776282123 106.72500000000008 421
1622776350158 106.97300000000008 422
1622776418484 107.22300000000008 423
1622776486920 107.47300000000008 424
1622776555206 107.72600000000008 425
1622776624170 107.97400000000009 426
1622776693461 108.22400000000009 427
1622776762728 108.47300000000008 428
1622776832312 108.72300000000008 429
1622776902021 108.97500000000008 430
1622776971999 109.22500000000008 431
1622777042094 109.47500000000008 432
1622777112212 109.72700000000007 433
1622777182630 109.97500000000008 434
1622777253215 110.22500000000008 435
1622777323847 110.47400000000007 436
1622777394301 110.73100000000008 437
1622777465208 110.98300000000008 438
1622777536520 111.23400000000008 439
1622777608008 111.48700000000008 440
1622777679874 111.73600000000008 441
1622777751796 111.98700000000008 442
1622777823684 112.23800000000008 443
1622777895965 112.48700000000008 444
1622777968537 112.73700000000008 445
1622778040511 112.98700000000008 446
1622778113148 113.24000000000008 447
1622778185925 113.49100000000008 448
1622778258785 113.74200000000009 449
1622778331677 113.99200000000009 450
1622778404673 114.2430000000001 451
1622778477675 114.4930000000001 452
1622778551371 114.7440000000001 453
1622778625305 114.9950000000001 454
1622778699189 115.2440000000001 455
1622778773290 115.4940000000001 456
1622778847549 115.7450000000001 457
1622778921685 115.99600000000011 458
1622778996119 116.24700000000011 459
1622779070653 116.49800000000012 460
1622779145782 116.75000000000011 461
1622779220935 117.00000000000011 462
1622779296116 117.25100000000012 463
1622779370982 117.50300000000011 464
1622779446529 117.75500000000011 465
1622779522205 118.00500000000011 466
1622779597602 118.25500000000011 467
1622779673330 118.5040000000001 468
1622779749161 118.7560000000001 469
1622779825389 119.0060000000001 470
1622779901694 119.2550000000001 471
1622779978006 119.5050000000001 472
1622780054131 119.75400000000009 473
1622780130985 120.0020000000001 474
1622780207666 120.2530000000001 475
1622780284502 120.5020000000001 476
1622780361761 120.75100000000009 477
1622780439135 121.00100000000009 478
1622780516307 121.25000000000009 479
1622780593818 121.49900000000008 480
1622780671445 121.75400000000008 481
1622780749634 122.00600000000007 482
1622780827704 122.25400000000008 483
1622780905851 122.50600000000007 484
1622780983851 122.75600000000007 485
1622781062455 123.01100000000007 486
1622781141227 123.26300000000006 487
1622781220239 123.51300000000006 488
1622781298800 123.76500000000006 489
1622781377790 124.01400000000005 490
1622781456891 124.25900000000006 491
1622781536511 124.50300000000006 492
1622781615966 124.74700000000006 493
1622781696212 124.99200000000006 494
1622781775850 125.23700000000007 495
1622781855631 125.48400000000007 496
1622781935118 125.73300000000006 497
1622782015593 125.97900000000006 498
1622782095972 126.22500000000005 499
1622782176347 126.47400000000005 500
