1622625603470 0.381 0
1622625604033 0.076 1
1622625604618 0.076 2
1622625605238 0.075 3
1622625605909 0.076 4
1622625606578 0.076 5
1622625607277 0.076 6
1622625608007 0.076 7
1622625608775 0.077 8
1622625609580 0.075 9
1622625610415 0.075 10
1622625611295 0.076 11
1622625612199 0.075 12
1622625613143 0.074 13
1622625614147 0.076 14
1622625615461 0.082 15
1622625617747 0.159 16
1622625619714 0.158 17
1622625620962 0.083 18
1622625622264 0.082 19
1622625623591 0.081 20
1622625624945 0.078 21
1622625626989 0.082 22
1622625628736 0.156 23
1622625630591 0.118 24
1622625631981 0.075 25
1622625633403 0.076 26
1622625634878 0.075 27
1622625636371 0.075 28
1622625637908 0.075 29
1622625639471 0.075 30
1622625641076 0.075 31
1622625642720 0.075 32
1622625644411 0.075 33
1622625646106 0.074 34
1622625647864 0.075 35
1622625649611 0.076 36
1622625651432 0.075 37
1622625653277 0.075 38
1622625655268 0.075 39
1622625657390 0.08 40
1622625659410 0.078 41
1622625661455 0.077 42
1622625663505 0.075 43
1622625665566 0.076 44
1622625667673 0.077 45
1622625669814 0.075 46
1622625671992 0.074 47
1622625674215 0.074 48
1622625676546 0.077 49
1622625679103 0.082 50
1622625681447 0.082 51
1622625683845 0.076 52
1622625686241 0.076 53
1622625689583 0.076 54
1622625692370 0.095 55
1622625694880 0.075 56
1622625697393 0.074 57
1622625699933 0.074 58
1622625702524 0.075 59
1622625705196 0.075 60
1622625708158 0.084 61
1622625712565 0.084 62
1622625716061 0.081 63
1622625719262 0.148 64
1622625722215 0.077 65
1622625725099 0.083 66
1622625728673 0.075 67
1622625731621 0.074 68
1622625734757 0.075 69
1622625737801 0.076 70
1622625740887 0.075 71
1622625744183 0.076 72
1622625747437 0.075 73
1622625750918 0.084 74
1622625756237 0.084 75
1622625759677 0.132 76
1622625762919 0.076 77
1622625766242 0.075 78
1622625769923 0.079 79
1622625773635 0.086 80
1622625777256 0.082 81
1622625780679 0.076 82
1622625784159 0.076 83
1622625787652 0.077 84
1622625791206 0.075 85
1622625794764 0.076 86
1622625798368 0.075 87
1622625802068 0.076 88
1622625805760 0.075 89
1622625809498 0.076 90
1622625813278 0.076 91
1622625819654 0.084 92
1622625824572 0.08 93
1622625829360 0.087 94
1622625833273 0.075 95
1622625837254 0.076 96
1622625841236 0.074 97
1622625845601 0.075 98
1622625851029 0.083 99
1622625855296 0.085 100
1622625859593 0.075 101
1622625864704 0.081 102
1622625869454 0.087 103
1622625875387 0.083 104
1622625879579 0.075 105
1622625883895 0.074 106
1622625888355 0.076 107
1622625894413 0.147 108
1622625900631 0.109 109
1622625905440 0.081 110
1622625911875 0.116 111
1622625916902 0.081 112
1622625923351 0.168 113
1622625927980 0.075 114
1622625934364 0.183 115
1622625939828 0.115 116
1622625945702 0.081 117
1622625950999 0.083 118
1622625956889 0.076 119
1622625963520 0.14 120
1622625970421 0.138 121
1622625976809 0.165 122
1622625983340 0.119 123
1622625989207 0.091 124
1622625994638 0.165 125
1622625999827 0.075 126
1622626006608 0.084 127
1622626012319 0.091 128
1622626019693 0.08 129
1622626025737 0.084 130
1622626032058 0.151 131
1622626037523 0.081 132
1622626042934 0.077 133
1622626049797 0.081 134
1622626055553 0.077 135
1622626061269 0.076 136
1622626067209 0.104 137
1622626073320 0.079 138
1622626080663 0.083 139
1622626087652 0.082 140
1622626093336 0.086 141
1622626098900 0.075 142
1622626107469 0.075 143
1622626114104 0.158 144
1622626119760 0.076 145
1622626125557 0.075 146
1622626131369 0.074 147
1622626137292 0.076 148
1622626143150 0.075 149
1622626149118 0.076 150
1622626155093 0.075 151
1622626161079 0.078 152
1622626167156 0.076 153
1622626173293 0.076 154
1622626179435 0.075 155
1622626185646 0.075 156
1622626191919 0.076 157
1622626198182 0.077 158
1622626204422 0.076 159
1622626210772 0.074 160
1622626218063 0.075 161
1622626224407 0.074 162
1622626230777 0.075 163
1622626237202 0.076 164
1622626243641 0.077 165
1622626250094 0.075 166
1622626256613 0.076 167
1622626263163 0.075 168
1622626269795 0.075 169
1622626276450 0.075 170
1622626283086 0.075 171
1622626289857 0.076 172
1622626296640 0.076 173
1622626303478 0.076 174
1622626310307 0.076 175
1622626317190 0.075 176
1622626324086 0.076 177
1622626330985 0.076 178
1622626337980 0.076 179
1622626344989 0.075 180
1622626352046 0.077 181
1622626359096 0.076 182
1622626366241 0.075 183
1622626373319 0.077 184
1622626380410 0.075 185
1622626387558 0.075 186
1622626394765 0.075 187
1622626402043 0.075 188
1622626409315 0.076 189
1622626416598 0.075 190
1622626423935 0.076 191
1622626431317 0.076 192
1622626438705 0.075 193
1622626446200 0.074 194
1622626453721 0.075 195
1622626461299 0.075 196
1622626468884 0.075 197
1622626476476 0.074 198
1622626484060 0.075 199
1622626491734 0.075 200
1622626500475 0.147 201
1622626508294 0.076 202
1622626516202 0.075 203
1622626524091 0.075 204
1622626531999 0.075 205
1622626539933 0.075 206
1622626547931 0.076 207
1622626555952 0.076 208
1622626563967 0.075 209
1622626572060 0.076 210
1622626580211 0.075 211
1622626588329 0.075 212
1622626596517 0.076 213
1622626604732 0.075 214
1622626612991 0.074 215
1622626621299 0.076 216
1622626629718 0.076 217
1622626638162 0.075 218
1622626646599 0.076 219
1622626655145 0.076 220
1622626663674 0.076 221
1622626672294 0.076 222
1622626680863 0.076 223
1622626689434 0.076 224
1622626698132 0.076 225
1622626706818 0.076 226
1622626715550 0.077 227
1622626724372 0.076 228
1622626733098 0.075 229
1622626741855 0.075 230
1622626750761 0.076 231
1622626759568 0.075 232
1622626768491 0.076 233
1622626777392 0.077 234
1622626786325 0.074 235
1622626795286 0.076 236
1622626804313 0.076 237
1622626813334 0.075 238
1622626822389 0.075 239
1622626831527 0.076 240
1622626840661 0.075 241
1622626849913 0.074 242
1622626859148 0.076 243
1622626868403 0.076 244
1622626877771 0.076 245
1622626887247 0.076 246
1622626896754 0.076 247
1622626906201 0.077 248
1622626915759 0.075 249
1622626925327 0.076 250
1622626934888 0.076 251
1622626944518 0.075 252
1622626954213 0.075 253
1622626963838 0.076 254
1622626973656 0.075 255
1622626983329 0.075 256
1622626993083 0.075 257
1622627002887 0.075 258
1622627012832 0.076 259
1622627022748 0.076 260
1622627032789 0.076 261
1622627042834 0.074 262
1622627052916 0.075 263
1622627063007 0.076 264
1622627073045 0.075 265
1622627083081 0.076 266
1622627093216 0.075 267
1622627103352 0.075 268
1622627113659 0.075 269
1622627123967 0.075 270
1622627134259 0.077 271
1622627144592 0.075 272
1622627154938 0.076 273
1622627165260 0.075 274
1622627175766 0.076 275
1622627186300 0.076 276
1622627196930 0.076 277
1622627207472 0.076 278
1622627218103 0.077 279
1622627228711 0.075 280
1622627239447 0.076 281
1622627250148 0.076 282
1622627260925 0.076 283
1622627271782 0.075 284
1622627282649 0.076 285
1622627293558 0.076 286
1622627304411 0.075 287
1622627315356 0.075 288
1622627326352 0.076 289
1622627337337 0.075 290
1622627348411 0.076 291
1622627359525 0.076 292
1622627370631 0.076 293
1622627381781 0.075 294
1622627392999 0.076 295
1622627404247 0.075 296
1622627415534 0.077 297
1622627426795 0.074 298
1622627438110 0.075 299
1622627449488 0.075 300
1622627460863 0.074 301
1622627472353 0.075 302
1622627483804 0.075 303
1622627495317 0.075 304
1622627506835 0.075 305
1622627518411 0.075 306
1622627530024 0.075 307
1622627541673 0.076 308
1622627553413 0.074 309
1622627565164 0.075 310
1622627576940 0.075 311
1622627588729 0.075 312
1622627600665 0.074 313
1622627612490 0.075 314
1622627624422 0.076 315
1622627636406 0.075 316
1622627648307 0.076 317
1622627660229 0.074 318
1622627672268 0.075 319
1622627684373 0.075 320
1622627696481 0.075 321
1622627708604 0.075 322
1622627720844 0.074 323
1622627733143 0.076 324
1622627745500 0.076 325
1622627757777 0.076 326
1622627770265 0.075 327
1622627782724 0.079 328
1622627795114 0.077 329
1622627807644 0.075 330
1622627820079 0.075 331
1622627832646 0.075 332
1622627845110 0.075 333
1622627857640 0.076 334
1622627870287 0.075 335
1622627882861 0.075 336
1622627895544 0.075 337
1622627908250 0.076 338
1622627920980 0.075 339
1622627933845 0.076 340
1622627946730 0.075 341
1622627959585 0.076 342
1622627972574 0.075 343
1622627985562 0.076 344
1622627998609 0.078 345
1622628011580 0.075 346
1622628024749 0.076 347
1622628037999 0.075 348
1622628051192 0.075 349
1622628064451 0.075 350
1622628077753 0.075 351
1622628090997 0.076 352
1622628104258 0.075 353
1622628117685 0.076 354
1622628131092 0.075 355
1622628144417 0.076 356
1622628157829 0.077 357
1622628171297 0.076 358
1622628184803 0.075 359
1622628198258 0.075 360
1622628211800 0.076 361
1622628225354 0.075 362
1622628238921 0.076 363
1622628252621 0.075 364
1622628266292 0.076 365
1622628279987 0.075 366
1622628293778 0.075 367
1622628307576 0.075 368
1622628321382 0.075 369
1622628335285 0.076 370
1622628349244 0.075 371
1622628363317 0.076 372
1622628377401 0.075 373
1622628391444 0.075 374
1622628405613 0.075 375
1622628419870 0.075 376
1622628434075 0.076 377
1622628448254 0.075 378
1622628462470 0.075 379
1622628476666 0.074 380
1622628490918 0.074 381
1622628505186 0.075 382
1622628519440 0.076 383
1622628533656 0.075 384
1622628547993 0.075 385
1622628562466 0.076 386
1622628576863 0.075 387
1622628591391 0.075 388
1622628605950 0.076 389
1622628620655 0.076 390
1622628635370 0.076 391
1622628650122 0.075 392
1622628664935 0.076 393
1622628679749 0.077 394
1622628694650 0.075 395
1622628709580 0.075 396
1622628724545 0.075 397
1622628739555 0.076 398
1622628754689 0.075 399
1622628769771 0.075 400
1622628784806 0.074 401
1622628799819 0.075 402
1622628815048 0.076 403
1622628830272 0.075 404
1622628845519 0.075 405
1622628860706 0.076 406
1622628875972 0.076 407
1622628891295 0.075 408
1622628906664 0.077 409
1622628922009 0.076 410
1622628937412 0.076 411
1622628952711 0.075 412
1622628968053 0.075 413
1622628983584 0.074 414
1622628998993 0.075 415
1622629014568 0.075 416
1622629030237 0.076 417
1622629045877 0.076 418
1622629061598 0.076 419
1622629077418 0.075 420
1622629093195 0.078 421
1622629109053 0.075 422
1622629124869 0.075 423
1622629140761 0.075 424
1622629156641 0.076 425
1622629172513 0.075 426
1622629188636 0.076 427
1622629204593 0.076 428
1622629220589 0.075 429
1622629236735 0.075 430
1622629252943 0.075 431
1622629269181 0.075 432
1622629285294 0.075 433
1622629301512 0.074 434
1622629317821 0.076 435
1622629334180 0.075 436
1622629350605 0.075 437
1622629367070 0.075 438
1622629383670 0.077 439
1622629400188 0.076 440
1622629416742 0.076 441
1622629433356 0.076 442
1622629450033 0.077 443
1622629466646 0.076 444
1622629483307 0.077 445
1622629500057 0.076 446
1622629516731 0.075 447
1622629533573 0.076 448
1622629550343 0.075 449
1622629567154 0.076 450
1622629584065 0.075 451
1622629601062 0.076 452
1622629618000 0.076 453
1622629634829 0.075 454
1622629651794 0.075 455
1622629668620 0.077 456
1622629685616 0.075 457
1622629702572 0.074 458
1622629719770 0.075 459
1622629736890 0.076 460
1622629754201 0.076 461
1622629771442 0.076 462
1622629788801 0.075 463
1622629806247 0.075 464
1622629823599 0.074 465
1622629841150 0.075 466
1622629858583 0.074 467
1622629875979 0.075 468
1622629893386 0.076 469
1622629910870 0.075 470
1622629928318 0.075 471
1622629945740 0.075 472
1622629963404 0.075 473
1622629981190 0.075 474
1622629998980 0.076 475
1622630016699 0.076 476
1622630034526 0.076 477
1622630052501 0.076 478
1622630070361 0.075 479
1622630088240 0.076 480
1622630106235 0.075 481
1622630124253 0.074 482
1622630142308 0.075 483
1622630160289 0.076 484
1622630178270 0.075 485
1622630196210 0.075 486
1622630214474 0.075 487
1622630232777 0.076 488
1622630250950 0.075 489
1622630269193 0.076 490
1622630287529 0.075 491
1622630305932 0.076 492
1622630324278 0.076 493
1622630342690 0.075 494
1622630361151 0.08 495
1622630379624 0.079 496
1622630398049 0.075 497
1622630416610 0.075 498
1622630435052 0.074 499
1622630453617 0.075 500
