1622758250708 0.004 0
1622758251219 0.391 1
1622758251751 0.413 2
1622758252311 0.442 3
1622758252921 0.494 4
1622758253545 0.509 5
1622758254216 0.552 6
1622758254912 0.583 7
1622758255661 0.636 8
1622758256436 0.663 9
1622758257253 0.704 10
1622758258095 0.73 11
1622758259003 0.792 12
1622758259937 0.822 13
1622758260897 0.848 14
1622758261892 0.875 15
1622758263780 1.698 16
1622758264985 1.057 17
1622758266130 1.031 18
1622758267354 1.106 19
1622758268614 1.14 20
1622758270310 1.519 21
1622758271547 1.123 22
1622758272822 1.161 23
1622758274140 1.203 24
1622758275552 1.296 25
1622758277056 1.387 26
1622758278511 1.339 27
1622758279978 1.357 28
1622758281466 1.377 29
1622758282993 1.417 30
1622758284565 1.459 31
1622758286177 1.497 32
1622758287823 1.534 33
1622758289509 1.573 34
1622758291204 1.582 35
1622758292955 1.638 36
1622758294760 1.693 37
1622758296590 1.717 38
1622758298470 1.77 39
1622758300373 1.79 40
1622758302311 1.823 41
1622758304289 1.866 42
1622758306288 1.887 43
1622758308347 1.945 44
1622758310408 1.945 45
1622758312675 2.154 46
1622758314915 2.123 47
1622758317212 2.186 48
1622758320254 2.928 49
1622758323186 2.821 50
1622758325462 2.164 51
1622758327776 2.2 52
1622758330159 2.27 53
1622758332580 2.308 54
1622758335042 2.332 55
1622758337512 2.351 56
1622758340236 2.605 57
1622758342828 2.472 58
1622758345417 2.478 59
1622758348020 2.489 60
1622758351592 3.45 61
1622758354308 2.59 62
1622758357019 2.594 63
1622758359765 2.629 64
1622758362591 2.708 65
1622758365430 2.724 66
1622758368263 2.716 67
1622758371182 2.802 68
1622758374079 2.782 69
1622758377065 2.871 70
1622758380056 2.876 71
1622758383095 2.923 72
1622758386186 2.975 73
1622758389303 3.003 74
1622758392510 3.087 75
1622758395727 3.098 76
1622758398970 3.129 77
1622758402167 3.084 78
1622758405478 3.198 79
1622758408828 3.236 80
1622758412171 3.227 81
1622758416379 4.095 82
1622758419901 3.405 83
1622758424261 4.244 84
1622758427793 3.411 85
1622758431323 3.42 86
1622758435777 4.341 87
1622758439421 3.529 88
1622758443937 4.4 89
1622758447602 3.55 90
1622758452041 4.319 91
1622758456309 4.089 92
1622758461102 4.678 93
1622758464939 3.724 94
1622758468806 3.754 95
1622758472712 3.792 96
1622758476706 3.877 97
1622758480691 3.872 98
1622758484655 3.851 99
1622758488690 3.921 100
1622758492763 3.959 101
1622758496889 4.013 102
1622758502048 4.975 103
1622758506267 4.105 104
1622758510505 4.122 105
1622758514782 4.165 106
1622758519069 4.174 107
1622758523393 4.212 108
1622758527762 4.256 109
1622758532191 4.316 110
1622758536613 4.308 111
1622758541078 4.352 112
1622758545599 4.405 113
1622758550179 4.466 114
1622758554798 4.504 115
1622758559445 4.532 116
1622758565472 5.914 117
1622758570138 4.547 118
1622758574868 4.616 119
1622758580645 5.663 120
1622758585731 4.97 121
1622758590616 4.772 122
1622758595430 4.702 123
1622758600341 4.798 124
1622758606375 5.921 125
1622758611329 4.842 126
1622758616333 4.893 127
1622758621362 4.913 128
1622758626441 4.965 129
1622758631529 4.973 130
1622758636708 5.062 131
1622758641853 5.028 132
1622758647048 5.084 133
1622758652277 5.118 134
1622758658513 6.122 135
1622758663917 5.284 136
1622758669318 5.288 137
1622758674787 5.355 138
1622758680259 5.36 139
1622758685765 5.391 140
1622758691323 5.445 141
1622758696876 5.44 142
1622758703367 6.375 143
1622758709543 6.06 144
1622758715312 5.63 145
1622758721001 5.576 146
1622758726677 5.564 147
1622758732405 5.618 148
1622758738128 5.612 149
1622758743960 5.719 150
1622758749859 5.788 151
1622758755752 5.783 152
1622758761723 5.86 153
1622758767706 5.873 154
1622758773726 5.906 155
1622758780526 6.686 156
1622758786633 5.993 157
1622758792755 6.009 158
1622758798907 6.035 159
1622758805143 6.121 160
1622758811335 6.08 161
1622758817578 6.13 162
1622758823878 6.187 163
1622758830212 6.222 164
1622758836583 6.259 165
1622758842964 6.271 166
1622758849354 6.277 167
1622758855800 6.334 168
1622758862321 6.409 169
1622758868836 6.4 170
1622758875445 6.496 171
1622758882031 6.472 172
1622758888725 6.579 173
1622758895424 6.582 174
1622758903115 7.577 175
1622758909848 6.619 176
1622758917618 7.613 177
1622758924417 6.684 178
1622758931237 6.708 179
1622758938081 6.732 180
1622758945004 6.809 181
1622758951990 6.869 182
1622758958982 6.879 183
1622758966004 6.91 184
1622758973086 6.969 185
1622758980160 6.96 186
1622758987307 7.034 187
1622758994458 7.038 188
1622759001656 7.084 189
1622759009316 7.545 190
1622759017686 8.255 191
1622759026085 8.285 192
1622759033946 7.739 193
1622759041585 7.519 194
1622759049919 8.146 195
1622759058396 8.365 196
1622759065896 7.385 197
1622759073450 7.44 198
1622759081037 7.472 199
1622759088639 7.489 200
1622759096299 7.547 201
1622759104065 7.653 202
1622759112493 8.311 203
1622759120244 7.634 204
1622759128074 7.71 205
1622759137567 9.375 206
1622759145461 7.777 207
1622759153332 7.756 208
1622759161216 7.766 209
1622759169216 7.882 210
1622759177281 7.943 211
1622759187006 9.532 212
1622759196584 9.455 213
1622759205489 8.712 214
1622759216524 10.916 215
1622759224805 8.162 216
1622759233143 8.222 217
1622759241414 8.154 218
1622759249659 8.127 219
1622759257990 8.214 220
1622759266376 8.267 221
1622759275995 9.498 222
1622759284540 8.423 223
1622759293031 8.375 224
1622759302399 9.252 225
1622759310989 8.475 226
1622759320455 9.349 227
1622759329094 8.523 228
1622759337797 8.587 229
1622759346505 8.588 230
1622759355217 8.593 231
1622759363975 8.643 232
1622759372719 8.629 233
1622759381570 8.733 234
1622759390538 8.85 235
1622759399444 8.788 236
1622759409393 9.827 237
1622759418917 9.374 238
1622759427964 8.932 239
1622759437031 8.952 240
1622759446118 8.973 241
1622759455243 9.01 242
1622759464363 9.007 243
1622759473556 9.079 244
1622759482842 9.169 245
1622759491997 9.041 246
1622759501370 9.257 247
1622759510699 9.213 248
1622759520946 10.13 249
1622759531288 10.225 250
1622759542680 11.276 251
1622759552284 9.487 252
1622759561791 9.391 253
1622759571439 9.532 254
1622759581094 9.54 255
1622759590756 9.549 256
1622759601348 10.478 257
1622759612538 11.073 258
1622759622410 9.754 259
1622759632146 9.62 260
1622759641908 9.648 261
1622759651678 9.656 262
1622759661535 9.745 263
1622759671485 9.836 264
1622759681402 9.801 265
1622759691456 9.942 266
1622759702284 10.716 267
1622759712343 9.945 268
1622759722427 9.971 269
1622759732634 10.094 270
1622759742776 10.028 271
1622759752970 10.08 272
1622759763290 10.206 273
1622759773529 10.124 274
1622759783817 10.173 275
1622759794174 10.239 276
1622759804589 10.299 277
1622759815050 10.348 278
1622759825498 10.334 279
1622759835938 10.327 280
1622759846518 10.466 281
1622759857074 10.442 282
1622759867646 10.456 283
1622759878285 10.526 284
1622759888905 10.507 285
1622759899589 10.57 286
1622759910315 10.612 287
1622759921064 10.635 288
1622759931815 10.64 289
1622759942586 10.657 290
1622759953393 10.692 291
1622759964316 10.811 292
1622759976543 12.115 293
1622759987585 10.927 294
1622759998564 10.864 295
1622760009613 10.932 296
1622760020797 11.068 297
1622760032926 11.942 298
1622760044199 11.158 299
1622760055457 11.145 300
1622760066725 11.154 301
1622760078101 11.263 302
1622760089474 11.258 303
1622760103519 13.93 304
1622760115952 12.317 305
1622760127452 11.381 306
1622760138881 11.312 307
1622760150346 11.35 308
1622760161939 11.476 309
1622760173525 11.467 310
1622760185117 11.471 311
1622760196740 11.509 312
1622760208320 11.468 313
1622760220059 11.626 314
1622760231794 11.624 315
1622760243567 11.66 316
1622760255316 11.633 317
1622760267252 11.822 318
1622760279151 11.784 319
1622760291970 12.707 320
1622760303888 11.805 321
1622760316905 12.903 322
1622760328976 11.958 323
1622760341037 11.944 324
1622760353972 12.821 325
1622760366131 12.042 326
1622760378274 12.03 327
1622760390433 12.046 328
1622760404256 13.704 329
1622760416711 12.288 330
1622760430811 13.986 331
1622760443140 12.217 332
1622760455459 12.205 333
1622760467881 12.307 334
1622760480344 12.347 335
1622760493794 13.338 336
1622760506387 12.481 337
1622760518919 12.417 338
1622760531530 12.497 339
1622760544129 12.482 340
1622760558424 14.18 341
1622760571157 12.619 342
1622760583922 12.65 343
1622760596662 12.628 344
1622760610537 13.689 345
1622760623563 12.911 346
1622760636534 12.856 347
1622760649549 12.896 348
1622760662548 12.883 349
1622760675581 12.917 350
1622760688660 12.965 351
1622760701852 13.078 352
1622760714978 13.011 353
1622760728148 13.056 354
1622760741362 13.102 355
1622760754616 13.142 356
1622760767926 13.197 357
1622760781240 13.2 358
1622760794559 13.204 359
1622760807957 13.287 360
1622760821473 13.399 361
1622760834974 13.387 362
1622760848560 13.47 363
1622760862115 13.439 364
1622760876498 14.266 365
1622760892178 15.563 366
1622760905854 13.56 367
1622760920371 14.401 368
1622760935969 15.484 369
1622760952241 16.148 370
1622760966982 14.544 371
1622760982402 15.308 372
1622760996174 13.66 373
1622761010019 13.731 374
1622761023829 13.698 375
1622761039361 15.422 376
1622761053355 13.881 377
1622761067411 13.942 378
1622761081445 13.919 379
1622761096694 15.132 380
1622761111748 14.932 381
1622761125903 14.043 382
1622761140061 14.044 383
1622761154376 14.2 384
1622761168596 14.107 385
1622761184518 15.806 386
1622761198889 14.255 387
1622761213227 14.221 388
1622761227744 14.406 389
1622761242288 14.43 390
1622761257028 14.624 391
1622761271587 14.445 392
1622761286093 14.394 393
1622761301632 15.425 394
1622761316279 14.532 395
1622761330937 14.541 396
1622761345593 14.543 397
1622761360289 14.58 398
1622761374999 14.592 399
1622761389796 14.677 400
1622761405454 15.537 401
1622761420321 14.748 402
1622761435257 14.818 403
1622761450185 14.812 404
1622761465113 14.812 405
1622761480120 14.889 406
1622761495091 14.859 407
1622761510134 14.93 408
1622761526061 15.806 409
1622761541415 15.217 410
1622761557587 16.055 411
1622761572815 15.111 412
1622761588070 15.137 413
1622761603299 15.117 414
1622761618592 15.182 415
1622761634760 16.054 416
1622761650912 16.042 417
1622761668177 17.147 418
1622761683857 15.541 419
1622761700229 16.257 420
1622761715771 15.428 421
1622761731412 15.523 422
1622761747174 15.647 423
1622761762815 15.525 424
1622761778514 15.584 425
1622761794225 15.599 426
1622761810837 16.498 427
1622761826584 15.633 428
1622761842361 15.664 429
1622761858857 16.384 430
1622761874890 15.918 431
1622761890800 15.796 432
1622761906710 15.795 433
1622761922725 15.901 434
1622761938753 15.913 435
1622761954746 15.879 436
1622761970889 16.029 437
1622761986904 15.901 438
1622762003116 16.099 439
1622762021120 17.892 440
1622762039700 18.468 441
1622762056042 16.23 442
1622762073210 17.054 443
1622762089600 16.275 444
1622762105927 16.212 445
1622762122343 16.301 446
1622762138752 16.293 447
1622762155223 16.356 448
1622762171814 16.479 449
1622762188393 16.463 450
1622762205028 16.52 451
1622762221682 16.537 452
1622762238490 16.695 453
1622762255173 16.57 454
1622762271871 16.584 455
1622762288713 16.729 456
1622762305511 16.684 457
1622762322265 16.641 458
1622762339205 16.826 459
1622762356143 16.824 460
1622762373143 16.883 461
1622762390080 16.821 462
1622762407162 16.966 463
1622762426050 18.774 464
1622762443807 17.644 465
1622762460789 16.871 466
1622762477955 17.053 467
1622762495131 17.061 468
1622762513808 18.556 469
1622762531942 17.956 470
1622762551043 18.988 471
1622762568367 17.208 472
1622762587133 18.653 473
1622762604505 17.254 474
1622762621972 17.353 475
1622762640662 18.575 476
1622762659421 18.645 477
1622762676875 17.34 478
1622762694541 17.551 479
1622762712125 17.47 480
1622762729730 17.488 481
1622762747405 17.561 482
1622762765120 17.602 483
1622762783882 18.649 484
1622762801730 17.732 485
1622762819674 17.826 486
1622762837500 17.709 487
1622762855382 17.768 488
1622762873803 18.31 489
1622762892320 18.402 490
1622762910379 17.946 491
1622762929616 19.122 492
1622762948811 19.079 493
1622762966935 18.01 494
1622762987775 20.723 495
1622763005947 18.052 496
1622763024026 17.965 497
1622763042272 18.132 498
1622763060574 18.187 499
1622763078958 18.27 500
