1622729385950 0.376 0
1622729386537 0.45 1
1622729387104 0.525 2
1622729387682 0.6 3
1622729388309 0.6749999999999999 4
1622729388967 0.7499999999999999 5
1622729389661 0.8259999999999998 6
1622729390390 0.8999999999999998 7
1622729391168 0.9749999999999998 8
1622729391969 1.0509999999999997 9
1622729392792 1.1259999999999997 10
1622729393675 1.2009999999999996 11
1622729394567 1.2749999999999997 12
1622729395523 1.3509999999999998 13
1622729396494 1.4249999999999998 14
1622729397510 1.4999999999999998 15
1622729398573 1.5749999999999997 16
1622729399667 1.6499999999999997 17
1622729400779 1.7249999999999996 18
1622729401940 1.7999999999999996 19
1622729403119 1.8749999999999996 20
1622729404359 1.9489999999999996 21
1622729405643 2.0249999999999995 22
1622729406946 2.1009999999999995 23
1622729408292 2.1759999999999997 24
1622729409687 2.2499999999999996 25
1622729411113 2.3249999999999997 26
1622729412555 2.4 27
1622729414022 2.475 28
1622729415528 2.552 29
1622729417085 2.6270000000000002 30
1622729418667 2.701 31
1622729420292 2.7760000000000002 32
1622729421936 2.8510000000000004 33
1622729423620 2.9260000000000006 34
1622729425352 3.001000000000001 35
1622729427124 3.077000000000001 36
1622729428911 3.152000000000001 37
1622729430743 3.228000000000001 38
1622729432631 3.3030000000000013 39
1622729435485 3.449000000000001 40
1622729437430 3.5240000000000014 41
1622729439403 3.5990000000000015 42
1622729441445 3.6750000000000016 43
1622729443467 3.7510000000000017 44
1622729445532 3.826000000000002 45
1622729447656 3.901000000000002 46
1622729449792 3.976000000000002 47
1622729451985 4.051000000000002 48
1622729454220 4.126000000000002 49
1622729456435 4.201000000000002 50
1622729458724 4.2760000000000025 51
1622729461069 4.351000000000003 52
1622729463415 4.4250000000000025 53
1622729465785 4.500000000000003 54
1622729468222 4.576000000000002 55
1622729470716 4.6510000000000025 56
1622729473239 4.726000000000003 57
1622729475794 4.801000000000003 58
1622729478366 4.876000000000003 59
1622729480982 4.951000000000003 60
1622729483636 5.025000000000003 61
1622729486325 5.100000000000003 62
1622729489021 5.174000000000003 63
1622729491804 5.249000000000003 64
1622729494632 5.324000000000003 65
1622729497456 5.399000000000004 66
1622729500288 5.474000000000004 67
1622729503176 5.550000000000003 68
1622729506102 5.6250000000000036 69
1622729509032 5.701000000000003 70
1622729512042 5.776000000000003 71
1622729515086 5.8510000000000035 72
1622729518136 5.926000000000004 73
1622729521220 6.0000000000000036 74
1622729524375 6.074000000000003 75
1622729527548 6.149000000000004 76
1622729530709 6.225000000000003 77
1622729533960 6.301000000000003 78
1622729537206 6.375000000000003 79
1622729540564 6.450000000000003 80
1622729543937 6.524000000000003 81
1622729547287 6.600000000000002 82
1622729550711 6.674000000000002 83
1622729554190 6.749000000000002 84
1622729557693 6.8240000000000025 85
1622729561198 6.898000000000002 86
1622729564774 6.9730000000000025 87
1622729568388 7.048000000000003 88
1622729572003 7.1220000000000026 89
1622729575674 7.197000000000003 90
1622729579362 7.272000000000003 91
1622729583107 7.347000000000003 92
1622729586891 7.421000000000003 93
1622729590736 7.4970000000000026 94
1622729594576 7.573000000000002 95
1622729598463 7.649000000000002 96
1622729602371 7.724000000000002 97
1622729606302 7.798000000000002 98
1622729610258 7.873000000000002 99
1622729614285 7.947000000000002 100
1622729618345 8.022000000000002 101
1622729622443 8.096000000000002 102
1622729626594 8.173000000000002 103
1622729630794 8.249000000000002 104
1622729634994 8.323000000000002 105
1622729639242 8.397000000000002 106
1622729643475 8.472000000000001 107
1622729647789 8.546000000000001 108
1622729652107 8.621 109
1622729656474 8.696 110
1622729660896 8.770999999999999 111
1622729665382 8.845999999999998 112
1622729669889 8.919999999999998 113
1622729674422 8.994999999999997 114
1622729679007 9.068999999999997 115
1622729683574 9.144999999999998 116
1622729688180 9.219999999999997 117
1622729692842 9.294999999999996 118
1622729697502 9.369999999999996 119
1622729702244 9.444999999999995 120
1622729706978 9.518999999999995 121
1622729711805 9.593999999999994 122
1622729716646 9.667999999999994 123
1622729721511 9.741999999999994 124
1622729726391 9.816999999999993 125
1622729731350 9.891999999999992 126
1622729736355 9.967999999999993 127
1622729741330 10.042999999999992 128
1622729746411 10.116999999999992 129
1622729751531 10.190999999999992 130
1622729756638 10.265999999999991 131
1622729761820 10.34099999999999 132
1622729767029 10.41599999999999 133
1622729772247 10.48999999999999 134
1622729777534 10.564999999999989 135
1622729782879 10.639999999999988 136
1622729788220 10.714999999999987 137
1622729793545 10.788999999999987 138
1622729798933 10.863999999999987 139
1622729804440 10.938999999999986 140
1622729809908 11.012999999999986 141
1622729815492 11.088999999999986 142
1622729821031 11.162999999999986 143
1622729826631 11.237999999999985 144
1622729832221 11.312999999999985 145
1622729837893 11.386999999999984 146
1622729843591 11.460999999999984 147
1622729849309 11.535999999999984 148
1622729855095 11.610999999999983 149
1622729860849 11.685999999999982 150
1622729866665 11.760999999999981 151
1622729872515 11.83599999999998 152
1622729878395 11.911999999999981 153
1622729884302 11.98699999999998 154
1622729890250 12.06199999999998 155
1622729896309 12.13699999999998 156
1622729902338 12.211999999999978 157
1622729908414 12.285999999999978 158
1622729914473 12.359999999999978 159
1622729920656 12.433999999999978 160
1622729926858 12.508999999999977 161
1622729933049 12.583999999999977 162
1622729939290 12.658999999999976 163
1622729945559 12.733999999999975 164
1622729951880 12.807999999999975 165
1622729958277 12.881999999999975 166
1622729964612 12.955999999999975 167
1622729971049 13.031999999999975 168
1622729977516 13.106999999999974 169
1622729984027 13.181999999999974 170
1622729990572 13.256999999999973 171
1622729997189 13.331999999999972 172
1622730003793 13.407999999999973 173
1622730010505 13.481999999999973 174
1622730017224 13.556999999999972 175
1622730023967 13.632999999999972 176
1622730030752 13.706999999999972 177
1622730037604 13.781999999999972 178
1622730044419 13.857999999999972 179
1622730051252 13.932999999999971 180
1622730058140 14.006999999999971 181
1622730065066 14.08199999999997 182
1622730072047 14.157999999999971 183
1622730079049 14.23299999999997 184
1622730086071 14.30899999999997 185
1622730093127 14.38299999999997 186
1622730100208 14.458999999999971 187
1622730107403 14.53399999999997 188
1622730114579 14.60899999999997 189
1622730121838 14.68499999999997 190
1622730129128 14.75999999999997 191
1622730136453 14.83399999999997 192
1622730143787 14.908999999999969 193
1622730151157 14.98499999999997 194
1622730158513 15.06099999999997 195
1622730165958 15.135999999999969 196
1622730173434 15.209999999999969 197
1622730180966 15.284999999999968 198
1622730188531 15.359999999999967 199
1622730196120 15.434999999999967 200
1622730203707 15.509999999999966 201
1622730211287 15.584999999999965 202
1622730219030 15.659999999999965 203
1622730226808 15.734999999999964 204
1622730234631 15.810999999999964 205
1622730242435 15.885999999999964 206
1622730250272 15.960999999999963 207
1622730258114 16.035999999999962 208
1622730266006 16.11099999999996 209
1622730273937 16.18599999999996 210
1622730281979 16.259999999999962 211
1622730290023 16.33499999999996 212
1622730298014 16.410999999999962 213
1622730306132 16.486999999999963 214
1622730314255 16.560999999999964 215
1622730322423 16.635999999999964 216
1622730330674 16.709999999999965 217
1622730338913 16.784999999999965 218
1622730347111 16.858999999999966 219
1622730355368 16.933999999999966 220
1622730363736 17.007999999999967 221
1622730372115 17.082999999999966 222
1622730380587 17.156999999999968 223
1622730389054 17.23299999999997 224
1622730397618 17.307999999999968 225
1622730406136 17.382999999999967 226
1622730414717 17.458999999999968 227
1622730423371 17.533999999999967 228
1622730432051 17.609999999999967 229
1622730440674 17.684999999999967 230
1622730449390 17.76199999999997 231
1622730458183 17.83599999999997 232
1622730466985 17.91099999999997 233
1622730475787 17.98599999999997 234
1622730484635 18.060999999999968 235
1622730493487 18.13699999999997 236
1622730502438 18.211999999999968 237
1622730511393 18.286999999999967 238
1622730520368 18.361999999999966 239
1622730529385 18.436999999999966 240
1622730538457 18.510999999999967 241
1622730547517 18.58499999999997 242
1622730556708 18.659999999999968 243
1622730565891 18.734999999999967 244
1622730575108 18.809999999999967 245
1622730584399 18.885999999999967 246
1622730593655 18.960999999999967 247
1622730602995 19.034999999999968 248
1622730612380 19.10899999999997 249
1622730621774 19.18399999999997 250
1622730631168 19.25899999999997 251
1622730640608 19.33499999999997 252
1622730650134 19.409999999999968 253
1622730659617 19.484999999999967 254
1622730669178 19.56199999999997 255
1622730678795 19.63699999999997 256
1622730688459 19.711999999999968 257
1622730698107 19.78599999999997 258
1622730707763 19.86099999999997 259
1622730717480 19.935999999999968 260
1622730727261 20.010999999999967 261
1622730737005 20.08499999999997 262
1622730746902 20.159999999999968 263
1622730756753 20.234999999999967 264
1622730766674 20.310999999999968 265
1622730776715 20.385999999999967 266
1622730786729 20.460999999999967 267
1622730796740 20.535999999999966 268
1622730806816 20.610999999999965 269
1622730816928 20.685999999999964 270
1622730827125 20.760999999999964 271
1622730837266 20.836999999999964 272
1622730847451 20.911999999999964 273
1622730857702 20.987999999999964 274
1622730867918 21.063999999999965 275
1622730878223 21.138999999999964 276
1622730888662 21.213999999999963 277
1622730899093 21.287999999999965 278
1622730909489 21.362999999999964 279
1622730920019 21.436999999999966 280
1622730930554 21.511999999999965 281
1622730941066 21.586999999999964 282
1622730951676 21.661999999999964 283
1622730962273 21.736999999999963 284
1622730972896 21.811999999999962 285
1622730983541 21.887999999999963 286
1622730994184 21.962999999999962 287
1622731004905 22.038999999999962 288
1622731015687 22.11399999999996 289
1622731026530 22.18899999999996 290
1622731037402 22.26399999999996 291
1622731048191 22.33899999999996 292
1622731059172 22.41399999999996 293
1622731070125 22.48999999999996 294
1622731081068 22.56399999999996 295
1622731092146 22.637999999999963 296
1622731103223 22.711999999999964 297
1622731114271 22.786999999999964 298
1622731125410 22.861999999999963 299
1622731136550 22.936999999999962 300
1622731147814 23.010999999999964 301
1622731159041 23.084999999999965 302
1622731170316 23.159999999999965 303
1622731181626 23.234999999999964 304
1622731192910 23.309999999999963 305
1622731204350 23.384999999999962 306
1622731216870 23.45999999999996 307
1622731228425 23.533999999999963 308
1622731240134 23.609999999999964 309
1622731251747 23.685999999999964 310
1622731263372 23.760999999999964 311
1622731275066 23.833999999999964 312
1622731286799 23.908999999999963 313
1622731298537 23.983999999999963 314
1622731310293 24.058999999999962 315
1622731322206 24.134999999999962 316
1622731334067 24.211999999999964 317
1622731345952 24.285999999999966 318
1622731357921 24.359999999999967 319
1622731369909 24.434999999999967 320
1622731381887 24.50899999999997 321
1622731393867 24.583999999999968 322
1622731405941 24.658999999999967 323
1622731418076 24.73299999999997 324
1622731430185 24.807999999999968 325
1622731442328 24.88199999999997 326
1622731454514 24.95699999999997 327
1622731466805 25.031999999999968 328
1622731479162 25.106999999999967 329
1622731491447 25.18099999999997 330
1622731503820 25.25399999999997 331
1622731516314 25.32799999999997 332
1622731528714 25.401999999999973 333
1622731541206 25.477999999999973 334
1622731553655 25.552999999999972 335
1622731566209 25.626999999999974 336
1622731578711 25.701999999999973 337
1622731591291 25.777999999999974 338
1622731603942 25.851999999999975 339
1622731616618 25.926999999999975 340
1622731629360 26.000999999999976 341
1622731642084 26.075999999999976 342
1622731654812 26.150999999999975 343
1622731667606 26.225999999999974 344
1622731680480 26.300999999999974 345
1622731693315 26.374999999999975 346
1622731706253 26.449999999999974 347
1622731719228 26.525999999999975 348
1622731732147 26.601999999999975 349
1622731745237 26.676999999999975 350
1622731758282 26.751999999999974 351
1622731771365 26.825999999999976 352
1622731784499 26.899999999999977 353
1622731797654 26.974999999999977 354
1622731810927 27.050999999999977 355
1622731824225 27.12499999999998 356
1622731837469 27.20099999999998 357
1622731850835 27.27599999999998 358
1622731864202 27.35199999999998 359
1622731877658 27.42599999999998 360
1622731891151 27.50099999999998 361
1622731904699 27.57599999999998 362
1622731918122 27.64999999999998 363
1622731931674 27.723999999999982 364
1622731945234 27.79899999999998 365
1622731958868 27.87399999999998 366
1622731972520 27.94899999999998 367
1622731986164 28.022999999999982 368
1622731999876 28.098999999999982 369
1622732013622 28.174999999999983 370
1622732027410 28.249999999999982 371
1622732042022 28.394999999999982 372
1622732055745 28.470999999999982 373
1622732069541 28.546999999999983 374
1622732083283 28.621999999999982 375
1622732097186 28.69699999999998 376
1622732111127 28.77199999999998 377
1622732125062 28.84699999999998 378
1622732139090 28.92199999999998 379
1622732153103 28.99599999999998 380
1622732167120 29.07099999999998 381
1622732181218 29.14599999999998 382
1622732195428 29.21999999999998 383
1622732209589 29.29499999999998 384
1622732223814 29.368999999999982 385
1622732238020 29.44399999999998 386
1622732252275 29.51899999999998 387
1622732266631 29.592999999999982 388
1622732280974 29.66799999999998 389
1622732295408 29.74299999999998 390
1622732309843 29.81799999999998 391
1622732324324 29.89199999999998 392
1622732338760 29.96699999999998 393
1622732353282 30.04199999999998 394
1622732367762 30.11699999999998 395
1622732382362 30.19299999999998 396
1622732396994 30.26799999999998 397
1622732411698 30.34299999999998 398
1622732426424 30.417999999999978 399
1622732441231 30.492999999999977 400
1622732456075 30.56699999999998 401
1622732471054 30.641999999999978 402
1622732485980 30.716999999999977 403
1622732500904 30.791999999999977 404
1622732515873 30.86599999999998 405
1622732530924 30.940999999999978 406
1622732545888 31.015999999999977 407
1622732560938 31.090999999999976 408
1622732575954 31.165999999999976 409
1622732591089 31.240999999999975 410
1622732606323 31.315999999999974 411
1622732621550 31.390999999999973 412
1622732636690 31.464999999999975 413
1622732652026 31.539999999999974 414
1622732667271 31.614999999999974 415
1622732682607 31.689999999999973 416
1622732697962 31.764999999999972 417
1622732713338 31.838999999999974 418
1622732728735 31.912999999999975 419
1622732744123 31.986999999999977 420
1622732759601 32.061999999999976 421
1622732775142 32.13699999999998 422
1622732790674 32.21199999999998 423
1622732806293 32.28599999999998 424
1622732821887 32.36099999999998 425
1622732837542 32.43399999999998 426
1622732853213 32.506999999999984 427
1622732868954 32.579999999999984 428
1622732884674 32.65499999999999 429
1622732900524 32.728999999999985 430
1622732916340 32.80399999999999 431
1622732932251 32.877999999999986 432
1622732948131 32.953999999999986 433
1622732964121 33.02899999999999 434
1622732980221 33.10299999999999 435
1622732996325 33.17899999999999 436
1622733012423 33.25399999999999 437
1622733028499 33.32899999999999 438
1622733044546 33.403999999999996 439
1622733060714 33.477999999999994 440
1622733076970 33.553 441
1622733093236 33.628 442
1622733109630 33.702 443
1622733126010 33.775 444
1622733142390 33.85 445
1622733158731 33.925000000000004 446
1622733175168 33.998000000000005 447
1622733191600 34.072 448
1622733208029 34.146 449
1622733224555 34.22 450
1622733241149 34.294 451
1622733257763 34.37 452
1622733274365 34.443999999999996 453
1622733291056 34.517999999999994 454
1622733307752 34.59199999999999 455
1622733324502 34.666999999999994 456
1622733341285 34.742 457
1622733358036 34.817 458
1622733374900 34.892 459
1622733391691 34.966 460
1622733408652 35.04 461
1622733425603 35.114 462
1622733442570 35.187999999999995 463
1622733459572 35.26199999999999 464
1622733476570 35.334999999999994 465
1622733493676 35.40899999999999 466
1622733510840 35.48299999999999 467
1622733527981 35.55699999999999 468
1622733545044 35.630999999999986 469
1622733562197 35.70599999999999 470
1622733579429 35.78199999999999 471
1622733596720 35.85699999999999 472
1622733613993 35.93099999999999 473
1622733631376 36.00599999999999 474
1622733648793 36.07999999999999 475
1622733666312 36.15599999999999 476
1622733683728 36.22899999999999 477
1622733701284 36.303999999999995 478
1622733718853 36.379 479
1622733736459 36.455 480
1622733754128 36.528999999999996 481
1622733771896 36.602999999999994 482
1622733789614 36.67699999999999 483
1622733807394 36.75099999999999 484
1622733825143 36.82599999999999 485
1622733843004 36.900999999999996 486
1622733860946 36.974999999999994 487
1622733878808 37.04899999999999 488
1622733896767 37.12499999999999 489
1622733914700 37.199999999999996 490
1622733932748 37.272999999999996 491
1622733950787 37.346999999999994 492
1622733968887 37.422 493
1622733986961 37.495999999999995 494
1622734005304 37.56999999999999 495
1622734023468 37.644999999999996 496
1622734041749 37.72 497
1622734059969 37.794 498
1622734078297 37.867999999999995 499
1622734096587 37.94199999999999 500
