1622662001501 -115.61844172099072 0
1622662002040 -38.751429702124994 1
1622662002630 -38.751429702124994 2
1622662003187 -38.751429702124994 3
1622662003778 -38.751429702124994 4
1622662004396 -38.751429702124994 5
1622662005058 -38.751429702124994 6
1622662005735 -38.751429702124994 7
1622662006447 -38.751429702124994 8
1622662007201 -38.751429702124994 9
1622662007987 -38.751429702124994 10
1622662008815 -38.751429702124994 11
1622662009657 -38.751429702124994 12
1622662010538 -38.751429702124994 13
1622662011464 -38.751429702124994 14
1622662012417 -38.751429702124994 15
1622662013372 -38.751429702124994 16
1622662014396 -38.751429702124994 17
1622662015442 -38.751429702124994 18
1622662016518 -38.751429702124994 19
1622662017646 -38.751429702124994 20
1622662018785 -38.751429702124994 21
1622662019975 -38.751429702124994 22
1622662021202 -38.751429702124994 23
1622662022435 -38.751429702124994 24
1622662023729 -38.751429702124994 25
1622662025049 -38.751429702124994 26
1622662026416 -38.751429702124994 27
1622662027798 -38.751429702124994 28
1622662029238 -38.751429702124994 29
1622662030694 -38.751429702124994 30
1622662032173 -38.751429702124994 31
1622662033718 -38.751429702124994 32
1622662035288 -38.751429702124994 33
1622662036866 -38.751429702124994 34
1622662038483 -38.751429702124994 35
1622662040149 -38.751429702124994 36
1622662041852 -38.751429702124994 37
1622662043587 -38.751429702124994 38
1622662045335 -38.751429702124994 39
1622662047139 -38.751429702124994 40
1622662048953 -38.751429702124994 41
1622662050810 -38.751429702124994 42
1622662052679 -38.751429702124994 43
1622662054640 -38.751429702124994 44
1622662056603 -38.751429702124994 45
1622662058601 -38.751429702124994 46
1622662060631 -38.751429702124994 47
1622662062693 -38.751429702124994 48
1622662064771 -38.751429702124994 49
1622662066887 -38.751429702124994 50
1622662069048 -38.751429702124994 51
1622662071237 -38.751429702124994 52
1622662073444 -38.751429702124994 53
1622662075685 -38.751429702124994 54
1622662077978 -38.751429702124994 55
1622662080300 -38.751429702124994 56
1622662082623 -38.751429702124994 57
1622662085013 -38.751429702124994 58
1622662087399 -38.751429702124994 59
1622662089903 -38.751429702124994 60
1622662092394 -38.751429702124994 61
1622662094929 -38.751429702124994 62
1622662097482 -38.751429702124994 63
1622662100048 -38.751429702124994 64
1622662102646 -38.751429702124994 65
1622662105305 -38.751429702124994 66
1622662108010 -38.751429702124994 67
1622662110780 -38.751429702124994 68
1622662113562 -38.751429702124994 69
1622662116351 -38.751429702124994 70
1622662119175 -38.751429702124994 71
1622662122031 -38.751429702124994 72
1622662124915 -38.751429702124994 73
1622662127821 -38.751429702124994 74
1622662130824 -38.751429702124994 75
1622662133819 -38.751429702124994 76
1622662136823 -38.751429702124994 77
1622662139872 -38.751429702124994 78
1622662142968 -38.751429702124994 79
1622662146068 -38.751429702124994 80
1622662149248 -38.751429702124994 81
1622662152433 -38.751429702124994 82
1622662155664 -38.751429702124994 83
1622662158895 -38.751429702124994 84
1622662162158 -38.751429702124994 85
1622662165462 -38.751429702124994 86
1622662168790 -38.751429702124994 87
1622662172142 -38.751429702124994 88
1622662175540 -38.751429702124994 89
1622662178939 -38.751429702124994 90
1622662182385 -38.751429702124994 91
1622662185870 -38.751429702124994 92
1622662189396 -38.751429702124994 93
1622662192962 -38.751429702124994 94
1622662196585 -38.751429702124994 95
1622662200210 -38.751429702124994 96
1622662203866 -38.751429702124994 97
1622662207566 -38.751429702124994 98
1622662211391 -38.751429702124994 99
1622662215157 -38.751429702124994 100
1622662218972 -38.751429702124994 101
1622662222776 -38.751429702124994 102
1622662226655 -38.751429702124994 103
1622662230579 -38.751429702124994 104
1622662234506 -38.751429702124994 105
1622662238484 -38.751429702124994 106
1622662242510 -38.751429702124994 107
1622662246589 -38.751429702124994 108
1622662250686 -38.751429702124994 109
1622662254797 -38.751429702124994 110
1622662258985 -38.751429702124994 111
1622662263168 -38.751429702124994 112
1622662267389 -38.751429702124994 113
1622662271602 -38.751429702124994 114
1622662275854 -38.751429702124994 115
1622662280128 -38.751429702124994 116
1622662284493 -38.751429702124994 117
1622662288870 -38.751429702124994 118
1622662293263 -38.751429702124994 119
1622662297718 -38.751429702124994 120
1622662302251 -38.751429702124994 121
1622662306730 -38.751429702124994 122
1622662311259 -38.751429702124994 123
1622662315818 -38.751429702124994 124
1622662320433 -38.751429702124994 125
1622662325083 -38.751429702124994 126
1622662329715 -38.751429702124994 127
1622662334371 -38.751429702124994 128
1622662339098 -38.751429702124994 129
1622662343890 -38.751429702124994 130
1622662348690 -38.751429702124994 131
1622662353499 -38.751429702124994 132
1622662358374 -38.751429702124994 133
1622662363251 -38.751429702124994 134
1622662368241 -38.751429702124994 135
1622662373170 -38.751429702124994 136
1622662378147 -38.751429702124994 137
1622662383231 -38.751429702124994 138
1622662388270 -38.751429702124994 139
1622662393320 -38.751429702124994 140
1622662398518 -38.751429702124994 141
1622662403689 -38.751429702124994 142
1622662408873 -38.751429702124994 143
1622662414143 -38.751429702124994 144
1622662419389 -38.751429702124994 145
1622662424695 -38.751429702124994 146
1622662430000 -38.751429702124994 147
1622662435374 -38.751429702124994 148
1622662440735 -38.751429702124994 149
1622662446217 -38.751429702124994 150
1622662451707 -38.751429702124994 151
1622662457158 -38.751429702124994 152
1622662462729 -38.751429702124994 153
1622662468308 -38.751429702124994 154
1622662473967 -38.751429702124994 155
1622662479580 -38.751429702124994 156
1622662485282 -38.751429702124994 157
1622662491047 -38.751429702124994 158
1622662496786 -38.751429702124994 159
1622662502522 -38.751429702124994 160
1622662508356 -38.751429702124994 161
1622662514269 -38.751429702124994 162
1622662520229 -38.751429702124994 163
1622662526161 -38.751429702124994 164
1622662532089 -38.751429702124994 165
1622662538061 -38.751429702124994 166
1622662544097 -38.751429702124994 167
1622662550131 -38.751429702124994 168
1622662556218 -38.751429702124994 169
1622662562357 -38.751429702124994 170
1622662568470 -38.751429702124994 171
1622662574696 -38.751429702124994 172
1622662580909 -38.751429702124994 173
1622662587126 -38.751429702124994 174
1622662593421 -38.751429702124994 175
1622662599708 -38.751429702124994 176
1622662606042 -38.751429702124994 177
1622662612463 -38.751429702124994 178
1622662618828 -38.751429702124994 179
1622662625299 -38.751429702124994 180
1622662631780 -38.751429702124994 181
1622662638288 -38.751429702124994 182
1622662644858 -38.751429702124994 183
1622662651403 -38.751429702124994 184
1622662658020 -38.751429702124994 185
1622662664643 -38.751429702124994 186
1622662671309 -38.751429702124994 187
1622662678086 -38.751429702124994 188
1622662684870 -38.751429702124994 189
1622662691688 -38.751429702124994 190
1622662698516 -38.751429702124994 191
1622662705449 -38.751429702124994 192
1622662712370 -38.751429702124994 193
1622662719275 -38.751429702124994 194
1622662726227 -38.751429702124994 195
1622662733194 -38.751429702124994 196
1622662740193 -38.751429702124994 197
1622662747241 -38.751429702124994 198
1622662754357 -38.751429702124994 199
1622662761466 -38.751429702124994 200
1622662768567 -38.751429702124994 201
1622662775804 -38.751429702124994 202
1622662783044 -38.751429702124994 203
1622662790351 -38.751429702124994 204
1622662797621 -38.751429702124994 205
1622662804954 -38.751429702124994 206
1622662812270 -38.751429702124994 207
1622662819575 -38.751429702124994 208
1622662826986 -38.751429702124994 209
1622662834550 -38.751429702124994 210
1622662842005 -38.751429702124994 211
1622662849488 -38.751429702124994 212
1622662857054 -38.751429702124994 213
1622662864670 -38.751429702124994 214
1622662872268 -38.751429702124994 215
1622662879917 -38.751429702124994 216
1622662887603 -38.751429702124994 217
1622662895337 -38.751429702124994 218
1622662903157 -38.751429702124994 219
1622662910962 -38.751429702124994 220
1622662918797 -38.751429702124994 221
1622662926675 -38.751429702124994 222
1622662934586 -38.751429702124994 223
1622662942535 -38.751429702124994 224
1622662950482 -38.751429702124994 225
1622662958414 -38.751429702124994 226
1622662966486 -38.751429702124994 227
1622662974526 -38.751429702124994 228
1622662982636 -38.751429702124994 229
1622662990807 -38.751429702124994 230
1622662998901 -38.751429702124994 231
1622663007135 -38.751429702124994 232
1622663015421 -38.751429702124994 233
1622663023671 -38.751429702124994 234
1622663031978 -38.751429702124994 235
1622663040302 -38.751429702124994 236
1622663048681 -38.751429702124994 237
1622663057065 -38.751429702124994 238
1622663065445 -38.751429702124994 239
1622663074035 -38.751429702124994 240
1622663082524 -38.751429702124994 241
1622663090946 -38.751429702124994 242
1622663099460 -38.751429702124994 243
1622663108092 -38.751429702124994 244
1622663116639 -38.751429702124994 245
1622663125245 -38.751429702124994 246
1622663133959 -38.751429702124994 247
1622663142811 -38.751429702124994 248
1622663151608 -38.751429702124994 249
1622663160389 -38.751429702124994 250
1622663169224 -38.751429702124994 251
1622663178120 -38.751429702124994 252
1622663187018 -38.751429702124994 253
1622663195966 -38.751429702124994 254
1622663204940 -38.751429702124994 255
1622663213841 -38.751429702124994 256
1622663222805 -38.751429702124994 257
1622663231778 -38.751429702124994 258
1622663240875 -38.751429702124994 259
1622663249950 -38.751429702124994 260
1622663259083 -38.751429702124994 261
1622663268201 -38.751429702124994 262
1622663277467 -38.751429702124994 263
1622663286736 -38.751429702124994 264
1622663296031 -38.751429702124994 265
1622663305295 -38.751429702124994 266
1622663314663 -38.751429702124994 267
1622663324105 -38.751429702124994 268
1622663333509 -38.751429702124994 269
1622663343008 -38.751429702124994 270
1622663352536 -38.751429702124994 271
1622663362052 -38.751429702124994 272
1622663371639 -38.751429702124994 273
1622663381287 -38.751429702124994 274
1622663390910 -38.751429702124994 275
1622663400558 -38.751429702124994 276
1622663410281 -38.751429702124994 277
1622663419997 -38.751429702124994 278
1622663429859 -38.751429702124994 279
1622663439638 -38.751429702124994 280
1622663449409 -38.751429702124994 281
1622663459370 -38.751429702124994 282
1622663469238 -38.751429702124994 283
1622663479236 -38.751429702124994 284
1622663489196 -38.751429702124994 285
1622663499190 -38.751429702124994 286
1622663509125 -38.751429702124994 287
1622663519182 -38.751429702124994 288
1622663529294 -38.751429702124994 289
1622663539347 -38.751429702124994 290
1622663549437 -38.751429702124994 291
1622663559606 -38.751429702124994 292
1622663569850 -38.751429702124994 293
1622663580127 -38.751429702124994 294
1622663590415 -38.751429702124994 295
1622663600841 -38.751429702124994 296
1622663611312 -38.751429702124994 297
1622663621820 -38.751429702124994 298
1622663632337 -38.751429702124994 299
1622663642880 -38.751429702124994 300
1622663653442 -38.751429702124994 301
1622663663973 -38.751429702124994 302
1622663674587 -38.751429702124994 303
1622663685219 -38.751429702124994 304
1622663695844 -38.751429702124994 305
1622663706459 -38.751429702124994 306
1622663717128 -38.751429702124994 307
1622663727791 -38.751429702124994 308
1622663738512 -38.751429702124994 309
1622663749261 -38.751429702124994 310
1622663760064 -38.751429702124994 311
1622663770891 -38.751429702124994 312
1622663781720 -38.751429702124994 313
1622663792551 -38.751429702124994 314
1622663803524 -38.751429702124994 315
1622663814531 -38.751429702124994 316
1622663825592 -38.751429702124994 317
1622663836645 -38.751429702124994 318
1622663847706 -38.751429702124994 319
1622663858849 -38.751429702124994 320
1622663869977 -38.751429702124994 321
1622663881119 -38.751429702124994 322
1622663892355 -38.751429702124994 323
1622663903562 -38.751429702124994 324
1622663914838 -38.751429702124994 325
1622663926174 -38.751429702124994 326
1622663937429 -38.751429702124994 327
1622663948716 -38.751429702124994 328
1622663960039 -38.751429702124994 329
1622663971489 -38.751429702124994 330
1622663982979 -38.751429702124994 331
1622663994515 -38.751429702124994 332
1622664006092 -38.751429702124994 333
1622664017687 -38.751429702124994 334
1622664029268 -38.751429702124994 335
1622664041022 -38.751429702124994 336
1622664052712 -38.751429702124994 337
1622664064509 -38.751429702124994 338
1622664076477 -38.751429702124994 339
1622664088273 -38.751429702124994 340
1622664100084 -38.751429702124994 341
1622664111930 -38.751429702124994 342
1622664123756 -38.751429702124994 343
1622664135739 -38.751429702124994 344
1622664147710 -38.751429702124994 345
1622664159741 -38.751429702124994 346
1622664171701 -38.751429702124994 347
1622664183722 -38.751429702124994 348
1622664195775 -38.751429702124994 349
1622664207903 -38.751429702124994 350
1622664220034 -38.751429702124994 351
1622664232162 -38.751429702124994 352
1622664244326 -38.751429702124994 353
1622664256466 -38.751429702124994 354
1622664268659 -38.751429702124994 355
1622664280870 -38.751429702124994 356
1622664293251 -38.751429702124994 357
1622664305653 -38.751429702124994 358
1622664318106 -38.751429702124994 359
1622664330459 -38.751429702124994 360
1622664342924 -38.751429702124994 361
1622664355375 -38.751429702124994 362
1622664367914 -38.751429702124994 363
1622664380443 -38.751429702124994 364
1622664392947 -38.751429702124994 365
1622664405499 -38.751429702124994 366
1622664418154 -38.751429702124994 367
1622664430796 -38.751429702124994 368
1622664443579 -38.751429702124994 369
1622664456273 -38.751429702124994 370
1622664469057 -38.751429702124994 371
1622664481876 -38.751429702124994 372
1622664494714 -38.751429702124994 373
1622664507622 -38.751429702124994 374
1622664520532 -38.751429702124994 375
1622664533362 -38.751429702124994 376
1622664546324 -38.751429702124994 377
1622664559358 -38.751429702124994 378
1622664572389 -38.751429702124994 379
1622664585445 -38.751429702124994 380
1622664598588 -38.751429702124994 381
1622664611742 -38.751429702124994 382
1622664624863 -38.751429702124994 383
1622664638000 -38.751429702124994 384
1622664651245 -38.751429702124994 385
1622664664523 -38.751429702124994 386
1622664677730 -38.751429702124994 387
1622664691063 -38.751429702124994 388
1622664704396 -38.751429702124994 389
1622664717768 -38.751429702124994 390
1622664731174 -38.751429702124994 391
1622664744512 -38.751429702124994 392
1622664757966 -38.751429702124994 393
1622664771442 -38.751429702124994 394
1622664785003 -38.751429702124994 395
1622664798592 -38.751429702124994 396
1622664812178 -38.751429702124994 397
1622664825786 -38.751429702124994 398
1622664839441 -38.751429702124994 399
1622664853098 -38.751429702124994 400
1622664866804 -38.751429702124994 401
1622664880586 -38.751429702124994 402
1622664894352 -38.751429702124994 403
1622664908272 -38.751429702124994 404
1622664922118 -38.751429702124994 405
1622664936040 -38.751429702124994 406
1622664950097 -38.751429702124994 407
1622664964141 -38.751429702124994 408
1622664978112 -38.751429702124994 409
1622664992103 -38.751429702124994 410
1622665006191 -38.751429702124994 411
1622665020437 -38.751429702124994 412
1622665034756 -38.751429702124994 413
1622665049120 -38.751429702124994 414
1622665063418 -38.751429702124994 415
1622665077760 -38.751429702124994 416
1622665092160 -38.751429702124994 417
1622665106492 -38.751429702124994 418
1622665120939 -38.751429702124994 419
1622665135206 -38.751429702124994 420
1622665149542 -38.751429702124994 421
1622665163859 -38.751429702124994 422
1622665178225 -38.751429702124994 423
1622665192930 -38.751429702124994 424
1622665207636 -38.751429702124994 425
1622665222392 -38.751429702124994 426
1622665237237 -38.751429702124994 427
1622665252356 -38.751429702124994 428
1622665267657 -38.751429702124994 429
1622665282890 -38.751429702124994 430
1622665297973 -38.751429702124994 431
1622665312806 -38.751429702124994 432
1622665327636 -38.751429702124994 433
1622665342483 -38.751429702124994 434
1622665357587 -38.751429702124994 435
1622665372661 -38.751429702124994 436
1622665387766 -38.751429702124994 437
1622665403355 -38.751429702124994 438
1622665418989 -38.751429702124994 439
1622665434740 -38.751429702124994 440
1622665450486 -38.751429702124994 441
1622665465977 -38.751429702124994 442
1622665481667 -38.751429702124994 443
1622665497751 -38.751429702124994 444
1622665513838 -38.751429702124994 445
1622665529939 -38.751429702124994 446
1622665546089 -38.751429702124994 447
1622665562251 -38.751429702124994 448
1622665577865 -38.751429702124994 449
1622665593350 -38.751429702124994 450
1622665609059 -38.751429702124994 451
1622665624746 -38.751429702124994 452
1622665640441 -38.751429702124994 453
1622665656413 -38.751429702124994 454
1622665672171 -38.751429702124994 455
1622665688048 -38.751429702124994 456
1622665703832 -38.751429702124994 457
1622665719553 -38.751429702124994 458
1622665735449 -38.751429702124994 459
1622665751467 -38.751429702124994 460
1622665767615 -38.751429702124994 461
1622665783621 -38.751429702124994 462
1622665799276 -38.751429702124994 463
1622665814905 -38.751429702124994 464
1622665830752 -38.751429702124994 465
1622665846830 -38.751429702124994 466
1622665863087 -38.751429702124994 467
1622665879489 -38.751429702124994 468
1622665895719 -38.751429702124994 469
1622665912111 -38.751429702124994 470
1622665928475 -38.751429702124994 471
1622665944669 -38.751429702124994 472
1622665961051 -38.751429702124994 473
1622665977447 -38.751429702124994 474
1622665993815 -38.751429702124994 475
1622666009787 -38.751429702124994 476
1622666026284 -38.751429702124994 477
1622666042718 -38.751429702124994 478
1622666059193 -38.751429702124994 479
1622666075711 -38.751429702124994 480
1622666092442 -38.751429702124994 481
1622666109357 -38.751429702124994 482
1622666126493 -38.751429702124994 483
1622666143188 -38.751429702124994 484
1622666159649 -38.751429702124994 485
1622666176385 -38.751429702124994 486
1622666192910 -38.751429702124994 487
1622666209516 -38.751429702124994 488
1622666226261 -38.751429702124994 489
1622666242845 -38.751429702124994 490
1622666259871 -38.751429702124994 491
1622666276952 -38.751429702124994 492
1622666294085 -38.751429702124994 493
1622666311621 -38.751429702124994 494
1622666329270 -38.751429702124994 495
1622666346825 -38.751429702124994 496
1622666364472 -38.751429702124994 497
1622666381681 -38.751429702124994 498
1622666398929 -38.751429702124994 499
1622666416338 -38.751429702124994 500
