1622752718714 0.9380207623376593 0
1622752719279 0.9436903891733704 1
1622752719843 0.9436903891733704 2
1622752720430 0.9436903891733704 3
1622752721066 0.9436903891733704 4
1622752721734 0.9436903891733704 5
1622752722450 0.9436903891733704 6
1622752723176 0.9436903891733704 7
1622752723937 0.9436903891733704 8
1622752724753 0.9436903891733704 9
1622752725597 0.9436903891733704 10
1622752726487 0.9436903891733704 11
1622752727390 0.9436903891733704 12
1622752728340 0.9436903891733704 13
1622752729337 0.9436903891733704 14
1622752730368 0.9436903891733704 15
1622752731409 0.9436903891733704 16
1622752732524 0.9436903891733704 17
1622752733665 0.9436903891733704 18
1622752734831 0.9436903891733704 19
1622752736056 0.9436903891733704 20
1622752737309 0.9436903891733704 21
1622752738602 0.9436903891733704 22
1622752739932 0.9436903891733704 23
1622752741261 0.9436903891733704 24
1622752742650 0.9436903891733704 25
1622752744081 0.9436903891733704 26
1622752745567 0.9436903891733704 27
1622752747072 0.9436903891733704 28
1622752748626 0.9436903891733704 29
1622752750207 0.9436903891733704 30
1622752751810 0.9436903891733704 31
1622752753473 0.9436903891733704 32
1622752755167 0.9436903891733704 33
1622752756882 0.9436903891733704 34
1622752758618 0.9436903891733704 35
1622752760425 0.9436903891733704 36
1622752762283 0.9436903891733704 37
1622752764166 0.9436903891733704 38
1622752766080 0.9436903891733704 39
1622752768038 0.9436903891733704 40
1622752770025 0.9436903891733704 41
1622752772032 0.9436903891733704 42
1622752774054 0.9436903891733704 43
1622752776163 0.9436903891733704 44
1622752778287 0.9436903891733704 45
1622752780449 0.9436903891733704 46
1622752782667 0.9436903891733704 47
1622752784911 0.9436903891733704 48
1622752787180 0.9436903891733704 49
1622752789479 0.9436903891733704 50
1622752791846 0.9436903891733704 51
1622752794249 0.9436903891733704 52
1622752796682 0.9436903891733704 53
1622752799137 0.9436903891733704 54
1622752801640 0.9436903891733704 55
1622752804183 0.9436903891733704 56
1622752806736 0.9436903891733704 57
1622752809342 0.9436903891733704 58
1622752811960 0.9436903891733704 59
1622752814672 0.9436903891733704 60
1622752817402 0.9436903891733704 61
1622752820182 0.9436903891733704 62
1622752822989 0.9436903891733704 63
1622752825815 0.9436903891733704 64
1622752828656 0.9436903891733704 65
1622752831561 0.9436903891733704 66
1622752834517 0.9436903891733704 67
1622752837510 0.9436903891733704 68
1622752840532 0.9436903891733704 69
1622752843569 0.9436903891733704 70
1622752846674 0.9436903891733704 71
1622752849802 0.9436903891733704 72
1622752852952 0.9436903891733704 73
1622752856126 0.9436903891733704 74
1622752859369 0.9436903891733704 75
1622752862650 0.9436903891733704 76
1622752865928 0.9436903891733704 77
1622752869279 0.9436903891733704 78
1622752872670 0.9436903891733704 79
1622752876051 0.9436903891733704 80
1622752879528 0.9436903891733704 81
1622752883021 0.9436903891733704 82
1622752886540 0.9436903891733704 83
1622752890077 0.9436903891733704 84
1622752893660 0.9436903891733704 85
1622752897288 0.9436903891733704 86
1622752900923 0.9436903891733704 87
1622752904589 0.9436903891733704 88
1622752908286 0.9436903891733704 89
1622752912001 0.9436903891733704 90
1622752915763 0.9436903891733704 91
1622752919571 0.9436903891733704 92
1622752923424 0.9436903891733704 93
1622752927336 0.9436903891733704 94
1622752931290 0.9436903891733704 95
1622752935248 0.9436903891733704 96
1622752939233 0.9436903891733704 97
1622752943278 0.9436903891733704 98
1622752947400 0.9436903891733704 99
1622752951549 0.9436903891733704 100
1622752955731 0.9436903891733704 101
1622752959895 0.9436903891733704 102
1622752964126 0.9436903891733704 103
1622752968393 0.9436903891733704 104
1622752972654 0.9436903891733704 105
1622752976993 0.9436903891733704 106
1622752981376 0.9436903891733704 107
1622752985828 0.9436903891733704 108
1622752990315 0.9436903891733704 109
1622752994773 0.9436903891733704 110
1622752999340 0.9436903891733704 111
1622753003897 0.9436903891733704 112
1622753008495 0.9436903891733704 113
1622753013117 0.9436903891733704 114
1622753017781 0.9436903891733704 115
1622753022459 0.9436903891733704 116
1622753027214 0.9436903891733704 117
1622753032001 0.9436903891733704 118
1622753036811 0.9436903891733704 119
1622753041677 0.9436903891733704 120
1622753046582 0.9436903891733704 121
1622753051483 0.9436903891733704 122
1622753056458 0.9436903891733704 123
1622753061472 0.9436903891733704 124
1622753066500 0.9436903891733704 125
1622753071573 0.9436903891733704 126
1622753076643 0.9436903891733704 127
1622753081746 0.9436903891733704 128
1622753086906 0.9436903891733704 129
1622753092167 0.9436903891733704 130
1622753097423 0.9436903891733704 131
1622753102672 0.9436903891733704 132
1622753108025 0.9436903891733704 133
1622753113352 0.9436903891733704 134
1622753118840 0.9436903891733704 135
1622753124223 0.9436903891733704 136
1622753129702 0.9436903891733704 137
1622753135279 0.9436903891733704 138
1622753140790 0.9436903891733704 139
1622753146371 0.9436903891733704 140
1622753152065 0.9436903891733704 141
1622753157743 0.9436903891733704 142
1622753163428 0.9436903891733704 143
1622753169208 0.9436903891733704 144
1622753174973 0.9436903891733704 145
1622753180830 0.9436903891733704 146
1622753186688 0.9436903891733704 147
1622753192596 0.9436903891733704 148
1622753198458 0.9436903891733704 149
1622753204438 0.9436903891733704 150
1622753210171 0.9436903891733704 151
1622753215898 0.9436903891733704 152
1622753221701 0.9436903891733704 153
1622753227531 0.9436903891733704 154
1622753233435 0.9436903891733704 155
1622753239293 0.9436903891733704 156
1622753245310 0.9436903891733704 157
1622753251332 0.9436903891733704 158
1622753257353 0.9436903891733704 159
1622753263355 0.9436903891733704 160
1622753269443 0.9436903891733704 161
1622753275642 0.9436903891733704 162
1622753281884 0.9436903891733704 163
1622753288130 0.9436903891733704 164
1622753294347 0.9436903891733704 165
1622753300606 0.9436903891733704 166
1622753306929 0.9436903891733704 167
1622753313274 0.9436903891733704 168
1622753319682 0.9436903891733704 169
1622753326137 0.9436903891733704 170
1622753332530 0.9436903891733704 171
1622753339140 0.9436903891733704 172
1622753345640 0.9436903891733704 173
1622753352172 0.9436903891733704 174
1622753358764 0.9436903891733704 175
1622753365369 0.9436903891733704 176
1622753372023 0.9436903891733704 177
1622753378730 0.9436903891733704 178
1622753385421 0.9436903891733704 179
1622753392194 0.9436903891733704 180
1622753398973 0.9436903891733704 181
1622753405794 0.9436903891733704 182
1622753412643 0.9436903891733704 183
1622753419531 0.9436903891733704 184
1622753426440 0.9436903891733704 185
1622753433377 0.9436903891733704 186
1622753440381 0.9436903891733704 187
1622753447528 0.9436903891733704 188
1622753454629 0.9436903891733704 189
1622753461772 0.9436903891733704 190
1622753468934 0.9436903891733704 191
1622753476192 0.9436903891733704 192
1622753483495 0.9436903891733704 193
1622753490786 0.9436903891733704 194
1622753498143 0.9436903891733704 195
1622753505497 0.9436903891733704 196
1622753512859 0.9436903891733704 197
1622753520244 0.9436903891733704 198
1622753527715 0.9436903891733704 199
1622753535138 0.9436903891733704 200
1622753542589 0.9436903891733704 201
1622753550142 0.9436903891733704 202
1622753557719 0.9436903891733704 203
1622753565343 0.9436903891733704 204
1622753572998 0.9436903891733704 205
1622753580681 0.9436903891733704 206
1622753588407 0.9436903891733704 207
1622753596114 0.9436903891733704 208
1622753603871 0.9436903891733704 209
1622753611707 0.9436903891733704 210
1622753619573 0.9436903891733704 211
1622753627455 0.9436903891733704 212
1622753635388 0.9436903891733704 213
1622753643356 0.9436903891733704 214
1622753651329 0.9436903891733704 215
1622753659277 0.9436903891733704 216
1622753667327 0.9436903891733704 217
1622753675408 0.9436903891733704 218
1622753683536 0.9436903891733704 219
1622753691821 0.9436903891733704 220
1622753700008 0.9436903891733704 221
1622753708277 0.9436903891733704 222
1622753716578 0.9436903891733704 223
1622753724971 0.9436903891733704 224
1622753733329 0.9436903891733704 225
1622753741679 0.9436903891733704 226
1622753750192 0.9436903891733704 227
1622753758600 0.9436903891733704 228
1622753767122 0.9436903891733704 229
1622753775676 0.9436903891733704 230
1622753784187 0.9436903891733704 231
1622753792842 0.9436903891733704 232
1622753801574 0.9436903891733704 233
1622753810251 0.9436903891733704 234
1622753818947 0.9436903891733704 235
1622753827703 0.9436903891733704 236
1622753836433 0.9436903891733704 237
1622753845240 0.9436903891733704 238
1622753854064 0.9436903891733704 239
1622753862983 0.9436903891733704 240
1622753871895 0.9436903891733704 241
1622753880723 0.9436903891733704 242
1622753889656 0.9436903891733704 243
1622753898651 0.9436903891733704 244
1622753907644 0.9436903891733704 245
1622753916650 0.9436903891733704 246
1622753925778 0.9436903891733704 247
1622753935004 0.9436903891733704 248
1622753944174 0.9436903891733704 249
1622753953376 0.9436903891733704 250
1622753962688 0.9436903891733704 251
1622753972030 0.9436903891733704 252
1622753981344 0.9436903891733704 253
1622753990690 0.9436903891733704 254
1622754000098 0.9436903891733704 255
1622754009515 0.9436903891733704 256
1622754018934 0.9436903891733704 257
1622754028360 0.9436903891733704 258
1622754037919 0.9436903891733704 259
1622754047454 0.9436903891733704 260
1622754056998 0.9436903891733704 261
1622754066599 0.9436903891733704 262
1622754076418 0.9436903891733704 263
1622754086178 0.9436903891733704 264
1622754095994 0.9436903891733704 265
1622754105734 0.9436903891733704 266
1622754115541 0.9436903891733704 267
1622754125520 0.9436903891733704 268
1622754135509 0.9436903891733704 269
1622754145520 0.9436903891733704 270
1622754155569 0.9436903891733704 271
1622754165606 0.9436903891733704 272
1622754175648 0.9436903891733704 273
1622754185743 0.9436903891733704 274
1622754195834 0.9436903891733704 275
1622754205918 0.9436903891733704 276
1622754216115 0.9436903891733704 277
1622754226345 0.9436903891733704 278
1622754236661 0.9436903891733704 279
1622754247003 0.9436903891733704 280
1622754257363 0.9436903891733704 281
1622754267864 0.9436903891733704 282
1622754278307 0.9436903891733704 283
1622754288865 0.9436903891733704 284
1622754299265 0.9436903891733704 285
1622754309819 0.9436903891733704 286
1622754320283 0.9436903891733704 287
1622754330818 0.9436903891733704 288
1622754341472 0.9436903891733704 289
1622754352043 0.9436903891733704 290
1622754362741 0.9436903891733704 291
1622754373465 0.9436903891733704 292
1622754384270 0.9436903891733704 293
1622754395191 0.9436903891733704 294
1622754406041 0.9436903891733704 295
1622754416936 0.9436903891733704 296
1622754427884 0.9436903891733704 297
1622754438849 0.9436903891733704 298
1622754449785 0.9436903891733704 299
1622754460738 0.9436903891733704 300
1622754471769 0.9436903891733704 301
1622754482870 0.9436903891733704 302
1622754494003 0.9436903891733704 303
1622754505139 0.9436903891733704 304
1622754516283 0.9436903891733704 305
1622754527406 0.9436903891733704 306
1622754538584 0.9436903891733704 307
1622754549823 0.9436903891733704 308
1622754561066 0.9436903891733704 309
1622754572345 0.9436903891733704 310
1622754583718 0.9436903891733704 311
1622754595037 0.9436903891733704 312
1622754606444 0.9436903891733704 313
1622754617817 0.9436903891733704 314
1622754629372 0.9436903891733704 315
1622754640901 0.9436903891733704 316
1622754652439 0.9436903891733704 317
1622754664055 0.9436903891733704 318
1622754675696 0.9436903891733704 319
1622754687447 0.9436903891733704 320
1622754699157 0.9436903891733704 321
1622754710888 0.9436903891733704 322
1622754722682 0.9436903891733704 323
1622754734466 0.9436903891733704 324
1622754746314 0.9436903891733704 325
1622754758251 0.9436903891733704 326
1622754770068 0.9436903891733704 327
1622754782049 0.9436903891733704 328
1622754793994 0.9436903891733704 329
1622754806043 0.9436903891733704 330
1622754818116 0.9436903891733704 331
1622754830291 0.9436903891733704 332
1622754842435 0.9436903891733704 333
1622754854569 0.9436903891733704 334
1622754866634 0.9436903891733704 335
1622754878966 0.9436903891733704 336
1622754891274 0.9436903891733704 337
1622754903596 0.9436903891733704 338
1622754916011 0.9436903891733704 339
1622754928421 0.9436903891733704 340
1622754940807 0.9436903891733704 341
1622754953283 0.9436903891733704 342
1622754965717 0.9436903891733704 343
1622754978308 0.9436903891733704 344
1622754990897 0.9436903891733704 345
1622755003658 0.9436903891733704 346
1622755016340 0.9436903891733704 347
1622755029026 0.9436903891733704 348
1622755041702 0.9436903891733704 349
1622755054461 0.9436903891733704 350
1622755067247 0.9436903891733704 351
1622755080086 0.9436903891733704 352
1622755092890 0.9436903891733704 353
1622755105687 0.9436903891733704 354
1622755118574 0.9436903891733704 355
1622755131533 0.9436903891733704 356
1622755144573 0.9436903891733704 357
1622755157671 0.9436903891733704 358
1622755170918 0.9436903891733704 359
1622755184048 0.9436903891733704 360
1622755197300 0.9436903891733704 361
1622755210567 0.9436903891733704 362
1622755223726 0.9436903891733704 363
1622755237113 0.9436903891733704 364
1622755250360 0.9436903891733704 365
1622755263581 0.9436903891733704 366
1622755277006 0.9436903891733704 367
1622755290405 0.9436903891733704 368
1622755303988 0.9436903891733704 369
1622755317406 0.9436903891733704 370
1622755330912 0.9436903891733704 371
1622755344477 0.9436903891733704 372
1622755358088 0.9436903891733704 373
1622755371679 0.9436903891733704 374
1622755385279 0.9436903891733704 375
1622755398852 0.9436903891733704 376
1622755412483 0.9436903891733704 377
1622755426281 0.9436903891733704 378
1622755440013 0.9436903891733704 379
1622755453810 0.9436903891733704 380
1622755467665 0.9436903891733704 381
1622755481556 0.9436903891733704 382
1622755495398 0.9436903891733704 383
1622755509333 0.9436903891733704 384
1622755523283 0.9436903891733704 385
1622755537269 0.9436903891733704 386
1622755551281 0.9436903891733704 387
1622755565364 0.9436903891733704 388
1622755579482 0.9436903891733704 389
1622755593626 0.9436903891733704 390
1622755607792 0.9436903891733704 391
1622755621952 0.9436903891733704 392
1622755636185 0.9436903891733704 393
1622755650613 0.9436903891733704 394
1622755664953 0.9436903891733704 395
1622755679351 0.9436903891733704 396
1622755693838 0.9436903891733704 397
1622755708342 0.9436903891733704 398
1622755722823 0.9436903891733704 399
1622755737330 0.9436903891733704 400
1622755751940 0.9436903891733704 401
1622755766604 0.9436903891733704 402
1622755781268 0.9436903891733704 403
1622755795963 0.9436903891733704 404
1622755810090 0.9436903891733704 405
1622755824354 0.9436903891733704 406
1622755838723 0.9436903891733704 407
1622755853260 0.9436903891733704 408
1622755867840 0.9436903891733704 409
1622755882652 0.9436903891733704 410
1622755897562 0.9436903891733704 411
1622755912508 0.9436903891733704 412
1622755927481 0.9436903891733704 413
1622755942455 0.9436903891733704 414
1622755957482 0.9436903891733704 415
1622755972547 0.9436903891733704 416
1622755987475 0.9436903891733704 417
1622756002494 0.9436903891733704 418
1622756017570 0.9436903891733704 419
1622756032682 0.9436903891733704 420
1622756047854 0.9436903891733704 421
1622756063073 0.9436903891733704 422
1622756078380 0.9436903891733704 423
1622756093809 0.9436903891733704 424
1622756109144 0.9436903891733704 425
1622756124522 0.9436903891733704 426
1622756140017 0.9436903891733704 427
1622756155614 0.9436903891733704 428
1622756171234 0.9436903891733704 429
1622756186906 0.9436903891733704 430
1622756202183 0.9436903891733704 431
1622756217594 0.9436903891733704 432
1622756232948 0.9436903891733704 433
1622756248354 0.9436903891733704 434
1622756263785 0.9436903891733704 435
1622756279157 0.9436903891733704 436
1622756294568 0.9436903891733704 437
1622756310218 0.9436903891733704 438
1622756325762 0.9436903891733704 439
1622756341271 0.9436903891733704 440
1622756356732 0.9436903891733704 441
1622756372338 0.9436903891733704 442
1622756388066 0.9436903891733704 443
1622756403743 0.9436903891733704 444
1622756419470 0.9436903891733704 445
1622756435229 0.9436903891733704 446
1622756451092 0.9436903891733704 447
1622756466945 0.9436903891733704 448
1622756482858 0.9436903891733704 449
1622756498553 0.9436903891733704 450
1622756514400 0.9436903891733704 451
1622756530276 0.9436903891733704 452
1622756546138 0.9436903891733704 453
1622756562081 0.9436903891733704 454
1622756577778 0.9436903891733704 455
1622756593629 0.9436903891733704 456
1622756609483 0.9436903891733704 457
1622756625729 0.9436903891733704 458
1622756642070 0.9436903891733704 459
1622756658439 0.9436903891733704 460
1622756674657 0.9436903891733704 461
1622756691267 0.9436903891733704 462
1622756708013 0.9436903891733704 463
1622756724985 0.9436903891733704 464
1622756742030 0.9436903891733704 465
1622756759373 0.9436903891733704 466
1622756776351 0.9436903891733704 467
1622756793367 0.9436903891733704 468
1622756810724 0.9436903891733704 469
1622756827870 0.9436903891733704 470
1622756844813 0.9436903891733704 471
1622756861571 0.9436903891733704 472
1622756878439 0.9436903891733704 473
1622756895290 0.9436903891733704 474
1622756911995 0.9436903891733704 475
1622756929284 0.9436903891733704 476
1622756946710 0.9436903891733704 477
1622756963429 0.9436903891733704 478
1622756979964 0.9436903891733704 479
1622756996461 0.9436903891733704 480
1622757013242 0.9436903891733704 481
1622757030377 0.9436903891733704 482
1622757047540 0.9436903891733704 483
1622757064769 0.9436903891733704 484
1622757082116 0.9436903891733704 485
1622757099443 0.9436903891733704 486
1622757116824 0.9436903891733704 487
1622757133880 0.9436903891733704 488
1622757150907 0.9436903891733704 489
1622757168197 0.9436903891733704 490
1622757185480 0.9436903891733704 491
1622757202759 0.9436903891733704 492
1622757219366 0.9436903891733704 493
1622757236338 0.9436903891733704 494
1622757253001 0.9436903891733704 495
1622757269995 0.9436903891733704 496
1622757287050 0.9436903891733704 497
1622757304066 0.9436903891733704 498
1622757320688 0.9436903891733704 499
1622757337736 0.9436903891733704 500
