1622752718750 0.005 0
1622752719305 0.438 1
1622752719870 0.447 2
1622752720458 0.468 3
1622752721093 0.513 4
1622752721762 0.549 5
1622752722473 0.594 6
1622752723199 0.61 7
1622752723961 0.647 8
1622752724776 0.701 9
1622752725622 0.73 10
1622752726510 0.773 11
1622752727413 0.789 12
1622752728364 0.836 13
1622752729361 0.883 14
1622752730393 0.918 15
1622752731432 0.926 16
1622752732548 1.001 17
1622752733688 1.026 18
1622752734855 1.05 19
1622752736080 1.11 20
1622752737333 1.137 21
1622752738626 1.178 22
1622752739957 1.216 23
1622752741283 1.214 24
1622752742673 1.275 25
1622752744105 1.318 26
1622752745591 1.372 27
1622752747096 1.391 28
1622752748650 1.439 29
1622752750231 1.464 30
1622752751834 1.489 31
1622752753496 1.548 32
1622752755191 1.58 33
1622752756906 1.601 34
1622752758641 1.621 35
1622752760449 1.694 36
1622752762307 1.743 37
1622752764192 1.768 38
1622752766104 1.797 39
1622752768062 1.843 40
1622752770049 1.872 41
1622752772058 1.893 42
1622752774078 1.903 43
1622752776188 1.993 44
1622752778312 2.007 45
1622752780474 2.048 46
1622752782692 2.102 47
1622752784936 2.129 48
1622752787204 2.152 49
1622752789503 2.184 50
1622752791869 2.25 51
1622752794273 2.29 52
1622752796707 2.318 53
1622752799161 2.34 54
1622752801664 2.389 55
1622752804210 2.428 56
1622752806759 2.436 57
1622752809366 2.493 58
1622752811984 2.503 59
1622752814695 2.597 60
1622752817427 2.617 61
1622752820209 2.664 62
1622752823015 2.687 63
1622752825839 2.71 64
1622752828683 2.723 65
1622752831586 2.787 66
1622752834542 2.84 67
1622752837535 2.877 68
1622752840556 2.906 69
1622752843594 2.922 70
1622752846701 2.99 71
1622752849827 3.008 72
1622752852976 3.033 73
1622752856150 3.059 74
1622752859396 3.128 75
1622752862674 3.159 76
1622752865953 3.164 77
1622752869302 3.234 78
1622752872697 3.279 79
1622752876075 3.262 80
1622752879554 3.361 81
1622752883044 3.377 82
1622752886564 3.403 83
1622752890103 3.423 84
1622752893685 3.465 85
1622752897312 3.509 86
1622752900947 3.519 87
1622752904613 3.551 88
1622752908312 3.581 89
1622752912027 3.598 90
1622752915787 3.645 91
1622752919594 3.692 92
1622752923447 3.74 93
1622752927359 3.798 94
1622752931313 3.841 95
1622752935273 3.845 96
1622752939257 3.87 97
1622752943301 3.93 98
1622752947424 4.006 99
1622752951574 4.032 100
1622752955755 4.065 101
1622752959920 4.049 102
1622752964149 4.114 103
1622752968417 4.154 104
1622752972680 4.145 105
1622752977017 4.221 106
1622752981401 4.266 107
1622752985853 4.336 108
1622752990339 4.371 109
1622752994798 4.343 110
1622752999366 4.45 111
1622753003922 4.439 112
1622753008520 4.482 113
1622753013141 4.503 114
1622753017805 4.549 115
1622753022484 4.562 116
1622753027237 4.639 117
1622753032026 4.674 118
1622753036835 4.691 119
1622753041701 4.751 120
1622753046606 4.788 121
1622753051508 4.787 122
1622753056483 4.859 123
1622753061497 4.898 124
1622753066526 4.911 125
1622753071596 4.953 126
1622753076666 4.955 127
1622753081769 4.99 128
1622753086930 5.048 129
1622753092191 5.146 130
1622753097447 5.141 131
1622753102696 5.134 132
1622753108049 5.238 133
1622753113377 5.213 134
1622753118865 5.374 135
1622753124246 5.266 136
1622753129727 5.365 137
1622753135304 5.46 138
1622753140814 5.395 139
1622753146396 5.465 140
1622753152089 5.579 141
1622753157766 5.563 142
1622753163451 5.569 143
1622753169232 5.666 144
1622753174997 5.651 145
1622753180853 5.742 146
1622753186712 5.744 147
1622753192619 5.793 148
1622753198481 5.749 149
1622753204461 5.866 150
1622753210194 5.618 151
1622753215921 5.615 152
1622753221724 5.69 153
1622753227555 5.718 154
1622753233459 5.791 155
1622753239316 5.744 156
1622753245333 5.904 157
1622753251354 5.909 158
1622753257378 5.911 159
1622753263378 5.887 160
1622753269465 5.975 161
1622753275667 6.087 162
1622753281908 6.128 163
1622753288154 6.131 164
1622753294372 6.105 165
1622753300630 6.144 166
1622753306953 6.21 167
1622753313298 6.231 168
1622753319707 6.295 169
1622753326160 6.34 170
1622753332553 6.281 171
1622753339164 6.499 172
1622753345664 6.387 173
1622753352197 6.419 174
1622753358787 6.478 175
1622753365393 6.489 176
1622753372047 6.54 177
1622753378754 6.593 178
1622753385444 6.578 179
1622753392219 6.658 180
1622753398998 6.664 181
1622753405818 6.705 182
1622753412668 6.734 183
1622753419555 6.773 184
1622753426464 6.796 185
1622753433402 6.823 186
1622753440405 6.89 187
1622753447552 7.034 188
1622753454653 6.988 189
1622753461796 7.029 190
1622753468957 7.05 191
1622753476217 7.146 192
1622753483519 7.186 193
1622753490810 7.178 194
1622753498169 7.243 195
1622753505521 7.238 196
1622753512882 7.25 197
1622753520266 7.271 198
1622753527738 7.359 199
1622753535162 7.31 200
1622753542611 7.336 201
1622753550165 7.442 202
1622753557744 7.465 203
1622753565366 7.51 204
1622753573020 7.542 205
1622753580707 7.573 206
1622753588432 7.611 207
1622753596137 7.592 208
1622753603896 7.643 209
1622753611730 7.722 210
1622753619595 7.754 211
1622753627480 7.771 212
1622753635413 7.819 213
1622753643380 7.854 214
1622753651353 7.859 215
1622753659301 7.836 216
1622753667350 7.936 217
1622753675432 7.969 218
1622753683559 8.013 219
1622753691847 8.173 220
1622753700031 8.071 221
1622753708301 8.156 222
1622753716601 8.189 223
1622753724995 8.28 224
1622753733352 8.246 225
1622753741702 8.236 226
1622753750216 8.401 227
1622753758624 8.294 228
1622753767145 8.409 229
1622753775699 8.443 230
1622753784210 8.4 231
1622753792866 8.542 232
1622753801597 8.619 233
1622753810274 8.564 234
1622753818970 8.583 235
1622753827726 8.644 236
1622753836458 8.618 237
1622753845266 8.691 238
1622753854087 8.707 239
1622753863007 8.806 240
1622753871919 8.799 241
1622753880746 8.715 242
1622753889679 8.82 243
1622753898674 8.881 244
1622753907668 8.879 245
1622753916674 8.893 246
1622753925802 9.014 247
1622753935028 9.112 248
1622753944197 9.058 249
1622753953399 9.09 250
1622753962712 9.199 251
1622753972054 9.231 252
1622753981367 9.2 253
1622753990713 9.234 254
1622754000122 9.295 255
1622754009538 9.303 256
1622754018958 9.306 257
1622754028384 9.313 258
1622754037942 9.446 259
1622754047478 9.421 260
1622754057024 9.429 261
1622754066623 9.484 262
1622754076442 9.705 263
1622754086204 9.643 264
1622754096019 9.701 265
1622754105759 9.624 266
1622754115564 9.692 267
1622754125543 9.867 268
1622754135535 9.878 269
1622754145545 9.895 270
1622754155592 9.933 271
1622754165630 9.925 272
1622754175672 9.929 273
1622754185767 9.982 274
1622754195859 9.977 275
1622754205941 9.97 276
1622754216139 10.085 277
1622754226368 10.118 278
1622754236685 10.205 279
1622754247028 10.223 280
1622754257387 10.246 281
1622754267887 10.388 282
1622754278331 10.33 283
1622754288889 10.444 284
1622754299291 10.285 285
1622754309847 10.438 286
1622754320307 10.347 287
1622754330844 10.423 288
1622754341496 10.539 289
1622754352067 10.457 290
1622754362765 10.584 291
1622754373488 10.61 292
1622754384293 10.693 293
1622754395214 10.807 294
1622754406065 10.736 295
1622754416959 10.782 296
1622754427907 10.835 297
1622754438872 10.853 298
1622754449808 10.824 299
1622754460761 10.84 300
1622754471793 10.917 301
1622754482894 10.987 302
1622754494028 11.02 303
1622754505165 11.021 304
1622754516308 11.029 305
1622754527430 11.008 306
1622754538608 11.064 307
1622754549846 11.126 308
1622754561091 11.13 309
1622754572369 11.165 310
1622754583741 11.26 311
1622754595060 11.207 312
1622754606467 11.295 313
1622754617843 11.261 314
1622754629395 11.439 315
1622754640924 11.416 316
1622754652463 11.426 317
1622754664080 11.502 318
1622754675720 11.525 319
1622754687470 11.637 320
1622754699181 11.597 321
1622754710912 11.617 322
1622754722706 11.68 323
1622754734490 11.672 324
1622754746341 11.735 325
1622754758274 11.818 326
1622754770092 11.705 327
1622754782073 11.868 328
1622754794018 11.832 329
1622754806067 11.937 330
1622754818140 11.959 331
1622754830316 12.061 332
1622754842462 12.03 333
1622754854596 12.015 334
1622754866657 11.95 335
1622754878991 12.221 336
1622754891298 12.193 337
1622754903622 12.208 338
1622754916035 12.301 339
1622754928445 12.297 340
1622754940832 12.272 341
1622754953307 12.362 342
1622754965740 12.32 343
1622754978332 12.479 344
1622754990920 12.476 345
1622755003680 12.647 346
1622755016364 12.57 347
1622755029049 12.573 348
1622755041726 12.565 349
1622755054483 12.646 350
1622755067270 12.674 351
1622755080111 12.725 352
1622755092914 12.691 353
1622755105710 12.684 354
1622755118597 12.776 355
1622755131556 12.846 356
1622755144596 12.927 357
1622755157694 12.986 358
1622755170941 13.134 359
1622755184071 13.018 360
1622755197323 13.14 361
1622755210589 13.153 362
1622755223749 13.048 363
1622755237137 13.275 364
1622755250383 13.133 365
1622755263605 13.109 366
1622755277029 13.313 367
1622755290427 13.288 368
1622755304012 13.472 369
1622755317429 13.303 370
1622755330937 13.392 371
1622755344500 13.449 372
1622755358112 13.496 373
1622755371702 13.477 374
1622755385303 13.487 375
1622755398876 13.459 376
1622755412508 13.517 377
1622755426306 13.682 378
1622755440037 13.617 379
1622755453834 13.682 380
1622755467689 13.74 381
1622755481580 13.776 382
1622755495422 13.728 383
1622755509356 13.822 384
1622755523306 13.838 385
1622755537291 13.873 386
1622755551306 13.901 387
1622755565389 13.968 388
1622755579507 14.004 389
1622755593650 14.029 390
1622755607816 14.051 391
1622755621975 14.046 392
1622755636208 14.121 393
1622755650636 14.316 394
1622755664976 14.227 395
1622755679374 14.285 396
1622755693863 14.376 397
1622755708365 14.388 398
1622755722848 14.368 399
1622755737354 14.391 400
1622755751963 14.496 401
1622755766627 14.552 402
1622755781291 14.551 403
1622755795988 14.583 404
1622755810113 14.012 405
1622755824378 14.151 406
1622755838746 14.255 407
1622755853284 14.424 408
1622755867864 14.467 409
1622755882675 14.699 410
1622755897585 14.799 411
1622755912531 14.833 412
1622755927507 14.862 413
1622755942479 14.858 414
1622755957507 14.913 415
1622755972571 14.95 416
1622755987499 14.816 417
1622756002519 14.902 418
1622756017593 14.964 419
1622756032705 15.0 420
1622756047878 15.06 421
1622756063098 15.106 422
1622756078403 15.191 423
1622756093834 15.314 424
1622756109169 15.222 425
1622756124546 15.263 426
1622756140042 15.381 427
1622756155638 15.482 428
1622756171257 15.508 429
1622756186929 15.559 430
1622756202207 15.167 431
1622756217617 15.297 432
1622756232973 15.243 433
1622756248378 15.292 434
1622756263809 15.317 435
1622756279181 15.259 436
1622756294594 15.297 437
1622756310241 15.534 438
1622756325785 15.433 439
1622756341294 15.398 440
1622756356756 15.351 441
1622756372362 15.495 442
1622756388089 15.616 443
1622756403768 15.567 444
1622756419496 15.613 445
1622756435254 15.644 446
1622756451115 15.75 447
1622756466969 15.742 448
1622756482881 15.8 449
1622756498577 15.583 450
1622756514424 15.735 451
1622756530299 15.763 452
1622756546161 15.752 453
1622756562106 15.833 454
1622756577801 15.586 455
1622756593652 15.741 456
1622756609506 15.745 457
1622756625753 16.134 458
1622756642095 16.228 459
1622756658463 16.254 460
1622756674682 16.103 461
1622756691293 16.495 462
1622756708039 16.629 463
1622756725009 16.856 464
1622756742053 16.932 465
1622756759396 17.23 466
1622756776374 16.869 467
1622756793390 16.908 468
1622756810747 17.249 469
1622756827894 17.037 470
1622756844836 16.832 471
1622756861596 16.646 472
1622756878462 16.757 473
1622756895314 16.742 474
1622756912019 16.597 475
1622756929308 17.175 476
1622756946733 17.314 477
1622756963452 16.607 478
1622756979987 16.425 479
1622756996487 16.387 480
1622757013268 16.669 481
1622757030401 17.021 482
1622757047569 17.052 483
1622757064793 17.113 484
1622757082140 17.236 485
1622757099466 17.218 486
1622757116848 17.274 487
1622757133903 16.948 488
1622757150929 16.917 489
1622757168221 17.183 490
1622757185503 17.173 491
1622757202783 17.17 492
1622757219390 16.495 493
1622757236363 16.86 494
1622757253027 16.546 495
1622757270021 16.877 496
1622757287073 16.94 497
1622757304090 16.906 498
1622757320710 16.512 499
1622757337759 16.937 500
