1622853651331 0.225 0
1622853653592 0.216 1
1622853655446 0.113 2
1622853657633 0.116 3
1622853660174 0.115 4
1622853663080 0.116 5
1622853666352 0.115 6
1622853669952 0.112 7
1622853673933 0.113 8
1622853678266 0.115 9
1622853682976 0.114 10
1622853688044 0.114 11
1622853693453 0.114 12
1622853699288 0.117 13
1622853705439 0.116 14
1622853711941 0.12 15
1622853718790 0.113 16
1622853726078 0.116 17
1622853733750 0.117 18
1622853741830 0.118 19
1622853750178 0.116 20
1622853758864 0.116 21
1622853767897 0.114 22
1622853777278 0.113 23
1622853787035 0.121 24
1622853797178 0.116 25
1622853807726 0.114 26
1622853818571 0.116 27
1622853829766 0.117 28
1622853841312 0.116 29
1622853853195 0.114 30
1622853865480 0.114 31
1622853878121 0.114 32
1622853891117 0.112 33
1622853904548 0.113 34
1622853918326 0.115 35
1622853932490 0.115 36
1622853946979 0.114 37
1622853961847 0.117 38
1622853977036 0.114 39
1622853992585 0.118 40
1622854008418 0.114 41
1622854024608 0.117 42
1622854041152 0.114 43
1622854058075 0.116 44
1622854075423 0.113 45
1622854093110 0.113 46
1622854111108 0.11 47
1622854129447 0.113 48
1622854148154 0.116 49
1622854167432 0.113 50
1622854187129 0.112 51
1622854207085 0.111 52
1622854227250 0.11 53
1622854247808 0.113 54
1622854268778 0.117 55
1622854290154 0.114 56
1622854311871 0.115 57
1622854333791 0.116 58
1622854356039 0.111 59
1622854378758 0.113 60
1622854401763 0.112 61
1622854425169 0.115 62
1622854448905 0.115 63
1622854472959 0.111 64
1622854497354 0.114 65
1622854521891 0.114 66
1622854547056 0.116 67
1622854572479 0.114 68
1622854598377 0.115 69
1622854624599 0.114 70
1622854651252 0.119 71
1622854678195 0.115 72
1622854705608 0.113 73
1622854733410 0.113 74
1622854761758 0.113 75
1622854790306 0.113 76
1622854819070 0.114 77
1622854848370 0.114 78
1622854877814 0.116 79
1622854907584 0.113 80
1622854938001 0.113 81
1622854968685 0.117 82
1622854999744 0.113 83
1622855031124 0.111 84
1622855062927 0.111 85
1622855094990 0.115 86
1622855127470 0.113 87
1622855160417 0.114 88
1622855193848 0.114 89
1622855227744 0.113 90
1622855261670 0.116 91
1622855296117 0.112 92
1622855330901 0.114 93
1622855365834 0.112 94
1622855401222 0.113 95
1622855436830 0.114 96
1622855472947 0.113 97
1622855509330 0.114 98
1622855546222 0.115 99
1622855583492 0.112 100
1622855621044 0.113 101
1622855658838 0.114 102
1622855697081 0.113 103
1622855735665 0.114 104
1622855774829 0.115 105
1622855814307 0.114 106
1622855854668 0.114 107
1622855894631 0.114 108
1622855934697 0.113 109
1622855975137 0.114 110
1622856015948 0.114 111
1622856057229 0.109 112
1622856098992 0.112 113
1622856141476 0.117 114
1622856183960 0.113 115
1622856226585 0.115 116
1622856269537 0.114 117
1622856312845 0.112 118
1622856356586 0.112 119
1622856400788 0.115 120
1622856445400 0.115 121
1622856490253 0.115 122
1622856535388 0.115 123
1622856580923 0.116 124
1622856626854 0.113 125
1622856673104 0.115 126
1622856719730 0.113 127
1622856766863 0.118 128
1622856814349 0.116 129
1622856862216 0.114 130
1622856910536 0.113 131
1622856959359 0.112 132
1622857008407 0.112 133
1622857058038 0.113 134
1622857107930 0.114 135
1622857158151 0.116 136
1622857208441 0.114 137
1622857259108 0.114 138
1622857310164 0.11 139
1622857361948 0.118 140
1622857413600 0.113 141
1622857465894 0.114 142
1622857518470 0.115 143
1622857571252 0.116 144
1622857624453 0.113 145
1622857678187 0.112 146
1622857732281 0.113 147
1622857785744 0.113 148
1622857840576 0.113 149
1622857894752 0.113 150
1622857949548 0.114 151
1622858004570 0.112 152
1622858059665 0.111 153
1622858115116 0.113 154
1622858169770 0.11 155
1622858225961 0.113 156
1622858282352 0.116 157
1622858339348 0.115 158
1622858396801 0.112 159
1622858453693 0.114 160
1622858510759 0.11 161
1622858567993 0.114 162
1622858625885 0.115 163
1622858683826 0.115 164
1622858741976 0.116 165
1622858800421 0.113 166
1622858859320 0.117 167
1622858918530 0.113 168
1622858978135 0.113 169
1622859038148 0.113 170
1622859098434 0.112 171
1622859158959 0.119 172
1622859219932 0.112 173
1622859281313 0.111 174
1622859343973 0.115 175
1622859406353 0.115 176
1622859469092 0.116 177
1622859532201 0.117 178
1622859595467 0.114 179
1622859659301 0.113 180
1622859723091 0.115 181
1622859787305 0.114 182
1622859851990 0.111 183
1622859917161 0.116 184
1622859982825 0.114 185
1622860048575 0.112 186
1622860114928 0.115 187
1622860181893 0.113 188
1622860249202 0.115 189
1622860316396 0.113 190
1622860384025 0.118 191
1622860452562 0.114 192
1622860521221 0.114 193
1622860590007 0.111 194
1622860659956 0.11 195
1622860729260 0.117 196
1622860799163 0.116 197
1622860870385 0.117 198
1622860941670 0.115 199
1622861013695 0.114 200
1622861086357 0.118 201
1622861158743 0.117 202
1622861231819 0.115 203
1622861304499 0.115 204
1622861378081 0.116 205
1622861451961 0.115 206
1622861526234 0.114 207
1622861601025 0.114 208
1622861678500 0.114 209
1622861753736 0.135 210
1622861829087 0.116 211
1622861905110 0.115 212
1622861981246 0.113 213
1622862057879 0.115 214
1622862134689 0.117 215
1622862211764 0.114 216
1622862289640 0.112 217
1622862367754 0.113 218
1622862446083 0.113 219
1622862524913 0.112 220
1622862604544 0.109 221
1622862683579 0.116 222
1622862766658 0.117 223
1622862847011 0.115 224
1622862927840 0.115 225
1622863008880 0.116 226
1622863090257 0.116 227
1622863171870 0.114 228
1622863253820 0.115 229
1622863336260 0.114 230
1622863418795 0.115 231
1622863501976 0.113 232
1622863586277 0.121 233
1622863670066 0.111 234
1622863754500 0.113 235
1622863839454 0.113 236
1622863924654 0.114 237
1622864010489 0.114 238
1622864096380 0.116 239
1622864182330 0.111 240
1622864268607 0.114 241
1622864355429 0.115 242
1622864442417 0.12 243
1622864529803 0.115 244
1622864617448 0.113 245
1622864705436 0.113 246
1622864794310 0.117 247
1622864883799 0.114 248
1622864973219 0.118 249
1622865062786 0.113 250
1622865152896 0.116 251
1622865243445 0.112 252
1622865334127 0.114 253
1622865425466 0.115 254
1622865516618 0.117 255
1622865608492 0.116 256
1622865700493 0.114 257
1622865792559 0.112 258
1622865886217 0.117 259
1622865979762 0.117 260
1622866074010 0.117 261
1622866168061 0.116 262
1622866262410 0.114 263
1622866357515 0.112 264
1622866452863 0.113 265
1622866548407 0.114 266
1622866644348 0.117 267
1622866740882 0.116 268
1622866837405 0.112 269
1622866934496 0.122 270
1622867031991 0.113 271
1622867129765 0.114 272
1622867227925 0.112 273
1622867326326 0.115 274
1622867425806 0.115 275
1622867524560 0.112 276
1622867623366 0.114 277
1622867722850 0.113 278
1622867822610 0.117 279
1622867922396 0.114 280
1622868022403 0.117 281
1622868123643 0.113 282
1622868225481 0.116 283
1622868328421 0.112 284
1622868430970 0.114 285
1622868533551 0.115 286
1622868636553 0.116 287
1622868740274 0.118 288
1622868843636 0.114 289
1622868948080 0.114 290
1622869052685 0.113 291
1622869157728 0.112 292
1622869263392 0.118 293
1622869368226 0.113 294
1622869474094 0.113 295
1622869581014 0.116 296
1622869687315 0.112 297
1622869794530 0.114 298
1622869902523 0.115 299
1622870009996 0.111 300
1622870117965 0.112 301
1622870226611 0.114 302
1622870333622 0.113 303
1622870441113 0.113 304
1622870548476 0.112 305
1622870653551 0.114 306
1622870758900 0.111 307
1622870864279 0.113 308
1622870970701 0.113 309
1622871077456 0.112 310
1622871184924 0.115 311
1622871292394 0.115 312
1622871400545 0.114 313
1622871508620 0.117 314
1622871616653 0.113 315
1622871724775 0.116 316
1622871833535 0.11 317
1622871942942 0.109 318
1622872053066 0.116 319
1622872163579 0.114 320
1622872274330 0.116 321
1622872385695 0.113 322
1622872497233 0.116 323
1622872608866 0.115 324
1622872721132 0.113 325
1622872832783 0.116 326
1622872945431 0.114 327
1622873058790 0.118 328
1622873173881 0.113 329
1622873286933 0.113 330
1622873400686 0.116 331
1622873515536 0.114 332
1622873629978 0.116 333
1622873745194 0.122 334
1622873860435 0.114 335
1622873976215 0.114 336
1622874092368 0.114 337
1622874208369 0.114 338
1622874325557 0.111 339
1622874442869 0.116 340
1622874561096 0.117 341
1622874679258 0.117 342
1622874798158 0.113 343
1622874916870 0.12 344
1622875035744 0.117 345
1622875155480 0.118 346
1622875275728 0.117 347
1622875396209 0.114 348
1622875517167 0.114 349
1622875638814 0.115 350
1622875765557 0.113 351
1622875887443 0.114 352
1622876009194 0.112 353
1622876132839 0.114 354
1622876255137 0.116 355
1622876377858 0.113 356
1622876501017 0.112 357
1622876624037 0.115 358
1622876747464 0.115 359
1622876871418 0.115 360
1622876995649 0.116 361
1622877120689 0.117 362
1622877245698 0.114 363
1622877371143 0.115 364
1622877497294 0.113 365
1622877624067 0.113 366
1622877751684 0.114 367
1622877879046 0.112 368
1622878007438 0.114 369
1622878135490 0.112 370
1622878263825 0.119 371
1622878392513 0.116 372
1622878521928 0.114 373
1622878650893 0.111 374
1622878780889 0.111 375
1622878910956 0.115 376
1622879042009 0.115 377
1622879172954 0.19 378
1622879304723 0.115 379
1622879436705 0.114 380
1622879568573 0.115 381
1622879701589 0.117 382
1622879834918 0.113 383
1622879968049 0.115 384
1622880103508 0.115 385
1622880236596 0.113 386
1622880370240 0.112 387
1622880504619 0.114 388
1622880638650 0.114 389
1622880773768 0.114 390
1622880908982 0.112 391
1622881045267 0.115 392
1622881180668 0.111 393
1622881317199 0.114 394
1622881454408 0.113 395
1622881592104 0.116 396
1622881730669 0.117 397
1622881869069 0.115 398
1622882007674 0.116 399
1622882146851 0.113 400
1622882285801 0.114 401
1622882425585 0.117 402
1622882565314 0.115 403
1622882705493 0.114 404
1622882847099 0.114 405
1622882988726 0.115 406
1622883130959 0.116 407
1622883273453 0.117 408
1622883416351 0.113 409
1622883559191 0.115 410
1622883702313 0.114 411
1622883845568 0.113 412
1622883989300 0.113 413
1622884133258 0.115 414
1622884277915 0.116 415
1622884422984 0.116 416
1622884568292 0.113 417
1622884714075 0.114 418
1622884860039 0.113 419
1622885006656 0.114 420
1622885153015 0.113 421
1622885299874 0.112 422
1622885447605 0.118 423
1622885595639 0.113 424
1622885743392 0.115 425
1622885891136 0.112 426
1622886042269 0.114 427
1622886192658 0.117 428
1622886342900 0.115 429
1622886493527 0.116 430
1622886644468 0.115 431
1622886796238 0.111 432
1622886947929 0.117 433
1622887100102 0.112 434
1622887252061 0.122 435
1622887403590 0.114 436
1622887555555 0.115 437
1622887708068 0.116 438
1622887861507 0.113 439
1622888015355 0.114 440
1622888170580 0.117 441
1622888326153 0.115 442
1622888480905 0.112 443
1622888634917 0.115 444
1622888789736 0.112 445
1622888944736 0.118 446
1622889099621 0.117 447
1622889255605 0.113 448
1622889411947 0.117 449
1622889567902 0.114 450
1622889724799 0.114 451
1622889884106 0.118 452
1622890042320 0.116 453
1622890200379 0.113 454
1622890362253 0.113 455
1622890523702 0.114 456
1622890685220 0.116 457
1622890846649 0.112 458
1622891008637 0.114 459
1622891170612 0.112 460
1622891331663 0.112 461
1622891493606 0.113 462
1622891655465 0.113 463
1622891817726 0.113 464
1622891980992 0.114 465
1622892143559 0.113 466
1622892308311 0.113 467
1622892472809 0.111 468
1622892636856 0.114 469
1622892802263 0.116 470
1622892967943 0.118 471
1622893132849 0.118 472
1622893300867 0.119 473
1622893467550 0.116 474
1622893634552 0.11 475
1622893801349 0.116 476
1622893968130 0.109 477
1622894135961 0.113 478
1622894302918 0.113 479
1622894469893 0.116 480
1622894637488 0.118 481
1622894807219 0.113 482
1622894976642 0.115 483
1622895146574 0.113 484
1622895315685 0.112 485
1622895486369 0.115 486
1622895656433 0.115 487
1622895826176 0.111 488
1622895999990 0.116 489
1622896172038 0.113 490
1622896344097 0.111 491
1622896515969 0.112 492
1622896688080 0.116 493
1622896861776 0.113 494
1622897036680 0.117 495
1622897211332 0.113 496
1622897384979 0.117 497
1622897558616 0.115 498
1622897736728 0.113 499
1622897915628 0.116 500
