1622719904641 50 0
1622719905500 60 1
1622719906065 70 2
1622719906609 80 3
1622719907194 90 4
1622719907809 100 5
1622719908461 110 6
1622719909147 120 7
1622719909878 130 8
1622719910631 140 9
1622719911405 150 10
1622719912267 160 11
1622719913136 170 12
1622719914069 180 13
1622719915018 190 14
1622719916006 200 15
1622719917043 210 16
1622719918108 220 17
1622719919191 230 18
1622719920318 240 19
1622719921463 250 20
1622719923576 260 21
1622719924878 270 22
1622719926134 280 23
1622719927446 290 24
1622719928809 300 25
1622719930204 310 26
1622719932581 320 27
1622719934083 330 28
1622719935713 340 29
1622719937218 350 30
1622719938750 360 31
1622719940322 370 32
1622719941915 380 33
1622719943601 390 34
1622719945331 400 35
1622719947105 410 36
1622719948891 420 37
1622719950726 430 38
1622719952610 440 39
1622719954453 450 40
1622719956406 460 41
1622719958332 470 42
1622719960375 480 43
1622719962350 490 44
1622719964433 500 45
1622719966570 510 46
1622719968727 520 47
1622719970937 530 48
1622719973193 540 49
1622719975424 550 50
1622719977729 560 51
1622719980094 570 52
1622719982464 580 53
1622719984848 590 54
1622719987299 600 55
1622719989804 610 56
1622719992342 620 57
1622719994915 630 58
1622719997498 640 59
1622720000127 650 60
1622720002790 660 61
1622720005501 670 62
1622720008228 680 63
1622720011042 690 64
1622720013897 700 65
1622720016742 710 66
1622720019591 720 67
1622720022504 730 68
1622720025458 740 69
1622720028426 750 70
1622720031473 760 71
1622720034539 770 72
1622720037616 780 73
1622720040727 790 74
1622720043905 800 75
1622720047103 810 76
1622720050296 820 77
1622720053576 830 78
1622720056857 840 79
1622720060257 850 80
1622720063662 860 81
1622720067039 870 82
1622720070496 880 83
1622720074000 890 84
1622720077535 900 85
1622720081066 910 86
1622720084667 920 87
1622720088304 930 88
1622720091947 940 89
1622720095639 950 90
1622720099356 960 91
1622720103114 970 92
1622720106923 980 93
1622720110795 990 94
1622720114964 1000 95
1622720118865 1010 96
1622720122795 1020 97
1622720126749 1030 98
1622720130737 1040 99
1622720134803 1050 100
1622720138885 1060 101
1622720143003 1070 102
1622720147159 1080 103
1622720151384 1090 104
1622720155623 1100 105
1622720159889 1110 106
1622720164144 1120 107
1622720168474 1130 108
1622720172803 1140 109
1622720177179 1150 110
1622720181614 1160 111
1622720186093 1170 112
1622720190610 1180 113
1622720195135 1190 114
1622720199728 1200 115
1622720204319 1210 116
1622720208941 1220 117
1622720213631 1230 118
1622720218323 1240 119
1622720223080 1250 120
1622720227830 1260 121
1622720232664 1270 122
1622720237516 1280 123
1622720242391 1290 124
1622720247281 1300 125
1622720252248 1310 126
1622720257262 1320 127
1622720262260 1330 128
1622720267362 1340 129
1622720272502 1350 130
1622720277636 1360 131
1622720282840 1370 132
1622720288081 1380 133
1622720293319 1390 134
1622720298632 1400 135
1622720304014 1410 136
1622720309403 1420 137
1622720314770 1430 138
1622720320188 1440 139
1622720325725 1450 140
1622720331229 1460 141
1622720336845 1470 142
1622720342417 1480 143
1622720348041 1490 144
1622720353659 1500 145
1622720359357 1510 146
1622720365073 1520 147
1622720370815 1530 148
1622720376622 1540 149
1622720382402 1550 150
1622720388269 1560 151
1622720394160 1570 152
1622720400104 1580 153
1622720406078 1590 154
1622720412061 1600 155
1622720418159 1610 156
1622720424207 1620 157
1622720430309 1630 158
1622720436389 1640 159
1622720442621 1650 160
1622720448890 1660 161
1622720455124 1670 162
1622720461402 1680 163
1622720467691 1690 164
1622720474033 1700 165
1622720480452 1710 166
1622720486815 1720 167
1622720493278 1730 168
1622720499765 1740 169
1622720506296 1750 170
1622720512863 1760 171
1622720519493 1770 172
1622720526127 1780 173
1622720532859 1790 174
1622720539603 1800 175
1622720546387 1810 176
1622720553207 1820 177
1622720560064 1830 178
1622720566928 1840 179
1622720573762 1850 180
1622720580689 1860 181
1622720587638 1870 182
1622720594684 1880 183
1622720601697 1890 184
1622720608714 1900 185
1622720615767 1910 186
1622720622833 1920 187
1622720630028 1930 188
1622720637197 1940 189
1622720644447 1950 190
1622720651732 1960 191
1622720659058 1970 192
1622720666385 1980 193
1622720673836 1990 194
1622720681272 2000 195
1622720688782 2010 196
1622720696310 2020 197
1622720703915 2030 198
1622720711542 2040 199
1622720719129 2050 200
1622720726757 2060 201
1622720734329 2070 202
1622720742103 2080 203
1622720749837 2090 204
1622720757682 2100 205
1622720765427 2110 206
1622720773292 2120 207
1622720781163 2130 208
1622720789100 2140 209
1622720797076 2150 210
1622720805160 2160 211
1622720813228 2170 212
1622720821253 2180 213
1622720829421 2190 214
1622720837565 2200 215
1622720845776 2210 216
1622720854067 2220 217
1622720862330 2230 218
1622720870569 2240 219
1622720878902 2250 220
1622720887347 2260 221
1622720895794 2270 222
1622720904335 2280 223
1622720912779 2290 224
1622720921375 2300 225
1622720929933 2310 226
1622720938522 2320 227
1622720947567 2330 228
1622720956309 2340 229
1622720964994 2350 230
1622720973719 2360 231
1622720982576 2370 232
1622720991447 2380 233
1622721000286 2390 234
1622721009200 2400 235
1622721018107 2410 236
1622721027111 2420 237
1622721036109 2430 238
1622721045097 2440 239
1622721054135 2450 240
1622721063227 2460 241
1622721072330 2470 242
1622721081552 2480 243
1622721090788 2490 244
1622721100092 2500 245
1622721109441 2510 246
1622721118710 2520 247
1622721128138 2530 248
1622721137613 2540 249
1622721147071 2550 250
1622721156507 2560 251
1622721166009 2570 252
1622721175590 2580 253
1622721185108 2590 254
1622721194750 2600 255
1622721204420 2610 256
1622721214122 2620 257
1622721223825 2630 258
1622721233542 2640 259
1622721243316 2650 260
1622721253162 2660 261
1622721262954 2670 262
1622721272903 2680 263
1622721282803 2690 264
1622721292838 2700 265
1622721302937 2710 266
1622721313056 2720 267
1622721323162 2730 268
1622721333351 2740 269
1622721343468 2750 270
1622721353772 2760 271
1622721363926 2770 272
1622721374190 2780 273
1622721384466 2790 274
1622721394778 2800 275
1622721405085 2810 276
1622721415534 2820 277
1622721425964 2830 278
1622721436417 2840 279
1622721446925 2850 280
1622721457471 2860 281
1622721467962 2870 282
1622721478603 2880 283
1622721489184 2890 284
1622721499815 2900 285
1622721510480 2910 286
1622721521127 2920 287
1622721531927 2930 288
1622721542788 2940 289
1622721553697 2950 290
1622721564640 2960 291
1622721575521 2970 292
1622721586477 2980 293
1622721597541 2990 294
1622721608517 3000 295
1622721619666 3010 296
1622721630736 3020 297
1622721641855 3030 298
1622721652975 3040 299
1622721664078 3050 300
1622721675336 3060 301
1622721686554 3070 302
1622721697824 3080 303
1622721709130 3090 304
1622721720371 3100 305
1622721731736 3110 306
1622721743166 3120 307
1622721754571 3130 308
1622721766060 3140 309
1622721777540 3150 310
1622721789193 3160 311
1622721800913 3170 312
1622721812671 3180 313
1622721824425 3190 314
1622721836201 3200 315
1622721848018 3210 316
1622721859802 3220 317
1622721871733 3230 318
1622721883629 3240 319
1622721895631 3250 320
1622721907529 3260 321
1622721919589 3270 322
1622721931583 3280 323
1622721943622 3290 324
1622721955690 3300 325
1622721967741 3310 326
1622721979826 3320 327
1622721992030 3330 328
1622722004262 3340 329
1622722016376 3350 330
1622722028568 3360 331
1622722040911 3370 332
1622722053173 3380 333
1622722065492 3390 334
1622722077987 3400 335
1622722090563 3410 336
1622722103076 3420 337
1622722115615 3430 338
1622722128231 3440 339
1622722140777 3450 340
1622722153553 3460 341
1622722166186 3470 342
1622722178936 3480 343
1622722191653 3490 344
1622722204545 3500 345
1622722217304 3510 346
1622722230288 3520 347
1622722243310 3530 348
1622722256279 3540 349
1622722269448 3550 350
1622722282547 3560 351
1622722295687 3570 352
1622722308831 3580 353
1622722322068 3590 354
1622722335381 3600 355
1622722348726 3610 356
1622722362015 3620 357
1622722375399 3630 358
1622722388802 3640 359
1622722402340 3650 360
1622722416117 3660 361
1622722429682 3670 362
1622722443130 3680 363
1622722456673 3690 364
1622722470302 3700 365
1622722484002 3710 366
1622722497726 3720 367
1622722511518 3730 368
1622722525344 3740 369
1622722539186 3750 370
1622722553060 3760 371
1622722566938 3770 372
1622722580849 3780 373
1622722594901 3790 374
1622722608851 3800 375
1622722622898 3810 376
1622722637023 3820 377
1622722651120 3830 378
1622722665276 3840 379
1622722679413 3850 380
1622722693558 3860 381
1622722707793 3870 382
1622722722171 3880 383
1622722736476 3890 384
1622722750844 3900 385
1622722765199 3910 386
1622722779620 3920 387
1622722794135 3930 388
1622722808682 3940 389
1622722823271 3950 390
1622722837896 3960 391
1622722852554 3970 392
1622722867164 3980 393
1622722882093 3990 394
1622722896783 4000 395
1622722911524 4010 396
1622722926328 4020 397
1622722941233 4030 398
1622722956181 4040 399
1622722971181 4050 400
1622722986071 4060 401
1622723001052 4070 402
1622723016049 4080 403
1622723031030 4090 404
1622723046041 4100 405
1622723061169 4110 406
1622723076300 4120 407
1622723091498 4130 408
1622723106673 4140 409
1622723121960 4150 410
1622723137564 4160 411
1622723152915 4170 412
1622723168370 4180 413
1622723184123 4190 414
1622723199800 4200 415
1622723215485 4210 416
1622723231388 4220 417
1622723246940 4230 418
1622723262482 4240 419
1622723278081 4250 420
1622723293778 4260 421
1622723309515 4270 422
1622723325238 4280 423
1622723341041 4290 424
1622723356826 4300 425
1622723372673 4310 426
1622723388565 4320 427
1622723405192 4330 428
1622723421117 4340 429
1622723437221 4350 430
1622723453220 4360 431
1622723469345 4370 432
1622723485435 4380 433
1622723501574 4390 434
1622723517773 4400 435
1622723534017 4410 436
1622723550265 4420 437
1622723566522 4430 438
1622723582716 4440 439
1622723599044 4450 440
1622723615429 4460 441
1622723631890 4470 442
1622723648398 4480 443
1622723664869 4490 444
1622723681301 4500 445
1622723697776 4510 446
1622723714452 4520 447
1622723731063 4530 448
1622723747722 4540 449
1622723764421 4550 450
1622723781215 4560 451
1622723798075 4570 452
1622723814961 4580 453
1622723831787 4590 454
1622723848684 4600 455
1622723865679 4610 456
1622723882732 4620 457
1622723899690 4630 458
1622723916759 4640 459
1622723933752 4650 460
1622723950861 4660 461
1622723968032 4670 462
1622723985232 4680 463
1622724003250 4690 464
1622724021511 4700 465
1622724038715 4710 466
1622724055957 4720 467
1622724073207 4730 468
1622724090446 4740 469
1622724107701 4750 470
1622724125300 4760 471
1622724142996 4770 472
1622724160683 4780 473
1622724178463 4790 474
1622724196239 4800 475
1622724213903 4810 476
1622724231473 4820 477
1622724249365 4830 478
1622724267366 4840 479
1622724285247 4850 480
1622724303269 4860 481
1622724321124 4870 482
1622724338916 4880 483
1622724356679 4890 484
1622724374531 4900 485
1622724392387 4910 486
1622724410338 4920 487
1622724428170 4930 488
1622724446063 4940 489
1622724463980 4950 490
1622724482034 4960 491
1622724500043 4970 492
1622724518117 4980 493
1622724536206 4990 494
1622724554377 5000 495
1622724572437 5010 496
1622724590504 5020 497
1622724609674 5030 498
1622724627990 5040 499
1622724646236 5050 500
