1622601472155 0.9451802000652179 0
1622601472697 0.9451093009667658 1
1622601473220 0.9441879591661844 2
1622601473791 0.9441879591661844 3
1622601474373 0.9441879591661844 4
1622601475001 0.9441879591661844 5
1622601475648 0.9441879591661844 6
1622601476325 0.9441879591661844 7
1622601477049 0.9441879591661844 8
1622601477808 0.9441879591661844 9
1622601478604 0.9441879591661844 10
1622601479439 0.9441879591661844 11
1622601480328 0.9441879591661844 12
1622601481247 0.9441879591661844 13
1622601482186 0.9441879591661844 14
1622601483180 0.9441879591661844 15
1622601484218 0.9441879591661844 16
1622601485255 0.9441879591661844 17
1622601486333 0.9441879591661844 18
1622601487458 0.9441879591661844 19
1622601488622 0.9441879591661844 20
1622601489799 0.9441879591661844 21
1622601491020 0.9441879591661844 22
1622601492278 0.9441879591661844 23
1622601493557 0.9441879591661844 24
1622601494876 0.9441879591661844 25
1622601496243 0.9441879591661844 26
1622601497638 0.9441879591661844 27
1622601499039 0.9441879591661844 28
1622601500508 0.9441879591661844 29
1622601502022 0.9441879591661844 30
1622601503548 0.9441879591661844 31
1622601505119 0.9441879591661844 32
1622601506716 0.9441879591661844 33
1622601508363 0.9441879591661844 34
1622601510032 0.9441879591661844 35
1622601511767 0.9441879591661844 36
1622601513521 0.9441879591661844 37
1622601515343 0.9441879591661844 38
1622601517174 0.9441879591661844 39
1622601519048 0.9441879591661844 40
1622601520930 0.9441879591661844 41
1622601522876 0.9441879591661844 42
1622601524869 0.9441879591661844 43
1622601526882 0.9441879591661844 44
1622601528953 0.9441879591661844 45
1622601531032 0.9441879591661844 46
1622601533156 0.9441879591661844 47
1622601535298 0.9441879591661844 48
1622601537455 0.9441879591661844 49
1622601539688 0.9441879591661844 50
1622601541924 0.9441879591661844 51
1622601544392 0.9441879591661844 52
1622601546864 0.9441879591661844 53
1622601549421 0.9441879591661844 54
1622601551997 0.9441879591661844 55
1622601554574 0.9441879591661844 56
1622601557194 0.9441879591661844 57
1622601559800 0.9441879591661844 58
1622601562498 0.9441879591661844 59
1622601565094 0.9441879591661844 60
1622601567703 0.9441879591661844 61
1622601570351 0.9441879591661844 62
1622601573040 0.9441879591661844 63
1622601575732 0.9441879591661844 64
1622601578503 0.9441879591661844 65
1622601581278 0.9441879591661844 66
1622601584067 0.9441879591661844 67
1622601586880 0.9441879591661844 68
1622601589759 0.9441879591661844 69
1622601592658 0.9441879591661844 70
1622601595579 0.9441879591661844 71
1622601598573 0.9441879591661844 72
1622601601596 0.9441879591661844 73
1622601604647 0.9441879591661844 74
1622601607752 0.9441879591661844 75
1622601610844 0.9441879591661844 76
1622601613995 0.9441879591661844 77
1622601617209 0.9441879591661844 78
1622601620449 0.9441879591661844 79
1622601623754 0.9441879591661844 80
1622601627114 0.9441879591661844 81
1622601631327 0.9441879591661844 82
1622601634880 0.9441879591661844 83
1622601638342 0.9441879591661844 84
1622601641890 0.9441879591661844 85
1622601645367 0.9441879591661844 86
1622601648905 0.9441879591661844 87
1622601652451 0.9441879591661844 88
1622601656049 0.9441879591661844 89
1622601659667 0.9441879591661844 90
1622601663328 0.9441879591661844 91
1622601667048 0.9441879591661844 92
1622601670978 0.9441879591661844 93
1622601674748 0.9441879591661844 94
1622601678548 0.9441879591661844 95
1622601682449 0.9441879591661844 96
1622601686526 0.9441879591661844 97
1622601690418 0.9441879591661844 98
1622601694335 0.9441879591661844 99
1622601698305 0.9441879591661844 100
1622601702319 0.9441879591661844 101
1622601706356 0.9441879591661844 102
1622601711219 0.9441879591661844 103
1622601715799 0.9441879591661844 104
1622601719981 0.9441879591661844 105
1622601724236 0.9441879591661844 106
1622601728485 0.9441879591661844 107
1622601732757 0.9441879591661844 108
1622601737077 0.9441879591661844 109
1622601741370 0.9441879591661844 110
1622601745769 0.9441879591661844 111
1622601750188 0.9441879591661844 112
1622601754584 0.9441879591661844 113
1622601759114 0.9441879591661844 114
1622601763645 0.9441879591661844 115
1622601768286 0.9441879591661844 116
1622601772924 0.9441879591661844 117
1622601777642 0.9441879591661844 118
1622601782327 0.9441879591661844 119
1622601787080 0.9441879591661844 120
1622601792029 0.9441879591661844 121
1622601796839 0.9441879591661844 122
1622601801972 0.9441879591661844 123
1622601807240 0.9441879591661844 124
1622601812454 0.9441879591661844 125
1622601817726 0.9441879591661844 126
1622601823003 0.9441879591661844 127
1622601827963 0.9441879591661844 128
1622601833344 0.9441879591661844 129
1622601838444 0.9441879591661844 130
1622601843545 0.9441879591661844 131
1622601848689 0.9441879591661844 132
1622601853870 0.9441879591661844 133
1622601859067 0.9441879591661844 134
1622601864306 0.9441879591661844 135
1622601869544 0.9441879591661844 136
1622601874911 0.9441879591661844 137
1622601880718 0.9441879591661844 138
1622601887007 0.9441879591661844 139
1622601892487 0.9441879591661844 140
1622601897884 0.9441879591661844 141
1622601903345 0.9441879591661844 142
1622601908836 0.9441879591661844 143
1622601914426 0.9441879591661844 144
1622601920375 0.9441879591661844 145
1622601926184 0.9441879591661844 146
1622601931853 0.9441879591661844 147
1622601937545 0.9441879591661844 148
1622601943296 0.9441879591661844 149
1622601949267 0.9441879591661844 150
1622601955850 0.9441879591661844 151
1622601962081 0.9441879591661844 152
1622601967977 0.9441879591661844 153
1622601973891 0.9441879591661844 154
1622601979830 0.9441879591661844 155
1622601985962 0.9441879591661844 156
1622601992952 0.9441879591661844 157
1622601999044 0.9441879591661844 158
1622602005156 0.9441879591661844 159
1622602011296 0.9441879591661844 160
1622602017480 0.9441879591661844 161
1622602023657 0.9441879591661844 162
1622602029871 0.9441879591661844 163
1622602036158 0.9441879591661844 164
1622602042692 0.9441879591661844 165
1622602049204 0.9441879591661844 166
1622602055828 0.9441879591661844 167
1622602062357 0.9441879591661844 168
1622602068758 0.9441879591661844 169
1622602075469 0.9441879591661844 170
1622602082011 0.9441879591661844 171
1622602088942 0.9441879591661844 172
1622602095878 0.9441879591661844 173
1622602102594 0.9441879591661844 174
1622602109329 0.9441879591661844 175
1622602116023 0.9441879591661844 176
1622602122791 0.9441879591661844 177
1622602129607 0.9441879591661844 178
1622602136785 0.9441879591661844 179
1622602143705 0.9441879591661844 180
1622602150595 0.9441879591661844 181
1622602157466 0.9441879591661844 182
1622602164472 0.9441879591661844 183
1622602171932 0.9441879591661844 184
1622602178978 0.9441879591661844 185
1622602186033 0.9441879591661844 186
1622602193258 0.9441879591661844 187
1622602200362 0.9441879591661844 188
1622602207436 0.9441879591661844 189
1622602214819 0.9441879591661844 190
1622602222287 0.9441879591661844 191
1622602229567 0.9441879591661844 192
1622602236893 0.9441879591661844 193
1622602244775 0.9441879591661844 194
1622602252660 0.9441879591661844 195
1622602260322 0.9441879591661844 196
1622602268004 0.9441879591661844 197
1622602275550 0.9441879591661844 198
1622602283559 0.9441879591661844 199
1622602291634 0.9441879591661844 200
1622602299427 0.9441879591661844 201
1622602307102 0.9441879591661844 202
1622602314944 0.9441879591661844 203
1622602323215 0.9441879591661844 204
1622602331208 0.9441879591661844 205
1622602339248 0.9441879591661844 206
1622602347320 0.9441879591661844 207
1622602355652 0.9441879591661844 208
1622602363700 0.9441879591661844 209
1622602371978 0.9441879591661844 210
1622602380451 0.9441879591661844 211
1622602388662 0.9441879591661844 212
1622602396987 0.9441879591661844 213
1622602405509 0.9441879591661844 214
1622602413885 0.9441879591661844 215
1622602423461 0.9441879591661844 216
1622602431748 0.9441879591661844 217
1622602439987 0.9441879591661844 218
1622602448206 0.9441879591661844 219
1622602456425 0.9441879591661844 220
1622602464738 0.9441879591661844 221
1622602473118 0.9441879591661844 222
1622602481436 0.9441879591661844 223
1622602489864 0.9441879591661844 224
1622602498359 0.9441879591661844 225
1622602506864 0.9441879591661844 226
1622602516238 0.9441879591661844 227
1622602524722 0.9441879591661844 228
1622602533393 0.9441879591661844 229
1622602542049 0.9441879591661844 230
1622602550732 0.9441879591661844 231
1622602559400 0.9441879591661844 232
1622602568156 0.9441879591661844 233
1622602577080 0.9441879591661844 234
1622602586034 0.9441879591661844 235
1622602594932 0.9441879591661844 236
1622602603827 0.9441879591661844 237
1622602612789 0.9441879591661844 238
1622602621678 0.9441879591661844 239
1622602630666 0.9441879591661844 240
1622602639667 0.9441879591661844 241
1622602648630 0.9441879591661844 242
1622602657714 0.9441879591661844 243
1622602666933 0.9441879591661844 244
1622602676117 0.9441879591661844 245
1622602685240 0.9441879591661844 246
1622602694605 0.9441879591661844 247
1622602703931 0.9441879591661844 248
1622602713291 0.9441879591661844 249
1622602722781 0.9441879591661844 250
1622602732151 0.9441879591661844 251
1622602741481 0.9441879591661844 252
1622602750934 0.9441879591661844 253
1622602760476 0.9441879591661844 254
1622602770625 0.9441879591661844 255
1622602780240 0.9441879591661844 256
1622602790216 0.9441879591661844 257
1622602800121 0.9441879591661844 258
1622602810161 0.9441879591661844 259
1622602819939 0.9441879591661844 260
1622602829671 0.9441879591661844 261
1622602839601 0.9441879591661844 262
1622602849375 0.9441879591661844 263
1622602859282 0.9441879591661844 264
1622602869388 0.9441879591661844 265
1622602879370 0.9441879591661844 266
1622602889419 0.9441879591661844 267
1622602899649 0.9441879591661844 268
1622602911252 0.9441879591661844 269
1622602921343 0.9441879591661844 270
1622602931375 0.9441879591661844 271
1622602941536 0.9441879591661844 272
1622602951776 0.9441879591661844 273
1622602961943 0.9441879591661844 274
1622602972647 0.9441879591661844 275
1622602983452 0.9441879591661844 276
1622602993772 0.9441879591661844 277
1622603004112 0.9441879591661844 278
1622603014544 0.9441879591661844 279
1622603025053 0.9441879591661844 280
1622603035499 0.9441879591661844 281
1622603046147 0.9441879591661844 282
1622603057404 0.9441879591661844 283
1622603067912 0.9441879591661844 284
1622603078584 0.9441879591661844 285
1622603089218 0.9441879591661844 286
1622603099853 0.9441879591661844 287
1622603110569 0.9441879591661844 288
1622603121359 0.9441879591661844 289
1622603132673 0.9441879591661844 290
1622603143724 0.9441879591661844 291
1622603154513 0.9441879591661844 292
1622603165491 0.9441879591661844 293
1622603176523 0.9441879591661844 294
1622603188441 0.9441879591661844 295
1622603200268 0.9441879591661844 296
1622603212826 0.9441879591661844 297
1622603224218 0.9441879591661844 298
1622603235667 0.9441879591661844 299
1622603247756 0.9441879591661844 300
1622603258953 0.9441879591661844 301
1622603270292 0.9441879591661844 302
1622603281948 0.9441879591661844 303
1622603293136 0.9441879591661844 304
1622603304312 0.9441879591661844 305
1622603316478 0.9441879591661844 306
1622603329360 0.9441879591661844 307
1622603340669 0.9441879591661844 308
1622603352199 0.9441879591661844 309
1622603364212 0.9441879591661844 310
1622603376866 0.9441879591661844 311
1622603389784 0.9441879591661844 312
1622603401525 0.9441879591661844 313
1622603413208 0.9441879591661844 314
1622603425571 0.9441879591661844 315
1622603437273 0.9441879591661844 316
1622603449039 0.9441879591661844 317
1622603460708 0.9441879591661844 318
1622603472448 0.9441879591661844 319
1622603484215 0.9441879591661844 320
1622603496065 0.9441879591661844 321
1622603508590 0.9441879591661844 322
1622603520591 0.9441879591661844 323
1622603532534 0.9441879591661844 324
1622603544499 0.9441879591661844 325
1622603557157 0.9441879591661844 326
1622603570292 0.9441879591661844 327
1622603582455 0.9441879591661844 328
1622603594610 0.9441879591661844 329
1622603606942 0.9441879591661844 330
1622603619526 0.9441879591661844 331
1622603633615 0.9441879591661844 332
1622603646460 0.9441879591661844 333
1622603660156 0.9441879591661844 334
1622603672419 0.9441879591661844 335
1622603684809 0.9441879591661844 336
1622603697227 0.9441879591661844 337
1622603709617 0.9441879591661844 338
1622603722132 0.9441879591661844 339
1622603734667 0.9441879591661844 340
1622603748133 0.9441879591661844 341
1622603760812 0.9441879591661844 342
1622603773493 0.9441879591661844 343
1622603786235 0.9441879591661844 344
1622603799021 0.9441879591661844 345
1622603812501 0.9441879591661844 346
1622603825162 0.9441879591661844 347
1622603837891 0.9441879591661844 348
1622603850628 0.9441879591661844 349
1622603863741 0.9441879591661844 350
1622603876844 0.9441879591661844 351
1622603890781 0.9441879591661844 352
1622603904255 0.9441879591661844 353
1622603918125 0.9441879591661844 354
1622603931593 0.9441879591661844 355
1622603945946 0.9441879591661844 356
1622603959078 0.9441879591661844 357
1622603972628 0.9441879591661844 358
1622603985873 0.9441879591661844 359
1622603999112 0.9441879591661844 360
1622604013767 0.9441879591661844 361
1622604027137 0.9441879591661844 362
1622604040844 0.9441879591661844 363
1622604055362 0.9441879591661844 364
1622604070080 0.9441879591661844 365
1622604084015 0.9441879591661844 366
1622604097534 0.9441879591661844 367
1622604111361 0.9441879591661844 368
1622604124936 0.9441879591661844 369
1622604139441 0.9441879591661844 370
1622604153424 0.9441879591661844 371
1622604167587 0.9441879591661844 372
1622604181460 0.9441879591661844 373
1622604195226 0.9441879591661844 374
1622604208926 0.9441879591661844 375
1622604222786 0.9441879591661844 376
1622604236767 0.9441879591661844 377
1622604250896 0.9441879591661844 378
1622604265045 0.9441879591661844 379
1622604279158 0.9441879591661844 380
1622604294184 0.9441879591661844 381
1622604308313 0.9441879591661844 382
1622604322725 0.9441879591661844 383
1622604337023 0.9441879591661844 384
1622604351162 0.9441879591661844 385
1622604366235 0.9441879591661844 386
1622604381678 0.9441879591661844 387
1622604396303 0.9441879591661844 388
1622604410642 0.9441879591661844 389
1622604425060 0.9441879591661844 390
1622604439572 0.9441879591661844 391
1622604453956 0.9441879591661844 392
1622604468536 0.9441879591661844 393
1622604483048 0.9441879591661844 394
1622604497623 0.9441879591661844 395
1622604512849 0.9441879591661844 396
1622604527712 0.9441879591661844 397
1622604542668 0.9441879591661844 398
1622604557280 0.9441879591661844 399
1622604572274 0.9441879591661844 400
1622604587070 0.9441879591661844 401
1622604601851 0.9441879591661844 402
1622604616728 0.9441879591661844 403
1622604631746 0.9441879591661844 404
1622604647218 0.9441879591661844 405
1622604662674 0.9441879591661844 406
1622604679334 0.9441879591661844 407
1622604694279 0.9441879591661844 408
1622604709412 0.9441879591661844 409
1622604724504 0.9441879591661844 410
1622604739554 0.9441879591661844 411
1622604754697 0.9441879591661844 412
1622604769827 0.9441879591661844 413
1622604785121 0.9441879591661844 414
1622604801658 0.9441879591661844 415
1622604817336 0.9441879591661844 416
1622604832885 0.9441879591661844 417
1622604848103 0.9441879591661844 418
1622604863718 0.9441879591661844 419
1622604879214 0.9441879591661844 420
1622604894555 0.9441879591661844 421
1622604909915 0.9441879591661844 422
1622604925421 0.9441879591661844 423
1622604940889 0.9441879591661844 424
1622604956315 0.9441879591661844 425
1622604971880 0.9441879591661844 426
1622604987437 0.9441879591661844 427
1622605003500 0.9441879591661844 428
1622605019246 0.9441879591661844 429
1622605034983 0.9441879591661844 430
1622605050703 0.9441879591661844 431
1622605066360 0.9441879591661844 432
1622605082193 0.9441879591661844 433
1622605097968 0.9441879591661844 434
1622605114409 0.9441879591661844 435
1622605130406 0.9441879591661844 436
1622605146249 0.9441879591661844 437
1622605162177 0.9441879591661844 438
1622605179372 0.9441879591661844 439
1622605195473 0.9441879591661844 440
1622605211553 0.9441879591661844 441
1622605227725 0.9441879591661844 442
1622605243982 0.9441879591661844 443
1622605260125 0.9441879591661844 444
1622605276380 0.9441879591661844 445
1622605292654 0.9441879591661844 446
1622605310249 0.9441879591661844 447
1622605326568 0.9441879591661844 448
1622605343597 0.9441879591661844 449
1622605361630 0.9441879591661844 450
1622605380139 0.9441879591661844 451
1622605397384 0.9441879591661844 452
1622605413866 0.9441879591661844 453
1622605430517 0.9441879591661844 454
1622605447175 0.9441879591661844 455
1622605464652 0.9441879591661844 456
1622605481445 0.9441879591661844 457
1622605500009 0.9441879591661844 458
1622605516606 0.9441879591661844 459
1622605533422 0.9441879591661844 460
1622605550380 0.9441879591661844 461
1622605567927 0.9441879591661844 462
1622605585459 0.9441879591661844 463
1622605603477 0.9441879591661844 464
1622605621033 0.9441879591661844 465
1622605637993 0.9441879591661844 466
1622605655540 0.9441879591661844 467
1622605672871 0.9441879591661844 468
1622605690300 0.9441879591661844 469
1622605707405 0.9441879591661844 470
1622605724593 0.9441879591661844 471
1622605741681 0.9441879591661844 472
1622605759661 0.9441879591661844 473
1622605777556 0.9441879591661844 474
1622605795517 0.9441879591661844 475
1622605812919 0.9441879591661844 476
1622605830544 0.9441879591661844 477
1622605847794 0.9441879591661844 478
1622605866294 0.9441879591661844 479
1622605884505 0.9441879591661844 480
1622605903011 0.9441879591661844 481
1622605921660 0.9441879591661844 482
1622605939387 0.9441879591661844 483
1622605957104 0.9441879591661844 484
1622605974792 0.9441879591661844 485
1622605992648 0.9441879591661844 486
1622606010409 0.9441879591661844 487
1622606028850 0.9441879591661844 488
1622606046819 0.9441879591661844 489
1622606064770 0.9441879591661844 490
1622606082826 0.9441879591661844 491
1622606100744 0.9441879591661844 492
1622606119557 0.9441879591661844 493
1622606138115 0.9441879591661844 494
1622606157318 0.9441879591661844 495
1622606175418 0.9441879591661844 496
1622606193618 0.9441879591661844 497
1622606211794 0.9441879591661844 498
1622606231443 0.9441879591661844 499
1622606249608 0.9441879591661844 500
