1622700834360 0.09 0
1622700835075 0.088 1
1622700835931 0.089 2
1622700836952 0.088 3
1622700838132 0.088 4
1622700839460 0.089 5
1622700840948 0.088 6
1622700842643 0.088 7
1622700844480 0.087 8
1622700846478 0.089 9
1622700848690 0.087 10
1622700851032 0.088 11
1622700853537 0.087 12
1622700856193 0.085 13
1622700859020 0.086 14
1622700861996 0.088 15
1622700865168 0.088 16
1622700868525 0.087 17
1622700872038 0.088 18
1622700875691 0.088 19
1622700879521 0.088 20
1622700883537 0.087 21
1622700887703 0.087 22
1622700892052 0.087 23
1622700896561 0.087 24
1622700901225 0.089 25
1622700906041 0.087 26
1622700911061 0.089 27
1622700916184 0.086 28
1622700921464 0.088 29
1622700926955 0.088 30
1622700932594 0.087 31
1622700938389 0.087 32
1622700944348 0.088 33
1622700950510 0.088 34
1622700956876 0.089 35
1622700963408 0.087 36
1622700970045 0.088 37
1622700976870 0.089 38
1622700983804 0.087 39
1622700990888 0.085 40
1622700998155 0.086 41
1622701005612 0.087 42
1622701013181 0.089 43
1622701020973 0.088 44
1622701028911 0.088 45
1622701037027 0.088 46
1622701045267 0.089 47
1622701053716 0.088 48
1622701062341 0.087 49
1622701071125 0.09 50
1622701080036 0.089 51
1622701089174 0.085 52
1622701098447 0.088 53
1622701107870 0.088 54
1622701117492 0.088 55
1622701127273 0.087 56
1622701137169 0.087 57
1622701147296 0.087 58
1622701157602 0.088 59
1622701168100 0.088 60
1622701178700 0.087 61
1622701189449 0.087 62
1622701200393 0.086 63
1622701211501 0.088 64
1622701222683 0.089 65
1622701234094 0.088 66
1622701245716 0.088 67
1622701257484 0.089 68
1622701269338 0.087 69
1622701281462 0.09 70
1622701293658 0.089 71
1622701306187 0.086 72
1622701318804 0.088 73
1622701331522 0.087 74
1622701344458 0.087 75
1622701357531 0.087 76
1622701370785 0.088 77
1622701384257 0.087 78
1622701397918 0.087 79
1622701411585 0.088 80
1622701425600 0.088 81
1622701439682 0.087 82
1622701453969 0.087 83
1622701468459 0.087 84
1622701483125 0.088 85
1622701497910 0.087 86
1622701512935 0.086 87
1622701528064 0.091 88
1622701543251 0.087 89
1622701558684 0.087 90
1622701574348 0.085 91
1622701589993 0.087 92
1622701605811 0.09 93
1622701621707 0.087 94
1622701637843 0.089 95
1622701654068 0.085 96
1622701670586 0.087 97
1622701687142 0.09 98
1622701704090 0.086 99
1622701721226 0.086 100
1622701738523 0.088 101
1622701755962 0.085 102
1622701773466 0.085 103
1622701791107 0.086 104
1622701808964 0.087 105
1622701826920 0.084 106
1622701845391 0.089 107
1622701864434 0.089 108
1622701883305 0.09 109
1622701901814 0.089 110
1622701920386 0.09 111
1622701939246 0.087 112
1622701958132 0.083 113
1622701977029 0.083 114
1622701996073 0.082 115
1622702015613 0.081 116
1622702035285 0.084 117
1622702055029 0.086 118
1622702075120 0.084 119
1622702095348 0.088 120
1622702115767 0.086 121
1622702136312 0.085 122
1622702156930 0.086 123
1622702178419 0.086 124
1622702199246 0.088 125
1622702220205 0.085 126
1622702242165 0.086 127
1622702263442 0.087 128
1622702284888 0.085 129
1622702306246 0.089 130
1622702327971 0.089 131
1622702349775 0.086 132
1622702372116 0.086 133
1622702394422 0.086 134
1622702418993 0.09 135
1622702443669 0.092 136
1622702466341 0.093 137
1622702489009 0.091 138
1622702511940 0.089 139
1622702535469 0.084 140
1622702558813 0.086 141
1622702582966 0.086 142
1622702606866 0.084 143
1622702632879 0.087 144
1622702657127 0.085 145
1622702681541 0.085 146
1622702707809 0.089 147
1622702733205 0.09 148
1622702757702 0.087 149
1622702782881 0.089 150
1622702810389 0.087 151
1622702837106 0.091 152
1622702864200 0.091 153
1622702889754 0.091 154
1622702915085 0.088 155
1622702940672 0.088 156
1622702966643 0.088 157
1622702992773 0.089 158
1622703019271 0.087 159
1622703046375 0.089 160
1622703073314 0.089 161
1622703100314 0.086 162
1622703127431 0.089 163
1622703155185 0.086 164
1622703183235 0.088 165
1622703210766 0.088 166
1622703238476 0.086 167
1622703266484 0.085 168
1622703294909 0.086 169
1622703323421 0.088 170
1622703352125 0.089 171
1622703380798 0.087 172
1622703409387 0.088 173
1622703437959 0.086 174
1622703466673 0.087 175
1622703495604 0.085 176
1622703524800 0.085 177
1622703554643 0.084 178
1622703584325 0.085 179
1622703614210 0.084 180
1622703644308 0.088 181
1622703674608 0.089 182
1622703705620 0.09 183
1622703736279 0.087 184
1622703767418 0.087 185
1622703799169 0.1 186
1622703830968 0.091 187
1622703862571 0.092 188
1622703893934 0.088 189
1622703925650 0.092 190
1622703957288 0.086 191
1622703988905 0.086 192
1622704021363 0.086 193
1622704053721 0.087 194
1622704086383 0.086 195
1622704119527 0.09 196
1622704152811 0.085 197
1622704186150 0.088 198
1622704220332 0.086 199
1622704253529 0.087 200
1622704287195 0.085 201
1622704320939 0.088 202
1622704354763 0.088 203
1622704388462 0.089 204
1622704422253 0.084 205
1622704455963 0.085 206
1622704490048 0.085 207
1622704524345 0.086 208
1622704558659 0.086 209
1622704593206 0.087 210
1622704628069 0.088 211
1622704664190 0.088 212
1622704700776 0.089 213
1622704736372 0.086 214
1622704772718 0.087 215
1622704809032 0.089 216
1622704845248 0.087 217
1622704881142 0.088 218
1622704917578 0.087 219
1622704954877 0.087 220
1622704992318 0.089 221
1622705029252 0.087 222
1622705066402 0.087 223
1622705103806 0.088 224
1622705140961 0.083 225
1622705178300 0.083 226
1622705216117 0.085 227
1622705254133 0.085 228
1622705292231 0.087 229
1622705330523 0.089 230
1622705370641 0.088 231
1622705409019 0.088 232
1622705449550 0.095 233
1622705489794 0.087 234
1622705528351 0.087 235
1622705567709 0.089 236
1622705607054 0.086 237
1622705646677 0.085 238
1622705685586 0.088 239
1622705724652 0.087 240
1622705762842 0.087 241
1622705801617 0.087 242
1622705842577 0.091 243
1622705883223 0.089 244
1622705923478 0.088 245
1622705963522 0.091 246
1622706004370 0.092 247
1622706045703 0.09 248
1622706088668 0.09 249
1622706133073 0.096 250
1622706175279 0.095 251
1622706218446 0.092 252
1622706261891 0.091 253
1622706305254 0.092 254
1622706345707 0.09 255
1622706386300 0.092 256
1622706427741 0.093 257
1622706469953 0.09 258
1622706512163 0.088 259
1622706553205 0.096 260
1622706597657 0.088 261
1622706639627 0.088 262
1622706681442 0.089 263
1622706724054 0.087 264
1622706768393 0.089 265
1622706810882 0.088 266
1622706853136 0.087 267
1622706895649 0.087 268
1622706938209 0.086 269
1622706981277 0.086 270
1622707024642 0.084 271
1622707067724 0.088 272
1622707111134 0.085 273
1622707154614 0.087 274
1622707198193 0.087 275
1622707241934 0.087 276
1622707285625 0.087 277
1622707329402 0.088 278
1622707374254 0.087 279
1622707419483 0.088 280
1622707464514 0.09 281
1622707510037 0.089 282
1622707555023 0.089 283
1622707601788 0.091 284
1622707647954 0.09 285
1622707694754 0.089 286
1622707740383 0.098 287
1622707786276 0.087 288
1622707832590 0.085 289
1622707879373 0.086 290
1622707925739 0.085 291
1622707973052 0.089 292
1622708020464 0.089 293
1622708067472 0.087 294
1622708114665 0.088 295
1622708161854 0.087 296
1622708209473 0.088 297
1622708257061 0.088 298
1622708304787 0.091 299
1622708353640 0.088 300
1622708401716 0.084 301
1622708449901 0.085 302
1622708498095 0.087 303
1622708546524 0.085 304
1622708595549 0.088 305
1622708644665 0.085 306
1622708693892 0.086 307
1622708743658 0.083 308
1622708793500 0.087 309
1622708843330 0.085 310
1622708893115 0.086 311
1622708943124 0.085 312
1622708993506 0.086 313
1622709043992 0.088 314
1622709094361 0.086 315
1622709144607 0.088 316
1622709195184 0.086 317
1622709248083 0.084 318
1622709298915 0.086 319
1622709350397 0.087 320
1622709402233 0.089 321
1622709453525 0.087 322
1622709505063 0.09 323
1622709556548 0.089 324
1622709608468 0.088 325
1622709660401 0.085 326
1622709713290 0.085 327
1622709766919 0.084 328
1622709819510 0.084 329
1622709872648 0.086 330
1622709925738 0.087 331
1622709980576 0.088 332
1622710034788 0.086 333
1622710088412 0.093 334
1622710143099 0.089 335
1622710197743 0.088 336
1622710256099 0.09 337
1622710314950 0.087 338
1622710369990 0.087 339
1622710425400 0.086 340
1622710480250 0.087 341
1622710536980 0.087 342
1622710594657 0.087 343
1622710649294 0.086 344
1622710704058 0.085 345
1622710759900 0.085 346
1622710816121 0.087 347
1622710873183 0.087 348
1622710930335 0.089 349
1622710990443 0.088 350
1622711047818 0.087 351
1622711106059 0.087 352
1622711164005 0.089 353
1622711223255 0.088 354
1622711282175 0.089 355
1622711341441 0.088 356
1622711400749 0.09 357
1622711459494 0.089 358
1622711517097 0.089 359
1622711575479 0.087 360
1622711634654 0.089 361
1622711693172 0.088 362
1622711753492 0.088 363
1622711814605 0.088 364
1622711875726 0.089 365
1622711937438 0.087 366
1622711998570 0.09 367
1622712058187 0.088 368
1622712119177 0.088 369
1622712179870 0.09 370
1622712241006 0.087 371
1622712302360 0.088 372
1622712363271 0.087 373
1622712424262 0.089 374
1622712485388 0.084 375
1622712545948 0.086 376
1622712606531 0.086 377
1622712667442 0.085 378
1622712728475 0.086 379
1622712789525 0.087 380
1622712850698 0.094 381
1622712911893 0.088 382
1622712973994 0.086 383
1622713035961 0.088 384
1622713098375 0.086 385
1622713160802 0.087 386
1622713223409 0.086 387
