1622628475995 0.9459142484278487 0
1622628478176 0.9450944780662877 1
1622628480317 0.9444148676304678 2
1622628482575 0.9444148676304678 3
1622628485020 0.9444148676304678 4
1622628487605 0.9444148676304678 5
1622628490348 0.9444148676304678 6
1622628493185 0.9444148676304678 7
1622628496232 0.9444148676304678 8
1622628499394 0.9444148676304678 9
1622628502730 0.9444148676304678 10
1622628506265 0.9444148676304678 11
1622628509861 0.9444148676304678 12
1622628513703 0.9444148676304678 13
1622628517694 0.9444148676304678 14
1622628521784 0.9444148676304678 15
1622628526100 0.9444148676304678 16
1622628530496 0.9444148676304678 17
1622628535108 0.9444148676304678 18
1622628539830 0.9444148676304678 19
1622628544751 0.9444148676304678 20
1622628549842 0.9444148676304678 21
1622628555034 0.9444148676304678 22
1622628560375 0.9444148676304678 23
1622628565849 0.9444148676304678 24
1622628571503 0.9444148676304678 25
1622628577397 0.9444148676304678 26
1622628583465 0.9444148676304678 27
1622628589535 0.9444148676304678 28
1622628595751 0.9444148676304678 29
1622628602240 0.9444148676304678 30
1622628608780 0.9444148676304678 31
1622628615443 0.9444148676304678 32
1622628622318 0.9444148676304678 33
1622628629426 0.9444148676304678 34
1622628636650 0.9444148676304678 35
1622628644040 0.9444148676304678 36
1622628651476 0.9444148676304678 37
1622628659193 0.9444148676304678 38
1622628667075 0.9444148676304678 39
1622628675056 0.9444148676304678 40
1622628683294 0.9444148676304678 41
1622628691647 0.9444148676304678 42
1622628700133 0.9444148676304678 43
1622628708777 0.9444148676304678 44
1622628717550 0.9444148676304678 45
1622628726412 0.9444148676304678 46
1622628735431 0.9444148676304678 47
1622628744708 0.9444148676304678 48
1622628753993 0.9444148676304678 49
1622628763522 0.9444148676304678 50
1622628773260 0.9444148676304678 51
1622628783137 0.9444148676304678 52
1622628793046 0.9444148676304678 53
1622628803198 0.9444148676304678 54
1622628813506 0.9444148676304678 55
1622628823934 0.9444148676304678 56
1622628834596 0.9444148676304678 57
1622628845430 0.9444148676304678 58
1622628856289 0.9444148676304678 59
1622628867291 0.9444148676304678 60
1622628878649 0.9444148676304678 61
1622628890012 0.9444148676304678 62
1622628901476 0.9444148676304678 63
1622628913216 0.9444148676304678 64
1622628924946 0.9444148676304678 65
1622628936888 0.9444148676304678 66
1622628949192 0.9444148676304678 67
1622628961546 0.9444148676304678 68
1622628974116 0.9444148676304678 69
1622628986659 0.9444148676304678 70
1622628999400 0.9444148676304678 71
1622629012271 0.9444148676304678 72
1622629025335 0.9444148676304678 73
1622629038466 0.9444148676304678 74
1622629051905 0.9444148676304678 75
1622629065585 0.9444148676304678 76
1622629079416 0.9444148676304678 77
1622629093268 0.9444148676304678 78
1622629107304 0.9444148676304678 79
1622629121535 0.9444148676304678 80
1622629135771 0.9444148676304678 81
1622629150206 0.9444148676304678 82
1622629164763 0.9444148676304678 83
1622629179613 0.9444148676304678 84
1622629194485 0.9444148676304678 85
1622629209548 0.9444148676304678 86
1622629224817 0.9444148676304678 87
1622629240207 0.9444148676304678 88
1622629255700 0.9444148676304678 89
1622629271309 0.9444148676304678 90
1622629287331 0.9444148676304678 91
1622629303342 0.9444148676304678 92
1622629319614 0.9444148676304678 93
1622629336007 0.9444148676304678 94
1622629352547 0.9444148676304678 95
1622629369175 0.9444148676304678 96
1622629386095 0.9444148676304678 97
1622629403000 0.9444148676304678 98
1622629420069 0.9444148676304678 99
1622629437374 0.9444148676304678 100
1622629454747 0.9444148676304678 101
1622629472116 0.9444148676304678 102
1622629489715 0.9444148676304678 103
1622629507555 0.9444148676304678 104
1622629525373 0.9444148676304678 105
1622629543474 0.9444148676304678 106
1622629561707 0.9444148676304678 107
1622629580254 0.9444148676304678 108
1622629599057 0.9444148676304678 109
1622629617803 0.9444148676304678 110
1622629636627 0.9444148676304678 111
1622629655662 0.9444148676304678 112
1622629674925 0.9444148676304678 113
1622629694342 0.9444148676304678 114
1622629713814 0.9444148676304678 115
1622629733381 0.9444148676304678 116
1622629753422 0.9444148676304678 117
1622629773513 0.9444148676304678 118
1622629793660 0.9444148676304678 119
1622629814026 0.9444148676304678 120
1622629834539 0.9444148676304678 121
1622629855074 0.9444148676304678 122
1622629875770 0.9444148676304678 123
1622629896632 0.9444148676304678 124
1622629917814 0.9444148676304678 125
1622629939100 0.9444148676304678 126
1622629960709 0.9444148676304678 127
1622629982221 0.9444148676304678 128
1622630003828 0.9444148676304678 129
1622630025712 0.9444148676304678 130
1622630047586 0.9444148676304678 131
1622630069644 0.9444148676304678 132
1622630091892 0.9444148676304678 133
1622630114364 0.9444148676304678 134
1622630137146 0.9444148676304678 135
1622630160117 0.9444148676304678 136
1622630183085 0.9444148676304678 137
1622630206136 0.9444148676304678 138
1622630229448 0.9444148676304678 139
1622630252884 0.9444148676304678 140
1622630276297 0.9444148676304678 141
1622630300030 0.9444148676304678 142
1622630323882 0.9444148676304678 143
1622630348106 0.9444148676304678 144
1622630372318 0.9444148676304678 145
1622630396747 0.9444148676304678 146
1622630421352 0.9444148676304678 147
1622630445974 0.9444148676304678 148
1622630470990 0.9444148676304678 149
1622630495976 0.9444148676304678 150
1622630521403 0.9444148676304678 151
1622630546869 0.9444148676304678 152
1622630572111 0.9444148676304678 153
1622630597821 0.9444148676304678 154
1622630623746 0.9444148676304678 155
1622630649901 0.9444148676304678 156
1622630676033 0.9444148676304678 157
1622630702354 0.9444148676304678 158
1622630728850 0.9444148676304678 159
1622630755483 0.9444148676304678 160
1622630782007 0.9444148676304678 161
1622630809088 0.9444148676304678 162
1622630836150 0.9444148676304678 163
1622630863525 0.9444148676304678 164
1622630890997 0.9444148676304678 165
1622630918554 0.9444148676304678 166
1622630946335 0.9444148676304678 167
1622630973943 0.9444148676304678 168
1622631002012 0.9444148676304678 169
1622631030042 0.9444148676304678 170
1622631058079 0.9444148676304678 171
1622631086379 0.9444148676304678 172
1622631114913 0.9444148676304678 173
1622631143814 0.9444148676304678 174
1622631172762 0.9444148676304678 175
1622631201761 0.9444148676304678 176
1622631231019 0.9444148676304678 177
1622631260196 0.9444148676304678 178
1622631289572 0.9444148676304678 179
1622631319203 0.9444148676304678 180
1622631348938 0.9444148676304678 181
1622631378610 0.9444148676304678 182
1622631408780 0.9444148676304678 183
1622631438966 0.9444148676304678 184
1622631469380 0.9444148676304678 185
1622631499839 0.9444148676304678 186
1622631530489 0.9444148676304678 187
1622631561358 0.9444148676304678 188
1622631592314 0.9444148676304678 189
1622631623489 0.9444148676304678 190
1622631655032 0.9444148676304678 191
1622631686633 0.9444148676304678 192
1622631718428 0.9444148676304678 193
1622631750447 0.9444148676304678 194
1622631782422 0.9444148676304678 195
1622631814756 0.9444148676304678 196
1622631847438 0.9444148676304678 197
1622631879939 0.9444148676304678 198
1622631912593 0.9444148676304678 199
1622631945209 0.9444148676304678 200
1622631977897 0.9444148676304678 201
1622632010649 0.9444148676304678 202
1622632043877 0.9444148676304678 203
1622632077097 0.9444148676304678 204
1622632110350 0.9444148676304678 205
1622632143836 0.9444148676304678 206
1622632177496 0.9444148676304678 207
1622632211337 0.9444148676304678 208
1622632245367 0.9444148676304678 209
1622632279701 0.9444148676304678 210
1622632314077 0.9444148676304678 211
1622632348503 0.9444148676304678 212
1622632383074 0.9444148676304678 213
1622632418084 0.9444148676304678 214
1622632453328 0.9444148676304678 215
1622632488508 0.9444148676304678 216
1622632523957 0.9444148676304678 217
1622632559300 0.9444148676304678 218
1622632594926 0.9444148676304678 219
1622632630906 0.9444148676304678 220
1622632666881 0.9444148676304678 221
1622632702799 0.9444148676304678 222
1622632739193 0.9444148676304678 223
1622632776039 0.9444148676304678 224
1622632812948 0.9444148676304678 225
1622632849778 0.9444148676304678 226
1622632886771 0.9444148676304678 227
1622632923855 0.9444148676304678 228
1622632961240 0.9444148676304678 229
1622632998551 0.9444148676304678 230
1622633035868 0.9444148676304678 231
1622633073271 0.9444148676304678 232
1622633111037 0.9444148676304678 233
1622633148962 0.9444148676304678 234
1622633187248 0.9444148676304678 235
1622633225715 0.9444148676304678 236
1622633264545 0.9444148676304678 237
1622633303492 0.9444148676304678 238
1622633342298 0.9444148676304678 239
1622633381045 0.9444148676304678 240
1622633420191 0.9444148676304678 241
1622633459598 0.9444148676304678 242
1622633498920 0.9444148676304678 243
1622633538552 0.9444148676304678 244
1622633578359 0.9444148676304678 245
1622633618398 0.9444148676304678 246
1622633658573 0.9444148676304678 247
1622633699185 0.9444148676304678 248
1622633739689 0.9444148676304678 249
1622633780111 0.9444148676304678 250
1622633820867 0.9444148676304678 251
1622633861750 0.9444148676304678 252
1622633903100 0.9444148676304678 253
1622633944457 0.9444148676304678 254
1622633985993 0.9444148676304678 255
1622634027614 0.9444148676304678 256
1622634069457 0.9444148676304678 257
1622634111370 0.9444148676304678 258
1622634153214 0.9444148676304678 259
1622634195426 0.9444148676304678 260
1622634237685 0.9444148676304678 261
1622634280298 0.9444148676304678 262
1622634322845 0.9444148676304678 263
1622634365572 0.9444148676304678 264
1622634408180 0.9444148676304678 265
1622634451110 0.9444148676304678 266
1622634494475 0.9444148676304678 267
1622634537638 0.9444148676304678 268
1622634581277 0.9444148676304678 269
1622634624891 0.9444148676304678 270
1622634669125 0.9444148676304678 271
1622634713087 0.9444148676304678 272
1622634757226 0.9444148676304678 273
1622634801497 0.9444148676304678 274
1622634845726 0.9444148676304678 275
1622634890181 0.9444148676304678 276
1622634934742 0.9444148676304678 277
1622634979790 0.9444148676304678 278
1622635024754 0.9444148676304678 279
1622635070008 0.9444148676304678 280
1622635115453 0.9444148676304678 281
1622635161148 0.9444148676304678 282
1622635206745 0.9444148676304678 283
1622635252463 0.9444148676304678 284
1622635298830 0.9444148676304678 285
1622635344941 0.9444148676304678 286
1622635391462 0.9444148676304678 287
1622635437758 0.9444148676304678 288
1622635484787 0.9444148676304678 289
1622635531751 0.9444148676304678 290
1622635578303 0.9444148676304678 291
1622635625461 0.9444148676304678 292
1622635672510 0.9444148676304678 293
1622635719833 0.9444148676304678 294
1622635766928 0.9444148676304678 295
1622635814520 0.9444148676304678 296
1622635862368 0.9444148676304678 297
1622635910286 0.9444148676304678 298
1622635958392 0.9444148676304678 299
1622636006941 0.9444148676304678 300
1622636055545 0.9444148676304678 301
1622636104021 0.9444148676304678 302
1622636153003 0.9444148676304678 303
1622636201770 0.9444148676304678 304
1622636250895 0.9444148676304678 305
1622636300242 0.9444148676304678 306
1622636349769 0.9444148676304678 307
1622636399389 0.9444148676304678 308
1622636449074 0.9444148676304678 309
1622636499042 0.9444148676304678 310
1622636548868 0.9444148676304678 311
1622636599432 0.9444148676304678 312
1622636649852 0.9444148676304678 313
1622636700338 0.9444148676304678 314
1622636751010 0.9444148676304678 315
1622636802191 0.9444148676304678 316
1622636852759 0.9444148676304678 317
1622636903805 0.9444148676304678 318
1622636955100 0.9444148676304678 319
1622637006411 0.9444148676304678 320
1622637057898 0.9444148676304678 321
1622637109571 0.9444148676304678 322
1622637161672 0.9444148676304678 323
1622637213622 0.9444148676304678 324
1622637265343 0.9444148676304678 325
1622637317760 0.9444148676304678 326
1622637370325 0.9444148676304678 327
1622637422720 0.9444148676304678 328
1622637475677 0.9444148676304678 329
1622637528611 0.9444148676304678 330
1622637581521 0.9444148676304678 331
1622637635075 0.9444148676304678 332
1622637688883 0.9444148676304678 333
1622637742600 0.9444148676304678 334
1622637796319 0.9444148676304678 335
1622637850203 0.9444148676304678 336
1622637904239 0.9444148676304678 337
1622637958554 0.9444148676304678 338
1622638013159 0.9444148676304678 339
1622638067848 0.9444148676304678 340
1622638122659 0.9444148676304678 341
1622638177659 0.9444148676304678 342
1622638232581 0.9444148676304678 343
1622638287783 0.9444148676304678 344
1622638342803 0.9444148676304678 345
1622638398219 0.9444148676304678 346
1622638453601 0.9444148676304678 347
1622638509571 0.9444148676304678 348
1622638565659 0.9444148676304678 349
1622638621566 0.9444148676304678 350
1622638677603 0.9444148676304678 351
1622638733468 0.9444148676304678 352
1622638790162 0.9444148676304678 353
1622638846640 0.9444148676304678 354
1622638903613 0.9444148676304678 355
1622638960325 0.9444148676304678 356
1622639017168 0.9444148676304678 357
1622639074117 0.9444148676304678 358
1622639131862 0.9444148676304678 359
1622639189115 0.9444148676304678 360
1622639246636 0.9444148676304678 361
1622639304752 0.9444148676304678 362
1622639362759 0.9444148676304678 363
1622639420727 0.9444148676304678 364
1622639478887 0.9444148676304678 365
1622639537076 0.9444148676304678 366
1622639595518 0.9444148676304678 367
1622639654398 0.9444148676304678 368
1622639713152 0.9444148676304678 369
1622639772375 0.9444148676304678 370
1622639831449 0.9444148676304678 371
1622639891113 0.9444148676304678 372
1622639950456 0.9444148676304678 373
1622640010376 0.9444148676304678 374
1622640070469 0.9444148676304678 375
1622640130293 0.9444148676304678 376
1622640190832 0.9444148676304678 377
1622640251080 0.9444148676304678 378
1622640311396 0.9444148676304678 379
1622640371898 0.9444148676304678 380
1622640432553 0.9444148676304678 381
1622640493280 0.9444148676304678 382
1622640554407 0.9444148676304678 383
1622640615371 0.9444148676304678 384
1622640676796 0.9444148676304678 385
1622640738476 0.9444148676304678 386
1622640800085 0.9444148676304678 387
1622640861915 0.9444148676304678 388
1622640923826 0.9444148676304678 389
1622640986264 0.9444148676304678 390
1622641048618 0.9444148676304678 391
1622641111118 0.9444148676304678 392
1622641173914 0.9444148676304678 393
1622641236888 0.9444148676304678 394
1622641299870 0.9444148676304678 395
1622641362883 0.9444148676304678 396
1622641426261 0.9444148676304678 397
1622641489846 0.9444148676304678 398
1622641553597 0.9444148676304678 399
1622641617610 0.9444148676304678 400
1622641681223 0.9444148676304678 401
1622641744939 0.9444148676304678 402
1622641809209 0.9444148676304678 403
1622641873854 0.9444148676304678 404
1622641938519 0.9444148676304678 405
1622642002825 0.9444148676304678 406
1622642067585 0.9444148676304678 407
1622642132809 0.9444148676304678 408
1622642197870 0.9444148676304678 409
1622642264055 0.9444148676304678 410
1622642333856 0.9444148676304678 411
1622642401116 0.9444148676304678 412
1622642467663 0.9444148676304678 413
1622642533072 0.9444148676304678 414
1622642598979 0.9444148676304678 415
1622642664719 0.9444148676304678 416
1622642730634 0.9444148676304678 417
1622642797297 0.9444148676304678 418
1622642863414 0.9444148676304678 419
1622642929770 0.9444148676304678 420
1622642996326 0.9444148676304678 421
1622643063003 0.9444148676304678 422
1622643129859 0.9444148676304678 423
1622643197146 0.9444148676304678 424
1622643264435 0.9444148676304678 425
1622643332128 0.9444148676304678 426
1622643399696 0.9444148676304678 427
1622643467068 0.9444148676304678 428
1622643535776 0.9444148676304678 429
1622643608720 0.9444148676304678 430
1622643677561 0.9444148676304678 431
1622643748681 0.9444148676304678 432
1622643818117 0.9444148676304678 433
1622643886634 0.9444148676304678 434
1622643955353 0.9444148676304678 435
1622644149414 0.9444148676304678 436
1622644218993 0.9444148676304678 437
1622644287619 0.9444148676304678 438
1622644356942 0.9444148676304678 439
1622644426878 0.9444148676304678 440
1622644496563 0.9444148676304678 441
1622644566129 0.9444148676304678 442
1622644635850 0.9444148676304678 443
1622644705961 0.9444148676304678 444
1622644776218 0.9444148676304678 445
1622644846293 0.9444148676304678 446
1622644916555 0.9444148676304678 447
1622644987401 0.9444148676304678 448
1622645058404 0.9444148676304678 449
1622645129692 0.9444148676304678 450
1622645200700 0.9444148676304678 451
1622645272027 0.9444148676304678 452
1622645343602 0.9444148676304678 453
1622645415281 0.9444148676304678 454
1622645486834 0.9444148676304678 455
1622645559004 0.9444148676304678 456
1622645631052 0.9444148676304678 457
1622645703680 0.9444148676304678 458
1622645776301 0.9444148676304678 459
1622645848632 0.9444148676304678 460
1622645921328 0.9444148676304678 461
1622645994619 0.9444148676304678 462
1622646067541 0.9444148676304678 463
1622646140776 0.9444148676304678 464
1622646214464 0.9444148676304678 465
1622646288275 0.9444148676304678 466
1622646361858 0.9444148676304678 467
1622646435248 0.9444148676304678 468
1622646508920 0.9444148676304678 469
1622646583208 0.9444148676304678 470
1622646657938 0.9444148676304678 471
1622646732649 0.9444148676304678 472
1622646807443 0.9444148676304678 473
1622646882765 0.9444148676304678 474
1622646957852 0.9444148676304678 475
1622647032833 0.9444148676304678 476
1622647107890 0.9444148676304678 477
1622647183575 0.9444148676304678 478
1622647258657 0.9444148676304678 479
1622647334154 0.9444148676304678 480
1622647409830 0.9444148676304678 481
1622647485855 0.9444148676304678 482
1622647561407 0.9444148676304678 483
1622647637851 0.9444148676304678 484
1622647714403 0.9444148676304678 485
1622647790937 0.9444148676304678 486
1622647869658 0.9444148676304678 487
1622647948440 0.9444148676304678 488
1622648027550 0.9444148676304678 489
1622648106606 0.9444148676304678 490
1622648185582 0.9444148676304678 491
1622648263424 0.9444148676304678 492
1622648341382 0.9444148676304678 493
1622648418892 0.9444148676304678 494
1622648497033 0.9444148676304678 495
1622648575586 0.9444148676304678 496
1622648654499 0.9444148676304678 497
1622648732955 0.9444148676304678 498
1622648812153 0.9444148676304678 499
1622648891234 0.9444148676304678 500
