1622757787036 0.376 0
1622757787603 0.075 1
1622757788194 0.075 2
1622757788772 0.074 3
1622757789399 0.075 4
1622757790058 0.076 5
1622757790746 0.076 6
1622757791474 0.075 7
1622757792245 0.075 8
1622757793049 0.076 9
1622757793887 0.075 10
1622757794757 0.075 11
1622757795668 0.074 12
1622757796605 0.076 13
1622757797574 0.075 14
1622757798583 0.075 15
1622757800460 0.145 16
1622757801672 0.116 17
1622757802771 0.076 18
1622757803918 0.075 19
1622757805083 0.074 20
1622757806285 0.074 21
1622757807518 0.075 22
1622757808818 0.075 23
1622757810123 0.076 24
1622757811465 0.075 25
1622757812931 0.08 26
1622757814434 0.078 27
1622757815975 0.08 28
1622757817469 0.075 29
1622757819006 0.075 30
1622757820589 0.075 31
1622757822178 0.075 32
1622757823822 0.074 33
1622757825521 0.075 34
1622757827257 0.075 35
1622757829018 0.074 36
1622757830813 0.075 37
1622757832648 0.075 38
1622757834493 0.075 39
1622757836580 0.08 40
1622757838705 0.08 41
1622757840694 0.076 42
1622757842723 0.075 43
1622757844775 0.075 44
1622757846874 0.076 45
1622757848993 0.075 46
1622757851134 0.076 47
1622757853329 0.076 48
1622757855542 0.077 49
1622757857785 0.075 50
1622757860093 0.074 51
1622757862426 0.075 52
1622757864781 0.074 53
1622757867193 0.075 54
1622757869660 0.076 55
1622757872136 0.074 56
1622757874662 0.075 57
1622757877188 0.076 58
1622757879764 0.075 59
1622757882388 0.074 60
1622757885033 0.076 61
1622757887709 0.075 62
1622757890408 0.075 63
1622757893157 0.075 64
1622757895931 0.074 65
1622757898758 0.075 66
1622757901590 0.075 67
1622757904483 0.074 68
1622757907386 0.074 69
1622757910360 0.075 70
1622757913389 0.074 71
1622757916399 0.074 72
1622757919494 0.074 73
1622757922613 0.075 74
1622757925773 0.074 75
1622757928976 0.075 76
1622757932181 0.075 77
1622757935414 0.074 78
1622757938704 0.083 79
1622757942039 0.075 80
1622757945403 0.074 81
1622757948787 0.074 82
1622757952369 0.075 83
1622757955983 0.079 84
1622757959518 0.074 85
1622757963057 0.075 86
1622757966672 0.075 87
1622757970262 0.075 88
1622757973910 0.075 89
1622757977662 0.074 90
1622757981423 0.076 91
1622757985356 0.074 92
1622757989365 0.078 93
1622757993289 0.079 94
1622757997159 0.075 95
1622758001072 0.074 96
1622758005052 0.075 97
1622758009107 0.074 98
1622758013145 0.075 99
1622758017244 0.075 100
1622758021350 0.075 101
1622758025472 0.076 102
1622758029976 0.074 103
1622758034612 0.082 104
1622758038905 0.077 105
1622758043169 0.075 106
1622758047475 0.075 107
1622758051815 0.075 108
1622758056186 0.075 109
1622758060602 0.075 110
1622758065047 0.076 111
1622758069615 0.075 112
1622758074094 0.076 113
1622758078728 0.075 114
1622758083361 0.074 115
1622758087982 0.075 116
1622758092637 0.076 117
1622758097377 0.075 118
1622758102136 0.075 119
1622758106913 0.076 120
1622758111705 0.075 121
1622758116526 0.076 122
1622758121368 0.074 123
1622758126314 0.075 124
1622758131245 0.074 125
1622758136204 0.075 126
1622758141344 0.074 127
1622758146487 0.075 128
1622758151609 0.075 129
1622758156753 0.076 130
1622758161960 0.075 131
1622758167187 0.076 132
1622758172441 0.075 133
1622758177728 0.075 134
1622758183106 0.075 135
1622758189349 0.148 136
1622758194756 0.076 137
1622758200174 0.075 138
1622758205629 0.075 139
1622758211144 0.075 140
1622758216677 0.075 141
1622758222285 0.074 142
1622758227924 0.075 143
1622758233595 0.074 144
1622758239294 0.075 145
1622758245047 0.074 146
1622758250812 0.075 147
1622758256637 0.075 148
1622758262446 0.076 149
1622758268380 0.075 150
1622758274336 0.075 151
1622758280316 0.075 152
1622758286349 0.075 153
1622758292469 0.076 154
1622758298583 0.075 155
1622758304689 0.076 156
1622758310825 0.077 157
1622758317034 0.075 158
1622758323208 0.076 159
1622758329433 0.075 160
1622758335686 0.074 161
1622758341988 0.076 162
1622758348316 0.075 163
1622758354713 0.075 164
1622758361169 0.075 165
1622758367610 0.075 166
1622758374156 0.076 167
1622758380698 0.077 168
1622758387257 0.075 169
1622758393861 0.074 170
1622758400495 0.075 171
1622758407177 0.074 172
1622758413849 0.074 173
1622758420583 0.075 174
1622758427302 0.076 175
1622758434097 0.075 176
1622758440948 0.075 177
1622758447802 0.075 178
1622758454756 0.075 179
1622758461731 0.076 180
1622758468725 0.075 181
1622758475792 0.076 182
1622758482904 0.075 183
1622758490071 0.076 184
1622758497215 0.077 185
1622758504356 0.075 186
1622758511552 0.074 187
1622758518796 0.075 188
1622758526056 0.076 189
1622758533392 0.075 190
1622758540700 0.076 191
1622758548150 0.075 192
1622758555504 0.076 193
1622758563005 0.075 194
1622758570549 0.075 195
1622758578068 0.076 196
1622758585709 0.075 197
1622758593343 0.075 198
1622758601007 0.076 199
1622758608710 0.075 200
1622758616479 0.075 201
1622758624332 0.075 202
1622758632255 0.075 203
1622758640160 0.075 204
1622758648041 0.075 205
1622758656006 0.074 206
1622758663932 0.076 207
1622758671924 0.076 208
1622758679998 0.075 209
1622758688089 0.074 210
1622758696230 0.075 211
1622758704479 0.077 212
1622758712645 0.075 213
1622758720891 0.077 214
1622758729082 0.075 215
1622758737336 0.075 216
1622758745699 0.075 217
1622758754152 0.075 218
1622758762548 0.075 219
1622758770981 0.076 220
1622758779424 0.075 221
1622758787946 0.076 222
1622758796467 0.075 223
1622758805016 0.077 224
1622758813594 0.075 225
1622758822299 0.075 226
1622758830903 0.074 227
1622758839676 0.076 228
1622758848386 0.075 229
1622758857182 0.076 230
1622758866105 0.074 231
1622758874995 0.076 232
1622758883859 0.076 233
1622758892811 0.076 234
1622758901803 0.076 235
1622758910829 0.074 236
1622758919894 0.076 237
1622758928996 0.075 238
1622758938161 0.075 239
1622758947345 0.076 240
1622758956541 0.076 241
1622758965837 0.075 242
1622758975180 0.076 243
1622758984554 0.075 244
1622758993938 0.076 245
1622759003322 0.076 246
1622759012767 0.075 247
1622759022200 0.074 248
1622759031679 0.076 249
1622759041196 0.076 250
1622759050736 0.076 251
1622759060332 0.075 252
1622759069905 0.076 253
1622759079673 0.075 254
1622759089425 0.075 255
1622759099566 0.075 256
1622759109413 0.082 257
1622759119259 0.076 258
1622759129194 0.075 259
1622759139117 0.075 260
1622759148981 0.076 261
1622759158970 0.075 262
1622759168939 0.075 263
1622759178974 0.075 264
1622759189109 0.076 265
1622759199228 0.075 266
1622759209301 0.075 267
1622759219535 0.076 268
1622759229766 0.075 269
1622759240036 0.075 270
1622759250310 0.076 271
1622759260615 0.075 272
1622759271000 0.076 273
1622759281500 0.076 274
1622759292012 0.075 275
1622759302530 0.074 276
1622759313104 0.076 277
1622759323670 0.076 278
1622759334229 0.075 279
1622759344883 0.075 280
1622759355541 0.075 281
1622759366148 0.075 282
1622759376861 0.075 283
1622759387609 0.075 284
1622759398395 0.075 285
1622759409205 0.076 286
1622759420036 0.075 287
1622759430896 0.076 288
1622759441910 0.076 289
1622759452866 0.075 290
1622759463877 0.075 291
1622759474981 0.075 292
1622759486031 0.075 293
1622759497262 0.075 294
1622759508390 0.077 295
1622759519856 0.076 296
1622759531729 0.08 297
1622759543039 0.075 298
1622759554361 0.074 299
1622759565672 0.076 300
1622759577080 0.076 301
1622759588526 0.076 302
1622759599994 0.075 303
1622759611477 0.077 304
1622759623012 0.075 305
1622759634702 0.076 306
1622759646329 0.075 307
1622759657884 0.076 308
1622759669538 0.075 309
1622759681261 0.075 310
1622759693093 0.077 311
1622759704924 0.076 312
1622759716790 0.075 313
1622759728704 0.075 314
1622759740646 0.075 315
1622759752551 0.075 316
1622759764524 0.075 317
1622759776511 0.075 318
1622759788513 0.076 319
1622759800623 0.077 320
1622759812858 0.077 321
1622759825238 0.076 322
1622759838066 0.076 323
1622759850303 0.075 324
1622759862680 0.076 325
1622759875023 0.077 326
1622759887357 0.075 327
1622759899677 0.075 328
1622759912175 0.076 329
1622759924670 0.077 330
1622759937070 0.076 331
1622759949578 0.075 332
1622759962189 0.074 333
1622759974851 0.075 334
1622759987994 0.076 335
1622760000780 0.074 336
1622760013459 0.076 337
1622760026283 0.075 338
1622760038982 0.077 339
1622760051834 0.075 340
1622760064643 0.075 341
1622760077505 0.075 342
1622760090358 0.074 343
1622760103288 0.076 344
1622760116220 0.076 345
1622760129260 0.076 346
1622760142230 0.075 347
1622760155251 0.075 348
1622760168293 0.075 349
1622760181392 0.075 350
1622760194677 0.076 351
1622760207943 0.076 352
1622760221203 0.076 353
1622760234545 0.077 354
1622760247849 0.077 355
1622760261207 0.076 356
1622760274597 0.075 357
1622760288080 0.076 358
1622760301520 0.075 359
1622760315002 0.076 360
1622760328556 0.076 361
1622760342158 0.076 362
1622760355823 0.076 363
1622760369451 0.076 364
1622760383116 0.075 365
1622760396836 0.076 366
1622760410924 0.075 367
1622760424745 0.076 368
1622760438595 0.074 369
1622760452515 0.075 370
1622760466464 0.076 371
1622760480416 0.075 372
1622760494507 0.076 373
1622760508586 0.075 374
1622760522672 0.076 375
1622760536719 0.075 376
1622760550870 0.075 377
1622760565005 0.075 378
1622760579189 0.075 379
1622760593488 0.076 380
1622760607857 0.075 381
1622760622248 0.076 382
1622760636552 0.074 383
1622760650906 0.076 384
1622760665270 0.076 385
1622760679751 0.075 386
1622760694274 0.075 387
1622760708792 0.075 388
1622760723457 0.076 389
1622760738171 0.075 390
1622760752790 0.076 391
1622760767438 0.076 392
1622760782117 0.076 393
1622760796826 0.075 394
1622760811511 0.074 395
1622760826303 0.075 396
1622760841077 0.075 397
1622760855898 0.076 398
1622760870834 0.076 399
1622760885734 0.076 400
1622760900737 0.074 401
1622760915631 0.076 402
1622760930702 0.075 403
1622760945764 0.076 404
1622760960990 0.075 405
1622760976081 0.075 406
1622760991296 0.075 407
1622761006561 0.076 408
1622761021784 0.077 409
1622761036998 0.075 410
1622761052363 0.076 411
1622761067792 0.075 412
1622761083155 0.075 413
1622761098613 0.075 414
1622761114072 0.075 415
1622761129626 0.075 416
1622761145141 0.076 417
1622761160661 0.076 418
1622761176295 0.074 419
1622761191924 0.076 420
1622761207446 0.075 421
1622761223107 0.075 422
1622761238793 0.075 423
1622761254619 0.075 424
1622761270499 0.075 425
1622761286357 0.075 426
1622761303366 0.076 427
1622761319151 0.076 428
1622761334997 0.075 429
1622761350895 0.075 430
1622761366891 0.075 431
1622761382860 0.075 432
1622761398807 0.074 433
1622761414764 0.074 434
1622761430673 0.074 435
1622761446785 0.074 436
1622761462967 0.076 437
1622761479204 0.075 438
1622761495381 0.075 439
1622761511620 0.075 440
1622761527843 0.075 441
1622761544157 0.074 442
1622761560569 0.076 443
1622761577016 0.076 444
1622761593457 0.075 445
1622761610042 0.074 446
1622761626622 0.076 447
1622761643133 0.075 448
1622761659777 0.077 449
1622761676439 0.075 450
1622761693124 0.075 451
1622761709726 0.074 452
1622761726449 0.075 453
1622761743175 0.075 454
1622761759923 0.075 455
1622761776743 0.075 456
1622761793558 0.075 457
1622761811789 0.075 458
1622761829189 0.079 459
1622761846322 0.075 460
1622761863367 0.077 461
1622761880535 0.075 462
1622761897732 0.076 463
1622761915074 0.075 464
1622761932404 0.076 465
1622761949715 0.075 466
1622761967149 0.074 467
1622761984541 0.076 468
1622762001910 0.075 469
1622762019342 0.075 470
1622762036890 0.074 471
1622762054376 0.075 472
1622762071967 0.075 473
1622762091143 0.078 474
1622762109663 0.079 475
1622762127403 0.075 476
1622762145153 0.075 477
1622762162906 0.074 478
1622762180663 0.075 479
1622762198499 0.077 480
1622762216258 0.074 481
1622762234114 0.074 482
1622762252018 0.074 483
1622762270017 0.074 484
1622762288123 0.076 485
1622762306080 0.075 486
1622762324098 0.075 487
1622762342010 0.075 488
1622762360028 0.074 489
1622762378259 0.074 490
1622762396446 0.073 491
1622762414714 0.073 492
1622762432984 0.074 493
1622762451414 0.074 494
1622762469700 0.073 495
1622762488033 0.073 496
1622762506316 0.074 497
1622762524640 0.074 498
1622762543103 0.074 499
1622762561624 0.074 500
