1622629205171 50 0
1622629207299 60 1
1622629209610 70 2
1622629212052 80 3
1622629214636 90 4
1622629217396 100 5
1622629220309 110 6
1622629223446 120 7
1622629226666 130 8
1622629229990 140 9
1622629233448 150 10
1622629237196 160 11
1622629241134 170 12
1622629245144 180 13
1622629249288 190 14
1622629253583 200 15
1622629258117 210 16
1622629262752 220 17
1622629267596 230 18
1622629272516 240 19
1622629277570 250 20
1622629282745 260 21
1622629288086 270 22
1622629293693 280 23
1622629299369 290 24
1622629305268 300 25
1622629311227 310 26
1622629317400 320 27
1622629323818 330 28
1622629330425 340 29
1622629337164 350 30
1622629344021 360 31
1622629351049 370 32
1622629358127 380 33
1622629365453 390 34
1622629372842 400 35
1622629380465 410 36
1622629388307 420 37
1622629396145 430 38
1622629404209 440 39
1622629412361 450 40
1622629420740 460 41
1622629429172 470 42
1622629437683 480 43
1622629446666 490 44
1622629455521 500 45
1622629464674 510 46
1622629473969 520 47
1622629483408 530 48
1622629493074 540 49
1622629502836 550 50
1622629512878 560 51
1622629523067 570 52
1622629533558 580 53
1622629544040 590 54
1622629554510 600 55
1622629565334 610 56
1622629576173 620 57
1622629587178 630 58
1622629598364 640 59
1622629609679 650 60
1622629621172 660 61
1622629632861 670 62
1622629644714 680 63
1622629656660 690 64
1622629668663 700 65
1622629680970 710 66
1622629693486 720 67
1622629706070 730 68
1622629718879 740 69
1622629731847 750 70
1622629745166 760 71
1622629758482 770 72
1622629771936 780 73
1622629785458 790 74
1622629799218 800 75
1622629813069 810 76
1622629827330 820 77
1622629841525 830 78
1622629855984 840 79
1622629870437 850 80
1622629885084 860 81
1622629899853 870 82
1622629914907 880 83
1622629930094 890 84
1622629945476 900 85
1622629961095 910 86
1622629976601 920 87
1622629992404 930 88
1622630008452 940 89
1622630024402 950 90
1622630040667 960 91
1622630057032 970 92
1622630073766 980 93
1622630090390 990 94
1622630107370 1000 95
1622630124372 1010 96
1622630141390 1020 97
1622630158700 1030 98
1622630176110 1040 99
1622630193550 1050 100
1622630211370 1060 101
1622630229532 1070 102
1622630247610 1080 103
1622630266027 1090 104
1622630284436 1100 105
1622630302909 1110 106
1622630321803 1120 107
1622630340932 1130 108
1622630360207 1140 109
1622630379355 1150 110
1622630398513 1160 111
1622630418175 1170 112
1622630438231 1180 113
1622630458156 1190 114
1622630478287 1200 115
1622630498400 1210 116
1622630518833 1220 117
1622630539653 1230 118
1622630560651 1240 119
1622630581756 1250 120
1622630602649 1260 121
1622630623888 1270 122
1622630645173 1280 123
1622630666819 1290 124
1622630688675 1300 125
1622630710450 1310 126
1622630732410 1320 127
1622630754248 1330 128
1622630776335 1340 129
1622630798743 1350 130
1622630821182 1360 131
1622630843894 1370 132
1622630866926 1380 133
1622630890065 1390 134
1622630913417 1400 135
1622630936763 1410 136
1622630960460 1420 137
1622630983959 1430 138
1622631007746 1440 139
1622631031801 1450 140
1622631055896 1460 141
1622631080300 1470 142
1622631104732 1480 143
1622631129382 1490 144
1622631154552 1500 145
1622631179669 1510 146
1622631204993 1520 147
1622631230100 1530 148
1622631255508 1540 149
1622631281097 1550 150
1622631306777 1560 151
1622631332499 1570 152
1622631358404 1580 153
1622631384153 1590 154
1622631410410 1600 155
1622631436872 1610 156
1622631463581 1620 157
1622631490232 1630 158
1622631517042 1640 159
1622631543763 1650 160
1622631570807 1660 161
1622631598304 1670 162
1622631626041 1680 163
1622631653742 1690 164
1622631681533 1700 165
1622631709789 1710 166
1622631738062 1720 167
1622631766561 1730 168
1622631795209 1740 169
1622631823906 1750 170
1622631852752 1760 171
1622631881572 1770 172
1622631910538 1780 173
1622631939803 1790 174
1622631969480 1800 175
1622631998908 1810 176
1622632028769 1820 177
1622632058572 1830 178
1622632088781 1840 179
1622632118950 1850 180
1622632149233 1860 181
1622632179793 1870 182
1622632210520 1880 183
1622632241081 1890 184
1622632271891 1900 185
1622632303248 1910 186
1622632334364 1920 187
1622632365650 1930 188
1622632397250 1940 189
1622632428842 1950 190
1622632461080 1960 191
1622632493440 1970 192
1622632525632 1980 193
1622632558343 1990 194
1622632590905 2000 195
1622632623726 2010 196
1622632656378 2020 197
1622632689428 2030 198
1622632722555 2040 199
1622632755866 2050 200
1622632789362 2060 201
1622632822861 2070 202
1622632856775 2080 203
1622632890670 2090 204
1622632924909 2100 205
1622632958875 2110 206
1622632993311 2120 207
1622633027822 2130 208
1622633062757 2140 209
1622633097563 2150 210
1622633132556 2160 211
1622633167799 2170 212
1622633203247 2180 213
1622633238712 2190 214
1622633274362 2200 215
1622633310049 2210 216
1622633346194 2220 217
1622633382410 2230 218
1622633418791 2240 219
1622633455464 2250 220
1622633492229 2260 221
1622633528944 2270 222
1622633566147 2280 223
1622633603695 2290 224
1622633640963 2300 225
1622633678478 2310 226
1622633716352 2320 227
1622633754071 2330 228
1622633792070 2340 229
1622633830493 2350 230
1622633868444 2360 231
1622633906985 2370 232
1622633945704 2380 233
1622633984529 2390 234
1622634023541 2400 235
1622634062645 2410 236
1622634102140 2420 237
1622634141680 2430 238
1622634181382 2440 239
1622634221184 2450 240
1622634261111 2460 241
1622634301106 2470 242
1622634341458 2480 243
1622634381811 2490 244
1622634422165 2500 245
1622634462966 2510 246
1622634503655 2520 247
1622634544623 2530 248
1622634585728 2540 249
1622634627010 2550 250
1622634668551 2560 251
1622634709950 2570 252
1622634751557 2580 253
1622634793670 2590 254
1622634835866 2600 255
1622634878007 2610 256
1622634920413 2620 257
1622634962804 2630 258
1622635005449 2640 259
1622635048465 2650 260
1622635091622 2660 261
1622635134825 2670 262
1622635178115 2680 263
1622635221354 2690 264
1622635265255 2700 265
1622635308839 2710 266
1622635352611 2720 267
1622635396808 2730 268
1622635441304 2740 269
1622635486035 2750 270
1622635530789 2760 271
1622635575378 2770 272
1622635620431 2780 273
1622635665627 2790 274
1622635710842 2800 275
1622635756237 2810 276
1622635801851 2820 277
1622635847511 2830 278
1622635893295 2840 279
1622635939482 2850 280
1622635985808 2860 281
1622636031953 2870 282
1622636078587 2880 283
1622636125315 2890 284
1622636172101 2900 285
1622636219069 2910 286
1622636266131 2920 287
1622636313214 2930 288
1622636360441 2940 289
1622636408233 2950 290
1622636456112 2960 291
1622636503725 2970 292
1622636551578 2980 293
1622636599830 2990 294
1622636647961 3000 295
1622636696510 3010 296
1622636745330 3020 297
1622636793939 3030 298
1622636842949 3040 299
1622636892140 3050 300
1622636941544 3060 301
1622636991220 3070 302
1622637041015 3080 303
1622637090805 3090 304
1622637141183 3100 305
1622637191312 3110 306
1622637241804 3120 307
1622637292149 3130 308
1622637342645 3140 309
1622637393255 3150 310
1622637444280 3160 311
1622637495268 3170 312
1622637546550 3180 313
1622637597806 3190 314
1622637649150 3200 315
1622637700774 3210 316
1622637752752 3220 317
1622637804783 3230 318
1622637856696 3240 319
1622637908787 3250 320
1622637961236 3260 321
1622638013972 3270 322
1622638066601 3280 323
1622638119568 3290 324
1622638172805 3300 325
1622638225999 3310 326
1622638278958 3320 327
1622638332161 3330 328
1622638385465 3340 329
1622638439177 3350 330
1622638493075 3360 331
1622638546885 3370 332
1622638600558 3380 333
1622638654618 3390 334
1622638709449 3400 335
1622638764438 3410 336
1622638819182 3420 337
1622638874096 3430 338
1622638929249 3440 339
1622638984395 3450 340
1622639039630 3460 341
1622639095213 3470 342
1622639150769 3480 343
1622639206926 3490 344
1622639262795 3500 345
1622639319015 3510 346
1622639375383 3520 347
1622639431988 3530 348
1622639488516 3540 349
1622639545599 3550 350
1622639602902 3560 351
1622639660459 3570 352
1622639718082 3580 353
1622639775551 3590 354
1622639833148 3600 355
1622639890833 3610 356
1622639948726 3620 357
1622640006965 3630 358
1622640065352 3640 359
1622640123625 3650 360
1622640182394 3660 361
1622640241171 3670 362
1622640300156 3680 363
1622640359361 3690 364
1622640418633 3700 365
1622640477839 3710 366
1622640537323 3720 367
1622640596961 3730 368
1622640656688 3740 369
1622640716818 3750 370
1622640777026 3760 371
1622640837360 3770 372
1622640897760 3780 373
1622640958464 3790 374
1622641019087 3800 375
1622641079798 3810 376
1622641140610 3820 377
1622641202007 3830 378
1622641263409 3840 379
1622641324965 3850 380
1622641386577 3860 381
1622641448442 3870 382
1622641510101 3880 383
1622641572346 3890 384
1622641634662 3900 385
1622641697122 3910 386
1622641759918 3920 387
1622641822844 3930 388
1622641886037 3940 389
1622641949051 3950 390
1622642012345 3960 391
1622642075438 3970 392
1622642139441 3980 393
1622642203516 3990 394
1622642268122 4000 395
1622642336016 4010 396
1622642402005 4020 397
1622642467392 4030 398
1622642531809 4040 399
1622642596124 4050 400
1622642660536 4060 401
1622642725193 4070 402
1622642789775 4080 403
1622642854667 4090 404
1622642919744 4100 405
1622642984860 4110 406
1622643050355 4120 407
1622643115666 4130 408
1622643181371 4140 409
1622643247138 4150 410
1622643313200 4160 411
1622643379652 4170 412
1622643446024 4180 413
1622643512800 4190 414
1622643580711 4200 415
1622643649557 4210 416
1622643721518 4220 417
1622643793031 4230 418
1622643861022 4240 419
1622643928934 4250 420
1622644117458 4260 421
1622644185482 4270 422
1622644253206 4280 423
1622644321000 4290 424
1622644389226 4300 425
1622644457827 4310 426
1622644526859 4320 427
1622644595524 4330 428
1622644664256 4340 429
1622644732944 4350 430
1622644802296 4360 431
1622644871892 4370 432
1622644941059 4380 433
1622645010542 4390 434
1622645080254 4400 435
1622645150103 4410 436
1622645220036 4420 437
1622645290303 4430 438
1622645360754 4440 439
1622645431575 4450 440
1622645502415 4460 441
1622645573300 4470 442
1622645644788 4480 443
1622645716137 4490 444
1622645787577 4500 445
1622645858806 4510 446
1622645930230 4520 447
1622646002313 4530 448
1622646074419 4540 449
1622646146728 4550 450
1622646219133 4560 451
1622646291861 4570 452
1622646364664 4580 453
1622646437371 4590 454
1622646509961 4600 455
1622646583017 4610 456
1622646656471 4620 457
1622646730248 4630 458
1622646804046 4640 459
1622646877609 4650 460
1622646951111 4660 461
1622647024851 4670 462
1622647098729 4680 463
1622647173142 4690 464
1622647247675 4700 465
1622647322404 4710 466
1622647397401 4720 467
1622647472785 4730 468
1622647548157 4740 469
1622647623514 4750 470
1622647699315 4760 471
1622647775245 4770 472
1622647851159 4780 473
1622647926887 4790 474
1622648002711 4800 475
1622648078974 4810 476
1622648154814 4820 477
1622648231334 4830 478
1622648307629 4840 479
1622648384331 4850 480
1622648461154 4860 481
1622648538231 4870 482
1622648615564 4880 483
1622648692680 4890 484
1622648770189 4900 485
1622648847645 4910 486
1622648925875 4920 487
1622649004060 4930 488
1622649082167 4940 489
1622649160507 4950 490
1622649239092 4960 491
1622649318243 4970 492
1622649397249 4980 493
1622649476664 4990 494
1622649556083 5000 495
1622649635413 5010 496
1622649714809 5020 497
1622649795088 5030 498
1622649874758 5040 499
1622649954812 5050 500
