1622553101974 0.012 0
1622553102856 0.68 1
1622553103453 0.463 2
1622553104015 0.448 3
1622553104616 0.488 4
1622553105264 0.537 5
1622553105956 0.58 6
1622553106666 0.597 7
1622553107413 0.635 8
1622553108207 0.683 9
1622553109009 0.694 10
1622553109877 0.756 11
1622553110738 0.748 12
1622553111675 0.82 13
1622553112628 0.84 14
1622553113651 0.909 15
1622553114646 0.88 16
1622553115747 0.983 17
1622553116876 1.008 18
1622553118024 1.028 19
1622553119229 1.086 20
1622553120450 1.099 21
1622553121720 1.156 22
1622553123021 1.189 23
1622553124324 1.19 24
1622553125689 1.25 25
1622553127095 1.293 26
1622553128555 1.344 27
1622553130028 1.36 28
1622553131559 1.415 29
1622553133110 1.435 30
1622553134685 1.46 31
1622553136326 1.524 32
1622553137993 1.549 33
1622553139674 1.565 34
1622553141382 1.591 35
1622553143143 1.645 36
1622553144954 1.693 37
1622553146783 1.713 38
1622553148647 1.748 39
1622553150564 1.803 40
1622553152492 1.817 41
1622553154463 1.858 42
1622553156441 1.865 43
1622553158502 1.947 44
1622553160574 1.959 45
1622553162688 2.002 46
1622553164853 2.049 47
1622553167044 2.077 48
1622553169256 2.098 49
1622553171500 2.129 50
1622553173797 2.178 51
1622553176156 2.235 52
1622553178569 2.297 53
1622553181102 2.418 54
1622553183559 2.343 55
1622553186047 2.376 56
1622553188532 2.36 57
1622553191084 2.434 58
1622553193616 2.418 59
1622553196276 2.548 60
1622553198923 2.536 61
1622553201637 2.602 62
1622553204344 2.594 63
1622553207072 2.617 64
1622553209821 2.636 65
1622553212643 2.711 66
1622553215511 2.755 67
1622553218400 2.776 68
1622553221335 2.82 69
1622553224284 2.836 70
1622553227272 2.875 71
1622553230290 2.905 72
1622553233341 2.94 73
1622553236410 2.956 74
1622553239537 3.015 75
1622553242756 3.107 76
1622553246012 3.143 77
1622553249304 3.176 78
1622553252641 3.222 79
1622553255928 3.169 80
1622553259345 3.299 81
1622553262721 3.259 82
1622553266212 3.373 83
1622553269653 3.324 84
1622553273188 3.417 85
1622553276697 3.384 86
1622553280291 3.477 87
1622553283916 3.506 88
1622553287583 3.545 89
1622553291250 3.542 90
1622553294968 3.595 91
1622553298719 3.629 92
1622553302513 3.672 93
1622553306356 3.721 94
1622553310244 3.769 95
1622553314127 3.762 96
1622553318047 3.802 97
1622553322036 3.871 98
1622553326076 3.922 99
1622553330118 3.923 100
1622553334225 3.988 101
1622553338319 3.975 102
1622553342488 4.048 103
1622553346695 4.087 104
1622553350897 4.081 105
1622553355160 4.143 106
1622553359459 4.181 107
1622553363813 4.227 108
1622553368193 4.264 109
1622553372579 4.274 110
1622553377048 4.357 111
1622553381543 4.382 112
1622553386064 4.408 113
1622553390590 4.415 114
1622553395177 4.475 115
1622553399767 4.477 116
1622553404452 4.57 117
1622553409166 4.599 118
1622553413907 4.613 119
1622553418721 4.695 120
1622553424017 5.173 121
1622553429787 5.584 122
1622553434644 4.742 123
1622553439521 4.763 124
1622553444418 4.782 125
1622553449646 5.116 126
1622553454578 4.82 127
1622553459551 4.862 128
1622553464582 4.905 129
1622553469683 4.979 130
1622553474806 5.011 131
1622553479927 5.009 132
1622553485168 5.104 133
1622553490366 5.086 134
1622553495681 5.202 135
1622553500944 5.15 136
1622553506272 5.214 137
1622553511705 5.318 138
1622553517103 5.284 139
1622553522528 5.31 140
1622553528077 5.435 141
1622553533635 5.444 142
1622553539196 5.446 143
1622553544786 5.476 144
1622553550366 5.467 145
1622553556012 5.529 146
1622553561667 5.535 147
1622553567402 5.616 148
1622553573124 5.602 149
1622553578934 5.694 150
1622553584708 5.657 151
1622553590510 5.686 152
1622553596380 5.758 153
1622553602306 5.814 154
1622553608295 5.878 155
1622553614264 5.856 156
1622553620302 5.925 157
1622553626406 5.989 158
1622553632513 5.992 159
1622553638590 5.961 160
1622553644774 6.068 161
1622553651044 6.156 162
1622553657363 6.205 163
1622553663663 6.185 164
1622553669954 6.175 165
1622553676289 6.22 166
1622553682657 6.256 167
1622553689042 6.271 168
1622553695534 6.377 169
1622553702104 6.456 170
1622553708623 6.401 171
1622553715254 6.516 172
1622553721881 6.511 173
1622553728521 6.523 174
1622553735270 6.613 175
1622553741949 6.55 176
1622553748700 6.634 177
1622553755491 6.676 178
1622553762286 6.679 179
1622553769133 6.729 180
1622553775993 6.743 181
1622553782861 6.755 182
1622553789773 6.798 183
1622553796701 6.819 184
1622553803679 6.864 185
1622553810675 6.883 186
1622553817814 7.029 187
1622553824972 7.042 188
1622553832143 7.054 189
1622553839322 7.065 190
1622553846513 7.076 191
1622553853874 7.246 192
1622553861242 7.253 193
1622553868602 7.246 194
1622553876021 7.3 195
1622553883451 7.309 196
1622553890839 7.273 197
1622553898319 7.364 198
1622553905831 7.396 199
1622553913372 7.425 200
1622553920865 7.376 201
1622553928526 7.545 202
1622553936149 7.509 203
1622553943813 7.552 204
1622553951492 7.568 205
1622553959205 7.602 206
1622553966946 7.629 207
1622553974682 7.623 208
1622553982501 7.706 209
1622553990412 7.797 210
1622553998289 7.764 211
1622554006181 7.775 212
1622554014138 7.84 213
1622554022171 7.92 214
1622554030189 7.88 215
1622554038305 7.991 216
1622554046505 8.084 217
1622554054752 8.128 218
1622554063022 8.157 219
1622554071382 8.245 220
1622554079606 8.11 221
1622554088018 8.299 222
1622554096340 8.21 223
1622554104800 8.348 224
1622554113170 8.259 225
1622554121647 8.364 226
1622554130152 8.392 227
1622554138612 8.344 228
1622554147136 8.412 229
1622554155711 8.463 230
1622554164231 8.406 231
1622554172876 8.533 232
1622554181571 8.58 233
1622554190259 8.577 234
1622554199008 8.636 235
1622554207776 8.652 236
1622554216534 8.646 237
1622554225387 8.735 238
1622554234342 8.836 239
1622554243430 8.969 240
1622554252541 8.997 241
1622554261571 8.918 242
1622554270693 9.009 243
1622554279874 9.069 244
1622554289398 9.407 245
1622554298458 8.946 246
1622554307762 9.192 247
1622554317033 9.157 248
1622554326377 9.231 249
1622554335767 9.275 250
1622554345198 9.315 251
1622554354693 9.379 252
1622554364234 9.426 253
1622554373733 9.383 254
1622554383313 9.466 255
1622554392834 9.405 256
1622554402437 9.488 257
1622554411997 9.444 258
1622554421711 9.598 259
1622554431409 9.582 260
1622554441138 9.613 261
1622554450839 9.586 262
1622554460695 9.742 263
1622554470542 9.73 264
1622554480436 9.784 265
1622554490363 9.813 266
1622554500305 9.827 267
1622554510446 10.027 268
1622554520456 9.895 269
1622554530570 9.997 270
1622554540746 10.062 271
1622554550934 10.074 272
1622554561104 10.057 273
1622554571356 10.136 274
1622554581655 10.181 275
1622554591909 10.138 276
1622554602281 10.259 277
1622554612699 10.302 278
1622554623186 10.372 279
1622554633625 10.328 280
1622554644091 10.353 281
1622554654696 10.493 282
1622554665206 10.395 283
1622554676349 11.026 284
1622554687245 10.771 285
1622554697865 10.505 286
1622554708647 10.666 287
1622554719457 10.693 288
1622554730271 10.697 289
1622554740981 10.594 290
1622554751775 10.679 291
1622554763317 11.424 292
1622554774660 11.222 293
1622554786270 11.491 294
1622554797599 11.205 295
1622554808581 10.864 296
1622554819643 10.943 297
1622554830747 10.991 298
1622554841817 10.957 299
1622554852941 11.011 300
1622554864098 11.041 301
1622554875334 11.122 302
1622554886566 11.12 303
1622554897813 11.133 304
1622554909072 11.144 305
1622554920331 11.143 306
1622554931666 11.221 307
1622554943073 11.291 308
1622554954498 11.305 309
1622554966001 11.383 310
1622554977572 11.454 311
1622554989119 11.429 312
1622555000721 11.483 313
1622555012280 11.439 314
1622555024018 11.621 315
1622555035753 11.62 316
1622555047516 11.65 317
1622555059287 11.651 318
1622555071172 11.762 319
1622555083149 11.861 320
1622555095042 11.778 321
1622555107046 11.89 322
1622555119097 11.939 323
1622555131120 11.905 324
1622555143230 11.995 325
1622555155387 12.036 326
1622555167462 11.957 327
1622555179560 11.977 328
1622555191717 12.035 329
1622555203956 12.12 330
1622555216217 12.143 331
1622555228540 12.21 332
1622555240945 12.295 333
1622555253374 12.317 334
1622555265717 12.227 335
1622555278277 12.442 336
1622555290767 12.374 337
1622555303287 12.404 338
1622555315862 12.463 339
1622555328463 12.487 340
1622555341028 12.449 341
1622555353705 12.563 342
1622555366309 12.49 343
1622555379081 12.658 344
1622555391802 12.607 345
1622555404603 12.688 346
1622555417390 12.672 347
1622555430238 12.734 348
1622555443092 12.736 349
1622555456052 12.843 350
1622555468987 12.817 351
1622555481967 12.864 352
1622555495071 12.988 353
1622555508094 12.909 354
1622555521143 12.937 355
1622555534139 12.884 356
1622555547312 13.06 357
1622555560508 13.081 358
1622555573759 13.135 359
1622555586932 13.061 360
1622555600308 13.263 361
1622555613678 13.259 362
1622555626980 13.187 363
1622555640495 13.395 364
1622555653980 13.366 365
1622555667470 13.375 366
1622555681103 13.517 367
1622555694723 13.509 368
1622555708423 13.59 369
1622555722019 13.484 370
1622555735713 13.582 371
1622555749393 13.563 372
1622555763155 13.648 373
1622555776933 13.664 374
1622555790711 13.664 375
1622555804445 13.621 376
1622555818274 13.718 377
1622555832271 13.884 378
1622555846193 13.809 379
1622555860208 13.895 380
1622555874252 13.925 381
1622555888348 13.978 382
1622555902394 13.931 383
1622555916471 13.959 384
1622555930713 14.129 385
1622555944984 14.158 386
1622555959169 14.073 387
1622555973383 14.102 388
1622555987680 14.181 389
1622556001989 14.197 390
1622556016298 14.197 391
1622556030634 14.224 392
1622556044929 14.18 393
1622556059331 14.287 394
1622556073813 14.367 395
1622556088348 14.414 396
1622556102988 14.524 397
1622556117603 14.497 398
1622556132285 14.566 399
1622556146940 14.543 400
1622556161652 14.601 401
1622556176445 14.676 402
1622556191196 14.636 403
1622556205990 14.68 404
1622556220771 14.666 405
1622556235670 14.785 406
1622556250650 14.866 407
1622556265622 14.858 408
1622556280675 14.937 409
1622556295695 14.907 410
1622556310773 14.966 411
1622556325936 15.05 412
1622556341142 15.09 413
1622556356346 15.09 414
1622556371580 15.121 415
1622556386868 15.171 416
1622556402076 15.093 417
1622556417363 15.167 418
1622556432776 15.29 419
1622556448191 15.293 420
1622556463629 15.319 421
1622556479079 15.332 422
1622556494565 15.374 423
1622556510137 15.459 424
1622556525687 15.435 425
1622556541306 15.504 426
1622556556920 15.501 427
1622556572628 15.596 428
1622556588380 15.639 429
1622556604145 15.652 430
1622556619830 15.572 431
1622556635688 15.745 432
1622556651502 15.698 433
1622556667457 15.84 434
1622556683390 15.819 435
1622556699345 15.833 436
1622556715252 15.785 437
1622556731362 15.99 438
1622556747435 15.96 439
1622556763619 16.072 440
1622556779727 15.996 441
1622556795871 16.032 442
1622556812149 16.164 443
1622556828466 16.204 444
1622556844762 16.181 445
1622556861118 16.238 446
1622556877517 16.278 447
1622556893955 16.317 448
1622556910641 16.566 449
1622556927064 16.304 450
1622556943570 16.39 451
1622556960053 16.36 452
1622556976548 16.379 453
1622556993215 16.551 454
1622557010286 16.957 455
1622557026952 16.552 456
1622557043715 16.647 457
1622557060494 16.666 458
1622557077397 16.79 459
1622557094367 16.851 460
1622557111116 16.633 461
1622557127944 16.713 462
1622557144870 16.811 463
1622557161741 16.76 464
1622557178721 16.868 465
1622557195971 17.138 466
1622557213203 17.119 467
1622557230433 17.113 468
1622557247500 16.953 469
1622557264724 17.112 470
1622557281886 17.049 471
1622557299179 17.179 472
1622557316449 17.154 473
1622557333855 17.291 474
1622557351226 17.256 475
1622557368604 17.264 476
1622557386089 17.373 477
1622557403590 17.389 478
1622557421064 17.361 479
1622557438540 17.36 480
1622557456120 17.464 481
1622557473795 17.56 482
1622557491407 17.491 483
1622557509078 17.555 484
1622557526776 17.582 485
1622557544586 17.691 486
1622557562396 17.699 487
1622557580256 17.746 488
1622557598118 17.747 489
1622557616022 17.788 490
1622557633981 17.843 491
1622557651930 17.833 492
1622557669872 17.823 493
1622557687925 17.938 494
1622557706085 18.045 495
1622557724227 18.025 496
1622557742412 18.071 497
1622557760631 18.106 498
1622557778831 18.085 499
1622557797212 18.265 500
