1622495261027 1.341 0
1622495263310 1.6059999999999999 1
1622495265714 1.876 2
1622495268322 2.146 3
1622495271035 2.417 4
1622495273915 2.689 5
1622495276959 2.959 6
1622495280253 3.23 7
1622495283642 3.5 8
1622495287155 3.767 9
1622495290886 4.035 10
1622495294814 4.304 11
1622495298868 4.577 12
1622495303072 4.85 13
1622495307426 5.114999999999999 14
1622495311964 5.382 15
1622495316588 5.646 16
1622495321503 5.911 17
1622495326518 6.178 18
1622495331744 6.447 19
1622495337165 6.713 20
1622495342671 6.9830000000000005 21
1622495348412 7.247000000000001 22
1622495354245 7.511000000000001 23
1622495360354 7.776000000000001 24
1622495366534 8.040000000000001 25
1622495372962 8.305000000000001 26
1622495379461 8.570000000000002 27
1622495386271 8.836000000000002 28
1622495393249 9.103000000000002 29
1622495400246 9.366000000000001 30
1622495407329 9.626000000000001 31
1622495414675 9.887 32
1622495422123 10.15 33
1622495429773 10.413 34
1622495437563 10.674 35
1622495445633 10.937 36
1622495453881 11.203999999999999 37
1622495462235 11.466999999999999 38
1622495470736 11.729999999999999 39
1622495479362 11.995999999999999 40
1622495488210 12.261999999999999 41
1622495497107 12.525999999999998 42
1622495506453 12.792999999999997 43
1622495515806 13.055999999999997 44
1622495525325 13.318999999999997 45
1622495534950 13.580999999999998 46
1622495544816 13.845999999999998 47
1622495554884 14.106999999999998 48
1622495565129 14.369999999999997 49
1622495575415 14.636999999999997 50
1622495585897 14.910999999999998 51
1622495596547 15.203999999999997 52
1622495607476 15.467999999999996 53
1622495618418 15.731999999999996 54
1622495629622 15.997999999999996 55
1622495640974 16.260999999999996 56
1622495652439 16.524999999999995 57
1622495664115 16.787999999999997 58
1622495675984 17.051999999999996 59
1622495687991 17.318999999999996 60
1622495700260 17.581999999999997 61
1622495712575 17.845999999999997 62
1622495725129 18.111999999999995 63
1622495737844 18.376999999999995 64
1622495750685 18.643999999999995 65
1622495763756 18.909999999999997 66
1622495777027 19.174999999999997 67
1622495790233 19.442999999999998 68
1622495803700 19.708 69
1622495817249 19.973 70
1622495831027 20.24 71
1622495845097 20.503999999999998 72
1622495859315 20.769 73
1622495873594 21.035999999999998 74
1622495888257 21.301 75
1622495902841 21.561999999999998 76
1622495917634 21.823999999999998 77
1622495932657 22.081999999999997 78
1622495948033 22.343999999999998 79
1622495963662 22.604999999999997 80
1622495979017 22.870999999999995 81
1622495994719 23.130999999999997 82
1622496010612 23.400999999999996 83
1622496026776 23.668999999999997 84
1622496043357 23.948999999999998 85
1622496059917 24.229999999999997 86
1622496076574 24.501999999999995 87
1622496093364 24.768999999999995 88
1622496110389 25.036999999999995 89
1622496127512 25.303999999999995 90
1622496144750 25.572999999999993 91
1622496162195 25.84199999999999 92
1622496179787 26.10899999999999 93
1622496197647 26.376999999999992 94
1622496215569 26.64399999999999 95
1622496233761 26.91099999999999 96
1622496252104 27.18199999999999 97
1622496270680 27.45099999999999 98
1622496289396 27.71699999999999 99
1622496308112 27.981999999999992 100
1622496326965 28.244999999999994 101
1622496345970 28.507999999999996 102
1622496365495 28.770999999999997 103
1622496384667 29.034999999999997 104
1622496404294 29.295999999999996 105
1622496423959 29.562999999999995 106
1622496443841 29.827999999999996 107
1622496463682 30.095999999999997 108
1622496483624 30.361999999999995 109
1622496503919 30.628999999999994 110
1622496524297 30.896999999999995 111
1622496545011 31.164999999999996 112
1622496565827 31.431999999999995 113
1622496586672 31.697999999999993 114
1622496607592 31.965999999999994 115
1622496628663 32.233 116
1622496650069 32.498999999999995 117
1622496671818 32.766999999999996 118
1622496693631 33.043 119
1622496716190 33.314 120
1622496738466 33.587 121
1622496760957 33.852000000000004 122
1622496783710 34.121 123
1622496806803 34.384 124
1622496829722 34.65 125
1622496852972 34.912 126
1622496876113 35.173 127
1622496899247 35.435 128
1622496922858 35.702000000000005 129
1622496946671 35.970000000000006 130
1622496970521 36.24100000000001 131
1622496994602 36.51100000000001 132
1622497019107 36.78000000000001 133
1622497043489 37.04600000000001 134
1622497068242 37.31300000000001 135
1622497093078 37.58200000000001 136
1622497118012 37.84900000000001 137
1622497143047 38.116000000000014 138
1622497168234 38.38500000000001 139
1622497193667 38.65300000000001 140
1622497219192 38.91900000000001 141
1622497244852 39.18400000000001 142
1622497270849 39.44900000000001 143
1622497297029 39.71700000000001 144
1622497323182 39.984000000000016 145
1622497349901 40.247000000000014 146
1622497376150 40.51100000000002 147
1622497403117 40.77800000000002 148
1622497429794 41.04400000000002 149
1622497456948 41.30900000000002 150
1622497484031 41.59500000000002 151
1622497511524 41.86400000000002 152
1622497538842 42.12900000000002 153
1622497566412 42.39400000000002 154
1622497594317 42.65900000000002 155
1622497622276 42.92600000000002 156
1622497650493 43.193000000000026 157
1622497679288 43.46000000000003 158
1622497707944 43.72800000000003 159
1622497736911 43.99700000000003 160
1622497766074 44.26700000000003 161
1622497795003 44.53300000000003 162
1622497824054 44.80000000000003 163
1622497853290 45.064000000000036 164
1622497882880 45.32800000000004 165
1622497912551 45.59500000000004 166
1622497942379 45.86000000000004 167
1622497972330 46.12600000000004 168
1622498002656 46.38800000000004 169
1622498033154 46.652000000000044 170
1622498063673 46.91500000000004 171
1622498094588 47.176000000000045 172
1622498125482 47.43900000000004 173
1622498156381 47.69900000000004 174
1622498187390 47.96100000000004 175
1622498218726 48.23000000000004 176
1622498250039 48.49400000000004 177
1622498281623 48.76200000000004 178
1622498313760 49.02800000000004 179
1622498345956 49.29600000000004 180
1622498378522 49.563000000000045 181
1622498410926 49.828000000000046 182
1622498443438 50.094000000000044 183
1622498476148 50.35800000000005 184
1622498509177 50.63800000000005 185
1622498542159 50.90600000000005 186
1622498575140 51.17200000000005 187
1622498608207 51.43900000000005 188
1622498642003 51.70400000000005 189
1622498676146 51.96900000000005 190
1622498710097 52.24000000000005 191
1622498743824 52.50200000000005 192
1622498778085 52.76500000000005 193
1622498812088 53.02600000000005 194
1622498846203 53.28800000000005 195
1622498880768 53.552000000000056 196
1622498915423 53.81400000000006 197
1622498950438 54.07500000000006 198
1622498985488 54.34100000000006 199
1622499020363 54.60600000000006 200
1622499055407 54.87100000000006 201
1622499090776 55.13600000000006 202
1622499126497 55.40200000000006 203
1622499161940 55.668000000000056 204
1622499198203 55.93500000000006 205
1622499234344 56.20100000000006 206
1622499270626 56.46500000000006 207
1622499307160 56.72900000000006 208
1622499344031 56.996000000000066 209
1622499380714 57.25800000000007 210
1622499418330 57.524000000000065 211
1622499455617 57.79000000000006 212
1622499493218 58.055000000000064 213
1622499530470 58.31900000000007 214
1622499567927 58.58700000000007 215
1622499605897 58.853000000000065 216
1622499644057 59.124000000000066 217
1622499682376 59.41000000000007 218
1622499720877 59.67200000000007 219
1622499759077 59.93700000000007 220
1622499797680 60.19800000000007 221
1622499836833 60.46400000000007 222
1622499876201 60.72900000000007 223
1622499914985 60.99400000000007 224
1622499954275 61.25900000000007 225
1622499993954 61.526000000000074 226
1622500033774 61.79300000000008 227
1622500073726 62.06100000000008 228
1622500113561 62.327000000000076 229
1622500153938 62.59100000000008 230
1622500194406 62.85700000000008 231
1622500235180 63.120000000000076 232
1622500276106 63.389000000000074 233
1622500316885 63.657000000000075 234
1622500357819 63.922000000000075 235
1622500399593 64.18600000000008 236
1622500440961 64.45000000000007 237
1622500482739 64.71700000000007 238
1622500524508 64.97800000000007 239
1622500566589 65.23900000000006 240
1622500608520 65.50400000000006 241
1622500651063 65.76700000000007 242
1622500693424 66.03100000000006 243
1622500736076 66.29300000000006 244
1622500779113 66.55600000000007 245
1622500822417 66.82100000000007 246
1622500865442 67.08500000000006 247
1622500908597 67.35000000000007 248
1622500951714 67.61500000000007 249
1622500994847 67.87900000000006 250
1622501038595 68.15400000000007 251
1622501082609 68.42000000000007 252
1622501126820 68.68600000000008 253
1622501171041 68.95100000000008 254
1622501215308 69.21300000000008 255
1622501259646 69.48200000000008 256
1622501305003 69.74400000000009 257
1622501351004 70.01100000000008 258
1622501396408 70.27700000000009 259
1622501442063 70.54200000000009 260
1622501487789 70.80500000000009 261
1622501533278 71.06900000000009 262
1622501578958 71.33300000000008 263
1622501624754 71.59200000000008 264
1622501670847 71.85400000000008 265
1622501717311 72.11700000000009 266
1622501763505 72.3800000000001 267
1622501809829 72.6460000000001 268
1622501856387 72.9110000000001 269
1622501903685 73.1760000000001 270
1622501950472 73.4420000000001 271
1622501997843 73.70800000000011 272
1622502045281 73.97600000000011 273
1622502093266 74.24200000000012 274
1622502140994 74.51000000000012 275
1622502188949 74.78000000000011 276
1622502236846 75.04700000000011 277
1622502284714 75.3110000000001 278
1622502332794 75.5780000000001 279
1622502381244 75.8430000000001 280
1622502430320 76.1100000000001 281
1622502479172 76.3750000000001 282
1622502527862 76.6430000000001 283
1622502577037 76.9250000000001 284
1622502626079 77.18900000000009 285
1622502675591 77.44800000000009 286
1622502724841 77.7100000000001 287
1622502774465 77.9700000000001 288
1622502824494 78.2320000000001 289
1622502874462 78.4930000000001 290
1622502924141 78.75700000000009 291
1622502974240 79.0200000000001 292
1622503024477 79.2850000000001 293
1622503075310 79.5480000000001 294
1622503126338 79.8160000000001 295
1622503177439 80.0830000000001 296
1622503229041 80.3480000000001 297
1622503280547 80.6110000000001 298
1622503332184 80.8760000000001 299
1622503383844 81.1410000000001 300
1622503435660 81.40700000000011 301
1622503487862 81.6710000000001 302
1622503540012 81.9350000000001 303
1622503592320 82.2020000000001 304
1622503644843 82.4670000000001 305
1622503697954 82.7290000000001 306
1622503751375 82.9940000000001 307
1622503804494 83.2590000000001 308
1622503857930 83.5250000000001 309
1622503910786 83.78500000000011 310
1622503964803 84.04800000000012 311
1622504018879 84.31000000000012 312
1622504072682 84.57200000000012 313
1622504126786 84.83400000000012 314
1622504181511 85.09900000000012 315
1622504236314 85.36500000000012 316
1622504291137 85.64200000000012 317
1622504346187 85.91400000000013 318
1622504401679 86.18500000000013 319
1622504457205 86.44800000000014 320
1622504512636 86.71800000000013 321
1622504568318 86.98500000000013 322
1622504623911 87.25300000000013 323
1622504680015 87.51900000000013 324
1622504735921 87.78300000000013 325
1622504791929 88.04800000000013 326
1622504848438 88.31400000000014 327
1622504904778 88.58200000000014 328
1622504961839 88.84900000000013 329
1622505018667 89.11400000000013 330
1622505075791 89.38000000000014 331
1622505132884 89.64300000000014 332
1622505190108 89.90500000000014 333
1622505247937 90.16900000000014 334
1622505305733 90.43600000000013 335
1622505363958 90.70000000000013 336
1622505422030 90.96400000000013 337
1622505480433 91.23100000000012 338
1622505538883 91.49700000000013 339
1622505597508 91.76300000000013 340
1622505656099 92.03200000000014 341
1622505715303 92.29600000000013 342
1622505774446 92.56100000000013 343
1622505834140 92.82600000000014 344
1622505893631 93.09300000000013 345
1622505952890 93.35800000000013 346
1622506012611 93.62400000000014 347
1622506072045 93.89500000000014 348
1622506131922 94.16300000000014 349
1622506191784 94.43000000000013 350
1622506251998 94.69800000000014 351
1622506312505 94.96300000000014 352
1622506373047 95.22700000000013 353
1622506433713 95.49300000000014 354
1622506494025 95.75300000000014 355
1622506554405 96.01700000000014 356
1622506615579 96.27800000000013 357
1622506677201 96.54000000000013 358
1622506739245 96.80600000000014 359
1622506801472 97.06800000000014 360
1622506863785 97.33600000000014 361
1622506926411 97.60400000000014 362
1622506989217 97.87300000000015 363
1622507052210 98.14100000000015 364
1622507115468 98.41000000000015 365
1622507178251 98.67700000000015 366
1622507241585 98.94500000000015 367
1622507305289 99.21100000000015 368
1622507368475 99.47800000000015 369
1622507432665 99.74700000000016 370
1622507496827 100.01500000000016 371
1622507561347 100.28200000000015 372
1622507625971 100.54900000000015 373
1622507690472 100.81900000000014 374
1622507755642 101.08500000000015 375
1622507820399 101.35200000000015 376
1622507885600 101.61900000000014 377
1622507950227 101.88700000000014 378
1622508014845 102.15200000000014 379
1622508080622 102.42000000000014 380
1622508145813 102.68600000000015 381
1622508212077 102.95800000000015 382
1622508277552 103.22500000000015 383
1622508343932 103.49600000000015 384
1622508410278 103.78700000000015 385
1622508476897 104.05700000000014 386
1622508543831 104.32800000000015 387
1622508610736 104.59600000000015 388
1622508678138 104.86200000000015 389
1622508745647 105.13100000000016 390
1622508813212 105.39800000000015 391
1622508880528 105.66300000000015 392
1622508948104 105.93200000000016 393
1622509016069 106.20200000000015 394
1622509084244 106.46800000000016 395
1622509152101 106.73600000000016 396
1622509220497 107.00000000000016 397
1622509288761 107.26800000000016 398
1622509356989 107.53400000000016 399
1622509425893 107.80000000000017 400
1622509495136 108.06600000000017 401
1622509563755 108.33000000000017 402
1622509633207 108.59300000000017 403
1622509702633 108.85600000000018 404
1622509772637 109.12200000000018 405
1622509842403 109.38800000000019 406
1622509912582 109.6540000000002 407
1622509983064 109.9220000000002 408
1622510053485 110.1910000000002 409
1622510123945 110.4590000000002 410
1622510194945 110.7270000000002 411
1622510265934 110.9950000000002 412
1622510337390 111.2650000000002 413
1622510408643 111.5360000000002 414
1622510480339 111.8060000000002 415
1622510552113 112.07300000000019 416
1622510623998 112.3390000000002 417
1622510695867 112.6080000000002 418
1622510767477 112.87700000000021 419
1622510839469 113.1440000000002 420
1622510911597 113.4090000000002 421
1622510984141 113.6760000000002 422
1622511056682 113.9440000000002 423
1622511129376 114.2100000000002 424
1622511202404 114.4770000000002 425
1622511275095 114.7390000000002 426
1622511348470 115.0040000000002 427
1622511422135 115.2690000000002 428
1622511495670 115.5340000000002 429
1622511569641 115.7980000000002 430
1622511643709 116.0620000000002 431
1622511718062 116.3280000000002 432
1622511792503 116.5960000000002 433
1622511867092 116.85900000000021 434
1622511941850 117.12800000000021 435
1622512016617 117.39400000000022 436
1622512091208 117.65900000000022 437
1622512166370 117.92600000000022 438
1622512241679 118.19000000000021 439
1622512317366 118.45800000000021 440
1622512393188 118.72400000000022 441
1622512469068 118.98900000000022 442
1622512545018 119.25500000000022 443
1622512620970 119.51900000000022 444
1622512697362 119.78500000000022 445
1622512773494 120.05100000000023 446
1622512849980 120.31900000000023 447
1622512926956 120.58700000000023 448
1622513004253 120.85000000000024 449
1622513080909 121.11200000000024 450
1622513157638 121.39000000000024 451
1622513234526 121.65700000000024 452
1622513311668 121.92000000000024 453
1622513389393 122.18200000000024 454
1622513467104 122.44700000000024 455
1622513545049 122.71100000000024 456
1622513623127 122.97800000000024 457
1622513700946 123.24400000000024 458
1622513779126 123.50900000000024 459
1622513857488 123.77500000000025 460
1622513936220 124.04300000000025 461
1622514014902 124.30800000000025 462
1622514093762 124.57400000000025 463
1622514172320 124.84100000000025 464
1622514251678 125.10800000000025 465
1622514330547 125.37300000000025 466
1622514409571 125.63700000000024 467
1622514488941 125.90100000000024 468
1622514568518 126.16800000000023 469
1622514648578 126.43400000000024 470
1622514728736 126.69600000000024 471
1622514808830 126.96000000000024 472
1622514888506 127.22200000000024 473
1622514969734 127.48400000000024 474
1622515050862 127.74900000000024 475
1622515132373 128.01300000000023 476
1622515213848 128.27600000000024 477
1622515295388 128.54100000000022 478
1622515376347 128.80500000000023 479
1622515458022 129.06800000000024 480
1622515539761 129.33200000000025 481
1622515622429 129.59900000000025 482
1622515700632 129.86300000000026 483
1622515778168 130.12100000000027 484
1622515855725 130.37900000000027 485
1622515934008 130.62900000000027 486
1622516012242 130.87900000000027 487
1622516090631 131.12800000000027 488
1622516168936 131.37900000000027 489
1622516247612 131.6260000000003 490
1622516326777 131.8760000000003 491
1622516406223 132.12400000000028 492
1622516485791 132.3710000000003 493
1622516565739 132.61900000000028 494
1622516645434 132.8640000000003 495
1622516725479 133.11200000000028 496
1622516805173 133.36000000000027 497
1622516885387 133.60400000000027 498
1622516967645 133.84900000000027 499
1622517047693 134.0900000000003 500
