1622748323775 27 0
1622748324346 15 1
1622748324890 14 2
1622748325467 14 3
1622748326096 14 4
1622748326765 14 5
1622748327451 14 6
1622748328170 14 7
1622748328925 14 8
1622748329724 14 9
1622748330554 14 10
1622748331441 14 11
1622748332339 14 12
1622748333281 14 13
1622748334260 14 14
1622748335266 14 15
1622748336294 14 16
1622748337383 14 17
1622748338504 14 18
1622748339659 14 19
1622748340858 14 20
1622748342084 14 21
1622748343328 14 22
1622748344617 14 23
1622748345953 14 24
1622748347330 14 25
1622748348733 14 26
1622748350146 14 27
1622748351616 14 28
1622748353131 14 29
1622748354666 14 30
1622748356231 14 31
1622748357846 14 32
1622748359484 14 33
1622748361167 14 34
1622748362924 14 35
1622748364711 14 36
1622748366516 14 37
1622748368343 14 38
1622748370206 14 39
1622748372135 14 40
1622748374074 14 41
1622748376073 14 42
1622748378077 14 43
1622748380118 14 44
1622748382212 14 45
1622748384336 14 46
1622748386493 14 47
1622748388678 14 48
1622748390914 14 49
1622748393125 14 50
1622748395457 14 51
1622748397812 14 52
1622748400174 14 53
1622748402601 14 54
1622748405025 14 55
1622748407596 14 56
1622748410120 14 57
1622748412675 14 58
1622748415250 14 59
1622748417846 14 60
1622748420492 14 61
1622748423185 14 62
1622748425922 14 63
1622748428714 14 64
1622748431497 14 65
1622748434347 14 66
1622748437190 14 67
1622748440093 14 68
1622748443052 14 69
1622748446037 14 70
1622748449104 14 71
1622748452184 14 72
1622748455324 14 73
1622748458502 14 74
1622748461663 14 75
1622748464898 14 76
1622748468163 14 77
1622748471440 14 78
1622748474709 14 79
1622748478000 14 80
1622748481351 14 81
1622748484794 14 82
1622748488249 14 83
1622748491741 14 84
1622748495272 14 85
1622748498833 14 86
1622748502413 14 87
1622748506049 14 88
1622748509767 14 89
1622748513504 14 90
1622748517244 14 91
1622748521033 14 92
1622748524840 14 93
1622748528703 14 94
1622748532574 14 95
1622748536482 14 96
1622748540423 14 97
1622748544439 14 98
1622748548467 14 99
1622748552529 14 100
1622748556637 14 101
1622748560768 14 102
1622748564879 14 103
1622748569048 14 104
1622748573252 14 105
1622748577559 14 106
1622748581894 14 107
1622748586248 14 108
1622748590608 14 109
1622748595057 14 110
1622748599484 14 111
1622748604022 14 112
1622748608521 14 113
1622748613102 14 114
1622748617684 14 115
1622748622290 14 116
1622748626957 14 117
1622748631613 14 118
1622748636332 14 119
1622748641120 14 120
1622748645968 14 121
1622748650782 14 122
1622748655657 14 123
1622748660612 14 124
1622748665602 14 125
1622748670585 14 126
1622748675633 14 127
1622748680677 14 128
1622748685791 14 129
1622748690909 14 130
1622748696076 14 131
1622748701294 14 132
1622748706618 14 133
1622748711989 14 134
1622748717282 14 135
1622748722642 14 136
1622748728068 14 137
1622748733515 14 138
1622748738999 14 139
1622748744501 14 140
1622748750032 14 141
1622748755650 14 142
1622748761327 14 143
1622748766926 14 144
1622748772597 14 145
1622748778331 14 146
1622748784084 14 147
1622748789871 14 148
1622748795724 14 149
1622748801609 14 150
1622748807558 14 151
1622748813486 14 152
1622748819483 14 153
1622748825553 14 154
1622748831652 14 155
1622748837739 14 156
1622748843847 14 157
1622748850050 14 158
1622748856231 14 159
1622748862437 14 160
1622748868674 14 161
1622748874954 14 162
1622748881246 14 163
1622748887587 14 164
1622748893982 14 165
1622748900442 14 166
1622748906962 14 167
1622748913459 14 168
1622748919973 14 169
1622748926588 14 170
1622748933194 14 171
1622748939829 14 172
1622748946425 14 173
1622748953226 14 174
1622748959970 14 175
1622748966789 14 176
1622748973613 14 177
1622748980519 14 178
1622748987621 14 179
1622748994656 14 180
1622749001710 14 181
1622749008659 14 182
1622749015687 14 183
1622749022724 14 184
1622749030880 14 185
1622749038077 14 186
1622749045296 14 187
1622749052581 14 188
1622749059827 14 189
1622749067112 14 190
1622749074505 14 191
1622749081884 14 192
1622749089290 14 193
1622749096780 14 194
1622749104317 14 195
1622749111861 14 196
1622749119387 14 197
1622749127034 14 198
1622749134711 14 199
1622749142448 14 200
1622749150199 14 201
1622749158115 14 202
1622749165914 14 203
1622749173756 14 204
1622749181752 14 205
1622749189692 14 206
1622749197642 14 207
1622749205662 14 208
1622749213713 14 209
1622749221761 14 210
1622749229837 14 211
1622749237962 14 212
1622749246177 14 213
1622749254444 14 214
1622749262744 14 215
1622749271107 14 216
1622749279460 14 217
1622749287798 14 218
1622749296192 14 219
1622749304657 14 220
1622749313135 14 221
1622749321563 14 222
1622749330101 14 223
1622749338749 14 224
1622749347353 14 225
1622749355972 14 226
1622749364591 14 227
1622749373341 14 228
1622749382114 14 229
1622749390914 14 230
1622749399783 14 231
1622749408662 14 232
1622749417606 14 233
1622749426539 14 234
1622749435521 14 235
1622749444597 14 236
1622749453737 14 237
1622749462881 14 238
1622749472037 14 239
1622749481216 14 240
1622749490414 14 241
1622749499596 14 242
1622749508878 14 243
1622749518153 14 244
1622749527461 14 245
1622749536791 14 246
1622749546217 14 247
1622749555651 14 248
1622749565104 14 249
1622749574569 14 250
1622749584073 14 251
1622749593679 14 252
1622749603315 14 253
1622749613925 14 254
1622749623617 14 255
1622749633325 14 256
1622749643149 14 257
1622749653058 14 258
1622749662963 14 259
1622749672848 14 260
1622749682753 14 261
1622749692691 14 262
1622749702738 14 263
1622749712707 14 264
1622749722794 14 265
1622749732888 14 266
1622749743055 14 267
1622749753244 14 268
1622749763585 14 269
1622749773794 14 270
1622749784033 14 271
1622749794312 14 272
1622749805616 14 273
1622749815909 14 274
1622749826251 14 275
1622749836691 14 276
1622749847093 14 277
1622749857523 14 278
1622749868039 14 279
1622749878532 14 280
1622749889093 14 281
1622749899700 14 282
1622749910342 14 283
1622749921015 14 284
1622749931750 14 285
1622749942496 14 286
1622749953216 14 287
1622749964020 14 288
1622749974820 14 289
1622749985682 14 290
1622749996559 14 291
1622750007467 14 292
1622750018405 14 293
1622750029363 14 294
1622750040326 14 295
1622750051396 14 296
1622750062561 14 297
1622750073732 14 298
1622750084925 14 299
1622750096129 14 300
1622750107394 14 301
1622750118710 14 302
1622750130098 14 303
1622750141458 14 304
1622750152884 14 305
1622750164349 14 306
1622750175827 14 307
1622750187365 14 308
1622750198955 14 309
1622750210585 14 310
1622750222173 14 311
1622750233850 14 312
1622750245621 14 313
1622750257431 14 314
1622750269232 14 315
1622750281123 14 316
1622750293053 14 317
1622750305249 14 318
1622750317100 14 319
1622750329107 14 320
1622750341096 14 321
1622750353035 14 322
1622750365098 14 323
1622750377146 14 324
1622750389352 14 325
1622750401561 14 326
1622750413852 14 327
1622750426104 14 328
1622750438487 14 329
1622750450893 14 330
1622750463334 14 331
1622750475731 14 332
1622750488148 14 333
1622750500675 14 334
1622750513173 14 335
1622750525573 14 336
1622750538145 14 337
1622750550713 14 338
1622750564404 14 339
1622750577260 14 340
1622750590041 14 341
1622750602944 14 342
1622750615891 14 343
1622750628886 14 344
1622750641783 14 345
1622750654768 14 346
1622750667803 14 347
1622750681154 14 348
1622750694305 14 349
1622750707475 14 350
1622750720612 14 351
1622750733908 14 352
1622750747172 14 353
1622750760425 14 354
1622750773768 14 355
1622750787144 14 356
1622750800531 14 357
1622750813928 14 358
1622750827408 14 359
1622750840868 14 360
1622750854331 14 361
1622750867833 14 362
1622750881438 14 363
1622750895006 14 364
1622750908707 14 365
1622750922391 14 366
1622750936076 14 367
1622750949859 14 368
1622750963789 14 369
1622750977720 14 370
1622750991639 14 371
1622751006541 14 372
1622751020544 14 373
1622751034544 14 374
1622751048606 14 375
1622751062659 14 376
1622751076818 14 377
1622751090938 14 378
1622751105054 14 379
1622751119277 14 380
1622751133560 14 381
1622751147878 14 382
1622751162240 14 383
1622751176818 14 384
1622751191339 14 385
1622751205788 14 386
1622751220269 14 387
1622751234935 14 388
1622751249459 14 389
1622751263988 14 390
1622751278716 14 391
1622751293386 14 392
1622751308082 14 393
1622751322702 14 394
1622751337463 14 395
1622751352322 14 396
1622751367079 14 397
1622751381967 14 398
1622751396850 14 399
1622751411740 14 400
1622751426706 14 401
1622751441680 14 402
1622751456630 14 403
1622751471696 14 404
1622751486750 14 405
1622751501842 14 406
1622751517005 14 407
1622751532181 14 408
1622751547378 14 409
1622751562640 14 410
1622751577940 14 411
1622751593318 14 412
1622751608812 14 413
1622751624334 14 414
1622751639890 14 415
1622751655386 14 416
1622751671089 14 417
1622751686600 14 418
1622751702142 14 419
1622751717748 14 420
1622751733308 14 421
1622751748979 14 422
1622751764740 14 423
1622751780635 14 424
1622751796468 14 425
1622751812273 14 426
1622751828115 14 427
1622751844031 14 428
1622751859896 14 429
1622751875849 14 430
1622751891915 14 431
1622751907860 14 432
1622751923888 14 433
1622751940029 14 434
1622751956272 14 435
1622751972390 14 436
1622751988555 14 437
1622752004857 14 438
1622752021286 14 439
1622752037522 14 440
1622752053850 14 441
1622752070146 14 442
1622752086508 14 443
1622752102923 14 444
1622752119519 14 445
1622752136064 14 446
1622752152644 14 447
1622752169329 14 448
1622752185943 14 449
1622752202566 14 450
1622752219250 14 451
1622752235996 14 452
1622752252857 14 453
1622752269783 14 454
1622752286614 14 455
1622752303550 14 456
1622752320605 14 457
1622752337603 14 458
1622752354638 14 459
1622752371726 14 460
1622752388814 14 461
1622752406031 14 462
1622752423220 14 463
1622752440544 14 464
1622752457676 14 465
1622752475159 14 466
1622752492419 14 467
1622752509839 14 468
1622752527259 14 469
1622752544690 14 470
1622752562188 14 471
1622752579750 14 472
1622752597299 14 473
1622752615563 14 474
1622752633195 14 475
1622752650815 14 476
1622752668530 14 477
1622752686209 14 478
1622752703921 14 479
1622752721675 14 480
1622752739449 14 481
1622752757148 14 482
1622752775066 14 483
1622752792980 14 484
1622752810890 14 485
1622752828983 14 486
1622752847194 14 487
1622752865491 14 488
1622752883625 14 489
1622752901860 14 490
1622752920065 14 491
1622752938358 14 492
1622752956627 14 493
1622752974858 14 494
1622752993241 14 495
1622753011600 14 496
1622753029904 14 497
1622753048269 14 498
1622753066738 14 499
1622753085329 14 500
