1622852312186 -296.47269092232204 0
1622852313720 -296.47269092232204 1
1622852315583 -296.47269092232204 2
1622852317803 -296.47269092232204 3
1622852320377 -296.47269092232204 4
1622852323293 -296.47269092232204 5
1622852326578 -296.47269092232204 6
1622852330268 -296.47269092232204 7
1622852334290 -296.47269092232204 8
1622852338629 -296.47269092232204 9
1622852343370 -296.47269092232204 10
1622852348449 -296.47269092232204 11
1622852353874 -296.47269092232204 12
1622852359660 -296.47269092232204 13
1622852365756 -296.47269092232204 14
1622852372260 -296.47269092232204 15
1622852379102 -296.47269092232204 16
1622852386255 -296.47269092232204 17
1622852393812 -296.47269092232204 18
1622852401783 -296.47269092232204 19
1622852410061 -296.47269092232204 20
1622852418744 -296.47269092232204 21
1622852427744 -296.47269092232204 22
1622852437194 -296.47269092232204 23
1622852446950 -296.47269092232204 24
1622852457003 -296.47269092232204 25
1622852467464 -296.47269092232204 26
1622852478309 -296.47269092232204 27
1622852489665 -296.47269092232204 28
1622852501154 -296.47269092232204 29
1622852513057 -296.47269092232204 30
1622852525342 -296.47269092232204 31
1622852537998 -296.47269092232204 32
1622852551055 -296.47269092232204 33
1622852564346 -296.47269092232204 34
1622852578002 -296.47269092232204 35
1622852592084 -296.47269092232204 36
1622852606465 -296.47269092232204 37
1622852621200 -296.47269092232204 38
1622852636433 -296.47269092232204 39
1622852654605 -296.47269092232204 40
1622852670685 -296.47269092232204 41
1622852687061 -296.47269092232204 42
1622852703822 -296.47269092232204 43
1622852720973 -296.47269092232204 44
1622852739308 -296.47269092232204 45
1622852756945 -296.47269092232204 46
1622852774914 -296.47269092232204 47
1622852793222 -296.47269092232204 48
1622852811836 -296.47269092232204 49
1622852830788 -296.47269092232204 50
1622852850112 -296.47269092232204 51
1622852869755 -296.47269092232204 52
1622852890004 -296.47269092232204 53
1622852910753 -296.47269092232204 54
1622852931593 -296.47269092232204 55
1622852952625 -296.47269092232204 56
1622852973997 -296.47269092232204 57
1622852995651 -296.47269092232204 58
1622853018117 -296.47269092232204 59
1622853040652 -296.47269092232204 60
1622853063473 -296.47269092232204 61
1622853086585 -296.47269092232204 62
1622853110009 -296.47269092232204 63
1622853133863 -296.47269092232204 64
1622853158132 -296.47269092232204 65
1622853182731 -296.47269092232204 66
1622853207611 -296.47269092232204 67
1622853232910 -296.47269092232204 68
1622853258932 -296.47269092232204 69
1622853287729 -296.47269092232204 70
1622853315334 -296.47269092232204 71
1622853343944 -296.47269092232204 72
1622853370866 -296.47269092232204 73
1622853398284 -296.47269092232204 74
1622853426162 -296.47269092232204 75
1622853454359 -296.47269092232204 76
1622853482650 -296.47269092232204 77
1622853511333 -296.47269092232204 78
1622853540486 -296.47269092232204 79
1622853569926 -296.47269092232204 80
1622853599826 -296.47269092232204 81
1622853630034 -296.47269092232204 82
1622853660596 -296.47269092232204 83
1622853691739 -296.47269092232204 84
1622853723056 -296.47269092232204 85
1622853754785 -296.47269092232204 86
1622853786736 -296.47269092232204 87
1622853819212 -296.47269092232204 88
1622853852177 -296.47269092232204 89
1622853885376 -296.47269092232204 90
1622853919883 -296.47269092232204 91
1622853953981 -296.47269092232204 92
1622853988441 -296.47269092232204 93
1622854023178 -296.47269092232204 94
1622854058047 -296.47269092232204 95
1622854093592 -296.47269092232204 96
1622854129538 -296.47269092232204 97
1622854165952 -296.47269092232204 98
1622854203659 -296.47269092232204 99
1622854240637 -296.47269092232204 100
1622854277934 -296.47269092232204 101
1622854315401 -296.47269092232204 102
1622854353276 -296.47269092232204 103
1622854391590 -296.47269092232204 104
1622854429470 -296.47269092232204 105
1622854467727 -296.47269092232204 106
1622854506356 -296.47269092232204 107
1622854545630 -296.47269092232204 108
1622854585171 -296.47269092232204 109
1622854624453 -296.47269092232204 110
1622854664204 -296.47269092232204 111
1622854704044 -296.47269092232204 112
1622854744208 -296.47269092232204 113
1622854784880 -296.47269092232204 114
1622854825726 -296.47269092232204 115
1622854867030 -296.47269092232204 116
1622854908800 -296.47269092232204 117
1622854950938 -296.47269092232204 118
1622854993126 -296.47269092232204 119
1622855035759 -296.47269092232204 120
1622855078628 -296.47269092232204 121
1622855122391 -296.47269092232204 122
1622855166145 -296.47269092232204 123
1622855210603 -296.47269092232204 124
1622855255081 -296.47269092232204 125
1622855299775 -296.47269092232204 126
1622855344844 -296.47269092232204 127
1622855390329 -296.47269092232204 128
1622855435997 -296.47269092232204 129
1622855482153 -296.47269092232204 130
1622855528855 -296.47269092232204 131
1622855578013 -296.47269092232204 132
1622855627688 -296.47269092232204 133
1622855675701 -296.47269092232204 134
1622855724002 -296.47269092232204 135
1622855773465 -296.47269092232204 136
1622855824171 -296.47269092232204 137
1622855873629 -296.47269092232204 138
1622855923579 -296.47269092232204 139
1622855973827 -296.47269092232204 140
1622856024394 -296.47269092232204 141
1622856075507 -296.47269092232204 142
1622856126650 -296.47269092232204 143
1622856178183 -296.47269092232204 144
1622856230164 -296.47269092232204 145
1622856282382 -296.47269092232204 146
1622856335962 -296.47269092232204 147
1622856388504 -296.47269092232204 148
1622856441338 -296.47269092232204 149
1622856494455 -296.47269092232204 150
1622856547927 -296.47269092232204 151
1622856601840 -296.47269092232204 152
1622856656375 -296.47269092232204 153
1622856711377 -296.47269092232204 154
1622856767299 -296.47269092232204 155
1622856822688 -296.47269092232204 156
1622856878704 -296.47269092232204 157
1622856935398 -296.47269092232204 158
1622856992438 -296.47269092232204 159
1622857049590 -296.47269092232204 160
1622857107245 -296.47269092232204 161
1622857165021 -296.47269092232204 162
1622857223166 -296.47269092232204 163
1622857281339 -296.47269092232204 164
1622857340504 -296.47269092232204 165
1622857400097 -296.47269092232204 166
1622857460203 -296.47269092232204 167
1622857520434 -296.47269092232204 168
1622857581088 -296.47269092232204 169
1622857642067 -296.47269092232204 170
1622857703417 -296.47269092232204 171
1622857765246 -296.47269092232204 172
1622857827208 -296.47269092232204 173
1622857889366 -296.47269092232204 174
1622857951947 -296.47269092232204 175
1622858015370 -296.47269092232204 176
1622858078714 -296.47269092232204 177
1622858142291 -296.47269092232204 178
1622858206535 -296.47269092232204 179
1622858270879 -296.47269092232204 180
1622858335766 -296.47269092232204 181
1622858400909 -296.47269092232204 182
1622858467574 -296.47269092232204 183
1622858533942 -296.47269092232204 184
1622858600972 -296.47269092232204 185
1622858668362 -296.47269092232204 186
1622858736002 -296.47269092232204 187
1622858804185 -296.47269092232204 188
1622858872575 -296.47269092232204 189
1622858940887 -296.47269092232204 190
1622859010634 -296.47269092232204 191
1622859080284 -296.47269092232204 192
1622859149840 -296.47269092232204 193
1622859219619 -296.47269092232204 194
1622859290044 -296.47269092232204 195
1622859362131 -296.47269092232204 196
1622859432887 -296.47269092232204 197
1622859504115 -296.47269092232204 198
1622859576003 -296.47269092232204 199
1622859648002 -296.47269092232204 200
1622859722863 -296.47269092232204 201
1622859795168 -296.47269092232204 202
1622859868144 -296.47269092232204 203
1622859941479 -296.47269092232204 204
1622860014961 -296.47269092232204 205
1622860089199 -296.47269092232204 206
1622860163298 -296.47269092232204 207
1622860237518 -296.47269092232204 208
1622860312311 -296.47269092232204 209
1622860387923 -296.47269092232204 210
1622860463538 -296.47269092232204 211
1622860539647 -296.47269092232204 212
1622860616252 -296.47269092232204 213
1622860694495 -296.47269092232204 214
1622860772117 -296.47269092232204 215
1622860850885 -296.47269092232204 216
1622860928989 -296.47269092232204 217
1622861007819 -296.47269092232204 218
1622861087290 -296.47269092232204 219
1622861166887 -296.47269092232204 220
1622861246644 -296.47269092232204 221
1622861326613 -296.47269092232204 222
1622861406750 -296.47269092232204 223
1622861487296 -296.47269092232204 224
1622861568114 -296.47269092232204 225
1622861649307 -296.47269092232204 226
1622861732638 -296.47269092232204 227
1622861815342 -296.47269092232204 228
1622861898004 -296.47269092232204 229
1622861981002 -296.47269092232204 230
1622862064512 -296.47269092232204 231
1622862148173 -296.47269092232204 232
1622862233405 -296.47269092232204 233
1622862318352 -296.47269092232204 234
1622862404957 -296.47269092232204 235
1622862490441 -296.47269092232204 236
1622862576079 -296.47269092232204 237
1622862661572 -296.47269092232204 238
1622862747818 -296.47269092232204 239
1622862834586 -296.47269092232204 240
1622862922698 -296.47269092232204 241
1622863010279 -296.47269092232204 242
1622863098028 -296.47269092232204 243
1622863185991 -296.47269092232204 244
1622863274102 -296.47269092232204 245
1622863362708 -296.47269092232204 246
1622863451856 -296.47269092232204 247
1622863540775 -296.47269092232204 248
1622863629554 -296.47269092232204 249
1622863718835 -296.47269092232204 250
1622863808622 -296.47269092232204 251
1622863898350 -296.47269092232204 252
1622863988905 -296.47269092232204 253
1622864081532 -296.47269092232204 254
1622864174415 -296.47269092232204 255
1622864266189 -296.47269092232204 256
1622864358165 -296.47269092232204 257
1622864451815 -296.47269092232204 258
1622864545546 -296.47269092232204 259
1622864641040 -296.47269092232204 260
1622864735570 -296.47269092232204 261
1622864831210 -296.47269092232204 262
1622864926667 -296.47269092232204 263
1622865021993 -296.47269092232204 264
1622865117120 -296.47269092232204 265
1622865212550 -296.47269092232204 266
1622865308799 -296.47269092232204 267
1622865405730 -296.47269092232204 268
1622865502249 -296.47269092232204 269
1622865599981 -296.47269092232204 270
1622865697484 -296.47269092232204 271
1622865794816 -296.47269092232204 272
1622865893086 -296.47269092232204 273
1622865991847 -296.47269092232204 274
1622866093382 -296.47269092232204 275
1622866193091 -296.47269092232204 276
1622866293447 -296.47269092232204 277
1622866395406 -296.47269092232204 278
1622866497267 -296.47269092232204 279
1622866600143 -296.47269092232204 280
1622866704151 -296.47269092232204 281
1622866807096 -296.47269092232204 282
1622866911248 -296.47269092232204 283
1622867015259 -296.47269092232204 284
1622867119470 -296.47269092232204 285
1622867224393 -296.47269092232204 286
1622867329621 -296.47269092232204 287
1622867434605 -296.47269092232204 288
1622867539966 -296.47269092232204 289
1622867645721 -296.47269092232204 290
1622867754818 -296.47269092232204 291
1622867862574 -296.47269092232204 292
1622867969324 -296.47269092232204 293
1622868077215 -296.47269092232204 294
1622868185819 -296.47269092232204 295
1622868293737 -296.47269092232204 296
1622868402314 -296.47269092232204 297
1622868511312 -296.47269092232204 298
1622868621048 -296.47269092232204 299
1622868734085 -296.47269092232204 300
1622868843418 -296.47269092232204 301
1622868953125 -296.47269092232204 302
1622869063816 -296.47269092232204 303
1622869174670 -296.47269092232204 304
1622869285359 -296.47269092232204 305
1622869396526 -296.47269092232204 306
1622869508099 -296.47269092232204 307
1622869619941 -296.47269092232204 308
1622869731655 -296.47269092232204 309
1622869844071 -296.47269092232204 310
1622869956657 -296.47269092232204 311
1622870069149 -296.47269092232204 312
1622870181906 -296.47269092232204 313
1622870295119 -296.47269092232204 314
1622870409100 -296.47269092232204 315
1622870523247 -296.47269092232204 316
1622870637593 -296.47269092232204 317
1622870752805 -296.47269092232204 318
1622870868078 -296.47269092232204 319
1622870983817 -296.47269092232204 320
1622871099694 -296.47269092232204 321
1622871216428 -296.47269092232204 322
1622871333842 -296.47269092232204 323
1622871451826 -296.47269092232204 324
1622871569510 -296.47269092232204 325
1622871688488 -296.47269092232204 326
1622871808087 -296.47269092232204 327
1622871929195 -296.47269092232204 328
1622872050448 -296.47269092232204 329
1622872173089 -296.47269092232204 330
1622872295868 -296.47269092232204 331
1622872417464 -296.47269092232204 332
1622872539479 -296.47269092232204 333
1622872661961 -296.47269092232204 334
1622872784714 -296.47269092232204 335
1622872908438 -296.47269092232204 336
1622873032490 -296.47269092232204 337
1622873156639 -296.47269092232204 338
1622873281062 -296.47269092232204 339
1622873406796 -296.47269092232204 340
1622873532256 -296.47269092232204 341
1622873660713 -296.47269092232204 342
1622873785770 -296.47269092232204 343
1622873911123 -296.47269092232204 344
1622874036068 -296.47269092232204 345
1622874162194 -296.47269092232204 346
1622874288176 -296.47269092232204 347
1622874415001 -296.47269092232204 348
1622874542345 -296.47269092232204 349
1622874668977 -296.47269092232204 350
1622874795442 -296.47269092232204 351
1622874922772 -296.47269092232204 352
1622875050973 -296.47269092232204 353
1622875178732 -296.47269092232204 354
1622875307247 -296.47269092232204 355
1622875436261 -296.47269092232204 356
1622875565865 -296.47269092232204 357
1622875695903 -296.47269092232204 358
1622875825979 -296.47269092232204 359
1622875956888 -296.47269092232204 360
1622876088317 -296.47269092232204 361
1622876220540 -296.47269092232204 362
1622876354879 -296.47269092232204 363
1622876486805 -296.47269092232204 364
1622876618399 -296.47269092232204 365
1622876750216 -296.47269092232204 366
1622876882886 -296.47269092232204 367
1622877016574 -296.47269092232204 368
1622877150758 -296.47269092232204 369
1622877284801 -296.47269092232204 370
1622877420674 -296.47269092232204 371
1622877558078 -296.47269092232204 372
1622877693373 -296.47269092232204 373
1622877828696 -296.47269092232204 374
1622877964857 -296.47269092232204 375
1622878101442 -296.47269092232204 376
1622878239278 -296.47269092232204 377
1622878377211 -296.47269092232204 378
1622878515647 -296.47269092232204 379
1622878654556 -296.47269092232204 380
1622878793865 -296.47269092232204 381
1622878933998 -296.47269092232204 382
1622879073731 -296.47269092232204 383
1622879214025 -296.47269092232204 384
1622879354381 -296.47269092232204 385
1622879493886 -296.47269092232204 386
1622879634653 -296.47269092232204 387
1622879778086 -296.47269092232204 388
1622879918709 -296.47269092232204 389
1622880061789 -296.47269092232204 390
1622880202961 -296.47269092232204 391
1622880344984 -296.47269092232204 392
1622880486528 -296.47269092232204 393
1622880628661 -296.47269092232204 394
1622880771083 -296.47269092232204 395
1622880915367 -296.47269092232204 396
1622881060212 -296.47269092232204 397
1622881204667 -296.47269092232204 398
1622881349720 -296.47269092232204 399
1622881495345 -296.47269092232204 400
1622881641639 -296.47269092232204 401
1622881787850 -296.47269092232204 402
1622881934355 -296.47269092232204 403
1622882081162 -296.47269092232204 404
1622882228559 -296.47269092232204 405
1622882376509 -296.47269092232204 406
1622882525957 -296.47269092232204 407
1622882676542 -296.47269092232204 408
1622882826943 -296.47269092232204 409
1622882977285 -296.47269092232204 410
1622883126943 -296.47269092232204 411
1622883278108 -296.47269092232204 412
1622883428263 -296.47269092232204 413
1622883580037 -296.47269092232204 414
1622883731685 -296.47269092232204 415
1622883885553 -296.47269092232204 416
1622884036513 -296.47269092232204 417
1622884188255 -296.47269092232204 418
1622884339708 -296.47269092232204 419
1622884491592 -296.47269092232204 420
1622884645316 -296.47269092232204 421
1622884798928 -296.47269092232204 422
1622884954472 -296.47269092232204 423
1622885109449 -296.47269092232204 424
1622885264963 -296.47269092232204 425
1622885420591 -296.47269092232204 426
1622885576373 -296.47269092232204 427
1622885732389 -296.47269092232204 428
1622885888907 -296.47269092232204 429
1622886045695 -296.47269092232204 430
1622886204078 -296.47269092232204 431
1622886364227 -296.47269092232204 432
1622886524075 -296.47269092232204 433
1622886684119 -296.47269092232204 434
1622886844454 -296.47269092232204 435
1622887005827 -296.47269092232204 436
1622887167044 -296.47269092232204 437
1622887327916 -296.47269092232204 438
1622887488780 -296.47269092232204 439
1622887650926 -296.47269092232204 440
1622887812808 -296.47269092232204 441
1622887974367 -296.47269092232204 442
1622888138716 -296.47269092232204 443
1622888302795 -296.47269092232204 444
1622888467220 -296.47269092232204 445
1622888629334 -296.47269092232204 446
1622888791557 -296.47269092232204 447
1622888955335 -296.47269092232204 448
1622889118235 -296.47269092232204 449
1622889284323 -296.47269092232204 450
1622889448134 -296.47269092232204 451
1622889615170 -296.47269092232204 452
1622889779416 -296.47269092232204 453
1622889943635 -296.47269092232204 454
1622890109626 -296.47269092232204 455
1622890279137 -296.47269092232204 456
1622890445356 -296.47269092232204 457
1622890613496 -296.47269092232204 458
1622890780855 -296.47269092232204 459
1622890948273 -296.47269092232204 460
1622891116008 -296.47269092232204 461
1622891283339 -296.47269092232204 462
1622891453931 -296.47269092232204 463
1622891623158 -296.47269092232204 464
1622891792350 -296.47269092232204 465
1622891961800 -296.47269092232204 466
1622892130010 -296.47269092232204 467
1622892300962 -296.47269092232204 468
1622892471909 -296.47269092232204 469
1622892642230 -296.47269092232204 470
1622892812880 -296.47269092232204 471
1622892983184 -296.47269092232204 472
1622893154159 -296.47269092232204 473
1622893328060 -296.47269092232204 474
1622893502293 -296.47269092232204 475
1622893675553 -296.47269092232204 476
1622893852389 -296.47269092232204 477
1622894026648 -296.47269092232204 478
1622894206107 -296.47269092232204 479
1622894383202 -296.47269092232204 480
1622894560639 -296.47269092232204 481
1622894739821 -296.47269092232204 482
1622894917162 -296.47269092232204 483
1622895094537 -296.47269092232204 484
1622895273261 -296.47269092232204 485
1622895451950 -296.47269092232204 486
1622895632141 -296.47269092232204 487
1622895811127 -296.47269092232204 488
1622895989299 -296.47269092232204 489
1622896167868 -296.47269092232204 490
1622896348370 -296.47269092232204 491
1622896526963 -296.47269092232204 492
1622896705742 -296.47269092232204 493
1622896884399 -296.47269092232204 494
1622897068807 -296.47269092232204 495
1622897253511 -296.47269092232204 496
1622897436670 -296.47269092232204 497
1622897620403 -296.47269092232204 498
1622897805029 -296.47269092232204 499
1622897990616 -296.47269092232204 500
