1622852312229 0.113 0
1622852313758 0.117 1
1622852315616 0.114 2
1622852317837 0.117 3
1622852320404 0.112 4
1622852323326 0.115 5
1622852326610 0.117 6
1622852330301 0.114 7
1622852334327 0.115 8
1622852338663 0.118 9
1622852343405 0.118 10
1622852348483 0.114 11
1622852353907 0.115 12
1622852359690 0.117 13
1622852365788 0.114 14
1622852372292 0.115 15
1622852379134 0.113 16
1622852386287 0.115 17
1622852393843 0.116 18
1622852401815 0.116 19
1622852410092 0.117 20
1622852418776 0.116 21
1622852427775 0.116 22
1622852437226 0.116 23
1622852446982 0.121 24
1622852457035 0.115 25
1622852467495 0.112 26
1622852478342 0.114 27
1622852489697 0.113 28
1622852501186 0.114 29
1622852513089 0.114 30
1622852525374 0.114 31
1622852538030 0.116 32
1622852551086 0.114 33
1622852564376 0.115 34
1622852578033 0.115 35
1622852592115 0.117 36
1622852606497 0.114 37
1622852621231 0.114 38
1622852636466 0.114 39
1622852654635 0.247 40
1622852670717 0.113 41
1622852687093 0.114 42
1622852703854 0.115 43
1622852721002 0.114 44
1622852739338 0.114 45
1622852756979 0.112 46
1622852774946 0.111 47
1622852793251 0.112 48
1622852811867 0.116 49
1622852830817 0.115 50
1622852850142 0.115 51
1622852869786 0.114 52
1622852890033 0.112 53
1622852910783 0.112 54
1622852931624 0.117 55
1622852952664 0.118 56
1622852974028 0.117 57
1622852995685 0.114 58
1622853018149 0.113 59
1622853040683 0.114 60
1622853063524 0.116 61
1622853086616 0.114 62
1622853110040 0.116 63
1622853133893 0.113 64
1622853158162 0.114 65
1622853182762 0.113 66
1622853207640 0.109 67
1622853232940 0.109 68
1622853258962 0.115 69
1622853287761 0.114 70
1622853315367 0.111 71
1622853343975 0.119 72
1622853370898 0.116 73
1622853398318 0.115 74
1622853426195 0.115 75
1622853454388 0.11 76
1622853482681 0.112 77
1622853511364 0.111 78
1622853540520 0.111 79
1622853569958 0.113 80
1622853599860 0.113 81
1622853630086 0.115 82
1622853660628 0.113 83
1622853691773 0.111 84
1622853723091 0.112 85
1622853754819 0.113 86
1622853786767 0.111 87
1622853819245 0.115 88
1622853852208 0.114 89
1622853885409 0.115 90
1622853919914 0.111 91
1622853954013 0.116 92
1622853988473 0.112 93
1622854023209 0.114 94
1622854058078 0.117 95
1622854093625 0.112 96
1622854129568 0.117 97
1622854165983 0.114 98
1622854203690 0.114 99
1622854240669 0.112 100
1622854277967 0.112 101
1622854315434 0.112 102
1622854353309 0.112 103
1622854391622 0.112 104
1622854429503 0.116 105
1622854467758 0.111 106
1622854506386 0.111 107
1622854545664 0.113 108
1622854585205 0.114 109
1622854624486 0.114 110
1622854664234 0.113 111
1622854704074 0.112 112
1622854744238 0.113 113
1622854784910 0.111 114
1622854825756 0.116 115
1622854867061 0.11 116
1622854908833 0.115 117
1622854950973 0.113 118
1622854993159 0.116 119
1622855035792 0.116 120
1622855078661 0.116 121
1622855122423 0.113 122
1622855166177 0.112 123
1622855210636 0.115 124
1622855255115 0.114 125
1622855299806 0.112 126
1622855344878 0.116 127
1622855390363 0.114 128
1622855436027 0.115 129
1622855482184 0.112 130
1622855528886 0.113 131
1622855578057 0.111 132
1622855627719 0.121 133
1622855675732 0.115 134
1622855724036 0.115 135
1622855773497 0.118 136
1622855824202 0.114 137
1622855873657 0.109 138
1622855923609 0.114 139
1622855973858 0.116 140
1622856024423 0.113 141
1622856075536 0.115 142
1622856126681 0.116 143
1622856178211 0.115 144
1622856230197 0.113 145
1622856282414 0.114 146
1622856335995 0.118 147
1622856388536 0.115 148
1622856441370 0.112 149
1622856494486 0.111 150
1622856547958 0.11 151
1622856601871 0.111 152
1622856656409 0.116 153
1622856711408 0.115 154
1622856767333 0.114 155
1622856822718 0.11 156
1622856878736 0.115 157
1622856935428 0.111 158
1622856992470 0.116 159
1622857049622 0.11 160
1622857107332 0.115 161
1622857165054 0.113 162
1622857223198 0.111 163
1622857281371 0.116 164
1622857340537 0.113 165
1622857400131 0.117 166
1622857460237 0.116 167
1622857520467 0.113 168
1622857581121 0.118 169
1622857642100 0.113 170
1622857703450 0.113 171
1622857765279 0.112 172
1622857827243 0.115 173
1622857889399 0.117 174
1622857951980 0.113 175
1622858015400 0.117 176
1622858078743 0.11 177
1622858142324 0.113 178
1622858206566 0.114 179
1622858270912 0.118 180
1622858335797 0.115 181
1622858400940 0.116 182
1622858467605 0.114 183
1622858533974 0.112 184
1622858601015 0.11 185
1622858668394 0.201 186
1622858736033 0.118 187
1622858804216 0.116 188
1622858872605 0.114 189
1622858940919 0.111 190
1622859010666 0.112 191
1622859080315 0.12 192
1622859149871 0.113 193
1622859219650 0.114 194
1622859290076 0.113 195
1622859362163 0.118 196
1622859432917 0.12 197
1622859504146 0.119 198
1622859576035 0.114 199
1622859648034 0.111 200
1622859722892 0.112 201
1622859795200 0.116 202
1622859868174 0.113 203
1622859941510 0.112 204
1622860014994 0.113 205
1622860089229 0.117 206
1622860163327 0.112 207
1622860237550 0.112 208
1622860312341 0.112 209
1622860387955 0.113 210
1622860463572 0.113 211
1622860539682 0.114 212
1622860616286 0.115 213
1622860694531 0.115 214
1622860772152 0.113 215
1622860850918 0.12 216
1622860929021 0.113 217
1622861007850 0.114 218
1622861087323 0.114 219
1622861166918 0.114 220
1622861246678 0.113 221
1622861326644 0.116 222
1622861406778 0.118 223
1622861487329 0.117 224
1622861568146 0.117 225
1622861649340 0.116 226
1622861732674 0.114 227
1622861815374 0.127 228
1622861898035 0.113 229
1622861981033 0.117 230
1622862064545 0.116 231
1622862148205 0.116 232
1622862233436 0.116 233
1622862318382 0.112 234
1622862404986 0.115 235
1622862490471 0.114 236
1622862576110 0.117 237
1622862661603 0.113 238
1622862747848 0.111 239
1622862834616 0.114 240
1622862922728 0.116 241
1622863010309 0.12 242
1622863098061 0.111 243
1622863186021 0.116 244
1622863274133 0.114 245
1622863362737 0.115 246
1622863451886 0.113 247
1622863540804 0.111 248
1622863629584 0.116 249
1622863718864 0.115 250
1622863808652 0.113 251
1622863898379 0.113 252
1622863988940 0.111 253
1622864081567 0.111 254
1622864174449 0.111 255
1622864266222 0.114 256
1622864358196 0.111 257
1622864451845 0.114 258
1622864545575 0.116 259
1622864641068 0.113 260
1622864735600 0.116 261
1622864831241 0.113 262
1622864926697 0.114 263
1622865022026 0.111 264
1622865117150 0.114 265
1622865212581 0.113 266
1622865308833 0.114 267
1622865405759 0.114 268
1622865502281 0.116 269
1622865600014 0.115 270
1622865697514 0.112 271
1622865794848 0.115 272
1622865893117 0.115 273
1622865991877 0.112 274
1622866093413 0.112 275
1622866193122 0.112 276
1622866293480 0.115 277
1622866395435 0.116 278
1622866497300 0.117 279
1622866600177 0.122 280
1622866704181 0.113 281
1622866807128 0.119 282
1622866911278 0.115 283
1622867015290 0.113 284
1622867119504 0.113 285
1622867224422 0.111 286
1622867329652 0.113 287
1622867434635 0.112 288
1622867539997 0.114 289
1622867645750 0.119 290
1622867754865 0.112 291
1622867862603 0.22 292
1622867969352 0.117 293
1622868077244 0.115 294
1622868185851 0.115 295
1622868293768 0.115 296
1622868402343 0.114 297
1622868511345 0.115 298
1622868621082 0.113 299
1622868734118 0.115 300
1622868843450 0.117 301
1622868953157 0.116 302
1622869063850 0.115 303
1622869174702 0.113 304
1622869285390 0.115 305
1622869396559 0.115 306
1622869508134 0.119 307
1622869619972 0.111 308
1622869731688 0.115 309
1622869844102 0.113 310
1622869956687 0.119 311
1622870069181 0.115 312
1622870181934 0.113 313
1622870295149 0.111 314
1622870409132 0.115 315
1622870523277 0.121 316
1622870637623 0.118 317
1622870752848 0.113 318
1622870868111 0.116 319
1622870983848 0.115 320
1622871099727 0.113 321
1622871216460 0.109 322
1622871333877 0.113 323
1622871451857 0.11 324
1622871569543 0.115 325
1622871688519 0.111 326
1622871808121 0.114 327
1622871929226 0.117 328
1622872050478 0.117 329
1622872173120 0.115 330
1622872295902 0.112 331
1622872417499 0.115 332
1622872539511 0.117 333
1622872661991 0.117 334
1622872784745 0.117 335
1622872908470 0.115 336
1622873032521 0.112 337
1622873156670 0.116 338
1622873281092 0.116 339
1622873406831 0.113 340
1622873532294 0.115 341
1622873660746 0.117 342
1622873785804 0.113 343
1622873911156 0.116 344
1622874036104 0.109 345
1622874162227 0.116 346
1622874288209 0.117 347
1622874415037 0.114 348
1622874542381 0.117 349
1622874669010 0.113 350
1622874795476 0.117 351
1622874922806 0.115 352
1622875051007 0.113 353
1622875178767 0.12 354
1622875307281 0.113 355
1622875436298 0.115 356
1622875565902 0.115 357
1622875695939 0.116 358
1622875826011 0.118 359
1622875956921 0.113 360
1622876088347 0.114 361
1622876220570 0.113 362
1622876354912 0.113 363
1622876486840 0.117 364
1622876618428 0.115 365
1622876750249 0.115 366
1622876882918 0.111 367
1622877016606 0.113 368
1622877150791 0.114 369
1622877284833 0.114 370
1622877420709 0.115 371
1622877558111 0.114 372
1622877693407 0.117 373
1622877828733 0.115 374
1622877964894 0.111 375
1622878101476 0.11 376
1622878239313 0.113 377
1622878377243 0.165 378
1622878515679 0.114 379
1622878654588 0.113 380
1622878793897 0.114 381
1622878934030 0.113 382
1622879073766 0.117 383
1622879214056 0.117 384
1622879354411 0.112 385
1622879493919 0.114 386
1622879634685 0.115 387
1622879778120 0.113 388
1622879918741 0.112 389
1622880061820 0.113 390
1622880202994 0.121 391
1622880345019 0.113 392
1622880486560 0.111 393
1622880628697 0.113 394
1622880771118 0.115 395
1622880915400 0.112 396
1622881060244 0.118 397
1622881204702 0.11 398
1622881349754 0.112 399
1622881495376 0.113 400
1622881641672 0.109 401
1622881787887 0.116 402
1622881934389 0.113 403
1622882081199 0.113 404
1622882228593 0.112 405
1622882376545 0.114 406
1622882525990 0.112 407
1622882676575 0.116 408
1622882826986 0.112 409
1622882977316 0.11 410
1622883126972 0.112 411
1622883278139 0.114 412
1622883428294 0.114 413
1622883580070 0.115 414
1622883731719 0.116 415
1622883885584 0.117 416
1622884036544 0.117 417
1622884188289 0.117 418
1622884339743 0.116 419
1622884491625 0.115 420
1622884645351 0.114 421
1622884798959 0.114 422
1622884954503 0.114 423
1622885109481 0.116 424
1622885264996 0.115 425
1622885420626 0.113 426
1622885576405 0.113 427
1622885732420 0.122 428
1622885888937 0.117 429
1622886045726 0.114 430
1622886204113 0.113 431
1622886364259 0.115 432
1622886524108 0.114 433
1622886684152 0.117 434
1622886844490 0.113 435
1622887005860 0.115 436
1622887167077 0.117 437
1622887327945 0.117 438
1622887488814 0.116 439
1622887650958 0.115 440
1622887812840 0.114 441
1622887974400 0.111 442
1622888138749 0.115 443
1622888302825 0.115 444
1622888467258 0.114 445
1622888629368 0.113 446
1622888791592 0.113 447
1622888955374 0.116 448
1622889118268 0.22 449
1622889284380 0.116 450
1622889448167 0.113 451
1622889615203 0.114 452
1622889779449 0.119 453
1622889943670 0.116 454
1622890109658 0.119 455
1622890279170 0.113 456
1622890445389 0.11 457
1622890613531 0.113 458
1622890780889 0.115 459
1622890948306 0.115 460
1622891116041 0.115 461
1622891283378 0.114 462
1622891453963 0.113 463
1622891623189 0.117 464
1622891792383 0.12 465
1622891961831 0.115 466
1622892130043 0.114 467
1622892300994 0.116 468
1622892471942 0.115 469
1622892642262 0.116 470
1622892812912 0.111 471
1622892983218 0.112 472
1622893154195 0.113 473
1622893328095 0.116 474
1622893502329 0.117 475
1622893675589 0.119 476
1622893852423 0.115 477
1622894026681 0.11 478
1622894206138 0.238 479
1622894383233 0.116 480
1622894560671 0.113 481
1622894739855 0.114 482
1622894917194 0.115 483
1622895094570 0.115 484
1622895273295 0.115 485
1622895451985 0.114 486
1622895632173 0.115 487
1622895811162 0.113 488
1622895989332 0.113 489
1622896167901 0.117 490
1622896348404 0.112 491
1622896526997 0.125 492
1622896705774 0.118 493
1622896884431 0.114 494
1622897068839 0.115 495
1622897253540 0.113 496
1622897436702 0.118 497
1622897620437 0.117 498
1622897805060 0.116 499
1622897990648 0.113 500
