1622763086236 0.121 0
1622763087723 0.125 1
1622763089541 0.115 2
1622763091697 0.113 3
1622763094223 0.114 4
1622763097099 0.115 5
1622763100353 0.115 6
1622763103975 0.113 7
1622763107951 0.114 8
1622763112281 0.115 9
1622763116959 0.115 10
1622763121979 0.115 11
1622763127445 0.117 12
1622763133228 0.113 13
1622763139364 0.116 14
1622763145805 0.114 15
1622763152609 0.115 16
1622763161669 0.112 17
1622763169229 0.113 18
1622763177129 0.111 19
1622763185464 0.114 20
1622763194088 0.115 21
1622763203088 0.113 22
1622763212419 0.113 23
1622763222132 0.116 24
1622763232117 0.116 25
1622763242549 0.113 26
1622763253322 0.114 27
1622763265544 0.116 28
1622763278096 0.12 29
1622763289977 0.117 30
1622763303553 0.115 31
1622763316767 0.212 32
1622763329666 0.113 33
1622763342950 0.114 34
1622763357218 0.118 35
1622763371219 0.113 36
1622763385563 0.111 37
1622763400310 0.115 38
1622763415403 0.114 39
1622763430944 0.113 40
1622763446745 0.116 41
1622763462966 0.112 42
1622763479564 0.114 43
1622763496568 0.116 44
1622763513906 0.114 45
1622763531530 0.115 46
1622763549413 0.113 47
1622763567701 0.115 48
1622763586456 0.114 49
1622763605537 0.112 50
1622763624971 0.114 51
1622763644786 0.114 52
1622763666851 0.113 53
1622763687417 0.113 54
1622763709252 0.118 55
1622763730307 0.112 56
1622763752856 0.111 57
1622763775556 0.206 58
1622763797892 0.113 59
1622763821548 0.11 60
1622763844769 0.115 61
1622763869432 0.114 62
1622763894758 0.125 63
1622763918982 0.118 64
1622763943593 0.115 65
1622763968448 0.115 66
1622763993729 0.114 67
1622764019339 0.113 68
1622764045265 0.115 69
1622764071575 0.116 70
1622764098159 0.117 71
1622764125145 0.115 72
1622764153279 0.113 73
1622764181065 0.144 74
1622764210927 0.112 75
1622764240348 0.115 76
1622764269280 0.113 77
1622764300966 0.15 78
1622764332313 0.118 79
1622764362169 0.112 80
1622764392478 0.11 81
1622764423152 0.114 82
1622764454092 0.112 83
1622764485326 0.115 84
1622764516888 0.109 85
1622764548788 0.111 86
1622764582652 0.111 87
1622764615260 0.116 88
1622764648512 0.115 89
1622764683543 0.115 90
1622764717343 0.114 91
1622764753466 0.114 92
1622764788846 0.113 93
1622764823688 0.113 94
1622764858834 0.112 95
1622764896159 0.115 96
1622764934498 0.119 97
1622764973798 0.113 98
1622765011570 0.121 99
1622765048707 0.115 100
1622765089133 0.114 101
1622765129006 0.113 102
1622765171094 0.117 103
1622765211017 0.113 104
1622765249763 0.114 105
1622765289224 0.114 106
1622765330449 0.115 107
1622765370521 0.116 108
1622765410722 0.119 109
1622765455753 0.115 110
1622765498931 0.115 111
1622765541800 0.116 112
1622765583654 0.112 113
1622765628765 0.113 114
1622765673185 0.113 115
1622765716185 0.112 116
1622765760238 0.114 117
1622765805113 0.112 118
1622765851896 0.117 119
1622765896329 0.118 120
1622765943450 0.117 121
1622765988498 0.115 122
1622766034549 0.115 123
1622766081032 0.111 124
1622766127190 0.116 125
1622766173582 0.114 126
1622766220388 0.112 127
1622766267717 0.114 128
1622766315216 0.116 129
1622766363167 0.111 130
1622766412557 0.115 131
1622766461443 0.118 132
1622766510179 0.113 133
1622766560382 0.115 134
1622766610206 0.114 135
1622766660013 0.114 136
1622766712189 0.116 137
1622766762891 0.112 138
1622766814860 0.114 139
1622766866330 0.113 140
1622766921667 0.113 141
1622766977705 0.12 142
1622767032215 0.193 143
1622767085127 0.114 144
1622767138454 0.111 145
1622767194033 0.114 146
1622767248869 0.114 147
1622767303063 0.117 148
1622767358828 0.114 149
1622767414763 0.112 150
1622767469881 0.112 151
1622767528186 0.116 152
1622767585453 0.113 153
1622767641759 0.114 154
1622767699742 0.114 155
1622767757155 0.117 156
1622767815102 0.113 157
1622767875506 0.115 158
1622767939532 0.115 159
1622767999103 0.11 160
1622768060207 0.114 161
1622768121997 0.159 162
1622768184742 0.117 163
1622768246285 0.114 164
1622768308895 0.113 165
1622768369749 0.116 166
1622768434576 0.114 167
1622768500985 0.117 168
1622768565089 0.115 169
1622768627496 0.119 170
1622768691424 0.118 171
1622768755629 0.117 172
1622768819161 0.114 173
1622768884456 0.115 174
1622768949767 0.112 175
1622769014540 0.113 176
1622769080856 0.114 177
1622769149995 0.117 178
1622769217623 0.111 179
1622769288204 0.116 180
1622769355999 0.111 181
1622769423840 0.115 182
1622769493156 0.123 183
1622769560482 0.113 184
1622769628535 0.114 185
1622769700054 0.12 186
1622769773234 0.111 187
1622769843362 0.117 188
1622769915026 0.116 189
1622769987980 0.128 190
1622770061368 0.115 191
1622770133286 0.113 192
1622770204905 0.12 193
1622770278044 0.115 194
1622770351362 0.113 195
1622770424605 0.112 196
1622770496315 0.117 197
1622770568441 0.114 198
1622770640915 0.113 199
1622770714438 0.117 200
1622770787700 0.113 201
1622770863957 0.116 202
1622770939260 0.116 203
1622771015494 0.114 204
1622771090427 0.112 205
1622771165601 0.114 206
1622771244503 0.113 207
1622771324242 0.114 208
1622771403161 0.113 209
1622771483863 0.116 210
1622771561228 0.115 211
1622771638797 0.114 212
1622771717625 0.116 213
1622771800818 0.115 214
1622771881102 0.116 215
1622771964389 0.113 216
1622772045910 0.112 217
1622772125878 0.114 218
1622772206072 0.113 219
1622772288712 0.121 220
1622772371467 0.112 221
1622772458550 0.113 222
1622772543604 0.113 223
1622772629500 0.12 224
1622772712519 0.116 225
1622772796483 0.113 226
1622772880749 0.115 227
1622772966359 0.114 228
1622773050163 0.114 229
1622773137111 0.113 230
1622773221153 0.117 231
1622773305801 0.115 232
1622773391425 0.111 233
1622773477922 0.114 234
1622773567351 0.111 235
1622773657858 0.202 236
1622773746505 0.116 237
1622773836555 0.112 238
1622773926656 0.115 239
1622774019865 0.115 240
1622774112284 0.113 241
1622774200514 0.111 242
1622774294578 0.111 243
1622774388220 0.114 244
1622774484255 0.117 245
1622774574878 0.113 246
1622774669293 0.12 247
1622774759587 0.115 248
1622774856218 0.114 249
1622774950679 0.115 250
1622775044125 0.114 251
1622775139696 0.113 252
1622775235590 0.116 253
1622775330681 0.114 254
1622775430331 0.112 255
1622775527856 0.112 256
1622775622626 0.116 257
1622775717925 0.111 258
1622775815509 0.11 259
1622775913448 0.112 260
1622776009251 0.112 261
1622776105460 0.116 262
1622776201692 0.116 263
1622776300934 0.116 264
1622776403212 0.113 265
1622776500653 0.114 266
1622776597788 0.115 267
1622776703515 0.114 268
1622776805275 0.114 269
1622776913033 0.117 270
1622777015566 0.114 271
1622777117325 0.113 272
1622777217500 0.117 273
1622777318038 0.113 274
1622777421178 0.114 275
1622777525302 0.116 276
1622777628189 0.113 277
1622777729501 0.112 278
1622777831148 0.111 279
1622777936977 0.113 280
1622778039559 0.115 281
1622778142912 0.112 282
1622778246162 0.111 283
1622778352907 0.116 284
1622778457285 0.119 285
1622778566728 0.118 286
1622778677679 0.119 287
1622778785107 0.117 288
1622778890114 0.114 289
1622778999253 0.113 290
1622779104762 0.117 291
1622779213474 0.112 292
1622779322339 0.112 293
1622779432492 0.122 294
1622779543852 0.114 295
1622779653583 0.113 296
1622779762042 0.114 297
1622779871790 0.115 298
1622779980641 0.114 299
1622780091773 0.112 300
1622780203029 0.116 301
1622780313193 0.112 302
1622780425926 0.114 303
1622780539984 0.115 304
1622780652697 0.113 305
1622780764388 0.115 306
1622780876559 0.114 307
1622780990072 0.113 308
1622781106745 0.114 309
1622781221812 0.112 310
1622781336127 0.115 311
1622781453014 0.112 312
1622781567156 0.112 313
1622781681734 0.114 314
1622781803290 0.113 315
1622781921281 0.113 316
1622782037408 0.115 317
1622782156482 0.116 318
1622782273427 0.112 319
1622782391612 0.112 320
1622782511562 0.122 321
1622782629135 0.114 322
1622782747482 0.115 323
1622782868630 0.113 324
1622782987100 0.117 325
1622783106733 0.114 326
1622783229811 0.11 327
1622783354753 0.112 328
1622783475538 0.114 329
1622783595903 0.114 330
1622783720847 0.113 331
1622783845655 0.115 332
1622783966852 0.113 333
1622784087933 0.118 334
1622784209886 0.113 335
1622784332103 0.112 336
1622784461652 0.113 337
1622784587191 0.115 338
1622784711081 0.111 339
1622784835929 0.116 340
1622784961559 0.113 341
1622785089681 0.112 342
1622785218482 0.112 343
1622785344382 0.111 344
1622785470377 0.113 345
1622785599501 0.115 346
1622785726671 0.111 347
1622785856703 0.112 348
1622785988051 0.117 349
1622786117809 0.109 350
1622786249349 0.111 351
1622786379425 0.115 352
1622786515250 0.114 353
1622786645435 0.116 354
1622786775356 0.117 355
1622786905028 0.117 356
1622787039190 0.115 357
1622787171840 0.126 358
1622787302983 0.116 359
1622787441892 0.115 360
1622787573487 0.115 361
1622787708054 0.116 362
1622787844736 0.114 363
1622787984322 0.118 364
1622788123114 0.117 365
1622788261626 0.111 366
1622788398331 0.111 367
1622788534279 0.115 368
1622788669199 0.116 369
1622788806489 0.116 370
1622788942308 0.115 371
1622789082182 0.114 372
1622789221944 0.114 373
1622789360607 0.114 374
1622789497927 0.115 375
1622789635920 0.115 376
1622789776347 0.114 377
1622789915441 0.111 378
1622790054549 0.113 379
1622790194275 0.115 380
1622790337245 0.193 381
1622790480823 0.116 382
1622790623211 0.112 383
1622790765624 0.114 384
1622790909407 0.121 385
1622791051313 0.116 386
1622791196251 0.116 387
1622791337616 0.113 388
1622791478806 0.112 389
1622791623155 0.113 390
1622791767542 0.112 391
1622791911897 0.115 392
1622792054406 0.114 393
1622792199764 0.114 394
1622792345072 0.116 395
1622792492252 0.112 396
1622792639084 0.112 397
1622792784161 0.11 398
1622792932041 0.114 399
1622793081190 0.116 400
1622793232308 0.115 401
1622793393335 0.116 402
1622793541862 0.115 403
1622793697206 0.116 404
1622793844775 0.11 405
1622793993020 0.114 406
1622794143513 0.116 407
1622794293546 0.115 408
1622794442591 0.116 409
1622794596476 0.117 410
1622794748541 0.118 411
1622794900651 0.116 412
1622795054577 0.115 413
1622795207170 0.118 414
1622795357099 0.116 415
1622795510043 0.112 416
1622795667954 0.115 417
1622795819719 0.115 418
1622795976571 0.112 419
1622796130189 0.115 420
1622796286683 0.114 421
1622796443837 0.116 422
1622796601993 0.116 423
1622796755977 0.112 424
1622796912410 0.113 425
1622797067565 0.113 426
1622797225387 0.116 427
1622797383233 0.116 428
1622797542623 0.116 429
1622797700599 0.118 430
1622797866946 0.119 431
1622798024880 0.117 432
1622798187432 0.116 433
1622798350009 0.116 434
1622798513804 0.115 435
1622798672018 0.115 436
1622798830386 0.118 437
1622798992988 0.115 438
1622799159466 0.112 439
1622799325453 0.118 440
1622799490076 0.115 441
1622799657561 0.224 442
1622799819503 0.115 443
1622799985802 0.116 444
1622800150879 0.114 445
1622800317850 0.175 446
1622800481431 0.112 447
1622800647202 0.111 448
1622800815518 0.113 449
1622800979922 0.114 450
1622801149105 0.117 451
1622801312865 0.114 452
1622801485411 0.117 453
1622801656858 0.116 454
1622801822181 0.115 455
1622801998073 0.115 456
1622802167150 0.115 457
1622802337771 0.117 458
1622802507495 0.119 459
1622802679655 0.114 460
1622802850265 0.116 461
1622803022203 0.113 462
1622803191321 0.113 463
1622803361324 0.114 464
1622803533372 0.116 465
1622803703766 0.117 466
1622803874523 0.115 467
1622804049542 0.117 468
1622804220886 0.123 469
1622804393479 0.114 470
1622804567581 0.111 471
1622804740095 0.115 472
1622804914597 0.113 473
1622805088641 0.115 474
1622805263905 0.114 475
1622805438951 0.114 476
1622805616267 0.112 477
1622805794676 0.112 478
1622805970151 0.124 479
1622806153198 0.11 480
1622806330267 0.115 481
1622806507790 0.111 482
1622806688880 0.113 483
1622806865919 0.113 484
1622807046788 0.195 485
1622807229241 0.197 486
1622807411707 0.117 487
1622807593110 0.116 488
1622807770589 0.117 489
1622807951055 0.115 490
1622808133552 0.113 491
1622808314973 0.112 492
1622808496303 0.114 493
1622808675312 0.113 494
1622808857431 0.113 495
1622809045932 0.115 496
1622809230379 0.118 497
1622809416492 0.115 498
1622809598556 0.112 499
1622809783543 0.112 500
