1622763086258 0.01 0
1622763087740 1.312 1
1622763089555 2.963 2
1622763091710 4.959 3
1622763094235 7.324999999999999 4
1622763097112 10.039 5
1622763100365 13.133 6
1622763103988 16.599 7
1622763107964 20.415 8
1622763112294 24.585 9
1622763116972 29.105 10
1622763121992 33.964 11
1622763127458 39.266999999999996 12
1622763133242 44.888999999999996 13
1622763139378 50.861 14
1622763145819 57.138999999999996 15
1622763152623 63.781 16
1622763161683 72.68299999999999 17
1622763169243 80.08399999999999 18
1622763177142 87.82699999999998 19
1622763185478 96.00299999999999 20
1622763194102 104.46699999999998 21
1622763203102 113.30799999999998 22
1622763212432 122.47799999999998 23
1622763222145 132.027 24
1622763232131 141.85 25
1622763242563 152.12199999999999 26
1622763253335 162.73399999999998 27
1622763265558 174.79099999999997 28
1622763278110 187.17599999999996 29
1622763289990 198.89399999999995 30
1622763303569 212.29799999999994 31
1622763316780 225.25099999999995 32
1622763329679 237.99299999999994 33
1622763342963 251.11799999999994 34
1622763357232 265.2219999999999 35
1622763371232 279.06299999999993 36
1622763385577 293.24999999999994 37
1622763400323 307.83599999999996 38
1622763415415 322.77 39
1622763430958 338.15299999999996 40
1622763446758 353.79099999999994 41
1622763462979 369.8539999999999 42
1622763479578 386.2919999999999 43
1622763496580 403.1359999999999 44
1622763513918 420.3149999999999 45
1622763531543 437.7809999999999 46
1622763549425 455.50799999999987 47
1622763567714 473.63599999999985 48
1622763586469 492.22999999999985 49
1622763605550 511.15499999999986 50
1622763624985 530.4299999999998 51
1622763644800 550.0839999999998 52
1622763666863 571.9899999999998 53
1622763687430 592.3999999999997 54
1622763709265 614.0729999999998 55
1622763730319 634.9709999999998 56
1622763752870 657.3629999999998 57
1622763775568 679.8099999999998 58
1622763797904 701.9899999999998 59
1622763821561 725.4929999999998 60
1622763844782 748.5529999999998 61
1622763869445 773.0559999999998 62
1622763894772 798.2099999999998 63
1622763918994 822.2699999999998 64
1622763943607 846.7199999999998 65
1622763968461 871.4129999999998 66
1622763993743 896.5349999999997 67
1622764019352 921.9839999999997 68
1622764045279 947.7489999999997 69
1622764071587 973.8969999999997 70
1622764098173 1000.3189999999997 71
1622764125158 1027.1449999999998 72
1622764153293 1055.1159999999998 73
1622764181078 1082.7109999999998 74
1622764210940 1112.4149999999997 75
1622764240361 1141.6749999999997 76
1622764269294 1170.4479999999996 77
1622764300993 1201.9279999999997 78
1622764332327 1233.0899999999997 79
1622764362182 1262.7859999999996 80
1622764392491 1292.9379999999996 81
1622764423166 1323.4509999999996 82
1622764454107 1354.2309999999995 83
1622764485341 1385.3009999999995 84
1622764516903 1416.7049999999995 85
1622764548802 1448.4469999999994 86
1622764582666 1482.1499999999994 87
1622764615274 1514.5949999999993 88
1622764648525 1547.6849999999993 89
1622764683557 1582.5559999999994 90
1622764717356 1616.1959999999995 91
1622764753479 1652.1619999999994 92
1622764788859 1687.3839999999993 93
1622764823702 1722.0669999999993 94
1622764858850 1757.0499999999993 95
1622764896174 1794.2089999999994 96
1622764934512 1832.3779999999995 97
1622764973812 1871.5169999999994 98
1622765011585 1909.1169999999993 99
1622765048722 1946.0889999999993 100
1622765089147 1986.3509999999992 101
1622765129020 2026.0629999999992 102
1622765171106 2067.9879999999994 103
1622765211031 2107.7539999999995 104
1622765249777 2146.3379999999993 105
1622765289239 2185.6349999999993 106
1622765330463 2226.6979999999994 107
1622765370536 2266.6059999999993 108
1622765410737 2306.6369999999993 109
1622765455769 2351.5009999999993 110
1622765498944 2394.513999999999 111
1622765541813 2437.220999999999 112
1622765583667 2478.916999999999 113
1622765628778 2523.868999999999 114
1622765673198 2568.1299999999987 115
1622765716198 2610.9729999999986 116
1622765760253 2654.8649999999984 117
1622765805126 2699.5809999999983 118
1622765851909 2746.200999999998 119
1622765896340 2790.470999999998 120
1622765943462 2837.432999999998 121
1622765988510 2882.3239999999983 122
1622766034563 2928.211999999998 123
1622766081047 2974.532999999998 124
1622766127203 3020.526999999998 125
1622766173595 3066.758999999998 126
1622766220402 3113.4069999999983 127
1622766267730 3160.575999999998 128
1622766315229 3207.907999999998 129
1622766363180 3255.700999999998 130
1622766412570 3304.927999999998 131
1622766461457 3353.647999999998 132
1622766510194 3402.2229999999977 133
1622766560395 3452.2629999999976 134
1622766610221 3501.9239999999977 135
1622766660025 3551.5689999999977 136
1622766712204 3603.5819999999976 137
1622766762906 3654.120999999998 138
1622766814872 3705.928999999998 139
1622766866344 3757.241999999998 140
1622766921680 3812.419999999998 141
1622766977721 3868.2809999999977 142
1622767032230 3922.544999999998 143
1622767085141 3975.2919999999976 144
1622767138467 4028.4599999999978 145
1622767194048 4083.875999999998 146
1622767248881 4138.549999999998 147
1622767303076 4192.5819999999985 148
1622767358840 4248.186999999998 149
1622767414778 4303.963999999998 150
1622767469895 4358.919999999998 151
1622767528201 4417.059999999999 152
1622767585467 4474.162999999999 153
1622767641773 4530.308999999998 154
1622767699757 4588.128999999998 155
1622767757168 4645.376999999998 156
1622767815116 4703.162999999998 157
1622767875520 4763.403999999998 158
1622767939545 4827.261999999998 159
1622767999116 4886.675999999998 160
1622768060221 4947.613999999998 161
1622768122012 5009.194999999998 162
1622768184757 5071.770999999998 163
1622768246299 5133.148999999998 164
1622768308908 5195.595999999998 165
1622768369764 5256.283999999998 166
1622768434590 5320.946999999997 167
1622768500996 5387.189999999998 168
1622768565104 5451.131999999998 169
1622768627512 5513.368999999998 170
1622768691439 5577.127999999998 171
1622768755642 5641.165999999997 172
1622768819175 5704.537999999998 173
1622768884470 5769.668999999998 174
1622768949782 5834.818999999998 175
1622769014554 5899.426999999998 176
1622769080871 5965.577999999998 177
1622769150009 6034.549999999997 178
1622769217635 6102.0189999999975 179
1622769288217 6172.437999999997 180
1622769356013 6240.075999999997 181
1622769423853 6307.753999999997 182
1622769493169 6376.898999999998 183
1622769560496 6444.063999999998 184
1622769628550 6511.9519999999975 185
1622769700067 6583.300999999998 186
1622769773249 6656.322999999998 187
1622769843375 6726.284999999998 188
1622769915040 6797.780999999998 189
1622769987994 6870.555999999998 190
1622770061382 6943.780999999998 191
1622770133299 7015.536999999998 192
1622770204918 7086.9879999999985 193
1622770278057 7159.9659999999985 194
1622770351375 7233.123999999999 195
1622770424618 7306.208999999999 196
1622770496331 7377.753999999999 197
1622770568456 7449.713999999999 198
1622770640928 7522.024999999999 199
1622770714452 7595.382999999999 200
1622770787714 7668.482999999999 201
1622770863970 7744.575999999999 202
1622770939273 7819.714999999999 203
1622771015508 7895.786999999999 204
1622771090440 7970.561 205
1622771165617 8045.572999999999 206
1622771244517 8124.311 207
1622771324258 8203.886 208
1622771403174 8282.643 209
1622771483876 8363.184 210
1622771561241 8440.389 211
1622771638809 8517.798999999999 212
1622771717638 8596.463 213
1622771800831 8679.494 214
1622771881115 8759.614000000001 215
1622771964403 8842.741000000002 216
1622772045923 8924.102000000003 217
1622772125890 9003.911000000002 218
1622772206086 9083.945000000002 219
1622772288725 9166.417000000001 220
1622772371481 9249.012 221
1622772458563 9335.935000000001 222
1622772543617 9420.824 223
1622772629513 9506.555 224
1622772712532 9589.411 225
1622772796496 9673.216 226
1622772880763 9757.32 227
1622772966373 9842.768 228
1622773050177 9926.409 229
1622773137123 10013.198 230
1622773221166 10097.077000000001 231
1622773305814 10181.565 232
1622773391438 10267.031 233
1622773477935 10353.366 234
1622773567366 10442.626 235
1622773657873 10532.875 236
1622773746517 10621.357 237
1622773836567 10711.249 238
1622773926669 10801.189 239
1622774019878 10894.237000000001 240
1622774112297 10986.498000000001 241
1622774200528 11074.570000000002 242
1622774294592 11168.476000000002 243
1622774388233 11261.956000000002 244
1622774484268 11357.827000000001 245
1622774574891 11448.289 246
1622774669306 11542.537 247
1622774759599 11632.671 248
1622774856232 11729.142 249
1622774950690 11823.441 250
1622775044139 11916.728000000001 251
1622775139710 12012.138 252
1622775235602 12107.869 253
1622775330694 12202.799 254
1622775430345 12302.289 255
1622775527870 12399.655 256
1622775622640 12494.258 257
1622775717938 12589.396999999999 258
1622775815523 12686.822999999999 259
1622775913462 12784.600999999999 260
1622776009264 12880.243999999999 261
1622776105473 12976.291 262
1622776201706 13072.358999999999 263
1622776300948 13171.434 264
1622776403227 13273.55 265
1622776500666 13370.828 266
1622776597802 13467.798999999999 267
1622776703528 13573.362 268
1622776805288 13674.958999999999 269
1622776913046 13782.552999999998 270
1622777015579 13884.924999999997 271
1622777117338 13986.521999999997 272
1622777217513 14086.530999999997 273
1622777318052 14186.906999999997 274
1622777421191 14289.884999999997 275
1622777525316 14393.844999999996 276
1622777628203 14496.569999999996 277
1622777729513 14597.718999999996 278
1622777831162 14699.205999999995 279
1622777936991 14804.872999999994 280
1622778039574 14907.287999999995 281
1622778142926 15010.478999999996 282
1622778246176 15113.567999999996 283
1622778352921 15220.147999999996 284
1622778457300 15324.354999999996 285
1622778566742 15433.629999999996 286
1622778677692 15544.412999999995 287
1622778785122 15651.673999999995 288
1622778890128 15756.513999999996 289
1622778999268 15865.488999999996 290
1622779104776 15970.829999999996 291
1622779213488 16079.377999999997 292
1622779322353 16188.079999999996 293
1622779432504 16297.965999999997 294
1622779543866 16409.164999999997 295
1622779653597 16518.731999999996 296
1622779762056 16627.027999999995 297
1622779871804 16736.609999999993 298
1622779980655 16845.296999999995 299
1622780091786 16956.267999999996 300
1622780203043 17067.361999999997 301
1622780313206 17177.361999999997 302
1622780425939 17289.933999999997 303
1622780539997 17403.831 304
1622780652710 17516.385 305
1622780764401 17627.915999999997 306
1622780876572 17739.924999999996 307
1622780990084 17853.277999999995 308
1622781106761 17969.785999999996 309
1622781221827 18084.687999999995 310
1622781336143 18198.833999999995 311
1622781453030 18315.554999999997 312
1622781567172 18429.529999999995 313
1622781681749 18543.941999999995 314
1622781803307 18665.332999999995 315
1622781921296 18783.154999999995 316
1622782037422 18899.115999999995 317
1622782156497 19018.022999999994 318
1622782273440 19134.806999999993 319
1622782391627 19252.829999999994 320
1622782511579 19372.601999999995 321
1622782629149 19490.000999999997 322
1622782747498 19608.180999999997 323
1622782868647 19729.158999999996 324
1622782987118 19847.451999999997 325
1622783106748 19966.912999999997 326
1622783229828 20089.825999999997 327
1622783354768 20214.597999999998 328
1622783475554 20335.214 329
1622783595917 20455.409 330
1622783720864 20580.184 331
1622783845671 20704.818 332
1622783966867 20825.847999999998 333
1622784087948 20946.755999999998 334
1622784209901 21068.542999999998 335
1622784332119 21190.595999999998 336
1622784461667 21319.980999999996 337
1622784587207 21445.349999999995 338
1622784711097 21569.072999999997 339
1622784835943 21693.751999999997 340
1622784961575 21819.216999999997 341
1622785089698 21947.172 342
1622785218498 22075.804 343
1622785344398 22201.537 344
1622785470392 22327.365 345
1622785599516 22456.323 346
1622785726686 22583.33 347
1622785856718 22713.194000000003 348
1622785988066 22844.373000000003 349
1622786117822 22973.974000000002 350
1622786249363 23105.356000000003 351
1622786379440 23235.269000000004 352
1622786515263 23370.930000000004 353
1622786645449 23500.952000000005 354
1622786775368 23630.709000000006 355
1622786905041 23760.219000000005 356
1622787039205 23894.215000000004 357
1622787171854 24026.686000000005 358
1622787302997 24157.664000000004 359
1622787441906 24296.407000000003 360
1622787573502 24427.836000000003 361
1622787708069 24562.235000000004 362
1622787844750 24698.753000000004 363
1622787984335 24838.173000000003 364
1622788123127 24976.801000000003 365
1622788261639 25115.154000000002 366
1622788398346 25251.699 367
1622788534296 25387.475000000002 368
1622788669214 25522.226000000002 369
1622788806502 25659.349000000002 370
1622788942321 25795.005 371
1622789082195 25934.716 372
1622789221959 26074.315 373
1622789360623 26212.811999999998 374
1622789497941 26349.964999999997 375
1622789635934 26487.792999999998 376
1622789776362 26628.054999999997 377
1622789915456 26766.982999999997 378
1622790054564 26905.925999999996 379
1622790194291 27045.475999999995 380
1622790337261 27188.195999999996 381
1622790480837 27331.602999999996 382
1622790623225 27473.829999999994 383
1622790765637 27616.080999999995 384
1622790909422 27759.689999999995 385
1622791051329 27901.424999999996 386
1622791196266 28046.192999999996 387
1622791337629 28187.394999999997 388
1622791478820 28328.423999999995 389
1622791623170 28472.609999999997 390
1622791767558 28616.829999999998 391
1622791911911 28761.017 392
1622792054422 28903.36 393
1622792199779 29048.551 394
1622792345089 29193.689 395
1622792492266 29340.699999999997 396
1622792639099 29487.368 397
1622792784174 29632.285 398
1622792932056 29779.999 399
1622793081205 29928.979 400
1622793232321 30079.93 401
1622793393347 30240.795000000002 402
1622793541877 30389.158000000003 403
1622793697222 30544.334000000003 404
1622793844789 30691.742000000002 405
1622793993037 30839.820000000003 406
1622794143529 30990.142000000003 407
1622794293561 31140.008000000005 408
1622794442606 31288.886000000006 409
1622794596490 31442.604000000007 410
1622794748556 31594.501000000007 411
1622794900667 31746.440000000006 412
1622795054590 31900.200000000004 413
1622795207183 32052.629000000004 414
1622795357115 32202.389000000003 415
1622795510058 32355.168 416
1622795667970 32512.91 417
1622795819734 32664.508 418
1622795976587 32821.196 419
1622796130203 32974.645000000004 420
1622796286699 33130.973000000005 421
1622796443853 33287.954000000005 422
1622796602005 33445.941000000006 423
1622796755989 33599.76700000001 424
1622796912423 33756.04200000001 425
1622797067578 33911.03700000001 426
1622797225400 34068.697000000015 427
1622797383248 34226.37800000001 428
1622797542635 34385.60500000001 429
1622797700611 34543.41700000001 430
1622797866961 34709.59500000001 431
1622798024892 34867.36000000001 432
1622798187446 35029.74600000001 433
1622798350025 35192.15700000001 434
1622798513819 35355.78400000001 435
1622798672031 35513.83400000001 436
1622798830399 35672.04000000001 437
1622798993003 35834.477000000006 438
1622799159480 36000.793000000005 439
1622799325466 36166.61400000001 440
1622799490093 36331.05900000001 441
1622799657575 36498.26800000001 442
1622799819516 36660.04700000001 443
1622799985815 36826.184000000016 444
1622800150897 36991.087000000014 445
1622800317867 37157.824000000015 446
1622800481450 37321.23800000001 447
1622800647217 37486.845000000016 448
1622800815531 37654.998000000014 449
1622800979935 37819.24000000001 450
1622801149127 37988.25700000001 451
1622801312882 38151.84200000001 452
1622801485424 38324.22000000001 453
1622801656872 38495.50200000001 454
1622801822196 38660.65900000001 455
1622801998090 38836.38500000001 456
1622802167165 39005.29100000001 457
1622802337787 39175.73800000001 458
1622802507513 39345.286000000015 459
1622802679673 39517.27000000001 460
1622802850285 39687.70300000001 461
1622803022216 39859.46500000001 462
1622803191335 40028.41200000001 463
1622803361342 40198.24700000001 464
1622803533392 40370.12200000001 465
1622803703779 40540.34100000001 466
1622803874541 40710.92300000001 467
1622804049562 40885.76900000001 468
1622804220899 41056.924000000006 469
1622804393495 41229.344000000005 470
1622804567594 41403.285 471
1622804740107 41575.636000000006 472
1622804914611 41749.976 473
1622805088656 41923.851 474
1622805263920 42098.948000000004 475
1622805438966 42273.831000000006 476
1622805616283 42450.98500000001 477
1622805794691 42629.23000000001 478
1622805970167 42804.52500000001 479
1622806153210 42987.41100000001 480
1622806330284 43164.31500000001 481
1622806507805 43341.66900000001 482
1622806688893 43522.59600000001 483
1622806865938 43699.462000000014 484
1622807046802 43880.080000000016 485
1622807229257 44062.282000000014 486
1622807411724 44244.576000000015 487
1622807593125 44425.81000000001 488
1622807770606 44603.11800000001 489
1622807951069 44783.41400000001 490
1622808133566 44965.750000000015 491
1622808314986 45147.004000000015 492
1622808496316 45328.17300000002 493
1622808675328 45507.019000000015 494
1622808857445 45688.97500000001 495
1622809045947 45877.31200000001 496
1622809230393 46061.591000000015 497
1622809416507 46247.538000000015 498
1622809598570 46429.44100000001 499
1622809783558 46614.26400000001 500
