1622802788678 0.02 0
1622802790800 1.864 1
1622802793060 3.8440000000000003 2
1622802795517 6.022 3
1622802798054 8.279 4
1622802800733 10.677 5
1622802803557 13.222 6
1622802806616 16.002 7
1622802809802 18.907 8
1622802813085 21.911 9
1622802816578 25.126 10
1622802820276 28.544 11
1622802824093 32.082 12
1622802828044 35.753 13
1622802832135 39.565 14
1622802836400 43.552 15
1622802840753 47.627 16
1622802845374 51.968 17
1622802850091 56.407000000000004 18
1622802855016 61.05200000000001 19
1622802860103 65.861 20
1622802865274 70.75200000000001 21
1622802870674 75.873 22
1622802876172 81.093 23
1622802881935 86.577 24
1622802887777 92.14099999999999 25
1622802893793 97.87799999999999 26
1622802899858 103.66399999999999 27
1622802906223 109.74999999999999 28
1622802912755 116.00099999999999 29
1622802919317 122.285 30
1622802926049 128.739 31
1622802932958 135.37 32
1622802939992 142.126 33
1622802947224 149.079 34
1622802954613 156.19 35
1622802962230 163.532 36
1622802970041 171.06300000000002 37
1622802977957 178.70100000000002 38
1622802985940 186.407 39
1622802994074 194.263 40
1622803002453 202.362 41
1622803010893 210.524 42
1622803019677 219.027 43
1622803028493 227.56599999999997 44
1622803037480 236.27799999999996 45
1622803046540 245.05999999999997 46
1622803055841 254.08099999999996 47
1622803065367 263.33 48
1622803075028 272.712 49
1622803084720 282.125 50
1622803094575 291.699 51
1622803104561 301.404 52
1622803114753 311.32099999999997 53
1622803125050 321.34099999999995 54
1622803135549 331.55899999999997 55
1622803146249 341.97999999999996 56
1622803157073 352.525 57
1622803168132 363.30499999999995 58
1622803179346 374.24099999999993 59
1622803190727 385.34099999999995 60
1622803202325 396.662 61
1622803213901 407.96 62
1622803225737 419.51099999999997 63
1622803237717 431.212 64
1622803249844 443.058 65
1622803262149 455.084 66
1622803274655 467.312 67
1622803287116 479.491 68
1622803299817 491.913 69
1622803312648 504.466 70
1622803325664 517.204 71
1622803338951 530.212 72
1622803352368 543.351 73
1622803365856 556.559 74
1622803379657 570.081 75
1622803393487 583.634 76
1622803407574 597.441 77
1622803421705 611.2950000000001 78
1622803436141 625.4520000000001 79
1622803450736 639.7690000000001 80
1622803465198 653.9490000000001 81
1622803479849 668.321 82
1622803494797 682.988 83
1622803509928 697.84 84
1622803525331 712.9630000000001 85
1622803540678 728.0330000000001 86
1622803556165 743.2410000000001 87
1622803571846 758.6440000000001 88
1622803587728 774.2470000000001 89
1622803603688 789.9290000000001 90
1622803619850 805.8120000000001 91
1622803636199 821.8810000000001 92
1622803652657 838.0620000000001 93
1622803669374 854.5020000000002 94
1622803686167 871.0170000000002 95
1622803703226 887.7970000000001 96
1622803720380 904.6670000000001 97
1622803737799 921.8050000000002 98
1622803755350 939.0760000000001 99
1622803773045 956.4910000000001 100
1622803790695 973.8620000000001 101
1622803808623 991.5120000000001 102
1622803826847 1009.4580000000001 103
1622803845077 1027.409 104
1622803863413 1045.468 105
1622803881924 1063.701 106
1622803900651 1082.151 107
1622803919434 1100.654 108
1622803938339 1119.281 109
1622803957487 1138.148 110
1622803976651 1157.032 111
1622803996178 1176.281 112
1622804015743 1195.567 113
1622804035389 1214.936 114
1622804055100 1234.368 115
1622804075030 1254.019 116
1622804095175 1273.887 117
1622804115574 1294.01 118
1622804135949 1314.105 119
1622804156690 1334.568 120
1622804177472 1355.072 121
1622804198550 1375.8709999999999 122
1622804219777 1396.8169999999998 123
1622804241095 1417.8569999999997 124
1622804262622 1439.1039999999998 125
1622804284464 1460.668 126
1622804306298 1482.225 127
1622804328072 1503.721 128
1622804350242 1525.61 129
1622804372488 1547.5739999999998 130
1622804394764 1569.5659999999998 131
1622804417371 1591.8909999999998 132
1622804440288 1614.5269999999998 133
1622804463121 1637.0819999999999 134
1622804486195 1659.879 135
1622804509420 1682.8249999999998 136
1622804532663 1705.7909999999997 137
1622804556183 1729.0319999999997 138
1622804579802 1752.3709999999996 139
1622804603663 1775.9519999999995 140
1622804627697 1799.7069999999997 141
1622804651806 1823.5379999999996 142
1622804676115 1847.5669999999996 143
1622804700612 1871.7849999999996 144
1622804725148 1896.0419999999997 145
1622804749980 1920.5939999999996 146
1622804774641 1944.9769999999996 147
1622804799673 1969.7289999999996 148
1622804824700 1994.4779999999996 149
1622804850062 2019.5599999999997 150
1622804875539 2044.7569999999996 151
1622804901281 2070.2209999999995 152
1622804927009 2095.6739999999995 153
1622804952934 2121.3209999999995 154
1622804979121 2147.2309999999993 155
1622805005369 2173.1999999999994 156
1622805031774 2199.3249999999994 157
1622805058544 2225.814999999999 158
1622805085206 2252.196999999999 159
1622805112168 2278.879999999999 160
1622805139420 2305.850999999999 161
1622805166526 2332.678999999999 162
1622805193744 2359.6189999999992 163
1622805221289 2386.883999999999 164
1622805249168 2414.485999999999 165
1622805277148 2442.186999999999 166
1622805305226 2469.986999999999 167
1622805333450 2497.9319999999993 168
1622805361817 2526.0209999999993 169
1622805390344 2554.2689999999993 170
1622805419121 2582.767999999999 171
1622805448078 2611.445999999999 172
1622805477072 2640.160999999999 173
1622805506107 2668.919999999999 174
1622805535200 2697.735999999999 175
1622805564652 2726.909999999999 176
1622805594082 2756.061999999999 177
1622805623723 2785.422999999999 178
1622805653818 2815.239999999999 179
1622805683990 2845.132999999999 180
1622805714566 2875.429999999999 181
1622805744918 2905.5049999999987 182
1622805775346 2935.654999999999 183
1622805806067 2966.097999999999 184
1622805837050 2996.797999999999 185
1622805867990 3027.458999999999 186
1622805899149 3058.340999999999 187
1622805930407 3089.317999999999 188
1622805962167 3120.800999999999 189
1622805994064 3152.420999999999 190
1622806025924 3184.002999999999 191
1622806057956 3215.7569999999987 192
1622806090141 3247.6629999999986 193
1622806122394 3279.6389999999988 194
1622806154730 3311.6959999999985 195
1622806187400 3344.0869999999986 196
1622806220273 3376.6819999999984 197
1622806253406 3409.5369999999984 198
1622806286672 3442.5239999999985 199
1622806319805 3475.3779999999983 200
1622806353110 3508.4029999999984 201
1622806386637 3541.6509999999985 202
1622806420566 3575.3019999999983 203
1622806454083 3608.537999999998 204
1622806488255 3642.429999999998 205
1622806522211 3676.107999999998 206
1622806556453 3710.072999999998 207
1622806590882 3744.222999999998 208
1622806625459 3778.520999999998 209
1622806660157 3812.9419999999977 210
1622806695373 3847.8789999999976 211
1622806730394 3882.6199999999976 212
1622806765716 3917.6639999999975 213
1622806800773 3952.4439999999977 214
1622806835933 3987.3229999999976 215
1622806871744 4022.852999999998 216
1622806907488 4058.3169999999977 217
1622806943501 4094.0529999999976 218
1622806979795 4130.0679999999975 219
1622807015830 4165.821999999997 220
1622807052210 4201.926999999997 221
1622807089150 4238.586999999997 222
1622807126248 4275.4069999999965 223
1622807162844 4311.7239999999965 224
1622807199880 4348.4829999999965 225
1622807237166 4385.488999999997 226
1622807274651 4422.692999999997 227
1622807312297 4460.057999999996 228
1622807349798 4497.279999999996 229
1622807387780 4534.984999999996 230
1622807425899 4572.824999999996 231
1622807464226 4610.872999999996 232
1622807502730 4649.094999999996 233
1622807541154 4687.237999999996 234
1622807579590 4725.395999999996 235
1622807618727 4764.2549999999965 236
1622807657657 4802.9069999999965 237
1622807696967 4841.936999999996 238
1622807736384 4881.075999999996 239
1622807776024 4920.436999999996 240
1622807815628 4959.758999999996 241
1622807855683 4999.533999999996 242
1622807895628 5039.198999999996 243
1622807935841 5079.132999999996 244
1622807976322 5119.334999999996 245
1622808017063 5159.796999999997 246
1622808057587 5200.042999999997 247
1622808098336 5240.512999999997 248
1622808139109 5281.005999999998 249
1622808179906 5321.525999999998 250
1622808221211 5362.548999999998 251
1622808262886 5403.944999999998 252
1622808304358 5445.137999999998 253
1622808346043 5486.542999999998 254
1622808387895 5528.1169999999975 255
1622808429774 5569.713999999997 256
1622808471734 5611.396999999997 257
1622808514054 5653.438999999998 258
1622808556357 5695.4609999999975 259
1622808599015 5737.837999999998 260
1622808641807 5780.350999999998 261
1622808684793 5823.056999999998 262
1622808727836 5865.817999999998 263
1622808770965 5908.669999999998 264
1622808814466 5951.890999999998 265
1622808858035 5995.180999999998 266
1622808901552 6038.416999999998 267
1622808945286 6081.869999999998 268
1622808989163 6125.467999999998 269
1622809034543 6170.566999999998 270
1622809079159 6214.8989999999985 271
1622809123988 6259.441999999998 272
1622809168659 6303.828999999998 273
1622809213717 6348.607999999998 274
1622809259193 6393.800999999999 275
1622809304786 6439.0909999999985 276
1622809349971 6483.994999999999 277
1622809395243 6528.989999999999 278
1622809440663 6574.127999999999 279
1622809486590 6619.774999999999 280
1622809532888 6665.791999999999 281
1622809578914 6711.537999999999 282
1622809624955 6757.298999999999 283
1622809671435 6803.495999999999 284
1622809717897 6849.681 285
1622809764806 6896.312999999999 286
1622809811295 6942.521999999999 287
1622809858146 6989.096999999999 288
1622809905434 7036.105999999999 289
1622809952507 7082.899999999999 290
1622809999803 7129.916999999999 291
1622810047277 7177.111999999998 292
1622810094879 7224.434999999999 293
1622810142952 7272.228999999998 294
1622810191144 7320.138999999998 295
1622810239526 7368.238999999999 296
1622810288023 7416.457999999999 297
1622810336679 7464.835999999998 298
1622810385532 7513.408999999999 299
1622810434395 7561.991999999998 300
1622810483442 7610.758999999998 301
1622810532757 7659.7959999999985 302
1622810582028 7708.788999999999 303
1622810631341 7757.818999999999 304
1622810680868 7807.064999999999 305
1622810730771 7856.691999999999 306
1622810780903 7906.544999999999 307
1622810830953 7956.313999999999 308
1622810881380 8006.460999999999 309
1622810931591 8056.392999999999 310
1622810982468 8106.986999999999 311
1622811033442 8157.681999999999 312
1622811084059 8208.019999999999 313
1622811135220 8258.902999999998 314
1622811186605 8310.008999999998 315
1622811238016 8361.139999999998 316
1622811289643 8412.487999999998 317
1622811341625 8464.190999999997 318
1622811393701 8515.985999999997 319
1622811446051 8568.058999999997 320
1622811498289 8620.017999999998 321
1622811550772 8672.219999999998 322
1622811602992 8724.161999999997 323
1622811655902 8776.791999999996 324
1622811708490 8829.101999999995 325
1622811761412 8881.744999999995 326
1622811814621 8934.673999999995 327
1622811867563 8987.333999999995 328
1622811921124 9040.613999999996 329
1622811974565 9093.775999999996 330
1622812028175 9147.103999999996 331
1622812082018 9200.667999999996 332
1622812136018 9254.388999999996 333
1622812190236 9308.326999999996 334
1622812244481 9362.287999999995 335
1622812299170 9416.690999999995 336
1622812353756 9470.994999999995 337
1622812408588 9525.547999999995 338
1622812463519 9580.199999999995 339
1622812518538 9634.938999999995 340
1622812573557 9689.679999999995 341
1622812629327 9745.170999999995 342
1622812684797 9800.362999999994 343
1622812740742 9856.028999999993 344
1622812796703 9911.708999999993 345
1622812852666 9967.392999999993 346
1622812908838 10023.285999999993 347
1622812964938 10079.102999999992 348
1622813021401 10135.288999999992 349
1622813077793 10191.40099999999 350
1622813134617 10247.946999999991 351
1622813191367 10304.41799999999 352
1622813248551 10361.323999999991 353
1622813305841 10418.334999999992 354
1622813363000 10475.215999999991 355
1622813420337 10532.272999999992 356
1622813477797 10589.454999999993 357
1622813535390 10646.769999999993 358
1622813593488 10704.586999999992 359
1622813651840 10762.661999999993 360
1622813710365 10820.906999999994 361
1622813769143 10879.404999999993 362
1622813827798 10937.779999999993 363
1622813886727 10996.429999999993 364
1622813945880 11055.303999999993 365
1622814004709 11113.854999999992 366
1622814064143 11173.008999999993 367
1622814123837 11232.426999999992 368
1622814183097 11291.407999999992 369
1622814243163 11351.194999999992 370
1622814303311 11411.063999999993 371
1622814363532 11471.005999999992 372
1622814424066 11531.261999999992 373
1622814484369 11591.283999999992 374
1622814545263 11651.899999999992 375
1622814605996 11712.355999999992 376
1622814667013 11773.093999999992 377
1622814727752 11833.551999999992 378
1622814788949 11894.468999999992 379
1622814850584 11955.821999999991 380
1622814911924 12016.88199999999 381
1622814973953 12078.62999999999 382
1622815035722 12140.11299999999 383
1622815098006 12202.11799999999 384
1622815160151 12263.98399999999 385
1622815222564 12326.11799999999 386
1622815284853 12388.12599999999 387
1622815347600 12450.59199999999 388
1622815410898 12513.61099999999 389
1622815474143 12576.57399999999 390
1622815538334 12640.48499999999 391
1622815601495 12703.36799999999 392
1622815664935 12766.525999999989 393
1622815728331 12829.640999999989 394
1622815791979 12893.00999999999 395
1622815855746 12956.498999999989 396
1622815919822 13020.29699999999 397
1622815983894 13084.08999999999 398
1622816047871 13147.78699999999 399
1622816112486 13212.123999999989 400
1622816177320 13276.68099999999 401
1622816241641 13340.722999999989 402
1622816306577 13405.37899999999 403
1622816371432 13469.95599999999 404
1622816436998 13535.24199999999 405
1622816502311 13600.274999999989 406
1622816567914 13665.596999999989 407
1622816633809 13731.211999999989 408
1622816699406 13796.52699999999 409
1622816765242 13862.08299999999 410
1622816831494 13928.05499999999 411
1622816897647 13993.92899999999 412
1622816964494 14060.49299999999 413
1622817030961 14126.67999999999 414
1622817097864 14193.29999999999 415
1622817164986 14260.14199999999 416
1622817232250 14327.126999999991 417
1622817299579 14394.175999999992 418
1622817366763 14461.080999999993 419
1622817434350 14528.388999999994 420
1622817502079 14595.833999999993 421
1622817570029 14663.504999999994 422
1622817638206 14731.399999999994 423
1622817706546 14799.459999999994 424
1622817774802 14867.432999999994 425
1622817843412 14935.764999999994 426
1622817912285 15004.356999999995 427
1622817981117 15072.909999999994 428
1622818050243 15141.756999999994 429
1622818119557 15210.789999999994 430
1622818189045 15279.998999999994 431
1622818258425 15349.100999999995 432
1622818327932 15418.327999999996 433
1622818397935 15488.052999999996 434
1622818468112 15557.950999999995 435
1622818538210 15627.769999999995 436
1622818607838 15697.117999999995 437
1622818678137 15767.136999999995 438
1622818748712 15837.433999999996 439
1622818819563 15908.003999999995 440
1622818890802 15978.965999999995 441
1622818962180 16050.063999999995 442
1622819033700 16121.304999999995 443
1622819105426 16192.751999999995 444
1622819177474 16264.520999999995 445
1622819248868 16335.634999999995 446
1622819320676 16407.162999999993 447
1622819393052 16479.257999999994 448
1622819465304 16551.230999999996 449
1622819537922 16623.569999999996 450
1622819610497 16695.865999999995 451
1622819683206 16768.294999999995 452
1622819756400 16841.207999999995 453
1622819829673 16914.202999999994 454
1622819902978 16987.228999999996 455
1622819976511 17060.483999999997 456
1622820050177 17133.870999999996 457
1622820123804 17207.218999999997 458
1622820197749 17280.882999999998 459
1622820271816 17354.671 460
1622820346349 17428.922 461
1622820420778 17503.073 462
1622820495495 17577.510000000002 463
1622820570100 17651.833000000002 464
1622820645458 17726.909000000003 465
1622820720682 17801.854000000003 466
1622820795630 17876.522000000004 467
1622820870708 17951.322000000004 468
1622820946154 18026.486000000004 469
1622821021873 18101.925000000003 470
1622821097727 18177.500000000004 471
1622821173537 18253.030000000002 472
1622821249522 18328.735000000004 473
1622821325963 18404.898000000005 474
1622821402669 18481.321000000004 475
1622821479480 18557.851000000002 476
1622821556686 18634.777000000002 477
1622821633940 18711.750000000004 478
1622821710957 18788.480000000003 479
1622821788210 18865.452000000005 480
1622821865608 18942.570000000003 481
1622821943807 19020.487000000005 482
1622822021743 19098.146000000004 483
1622822099744 19175.866000000005 484
1622822177934 19253.779000000006 485
1622822256672 19332.237000000005 486
1622822335166 19410.452000000005 487
1622822413772 19488.779000000006 488
1622822491755 19566.478000000006 489
1622822570462 19644.906000000006 490
1622822649691 19723.855000000007 491
1622822728830 19802.72000000001 492
1622822808172 19881.786000000007 493
1622822887322 19960.662000000008 494
1622822966964 20040.030000000006 495
1622823046046 20118.836000000007 496
1622823125705 20198.218000000008 497
1622823205695 20277.933000000008 498
1622823285703 20357.663000000008 499
1622823365685 20437.36800000001 500
