1622676216017 0.006 0
1622676216850 0.6890000000000001 1
1622676217864 1.5510000000000002 2
1622676219067 2.601 3
1622676220434 3.8209999999999997 4
1622676222008 5.244 5
1622676223743 6.8309999999999995 6
1622676225653 8.594 7
1622676227736 10.527 8
1622676230027 12.669999999999998 9
1622676232455 14.948999999999998 10
1622676235063 17.409 11
1622676237882 20.084 12
1622676240873 22.931 13
1622676244030 25.941000000000003 14
1622676247367 29.129 15
1622676250866 32.481 16
1622676254592 36.059000000000005 17
1622676258482 39.800000000000004 18
1622676262532 43.702000000000005 19
1622676266756 47.779 20
1622676271193 52.068000000000005 21
1622676275841 56.57000000000001 22
1622676280624 61.205000000000005 23
1622676285616 66.043 24
1622676290723 70.998 25
1622676296061 76.188 26
1622676301517 81.494 27
1622676307179 87.005 28
1622676313042 92.72399999999999 29
1622676319121 98.65699999999998 30
1622676325373 104.76299999999998 31
1622676331776 111.01999999999998 32
1622676338422 117.51299999999998 33
1622676345207 124.14399999999998 34
1622676352138 130.92699999999996 35
1622676359261 137.90099999999995 36
1622676366563 145.05099999999996 37
1622676374031 152.36899999999997 38
1622676381705 159.89599999999996 39
1622676389575 167.62099999999995 40
1622676397641 175.54199999999994 41
1622676405916 183.66799999999995 42
1622676414313 191.91399999999996 43
1622676423018 200.46799999999996 44
1622676431811 209.11099999999996 45
1622676440756 217.90799999999996 46
1622676449930 226.93699999999995 47
1622676459257 236.11999999999995 48
1622676468792 245.51299999999995 49
1622676478531 255.10599999999994 50
1622676488347 264.77799999999996 51
1622676498432 274.71899999999994 52
1622676508809 284.94899999999996 53
1622676519303 295.29599999999994 54
1622676529858 305.7049999999999 55
1622676540610 316.3109999999999 56
1622676551554 327.1069999999999 57
1622676562699 338.1029999999999 58
1622676574088 349.3459999999999 59
1622676585605 360.71699999999987 60
1622676597376 372.3389999999999 61
1622676609244 384.0639999999999 62
1622676621380 396.0539999999999 63
1622676633578 408.1119999999999 64
1622676645936 420.3259999999999 65
1622676658555 432.8029999999999 66
1622676671434 445.53499999999985 67
1622676684418 458.37399999999985 68
1622676697559 471.36999999999983 69
1622676710893 484.55999999999983 70
1622676724419 497.9449999999998 71
1622676738087 511.46599999999984 72
1622676752002 525.2349999999998 73
1622676766023 539.1079999999998 74
1622676780210 553.1479999999998 75
1622676796136 568.9309999999998 76
1622676810747 583.3979999999998 77
1622676825421 597.9309999999998 78
1622676840481 612.8429999999998 79
1622676856016 628.2309999999999 80
1622676871432 643.4999999999999 81
1622676887104 659.0239999999999 82
1622676902946 674.7159999999999 83
1622676918827 690.4519999999999 84
1622676934894 706.3729999999999 85
1622676951197 722.531 86
1622676967557 738.7399999999999 87
1622676984170 755.2009999999999 88
1622677000977 771.867 89
1622677017937 788.6769999999999 90
1622677035097 805.694 91
1622677052329 822.7819999999999 92
1622677069913 840.2239999999999 93
1622677087685 857.8549999999999 94
1622677105552 875.5749999999999 95
1622677123731 893.612 96
1622677142003 911.74 97
1622677160368 929.964 98
1622677179029 948.479 99
1622677197833 967.138 100
1622677216827 985.984 101
1622677236090 1005.105 102
1622677255329 1024.192 103
1622677274897 1043.618 104
1622677294484 1063.056 105
1622677314192 1082.6190000000001 106
1622677334209 1102.487 107
1622677354441 1122.568 108
1622677374719 1142.691 109
1622677395943 1163.676 110
1622677417429 1185.012 111
1622677438304 1205.7359999999999 112
1622677459461 1226.7379999999998 113
1622677480790 1247.9239999999998 114
1622677502215 1269.2099999999998 115
1622677524124 1290.975 116
1622677546877 1313.5819999999999 117
1622677568963 1335.5249999999999 118
1622677591069 1357.4879999999998 119
1622677613578 1379.8529999999998 120
1622677636035 1402.1649999999997 121
1622677658529 1424.5109999999997 122
1622677681222 1447.0579999999998 123
1622677704373 1470.0639999999999 124
1622677727906 1493.4509999999998 125
1622677751517 1516.9129999999998 126
1622677775320 1540.5659999999998 127
1622677799207 1564.2969999999998 128
1622677823261 1588.1989999999998 129
1622677847389 1612.1779999999999 130
1622677871857 1636.4969999999998 131
1622677896523 1661.014 132
1622677921461 1685.8049999999998 133
1622677946459 1710.6519999999998 134
1622677971632 1735.677 135
1622677996694 1760.5929999999998 136
1622678022009 1785.764 137
1622678047731 1811.339 138
1622678073530 1836.994 139
1622678099316 1862.635 140
1622678125348 1888.519 141
1622678151555 1914.58 142
1622678177869 1940.745 143
1622678204446 1967.176 144
1622678231015 1993.6009999999999 145
1622678257763 2020.203 146
1622678284746 2047.041 147
1622678311995 2074.147 148
1622678339727 2101.73 149
1622678367713 2129.565 150
1622678395452 2157.157 151
1622678423498 2185.0550000000003 152
1622678451714 2213.13 153
1622678480055 2241.318 154
1622678508676 2269.786 155
1622678537263 2298.218 156
1622678566397 2327.205 157
1622678595485 2356.147 158
1622678624777 2385.29 159
1622678654095 2414.46 160
1622678683875 2444.09 161
1622678713801 2473.867 162
1622678744034 2503.9550000000004 163
1622678774115 2533.8880000000004 164
1622678804383 2564.0070000000005 165
1622678834690 2594.1640000000007 166
1622678865447 2624.7690000000007 167
1622678896614 2655.7880000000005 168
1622678927761 2686.7890000000007 169
1622678959380 2718.2640000000006 170
1622678990908 2749.6450000000004 171
1622679022963 2781.5600000000004 172
1622679054825 2813.2760000000003 173
1622679086947 2845.2470000000003 174
1622679119291 2877.443 175
1622679151791 2909.793 176
1622679184515 2942.366 177
1622679217266 2974.97 178
1622679250320 3007.883 179
1622679283497 3040.921 180
1622679316964 3074.243 181
1622679350362 3107.49 182
1622679384031 3141.011 183
1622679417657 3174.492 184
1622679451458 3208.146 185
1622679485628 3242.172 186
1622679519879 3276.279 187
1622679554243 3310.496 188
1622679588755 3344.8540000000003 189
1622679625094 3380.954 190
1622679660449 3416.1600000000003 191
1622679696087 3451.6510000000003 192
1622679731813 3487.231 193
1622679767492 3522.764 194
1622679803462 3558.587 195
1622679839797 3594.758 196
1622679877070 3631.803 197
1622679913571 3668.16 198
1622679950076 3704.515 199
1622679986878 3741.1679999999997 200
1622680023958 3778.0899999999997 201
1622680062725 3816.7009999999996 202
1622680101332 3855.1629999999996 203
1622680140181 3893.8659999999995 204
1622680177961 3931.4979999999996 205
1622680215920 3969.3089999999997 206
1622680254016 4007.254 207
1622680292578 4045.6639999999998 208
1622680332524 4085.459 209
1622680371449 4124.2339999999995 210
1622680410254 4162.888999999999 211
1622680449236 4201.723999999999 212
1622680488471 4240.806 213
1622680529376 4281.561 214
1622680569358 4321.389 215
1622680609023 4360.909000000001 216
1622680648633 4400.3730000000005 217
1622680688424 4440.018000000001 218
1622680728467 4479.909000000001 219
1622680768920 4520.214000000001 220
1622680809247 4560.392000000001 221
1622680849961 4600.960000000001 222
1622680890983 4641.831000000001 223
1622680932003 4682.705000000001 224
1622680973734 4724.285000000001 225
1622681015391 4765.791000000001 226
1622681057466 4807.714000000001 227
1622681099807 4849.897000000001 228
1622681142179 4892.117000000001 229
1622681184698 4934.486000000001 230
1622681227742 4977.378000000001 231
1622681272209 5021.6900000000005 232
1622681315597 5064.921 233
1622681359223 5108.399 234
1622681403192 5152.217000000001 235
1622681446683 5195.56 236
1622681490411 5239.1410000000005 237
1622681534146 5282.726000000001 238
1622681578122 5326.554000000001 239
1622681622081 5370.367000000001 240
1622681666352 5414.493000000001 241
1622681710985 5458.978000000001 242
1622681755775 5503.624000000001 243
1622681800666 5548.370000000001 244
1622681845657 5593.210000000001 245
1622681890788 5638.195000000001 246
1622681936106 5683.369000000001 247
1622681981542 5728.662 248
1622682027054 5774.023 249
1622682072965 5819.78 250
1622682118755 5865.420999999999 251
1622682164957 5911.473999999999 252
1622682211421 5957.790999999999 253
1622682257903 6004.130999999999 254
1622682304517 6050.601999999999 255
1622682351278 6097.216999999999 256
1622682398171 6143.969999999998 257
1622682445750 6191.404999999999 258
1622682493433 6238.934999999999 259
1622682540961 6286.315999999999 260
1622682590066 6335.274999999999 261
1622682637958 6383.024999999999 262
1622682686241 6431.163999999999 263
1622682734925 6479.6979999999985 264
1622682783930 6528.556999999999 265
1622682833988 6578.472999999999 266
1622682884347 6628.687999999999 267
1622682934035 6678.226999999999 268
1622682983796 6727.839999999999 269
1622683033962 6777.856999999999 270
1622683084273 6828.004999999999 271
1622683134533 6878.118999999999 272
1622683184994 6928.353999999998 273
1622683235794 6979.006999999999 274
1622683286559 7029.622999999999 275
1622683337551 7080.462999999999 276
1622683388649 7131.410999999999 277
1622683439849 7182.466999999999 278
1622683491424 7233.891999999999 279
1622683543234 7285.551999999999 280
1622683595325 7337.493999999999 281
1622683647653 7389.672999999999 282
1622683700232 7442.102999999999 283
1622683752445 7494.173999999999 284
1622683805052 7546.638999999999 285
1622683857859 7599.301999999999 286
1622683911218 7652.512999999999 287
1622683964661 7705.810999999999 288
1622684018160 7759.155999999999 289
1622684071636 7812.474999999999 290
1622684125497 7866.181 291
1622684179853 7920.379999999999 292
1622684234167 7974.5509999999995 293
1622684288555 8028.790999999999 294
1622684343228 8083.315 295
1622684397665 8137.607 296
1622684452332 8192.122 297
1622684507610 8247.243999999999 298
1622684563023 8302.506 299
1622684618628 8357.954 300
1622684674257 8413.427 301
1622684730091 8469.112 302
1622684786269 8525.133 303
1622684842511 8581.224 304
1622684898965 8637.532000000001 305
1622684955389 8693.812000000002 306
1622685012552 8750.828000000001 307
1622685069631 8807.762 308
1622685126770 8864.751 309
1622685184322 8922.153 310
1622685241712 8979.393 311
1622685299561 9037.098 312
1622685357470 9094.861 313
1622685415635 9152.877 314
1622685473844 9210.94 315
1622685532410 9269.36 316
1622685591180 9327.982 317
1622685649992 9386.645 318
1622685708754 9445.259 319
1622685767806 9504.157 320
1622685826820 9563.020999999999 321
1622685886425 9622.476999999999 322
1622685946269 9682.172999999999 323
1622686006298 9742.055999999999 324
1622686066252 9801.862 325
1622686126178 9861.637999999999 326
1622686186472 9921.773 327
1622686247194 9982.345 328
1622686308243 10043.247 329
1622686369370 10104.223 330
1622686430786 10165.475 331
1622686492076 10226.614 332
1622686553662 10288.051 333
1622686615107 10349.344 334
1622686676885 10410.973 335
1622686739221 10473.156 336
1622686801583 10535.374000000002 337
1622686864011 10597.655000000002 338
1622686926685 10660.177000000003 339
1622686989506 10722.847000000003 340
1622687052716 10785.909000000003 341
1622687116486 10849.529000000004 342
1622687179669 10912.560000000005 343
1622687243581 10976.323000000006 344
1622687307153 11039.753000000006 345
1622687371162 11103.616000000005 346
1622687435351 11167.657000000005 347
1622687499553 11231.715000000006 348
1622687563987 11296.003000000006 349
1622687628500 11360.371000000006 350
1622687693631 11425.351000000006 351
1622687758774 11490.347000000005 352
1622687824154 11555.575000000004 353
1622687889835 11621.104000000005 354
1622687955668 11686.790000000005 355
1622688021943 11752.916000000005 356
1622688087712 11818.538000000004 357
1622688153632 11884.309000000005 358
1622688220156 11950.684000000005 359
1622688286257 12016.634000000005 360
1622688355154 12085.383000000005 361
1622688419299 12149.383000000005 362
1622688485712 12215.654000000006 363
1622688552430 12282.226000000006 364
1622688618751 12348.399000000007 365
1622688684854 12414.362000000006 366
1622688749430 12478.789000000006 367
1622688816238 12545.449000000006 368
1622688881094 12610.158000000007 369
1622688945828 12674.749000000007 370
1622689010431 12739.203000000007 371
1622689075716 12804.336000000007 372
1622689140993 12869.462000000007 373
1622689207017 12935.329000000007 374
1622689272999 13001.168000000007 375
1622689339054 13067.080000000007 376
1622689405149 13133.029000000008 377
1622689471660 13199.394000000008 378
1622689538758 13266.345000000007 379
1622689605328 13332.768000000007 380
1622689672966 13400.258000000007 381
1622689740493 13467.640000000007 382
1622689808169 13535.165000000006 383
1622689876267 13603.116000000005 384
1622689944310 13671.010000000006 385
1622690015300 13741.854000000005 386
1622690083716 13810.125000000005 387
1622690152206 13878.467000000006 388
1622690220985 13947.096000000007 389
1622690292926 14018.889000000006 390
1622690362296 14088.109000000006 391
1622690434145 14159.808000000006 392
1622690506684 14232.195000000007 393
1622690579476 14304.833000000008 394
1622690649280 14374.481000000007 395
1622690719394 14444.447000000007 396
1622690789572 14514.478000000008 397
1622690859871 14584.631000000008 398
1622690930450 14655.06400000001 399
1622691001041 14725.51100000001 400
1622691072120 14796.436000000009 401
1622691142865 14867.03600000001 402
1622691214078 14938.098000000009 403
1622691286147 15010.017000000009 404
1622691358221 15081.94100000001 405
1622691429663 15153.23600000001 406
1622691501316 15224.73800000001 407
1622691573250 15296.519000000011 408
1622691645602 15368.72200000001 409
1622691718206 15441.181000000011 410
1622691790689 15513.520000000011 411
1622691863489 15586.174000000012 412
1622691936207 15658.749000000013 413
1622692009319 15731.720000000012 414
1622692082340 15804.599000000013 415
1622692155813 15877.923000000013 416
1622692229105 15951.065000000013 417
1622692303048 16024.864000000014 418
1622692377529 16099.194000000014 419
1622692452275 16173.794000000014 420
1622692526763 16248.131000000014 421
1622692601569 16322.788000000013 422
1622692676207 16397.280000000013 423
1622692751013 16471.937000000013 424
1622692826209 16546.987000000012 425
1622692901506 16622.138000000014 426
1622692977293 16697.779000000013 427
1622693053176 16773.518000000015 428
1622693129147 16849.342000000015 429
1622693205875 16925.923000000013 430
1622693282747 17002.649000000012 431
1622693359141 17078.899000000012 432
1622693435907 17155.525000000012 433
1622693512604 17232.07300000001 434
1622693589723 17309.042000000012 435
1622693666912 17386.08900000001 436
1622693744064 17463.095000000012 437
1622693821366 17540.24800000001 438
1622693898917 17617.65000000001 439
1622693976696 17695.285000000007 440
1622694054564 17773.014000000006 441
1622694132401 17850.711000000007 442
1622694210715 17928.883000000005 443
1622694289357 18007.382000000005 444
1622694368034 18085.918000000005 445
1622694446683 18164.424000000006 446
1622694525662 18243.262000000006 447
1622694604611 18322.064000000006 448
1622694683946 18401.259000000005 449
1622694763393 18480.563000000006 450
1622694842981 18560.011000000006 451
1622694922965 18639.854000000007 452
1622695002996 18719.743000000006 453
1622695083006 18799.606000000007 454
1622695163439 18879.893000000007 455
1622695243848 18960.161000000007 456
1622695324831 19041.001000000007 457
1622695406242 19122.261000000006 458
1622695487162 19203.037000000008 459
1622695568595 19284.320000000007 460
1622695650204 19365.787000000008 461
1622695732098 19447.531000000006 462
1622695813972 19529.260000000006 463
1622695895987 19611.122000000007 464
1622695978902 19693.887000000006 465
1622696061530 19776.368000000006 466
1622696144722 19859.411000000007 467
1622696227696 19942.242000000006 468
1622696311022 20025.423000000006 469
1622696394549 20108.809000000005 470
1622696477817 20191.931000000004 471
1622696561895 20275.864000000005 472
1622696645710 20359.540000000005 473
1622696729889 20443.581000000006 474
1622696814296 20527.842000000004 475
1622696898467 20611.873000000003 476
1622696983150 20696.412000000004 477
1622697068467 20781.580000000005 478
1622697153299 20866.260000000006 479
1622697239281 20952.090000000007 480
1622697325276 21037.940000000006 481
1622697412301 21124.819000000007 482
1622697499595 21211.962000000007 483
1622697586778 21298.993000000006 484
1622697673285 21385.350000000006 485
1622697761091 21473.010000000006 486
1622697848233 21560.004000000004 487
1622697937073 21648.696000000004 488
1622698026160 21737.639000000003 489
1622698114027 21825.361000000004 490
1622698202040 21913.224000000006 491
1622698290805 22001.844000000005 492
1622698380519 22091.402000000006 493
1622698470941 22181.676000000007 494
1622698560873 22271.459000000006 495
1622698650649 22361.090000000007 496
1622698740483 22450.77500000001 497
1622698830656 22540.80100000001 498
1622698922262 22632.26300000001 499
1622699013695 22723.55000000001 500
