1622676216009 0.006 0
1622676216844 0.683 1
1622676217858 0.862 2
1622676219060 1.05 3
1622676220428 1.22 4
1622676222003 1.423 5
1622676223737 1.587 6
1622676225647 1.763 7
1622676227730 1.933 8
1622676230021 2.143 9
1622676232450 2.279 10
1622676235057 2.46 11
1622676237876 2.675 12
1622676240867 2.847 13
1622676244024 3.01 14
1622676247362 3.188 15
1622676250861 3.352 16
1622676254585 3.578 17
1622676258476 3.741 18
1622676262526 3.902 19
1622676266750 4.077 20
1622676271187 4.289 21
1622676275835 4.502 22
1622676280619 4.635 23
1622676285610 4.838 24
1622676290717 4.955 25
1622676296055 5.19 26
1622676301512 5.306 27
1622676307172 5.511 28
1622676313037 5.719 29
1622676319115 5.933 30
1622676325368 6.106 31
1622676331771 6.257 32
1622676338416 6.493 33
1622676345202 6.631 34
1622676352133 6.783 35
1622676359255 6.974 36
1622676366558 7.15 37
1622676374026 7.318 38
1622676381699 7.527 39
1622676389569 7.725 40
1622676397636 7.921 41
1622676405910 8.126 42
1622676414307 8.246 43
1622676423012 8.554 44
1622676431806 8.643 45
1622676440749 8.797 46
1622676449925 9.029 47
1622676459252 9.183 48
1622676468786 9.393 49
1622676478525 9.593 50
1622676488342 9.672 51
1622676498426 9.941 52
1622676508803 10.23 53
1622676519297 10.347 54
1622676529852 10.409 55
1622676540604 10.606 56
1622676551548 10.796 57
1622676562694 10.996 58
1622676574081 11.243 59
1622676585600 11.371 60
1622676597370 11.622 61
1622676609239 11.725 62
1622676621374 11.99 63
1622676633573 12.058 64
1622676645931 12.214 65
1622676658550 12.477 66
1622676671428 12.732 67
1622676684412 12.839 68
1622676697554 12.996 69
1622676710887 13.19 70
1622676724414 13.385 71
1622676738082 13.521 72
1622676751996 13.769 73
1622676766017 13.873 74
1622676780205 14.04 75
1622676796130 15.783 76
1622676810741 14.467 77
1622676825416 14.533 78
1622676840476 14.912 79
1622676856010 15.388 80
1622676871427 15.269 81
1622676887097 15.524 82
1622676902940 15.692 83
1622676918821 15.736 84
1622676934889 15.921 85
1622676951192 16.158 86
1622676967551 16.209 87
1622676984164 16.461 88
1622677000972 16.666 89
1622677017931 16.81 90
1622677035091 17.017 91
1622677052323 17.088 92
1622677069907 17.442 93
1622677087680 17.631 94
1622677105546 17.72 95
1622677123726 18.037 96
1622677141997 18.128 97
1622677160363 18.224 98
1622677179023 18.515 99
1622677197828 18.659 100
1622677216821 18.846 101
1622677236084 19.121 102
1622677255324 19.087 103
1622677274891 19.426 104
1622677294477 19.438 105
1622677314187 19.563 106
1622677334203 19.868 107
1622677354436 20.081 108
1622677374712 20.123 109
1622677395937 20.985 110
1622677417423 21.336 111
1622677438297 20.724 112
1622677459455 21.002 113
1622677480785 21.186 114
1622677502211 21.286 115
1622677524118 21.765 116
1622677546871 22.607 117
1622677568957 21.943 118
1622677591063 21.963 119
1622677613572 22.365 120
1622677636029 22.312 121
1622677658523 22.346 122
1622677681216 22.547 123
1622677704367 23.006 124
1622677727900 23.387 125
1622677751511 23.462 126
1622677775314 23.653 127
1622677799200 23.731 128
1622677823256 23.902 129
1622677847383 23.979 130
1622677871852 24.319 131
1622677896517 24.517 132
1622677921455 24.791 133
1622677946453 24.847 134
1622677971626 25.025 135
1622677996688 24.916 136
1622678022003 25.171 137
1622678047725 25.575 138
1622678073525 25.655 139
1622678099311 25.641 140
1622678125342 25.884 141
1622678151550 26.061 142
1622678177863 26.165 143
1622678204440 26.431 144
1622678231009 26.425 145
1622678257757 26.602 146
1622678284741 26.838 147
1622678311989 27.106 148
1622678339721 27.583 149
1622678367706 27.835 150
1622678395447 27.592 151
1622678423493 27.898 152
1622678451709 28.075 153
1622678480047 28.188 154
1622678508671 28.468 155
1622678537256 28.432 156
1622678566391 28.987 157
1622678595479 28.942 158
1622678624772 29.143 159
1622678654089 29.17 160
1622678683869 29.63 161
1622678713796 29.777 162
1622678744029 30.088 163
1622678774109 29.933 164
1622678804378 30.119 165
1622678834683 30.157 166
1622678865441 30.605 167
1622678896610 31.019 168
1622678927756 31.001 169
1622678959373 31.475 170
1622678990902 31.381 171
1622679022958 31.915 172
1622679054820 31.716 173
1622679086941 31.971 174
1622679119285 32.196 175
1622679151786 32.35 176
1622679184510 32.573 177
1622679217260 32.604 178
1622679250315 32.913 179
1622679283491 33.038 180
1622679316958 33.322 181
1622679350356 33.247 182
1622679384026 33.521 183
1622679417651 33.481 184
1622679451452 33.654 185
1622679485622 34.026 186
1622679519873 34.107 187
1622679554237 34.217 188
1622679588748 34.358 189
1622679625088 36.1 190
1622679660442 35.206 191
1622679696082 35.491 192
1622679731808 35.58 193
1622679767485 35.533 194
1622679803455 35.823 195
1622679839790 36.171 196
1622679877064 37.045 197
1622679913566 36.357 198
1622679950070 36.355 199
1622679986872 36.653 200
1622680023952 36.922 201
1622680062717 38.611 202
1622680101327 38.462 203
1622680140175 38.703 204
1622680177956 37.632 205
1622680215914 37.811 206
1622680254010 37.945 207
1622680292571 38.41 208
1622680332518 39.795 209
1622680371444 38.775 210
1622680410249 38.655 211
1622680449230 38.835 212
1622680488465 39.082 213
1622680529370 40.755 214
1622680569352 39.828 215
1622680609017 39.52 216
1622680648627 39.464 217
1622680688419 39.645 218
1622680728460 39.891 219
1622680768915 40.305 220
1622680809241 40.178 221
1622680849956 40.568 222
1622680890976 40.871 223
1622680931997 40.874 224
1622680973728 41.58 225
1622681015384 41.506 226
1622681057459 41.923 227
1622681099801 42.183 228
1622681142174 42.22 229
1622681184692 42.369 230
1622681227736 42.892 231
1622681272203 44.312 232
1622681315591 43.231 233
1622681359218 43.478 234
1622681403185 43.818 235
1622681446677 43.343 236
1622681490406 43.581 237
1622681534140 43.585 238
1622681578117 43.828 239
1622681622075 43.813 240
1622681666346 44.126 241
1622681710979 44.485 242
1622681755770 44.646 243
1622681800660 44.746 244
1622681845651 44.84 245
1622681890782 44.985 246
1622681936101 45.174 247
1622681981536 45.293 248
1622682027048 45.361 249
1622682072959 45.757 250
1622682118750 45.641 251
1622682164951 46.053 252
1622682211416 46.317 253
1622682257898 46.34 254
1622682304512 46.471 255
1622682351272 46.615 256
1622682398166 46.753 257
1622682445744 47.435 258
1622682493428 47.53 259
1622682540956 47.381 260
1622682590060 48.959 261
1622682637953 47.75 262
1622682686236 48.139 263
1622682734918 48.534 264
1622682783924 48.859 265
1622682833983 49.916 266
1622682884342 50.215 267
1622682934029 49.539 268
1622682983790 49.613 269
1622683033957 50.017 270
1622683084266 50.148 271
1622683134528 50.114 272
1622683184989 50.235 273
1622683235788 50.653 274
1622683286554 50.616 275
1622683337545 50.84 276
1622683388642 50.948 277
1622683439843 51.056 278
1622683491419 51.425 279
1622683543228 51.66 280
1622683595320 51.942 281
1622683647648 52.179 282
1622683700227 52.43 283
1622683752440 52.071 284
1622683805047 52.465 285
1622683857854 52.663 286
1622683911213 53.211 287
1622683964656 53.298 288
1622684018153 53.345 289
1622684071629 53.319 290
1622684125489 53.706 291
1622684179846 54.199 292
1622684234162 54.171 293
1622684288549 54.24 294
1622684343222 54.524 295
1622684397660 54.292 296
1622684452326 54.515 297
1622684507602 55.122 298
1622684563016 55.262 299
1622684618622 55.448 300
1622684674250 55.473 301
1622684730085 55.685 302
1622684786261 56.021 303
1622684842505 56.091 304
1622684898959 56.308 305
1622684955384 56.28 306
1622685012547 57.016 307
1622685069626 56.934 308
1622685126764 56.989 309
1622685184316 57.402 310
1622685241706 57.24 311
1622685299556 57.705 312
1622685357465 57.763 313
1622685415629 58.016 314
1622685473838 58.063 315
1622685532405 58.42 316
1622685591174 58.622 317
1622685649986 58.663 318
1622685708748 58.614 319
1622685767800 58.898 320
1622685826813 58.864 321
1622685886420 59.456 322
1622685946262 59.696 323
1622686006292 59.883 324
1622686066246 59.806 325
1622686126172 59.776 326
1622686186466 60.135 327
1622686247188 60.572 328
1622686308237 60.902 329
1622686369364 60.976 330
1622686430780 61.252 331
1622686492070 61.139 332
1622686553657 61.437 333
1622686615101 61.293 334
1622686676880 61.629 335
1622686739215 62.183 336
1622686801578 62.218 337
1622686864006 62.281 338
1622686926680 62.522 339
1622686989500 62.67 340
1622687052710 63.062 341
1622687116480 63.62 342
1622687179663 63.031 343
1622687243576 63.763 344
1622687307148 63.43 345
1622687371157 63.863 346
1622687435346 64.041 347
1622687499548 64.058 348
1622687563982 64.288 349
1622687628494 64.368 350
1622687693626 64.98 351
1622687758769 64.996 352
1622687824148 65.228 353
1622687889829 65.529 354
1622687955663 65.686 355
1622688021937 66.126 356
1622688087708 65.622 357
1622688153626 65.771 358
1622688220150 66.375 359
1622688286251 65.95 360
1622688355149 68.749 361
1622688419293 64.0 362
1622688485707 66.271 363
1622688552424 66.572 364
1622688618745 66.173 365
1622688684849 65.963 366
1622688749424 64.427 367
1622688816233 66.66 368
1622688881089 64.709 369
1622688945823 64.591 370
1622689010426 64.454 371
1622689075709 65.133 372
1622689140987 65.126 373
1622689207011 65.867 374
1622689272994 65.839 375
1622689339049 65.912 376
1622689405143 65.949 377
1622689471655 66.365 378
1622689538753 66.951 379
1622689605322 66.423 380
1622689672960 67.49 381
1622689740488 67.382 382
1622689808163 67.525 383
1622689876261 67.951 384
1622689944305 67.894 385
1622690015294 70.844 386
1622690083711 68.271 387
1622690152200 68.342 388
1622690220979 68.629 389
1622690292920 71.793 390
1622690362291 69.22 391
1622690434139 71.699 392
1622690506678 72.387 393
1622690579470 72.638 394
1622690649274 69.648 395
1622690719388 69.966 396
1622690789566 70.031 397
1622690859865 70.153 398
1622690930444 70.433 399
1622691001035 70.447 400
1622691072115 70.925 401
1622691142859 70.6 402
1622691214072 71.062 403
1622691286141 71.919 404
1622691358215 71.924 405
1622691429657 71.295 406
1622691501310 71.502 407
1622691573244 71.781 408
1622691645596 72.203 409
1622691718201 72.459 410
1622691790683 72.339 411
1622691863483 72.654 412
1622691936202 72.575 413
1622692009314 72.971 414
1622692082335 72.879 415
1622692155807 73.324 416
1622692229099 73.142 417
1622692303042 73.799 418
1622692377523 74.33 419
1622692452270 74.6 420
1622692526759 74.337 421
1622692601564 74.657 422
1622692676202 74.492 423
1622692751008 74.657 424
1622692826203 75.05 425
1622692901501 75.151 426
1622692977287 75.641 427
1622693053171 75.739 428
1622693129141 75.824 429
1622693205869 76.581 430
1622693282742 76.726 431
1622693359136 76.25 432
1622693435903 76.626 433
1622693512599 76.548 434
1622693589717 76.969 435
1622693666906 77.047 436
1622693744059 77.006 437
1622693821361 77.153 438
1622693898912 77.402 439
1622693976691 77.635 440
1622694054559 77.729 441
1622694132396 77.697 442
1622694210710 78.172 443
1622694289352 78.499 444
1622694368029 78.536 445
1622694446677 78.506 446
1622694525657 78.838 447
1622694604607 78.802 448
1622694683940 79.195 449
1622694763388 79.304 450
1622694842976 79.448 451
1622694922960 79.843 452
1622695002991 79.889 453
1622695083000 79.863 454
1622695163434 80.287 455
1622695243843 80.268 456
1622695324826 80.84 457
1622695406236 81.26 458
1622695487156 80.776 459
1622695568589 81.283 460
1622695650199 81.467 461
1622695732093 81.744 462
1622695813967 81.729 463
1622695895982 81.862 464
1622695978896 82.765 465
1622696061525 82.481 466
1622696144716 83.043 467
1622696227690 82.831 468
1622696311017 83.181 469
1622696394545 83.386 470
1622696477811 83.122 471
1622696561889 83.933 472
1622696645704 83.676 473
1622696729885 84.041 474
1622696814290 84.261 475
1622696898462 84.031 476
1622696983144 84.539 477
1622697068462 85.168 478
1622697153292 84.68 479
1622697239275 85.83 480
1622697325271 85.85 481
1622697412295 86.879 482
1622697499589 87.143 483
1622697586771 87.031 484
1622697673280 86.357 485
1622697761086 87.66 486
1622697848227 86.994 487
1622697937068 88.692 488
1622698026155 88.943 489
1622698114022 87.722 490
1622698202034 87.863 491
1622698290799 88.62 492
1622698380512 89.558 493
1622698470935 90.274 494
1622698560868 89.783 495
1622698650644 89.631 496
1622698740477 89.685 497
1622698830650 90.026 498
1622698922257 91.462 499
1622699013689 91.287 500
