1622945064877 0.009 0
1622945066253 1.206 1
1622945067999 1.582 2
1622945070085 1.925 3
1622945072533 2.288 4
1622945075333 2.64 5
1622945078509 3.015 6
1622945082059 3.386 7
1622945085940 3.721 8
1622945090162 4.064 9
1622945094738 4.414 10
1622945099672 4.769 11
1622945104964 5.128 12
1622945110611 5.483 13
1622945116620 5.843 14
1622945123028 6.245 15
1622945129785 6.597 16
1622945136866 6.92 17
1622945144296 7.268 18
1622945152211 7.749 19
1622945160410 8.031 20
1622945168933 8.36 21
1622945177822 8.723 22
1622945187107 9.117 23
1622945196823 9.552 24
1622945206891 9.903 25
1622945217251 10.194 26
1622945228251 10.839 27
1622945240083 11.607 28
1622945251526 11.283 29
1622945263316 11.63 30
1622945275387 11.909 31
1622945287870 12.318 32
1622945300754 12.713 33
1622945314032 13.11 34
1622945327599 13.404 35
1622945341405 13.635 36
1622945355680 14.106 37
1622945370404 14.55 38
1622945385511 14.939 39
1622945400881 15.201 40
1622945416551 15.502 41
1622945432618 15.897 42
1622945448997 16.215 43
1622945465741 16.58 44
1622945482826 16.92 45
1622945500262 17.272 46
1622945518023 17.598 47
1622945536189 18.002 48
1622945554725 18.377 49
1622945573653 18.758 50
1622945592805 18.986 51
1622945612337 19.368 52
1622945632344 19.846 53
1622945652661 20.155 54
1622945673307 20.482 55
1622945694416 20.94 56
1622945715739 21.162 57
1622945737519 21.615 58
1622945759679 21.996 59
1622945782236 22.388 60
1622945805152 22.755 61
1622945828514 23.198 62
1622945852017 23.342 63
1622945875885 23.71 64
1622945900123 24.077 65
1622945924680 24.399 66
1622945949579 24.737 67
1622945974720 24.981 68
1622946000274 25.396 69
1622946026125 25.693 70
1622946053004 26.721 71
1622946079491 26.323 72
1622946106217 26.563 73
1622946133335 26.955 74
1622946160719 27.217 75
1622946188615 27.732 76
1622946217002 28.225 77
1622946245604 28.442 78
1622946274713 28.948 79
1622946304099 29.222 80
1622946333852 29.588 81
1622946363884 29.871 82
1622946394460 30.412 83
1622946425455 30.832 84
1622946456543 30.925 85
1622946488270 31.564 86
1622946520141 31.707 87
1622946552480 32.182 88
1622946585049 32.412 89
1622946618117 32.906 90
1622946651851 33.573 91
1622946685973 33.959 92
1622946720311 34.172 93
1622946754845 34.374 94
1622946789595 34.585 95
1622946824771 35.016 96
1622946860501 35.56 97
1622946896540 35.874 98
1622946932794 36.098 99
1622946969972 37.018 100
1622947007023 36.888 101
1622947044336 37.146 102
1622947081838 37.337 103
1622947119461 37.462 104
1622947157656 38.034 105
1622947196077 38.262 106
1622947234711 38.47 107
1622947273688 38.814 108
1622947313068 39.213 109
1622947352559 39.33 110
1622947392662 39.896 111
1622947433054 40.231 112
1622947473918 40.702 113
1622947515326 41.246 114
1622947556965 41.48 115
1622947599164 42.04 116
1622947641489 42.163 117
1622947684141 42.491 118
1622947727241 42.935 119
1622947770667 43.265 120
1622947813786 42.953 121
1622947858226 44.276 122
1622947902911 44.522 123
1622947947614 44.542 124
1622947992454 44.667 125
1622948036629 44.009 126
1622948081856 45.066 127
1622948126836 44.814 128
1622948173220 46.22 129
1622948219903 46.515 130
1622948266941 46.878 131
1622948314256 47.151 132
1622948361312 46.886 133
1622948408743 47.268 134
1622948456364 47.464 135
1622948504526 48.006 136
1622948553062 48.377 137
1622948601426 48.207 138
1622948650308 48.719 139
1622948699531 49.06 140
1622948749178 49.485 141
1622948799104 49.761 142
1622948849257 49.99 143
1622948899857 50.439 144
1622948950677 50.661 145
1622949002068 51.234 146
1622949053993 51.759 147
1622949106084 51.933 148
1622949158350 52.107 149
1622949211108 52.591 150
1622949264469 53.201 151
1622949318247 53.614 152
1622949372312 53.902 153
1622949426864 54.39 154
1622949481543 54.515 155
1622949536675 54.969 156
1622949592144 55.308 157
1622949648170 55.868 158
1622949704286 55.956 159
1622949760566 56.117 160
1622949817264 56.54 161
1622949874221 56.798 162
1622949931552 57.167 163
1622949989175 57.459 164
1622950047401 58.066 165
1622950105938 58.376 166
1622950164217 58.116 167
1622950224381 59.894 168
1622950283601 59.055 169
1622950342943 59.174 170
1622950402580 59.473 171
1622950461833 59.086 172
1622950522039 60.042 173
1622950582133 59.932 174
1622950642743 60.45 175
1622950703675 60.773 176
1622950764894 61.057 177
1622950828234 63.057 178
1622950890214 61.819 179
1622950952559 62.185 180
1622951015124 62.403 181
1622951078118 62.829 182
1622951141263 62.985 183
1622951204950 63.528 184
1622951268711 63.598 185
1622951333047 64.173 186
1622951397526 64.32 187
1622951462771 65.079 188
1622951528220 65.282 189
1622951593748 65.363 190
1622951659649 65.739 191
1622951725537 65.726 192
1622951791942 66.248 193
1622951859222 67.115 194
1622951926916 67.53 195
1622951994704 67.624 196
1622952062949 68.083 197
1622952131758 68.644 198
1622952201031 69.111 199
1622952270519 69.319 200
1622952340084 69.399 201
1622952409933 69.683 202
1622952480521 70.425 203
1622952551172 70.492 204
1622952622432 71.099 205
1622952694153 71.555 206
1622952765864 71.545 207
1622952838101 72.075 208
1622952910594 72.329 209
1622952983521 72.764 210
1622953056530 72.846 211
1622953130281 73.585 212
1622953204428 73.984 213
1622953278978 74.39 214
1622953354128 74.994 215
1622953429375 75.086 216
1622953505135 75.596 217
1622953583147 77.85 218
1622953659437 76.123 219
1622953737828 78.229 220
1622953816974 78.982 221
1622953896558 79.419 222
1622953977141 80.418 223
1622954058247 80.942 224
1622954139522 81.106 225
1622954222485 82.799 226
1622954304081 81.43 227
1622954386286 82.04 228
1622954468872 82.424 229
1622954551478 82.444 230
1622954634671 83.029 231
1622954718232 83.393 232
1622954802617 84.222 233
1622954887189 84.41 234
1622954972037 84.687 235
1622955057190 84.988 236
1622955142980 85.627 237
1622955228608 85.462 238
1622955317103 88.329 239
1622955404470 87.206 240
1622955491927 87.296 241
1622955580360 88.274 242
1622955669062 88.539 243
1622955757499 88.27 244
1622955847101 89.341 245
1622955936727 89.464 246
1622956025257 88.369 247
1622956114311 88.895 248
1622956203804 89.329 249
1622956293677 89.706 250
1622956384123 90.281 251
1622956474826 90.541 252
1622956565797 90.813 253
1622956657317 91.362 254
1622956749079 91.6 255
1622956841481 92.235 256
1622956934117 92.474 257
1622957027911 93.629 258
1622957121509 93.429 259
1622957215370 93.691 260
1622957309383 93.841 261
1622957403953 94.403 262
1622957498951 94.834 263
1622957594396 95.279 264
1622957689714 95.151 265
1622957785920 96.038 266
1622957882187 96.1 267
1622957979287 96.934 268
1622958076953 97.505 269
1622958174190 97.069 270
1622958271204 96.849 271
1622958369090 97.722 272
1622958467450 98.198 273
1622958566311 98.699 274
1622958665425 98.95 275
1622958765374 99.783 276
1622958865785 100.248 277
1622958966166 100.217 278
1622959066942 100.608 279
1622959168407 101.3 280
1622959269722 101.154 281
1622959371998 102.115 282
1622959474719 102.559 283
1622959577673 102.792 284
1622959681375 103.539 285
1622959784718 103.18 286
1622959888800 103.918 287
1622959992032 103.066 288
1622960094418 102.225 289
1622960197543 102.964 290
1622960300964 103.258 291
1622960402063 100.939 292
1622960506843 104.617 293
1622960611753 104.746 294
1622960716929 105.013 295
1622960818944 101.848 296
1622960925408 106.303 297
1622961031597 106.026 298
1622961134667 102.911 299
1622961238348 103.517 300
1622961343453 104.94 301
1622961448213 104.593 302
1622961553109 104.727 303
1622961658329 105.056 304
1622961763751 105.258 305
1622961869947 106.031 306
1622961976457 106.347 307
1622962082899 106.27 308
1622962189561 106.498 309
1622962296472 106.749 310
1622962403612 106.971 311
1622962511028 107.251 312
1622962618993 107.807 313
1622962727595 108.438 314
1622962836655 108.9 315
1622962945881 109.06 316
1622963056151 110.107 317
1622963166219 109.91 318
1622963276696 110.319 319
1622963387930 111.073 320
1622963499082 110.992 321
1622963610973 111.716 322
1622963722680 111.537 323
1622963834744 111.889 324
1622963947435 112.522 325
1622964060254 112.656 326
1622964173896 113.479 327
1622964287180 113.12 328
1622964400974 113.626 329
1622964515216 114.075 330
1622964629874 114.492 331
1622964746204 116.168 332
1622964861530 115.159 333
1622964978338 116.645 334
1622965095564 117.061 335
1622965213079 117.349 336
1622965329948 116.703 337
1622965447326 117.216 338
1622965564775 117.285 339
1622965682047 117.1 340
1622965799642 117.434 341
1622965918543 118.736 342
1622966037371 118.662 343
1622966158382 120.84 344
1622966278575 120.026 345
1622966400397 121.652 346
1622966522555 121.992 347
1622966645136 122.412 348
1622966768029 122.727 349
1622966889452 121.252 350
1622967012428 122.813 351
1622967136364 123.774 352
1622967260050 123.522 353
1622967384292 124.084 354
1622967509413 124.957 355
1622967634854 125.276 356
1622967759998 124.977 357
1622967886177 126.014 358
1622968012219 125.884 359
1622968138908 126.525 360
1622968265430 126.36 361
1622968392450 126.855 362
1622968520052 127.437 363
1622968647231 127.013 364
1622968776001 128.606 365
1622968904184 128.019 366
1622969034546 130.199 367
1622969164711 129.995 368
1622969294754 129.879 369
1622969424554 129.633 370
1622969557894 133.174 371
1622969687836 129.778 372
1622969819732 131.732 373
1622969951928 132.029 374
1622970085148 133.054 375
1622970218736 133.422 376
1622970353586 134.681 377
1622970489097 135.345 378
1622970625483 136.22 379
1622970762476 136.827 380
1622970898619 135.979 381
1622971034878 136.089 382
1622971171461 136.413 383
1622971308905 137.284 384
1622971446129 137.057 385
1622971584561 138.264 386
1622971722722 137.988 387
1622971861988 139.096 388
1622971999510 137.355 389
1622972137024 137.347 390
1622972275181 137.991 391
1622972414968 139.621 392
1622972555544 140.411 393
1622972696406 140.696 394
1622972838747 142.174 395
1622972980227 141.312 396
1622973122420 142.024 397
1622973264708 142.124 398
1622973407328 142.454 399
1622973550767 143.269 400
1622973695157 144.221 401
1622973839629 144.303 402
1622973984247 144.451 403
1622974127286 142.874 404
1622974271552 144.102 405
1622974416121 144.398 406
1622974560677 144.388 407
1622974705110 144.267 408
1622974850325 145.048 409
1622974995777 145.291 410
1622975142365 146.425 411
1622975288633 146.095 412
1622975434937 146.136 413
1622975581568 146.456 414
1622975731269 149.428 415
1622975878829 147.397 416
1622976026996 148.002 417
1622976175686 148.526 418
1622976324594 148.741 419
1622976473570 148.811 420
1622976623932 150.2 421
1622976774285 150.185 422
1622976924273 149.81 423
1622977077955 153.397 424
1622977230644 152.523 425
1622977383883 153.076 426
1622977537466 153.412 427
1622977692168 154.533 428
1622977846991 154.659 429
1622978001366 154.204 430
1622978155546 154.013 431
1622978310750 155.035 432
1622978465889 154.975 433
1622978620464 154.41 434
1622978775340 154.71 435
1622978932809 157.308 436
1622979089159 156.185 437
