1622615999712 50 0
1622616000273 60 1
1622616000815 70 2
1622616001404 80 3
1622616002013 90 4
1622616002664 100 5
1622616003365 110 6
1622616004073 120 7
1622616004821 130 8
1622616005627 140 9
1622616006447 150 10
1622616007303 160 11
1622616008212 170 12
1622616009153 180 13
1622616010101 190 14
1622616011118 200 15
1622616012184 210 16
1622616013264 220 17
1622616014399 230 18
1622616015564 240 19
1622616016767 250 20
1622616017988 260 21
1622616019249 270 22
1622616020573 280 23
1622616021905 290 24
1622616023283 300 25
1622616024661 310 26
1622616026103 320 27
1622616027587 330 28
1622616029125 340 29
1622616030683 350 30
1622616032267 360 31
1622616033903 370 32
1622616035563 380 33
1622616037256 390 34
1622616038983 400 35
1622616040747 410 36
1622616042526 420 37
1622616044366 430 38
1622616046259 440 39
1622616048160 450 40
1622616050185 460 41
1622616052172 470 42
1622616054176 480 43
1622616056263 490 44
1622616058305 500 45
1622616060438 510 46
1622616062600 520 47
1622616064809 530 48
1622616067059 540 49
1622616069302 550 50
1622616071585 560 51
1622616073907 570 52
1622616076310 580 53
1622616078717 590 54
1622616081180 600 55
1622616083627 610 56
1622616086102 620 57
1622616088649 630 58
1622616091229 640 59
1622616093836 650 60
1622616096481 660 61
1622616099152 670 62
1622616101886 680 63
1622616104670 690 64
1622616107487 700 65
1622616110268 710 66
1622616113131 720 67
1622616116040 730 68
1622616118990 740 69
1622616121981 750 70
1622616125510 760 71
1622616128582 770 72
1622616131690 780 73
1622616134857 790 74
1622616138185 800 75
1622616141440 810 76
1622616145728 820 77
1622616149913 830 78
1622616153249 840 79
1622616156628 850 80
1622616160016 860 81
1622616163455 870 82
1622616167529 880 83
1622616171426 890 84
1622616174914 900 85
1622616178474 910 86
1622616182060 920 87
1622616185676 930 88
1622616190275 940 89
1622616194361 950 90
1622616198253 960 91
1622616202502 970 92
1622616206408 980 93
1622616210268 990 94
1622616214188 1000 95
1622616218091 1010 96
1622616222060 1020 97
1622616226044 1030 98
1622616230099 1040 99
1622616234226 1050 100
1622616238370 1060 101
1622616242486 1070 102
1622616246685 1080 103
1622616250927 1090 104
1622616255201 1100 105
1622616259530 1110 106
1622616263834 1120 107
1622616268182 1130 108
1622616272567 1140 109
1622616277005 1150 110
1622616281535 1160 111
1622616286219 1170 112
1622616290915 1180 113
1622616295488 1190 114
1622616300107 1200 115
1622616304762 1210 116
1622616309673 1220 117
1622616314630 1230 118
1622616319837 1240 119
1622616324626 1250 120
1622616329495 1260 121
1622616334404 1270 122
1622616339351 1280 123
1622616344283 1290 124
1622616349320 1300 125
1622616354366 1310 126
1622616359464 1320 127
1622616364612 1330 128
1622616369726 1340 129
1622616374920 1350 130
1622616380161 1360 131
1622616385364 1370 132
1622616390669 1380 133
1622616396022 1390 134
1622616401352 1400 135
1622616406777 1410 136
1622616412279 1420 137
1622616417766 1430 138
1622616423710 1440 139
1622616429364 1450 140
1622616434926 1460 141
1622616440566 1470 142
1622616446285 1480 143
1622616452006 1490 144
1622616457754 1500 145
1622616463541 1510 146
1622616469323 1520 147
1622616475947 1530 148
1622616482026 1540 149
1622616488026 1550 150
1622616493997 1560 151
1622616500323 1570 152
1622616506392 1580 153
1622616512504 1590 154
1622616518589 1600 155
1622616524737 1610 156
1622616531035 1620 157
1622616537204 1630 158
1622616543458 1640 159
1622616550234 1650 160
1622616556540 1660 161
1622616562862 1670 162
1622616569262 1680 163
1622616575601 1690 164
1622616582041 1700 165
1622616588546 1710 166
1622616595008 1720 167
1622616601541 1730 168
1622616608119 1740 169
1622616614825 1750 170
1622616621941 1760 171
1622616628724 1770 172
1622616635696 1780 173
1622616642490 1790 174
1622616649255 1800 175
1622616656074 1810 176
1622616662969 1820 177
1622616669820 1830 178
1622616677072 1840 179
1622616684047 1850 180
1622616691136 1860 181
1622616698276 1870 182
1622616705462 1880 183
1622616712628 1890 184
1622616719833 1900 185
1622616727070 1910 186
1622616734255 1920 187
1622616741650 1930 188
1622616748914 1940 189
1622616756220 1950 190
1622616763648 1960 191
1622616771304 1970 192
1622616778901 1980 193
1622616786397 1990 194
1622616793952 2000 195
1622616801561 2010 196
1622616809288 2020 197
1622616816972 2030 198
1622616824703 2040 199
1622616832647 2050 200
1622616840525 2060 201
1622616848233 2070 202
1622616856101 2080 203
1622616864000 2090 204
1622616871895 2100 205
1622616880107 2110 206
1622616888041 2120 207
1622616896206 2130 208
1622616904247 2140 209
1622616912416 2150 210
1622616920570 2160 211
1622616928887 2170 212
1622616937264 2180 213
1622616946340 2190 214
1622616954573 2200 215
1622616962749 2210 216
1622616970975 2220 217
1622616979342 2230 218
1622616987708 2240 219
1622616996464 2250 220
1622617004994 2260 221
1622617013414 2270 222
1622617021923 2280 223
1622617030399 2290 224
1622617039096 2300 225
1622617047840 2310 226
1622617056456 2320 227
1622617065086 2330 228
1622617073721 2340 229
1622617082486 2350 230
1622617091316 2360 231
1622617100176 2370 232
1622617109011 2380 233
1622617117913 2390 234
1622617126970 2400 235
1622617137033 2410 236
1622617146102 2420 237
1622617155282 2430 238
1622617164394 2440 239
1622617173601 2450 240
1622617182883 2460 241
1622617192176 2470 242
1622617201436 2480 243
1622617210839 2490 244
1622617220618 2500 245
1622617229947 2510 246
1622617239354 2520 247
1622617248751 2530 248
1622617258317 2540 249
1622617268304 2550 250
1622617277983 2560 251
1622617287664 2570 252
1622617297307 2580 253
1622617306971 2590 254
1622617316761 2600 255
1622617326440 2610 256
1622617336291 2620 257
1622617346022 2630 258
1622617356040 2640 259
1622617365895 2650 260
1622617375783 2660 261
1622617385741 2670 262
1622617395719 2680 263
1622617405755 2690 264
1622617415755 2700 265
1622617425859 2710 266
1622617435983 2720 267
1622617446200 2730 268
1622617456420 2740 269
1622617466681 2750 270
1622617476943 2760 271
1622617487215 2770 272
1622617497638 2780 273
1622617508244 2790 274
1622617519374 2800 275
1622617530008 2810 276
1622617540415 2820 277
1622617550897 2830 278
1622617561460 2840 279
1622617572053 2850 280
1622617582638 2860 281
1622617593433 2870 282
1622617604161 2880 283
1622617615043 2890 284
1622617626224 2900 285
1622617637165 2910 286
1622617648033 2920 287
1622617658880 2930 288
1622617670651 2940 289
1622617681499 2950 290
1622617692475 2960 291
1622617703436 2970 292
1622617714414 2980 293
1622617725440 2990 294
1622617736991 3000 295
1622617748104 3010 296
1622617759346 3020 297
1622617770550 3030 298
1622617781833 3040 299
1622617793882 3050 300
1622617805166 3060 301
1622617816522 3070 302
1622617827947 3080 303
1622617839901 3090 304
1622617851403 3100 305
1622617862842 3110 306
1622617874360 3120 307
1622617886109 3130 308
1622617897684 3140 309
1622617909645 3150 310
1622617921279 3160 311
1622617933035 3170 312
1622617944743 3180 313
1622617956554 3190 314
1622617968780 3200 315
1622617980528 3210 316
1622617992422 3220 317
1622618004365 3230 318
1622618016504 3240 319
1622618028468 3250 320
1622618040586 3260 321
1622618052593 3270 322
1622618065368 3280 323
1622618078031 3290 324
1622618090262 3300 325
1622618102462 3310 326
1622618114733 3320 327
1622618126958 3330 328
1622618139329 3340 329
1622618152762 3350 330
1622618165286 3360 331
1622618177813 3370 332
1622618190397 3380 333
1622618203234 3390 334
1622618215918 3400 335
1622618228606 3410 336
1622618241335 3420 337
1622618253989 3430 338
1622618266728 3440 339
1622618279554 3450 340
1622618292706 3460 341
1622618306603 3470 342
1622618320108 3480 343
1622618333008 3490 344
1622618346294 3500 345
1622618359284 3510 346
1622618372238 3520 347
1622618385285 3530 348
1622618398350 3540 349
1622618411440 3550 350
1622618424576 3560 351
1622618437763 3570 352
1622618451003 3580 353
1622618465121 3590 354
1622618478562 3600 355
1622618491961 3610 356
1622618506048 3620 357
1622618519583 3630 358
1622618533075 3640 359
1622618546834 3650 360
1622618560548 3660 361
1622618574228 3670 362
1622618587885 3680 363
1622618601654 3690 364
1622618616043 3700 365
1622618630582 3710 366
1622618644383 3720 367
1622618658269 3730 368
1622618672172 3740 369
1622618686005 3750 370
1622618699948 3760 371
1622618713896 3770 372
1622618727878 3780 373
1622618741859 3790 374
1622618755818 3800 375
1622618769918 3810 376
1622618783970 3820 377
1622618798181 3830 378
1622618812435 3840 379
1622618826704 3850 380
1622618840976 3860 381
1622618855499 3870 382
1622618869886 3880 383
1622618884252 3890 384
1622618898626 3900 385
1622618913098 3910 386
1622618927603 3920 387
1622618942851 3930 388
1622618958191 3940 389
1622618972750 3950 390
1622618987434 3960 391
1622619002301 3970 392
1622619017057 3980 393
1622619032498 3990 394
1622619047995 4000 395
1622619063220 4010 396
1622619078189 4020 397
1622619093018 4030 398
1622619107946 4040 399
1622619122844 4050 400
1622619137876 4060 401
1622619152954 4070 402
1622619167984 4080 403
1622619182975 4090 404
1622619198026 4100 405
1622619213108 4110 406
1622619228741 4120 407
1622619245081 4130 408
1622619260352 4140 409
1622619275599 4150 410
1622619291113 4160 411
1622619306798 4170 412
1622619322033 4180 413
1622619337313 4190 414
1622619352697 4200 415
1622619368095 4210 416
1622619383504 4220 417
1622619399007 4230 418
1622619414536 4240 419
1622619430361 4250 420
1622619446491 4260 421
1622619462090 4270 422
1622619477652 4280 423
1622619494407 4290 424
1622619511274 4300 425
1622619527535 4310 426
1622619543436 4320 427
1622619559518 4330 428
1622619575652 4340 429
1622619592280 4350 430
1622619608516 4360 431
1622619624716 4370 432
1622619640761 4380 433
1622619657317 4390 434
1622619673630 4400 435
1622619689910 4410 436
1622619706238 4420 437
1622619722771 4430 438
1622619739280 4440 439
1622619755770 4450 440
1622619772403 4460 441
1622619788826 4470 442
1622619805490 4480 443
1622619821954 4490 444
1622619838464 4500 445
1622619854980 4510 446
1622619872650 4520 447
1622619889444 4530 448
1622619907312 4540 449
1622619924367 4550 450
1622619941140 4560 451
1622619958111 4570 452
1622619975084 4580 453
1622619991801 4590 454
1622620008928 4600 455
1622620025926 4610 456
1622620043478 4620 457
1622620061199 4630 458
1622620078892 4640 459
1622620095910 4650 460
1622620113002 4660 461
1622620130019 4670 462
1622620147231 4680 463
1622620164636 4690 464
1622620181830 4700 465
1622620199813 4710 466
1622620217334 4720 467
1622620234695 4730 468
1622620252422 4740 469
1622620269823 4750 470
1622620287353 4760 471
1622620304958 4770 472
1622620322591 4780 473
1622620340529 4790 474
1622620358103 4800 475
1622620375690 4810 476
1622620394642 4820 477
1622620412509 4830 478
1622620430341 4840 479
1622620448168 4850 480
1622620465945 4860 481
1622620483991 4870 482
1622620503616 4880 483
1622620522491 4890 484
1622620540507 4900 485
1622620558558 4910 486
1622620576630 4920 487
1622620594743 4930 488
1622620613153 4940 489
1622620631269 4950 490
1622620649389 4960 491
1622620667657 4970 492
1622620685876 4980 493
1622620704163 4990 494
1622620722539 5000 495
1622620740906 5010 496
1622620759334 5020 497
1622620777818 5030 498
1622620796394 5040 499
1622620815027 5050 500
