1622781057545 50 0
1622781059665 60 1
1622781061978 70 2
1622781064432 80 3
1622781067024 90 4
1622781069790 100 5
1622781072726 110 6
1622781075876 120 7
1622781079120 130 8
1622781082472 140 9
1622781085951 150 10
1622781089715 160 11
1622781093685 170 12
1622781097724 180 13
1622781101888 190 14
1622781106207 200 15
1622781110788 210 16
1622781115458 220 17
1622781120332 230 18
1622781125287 240 19
1622781130369 250 20
1622781135601 260 21
1622781140984 270 22
1622781146626 280 23
1622781152325 290 24
1622781158260 300 25
1622781164278 310 26
1622781170487 320 27
1622781176958 330 28
1622781183605 340 29
1622781190395 350 30
1622781197322 360 31
1622781204401 370 32
1622781211509 380 33
1622781218883 390 34
1622781226339 400 35
1622781234020 410 36
1622781241915 420 37
1622781249805 430 38
1622781257923 440 39
1622781266128 450 40
1622781274563 460 41
1622781283065 470 42
1622781291661 480 43
1622781300692 490 44
1622781309631 500 45
1622781318861 510 46
1622781328218 520 47
1622781337717 530 48
1622781347477 540 49
1622781357326 550 50
1622781367439 560 51
1622781377701 570 52
1622781388293 580 53
1622781398834 590 54
1622781409393 600 55
1622781420283 610 56
1622781431200 620 57
1622781442291 630 58
1622781453554 640 59
1622781464948 650 60
1622781476514 660 61
1622781488274 670 62
1622781500207 680 63
1622781512215 690 64
1622781524294 700 65
1622781536707 710 66
1622781549277 720 67
1622781561940 730 68
1622781574815 740 69
1622781587887 750 70
1622781601268 760 71
1622781614701 770 72
1622781628243 780 73
1622781641843 790 74
1622781655699 800 75
1622781669609 810 76
1622781683953 820 77
1622781698264 830 78
1622781712830 840 79
1622781727378 850 80
1622781742129 860 81
1622781756988 870 82
1622781772158 880 83
1622781787427 890 84
1622781802889 900 85
1622781818608 910 86
1622781834231 920 87
1622781850131 930 88
1622781866279 940 89
1622781882343 950 90
1622781898721 960 91
1622781915196 970 92
1622781932041 980 93
1622781948787 990 94
1622781965863 1000 95
1622781982984 1010 96
1622782000092 1020 97
1622782017533 1030 98
1622782035037 1040 99
1622782052591 1050 100
1622782070519 1060 101
1622782088786 1070 102
1622782107016 1080 103
1622782125541 1090 104
1622782144073 1100 105
1622782162657 1110 106
1622782181610 1120 107
1622782200808 1130 108
1622782220123 1140 109
1622782239317 1150 110
1622782258562 1160 111
1622782278275 1170 112
1622782298402 1180 113
1622782318374 1190 114
1622782338409 1200 115
1622782358182 1210 116
1622782378321 1220 117
1622782398692 1230 118
1622782419296 1240 119
1622782440026 1250 120
1622782460510 1260 121
1622782481295 1270 122
1622782502189 1280 123
1622782523436 1290 124
1622782544865 1300 125
1622782566229 1310 126
1622782587810 1320 127
1622782609263 1330 128
1622782630987 1340 129
1622782652970 1350 130
1622782674974 1360 131
1622782697268 1370 132
1622782719838 1380 133
1622782742524 1390 134
1622782765512 1400 135
1622782788479 1410 136
1622782811722 1420 137
1622782834753 1430 138
1622782858082 1440 139
1622782881711 1450 140
1622782905413 1460 141
1622782929446 1470 142
1622782953489 1480 143
1622782977798 1490 144
1622783002586 1500 145
1622783027338 1510 146
1622783052275 1520 147
1622783076985 1530 148
1622783101962 1540 149
1622783127141 1550 150
1622783152414 1560 151
1622783177763 1570 152
1622783203284 1580 153
1622783228620 1590 154
1622783254463 1600 155
1622783280535 1610 156
1622783306802 1620 157
1622783333038 1630 158
1622783359458 1640 159
1622783385811 1650 160
1622783412452 1660 161
1622783439521 1670 162
1622783466827 1680 163
1622783494118 1690 164
1622783521507 1700 165
1622783549358 1710 166
1622783577198 1720 167
1622783605297 1730 168
1622783633528 1740 169
1622783661825 1750 170
1622783690233 1760 171
1622783718674 1770 172
1622783747206 1780 173
1622783776081 1790 174
1622783805317 1800 175
1622783834336 1810 176
1622783863791 1820 177
1622783893217 1830 178
1622783923000 1840 179
1622783952778 1850 180
1622783982637 1860 181
1622784012707 1870 182
1622784043008 1880 183
1622784073147 1890 184
1622784103508 1900 185
1622784134441 1910 186
1622784165147 1920 187
1622784196022 1930 188
1622784227209 1940 189
1622784258385 1950 190
1622784290182 1960 191
1622784322210 1970 192
1622784353913 1980 193
1622784386192 1990 194
1622784418334 2000 195
1622784450729 2010 196
1622784482970 2020 197
1622784515608 2030 198
1622784548294 2040 199
1622784581192 2050 200
1622784614256 2060 201
1622784647309 2070 202
1622784680713 2080 203
1622784714152 2090 204
1622784747910 2100 205
1622784781395 2110 206
1622784815330 2120 207
1622784849335 2130 208
1622784883779 2140 209
1622784918118 2150 210
1622784952603 2160 211
1622784987371 2170 212
1622785022358 2180 213
1622785057388 2190 214
1622785092532 2200 215
1622785127788 2210 216
1622785163459 2220 217
1622785199237 2230 218
1622785235200 2240 219
1622785271268 2250 220
1622785307448 2260 221
1622785343552 2270 222
1622785380117 2280 223
1622785416919 2290 224
1622785453550 2300 225
1622785490402 2310 226
1622785527566 2320 227
1622785564637 2330 228
1622785602151 2340 229
1622785639861 2350 230
1622785677132 2360 231
1622785714930 2370 232
1622785753056 2380 233
1622785791080 2390 234
1622785829289 2400 235
1622785867615 2410 236
1622785906305 2420 237
1622785945111 2430 238
1622785984028 2440 239
1622786023059 2450 240
1622786062120 2460 241
1622786101239 2470 242
1622786140775 2480 243
1622786180307 2490 244
1622786219824 2500 245
1622786259778 2510 246
1622786299832 2520 247
1622786340070 2530 248
1622786380425 2540 249
1622786421102 2550 250
1622786461876 2560 251
1622786502689 2570 252
1622786543491 2580 253
1622786584667 2590 254
1622786625927 2600 255
1622786667496 2610 256
1622786709137 2620 257
1622786750777 2630 258
1622786792673 2640 259
1622786834801 2650 260
1622786877149 2660 261
1622786919394 2670 262
1622786961805 2680 263
1622787004222 2690 264
1622787047290 2700 265
1622787090029 2710 266
1622787132895 2720 267
1622787176152 2730 268
1622787219857 2740 269
1622787263645 2750 270
1622787307658 2760 271
1622787351403 2770 272
1622787395646 2780 273
1622787440001 2790 274
1622787484253 2800 275
1622787528808 2810 276
1622787573555 2820 277
1622787618258 2830 278
1622787663209 2840 279
1622787708568 2850 280
1622787754053 2860 281
1622787799433 2870 282
1622787845261 2880 283
1622787891212 2890 284
1622787937216 2900 285
1622787983390 2910 286
1622788029599 2920 287
1622788075862 2930 288
1622788122192 2940 289
1622788169061 2950 290
1622788216031 2960 291
1622788262721 2970 292
1622788309639 2980 293
1622788357000 2990 294
1622788404171 3000 295
1622788451819 3010 296
1622788499676 3020 297
1622788547412 3030 298
1622788595478 3040 299
1622788643783 3050 300
1622788692245 3060 301
1622788741028 3070 302
1622788789917 3080 303
1622788838855 3090 304
1622788888289 3100 305
1622788937500 3110 306
1622788987021 3120 307
1622789036470 3130 308
1622789086028 3140 309
1622789135738 3150 310
1622789185811 3160 311
1622789235883 3170 312
1622789286184 3180 313
1622789336490 3190 314
1622789386875 3200 315
1622789437526 3210 316
1622789488523 3220 317
1622789539596 3230 318
1622789590547 3240 319
1622789641651 3250 320
1622789693183 3260 321
1622789744925 3270 322
1622789796550 3280 323
1622789848533 3290 324
1622789900674 3300 325
1622789953019 3310 326
1622790005142 3320 327
1622790057485 3330 328
1622790109963 3340 329
1622790162873 3350 330
1622790215930 3360 331
1622790268921 3370 332
1622790321745 3380 333
1622790375019 3390 334
1622790428955 3400 335
1622790483112 3410 336
1622790537063 3420 337
1622790591161 3430 338
1622790645406 3440 339
1622790699694 3450 340
1622790753988 3460 341
1622790808693 3470 342
1622790863338 3480 343
1622790918564 3490 344
1622790973541 3500 345
1622791028843 3510 346
1622791084340 3520 347
1622791140098 3530 348
1622791195702 3540 349
1622791251849 3550 350
1622791308178 3560 351
1622791364796 3570 352
1622791421509 3580 353
1622791478108 3590 354
1622791534750 3600 355
1622791591525 3610 356
1622791648493 3620 357
1622791705834 3630 358
1622791763260 3640 359
1622791820717 3650 360
1622791878524 3660 361
1622791936376 3670 362
1622791994465 3680 363
1622792052755 3690 364
1622792111068 3700 365
1622792169425 3710 366
1622792228039 3720 367
1622792286765 3730 368
1622792345580 3740 369
1622792404798 3750 370
1622792464045 3760 371
1622792523435 3770 372
1622792582851 3780 373
1622792642537 3790 374
1622792702220 3800 375
1622792762055 3810 376
1622792821902 3820 377
1622792882233 3830 378
1622792942622 3840 379
1622793003155 3850 380
1622793063736 3860 381
1622793124585 3870 382
1622793185166 3880 383
1622793246367 3890 384
1622793307584 3900 385
1622793369008 3910 386
1622793430673 3920 387
1622793492453 3930 388
1622793554507 3940 389
1622793616405 3950 390
1622793678547 3960 391
1622793740545 3970 392
1622793803194 3980 393
1622793865942 3990 394
1622793928702 4000 395
1622793991867 4010 396
1622794054969 4020 397
1622794117786 4030 398
1622794181404 4040 399
1622794244998 4050 400
1622794308676 4060 401
1622794372435 4070 402
1622794436078 4080 403
1622794500120 4090 404
1622794564447 4100 405
1622794628832 4110 406
1622794693578 4120 407
1622794757999 4130 408
1622794822805 4140 409
1622794887622 4150 410
1622794952872 4160 411
1622795018459 4170 412
1622795083883 4180 413
1622795149936 4190 414
1622795215890 4200 415
1622795281605 4210 416
1622795348129 4220 417
1622795414490 4230 418
1622795480805 4240 419
1622795547534 4250 420
1622795614642 4260 421
1622795682114 4270 422
1622795749267 4280 423
1622795816607 4290 424
1622795884193 4300 425
1622795952285 4310 426
1622796020814 4320 427
1622796088979 4330 428
1622796157174 4340 429
1622796225183 4350 430
1622796293740 4360 431
1622796362566 4370 432
1622796430973 4380 433
1622796499754 4390 434
1622796568734 4400 435
1622796637797 4410 436
1622796707086 4420 437
1622796776882 4430 438
1622796846830 4440 439
1622796917262 4450 440
1622796987705 4460 441
1622797058135 4470 442
1622797129149 4480 443
1622797200396 4490 444
1622797271687 4500 445
1622797342704 4510 446
1622797413762 4520 447
1622797485357 4530 448
1622797556588 4540 449
1622797628255 4550 450
1622797699948 4560 451
1622797771903 4570 452
1622797843755 4580 453
1622797915606 4590 454
1622797987404 4600 455
1622798059756 4610 456
1622798132444 4620 457
1622798205301 4630 458
1622798278175 4640 459
1622798351090 4650 460
1622798423806 4660 461
1622798496799 4670 462
1622798569635 4680 463
1622798643109 4690 464
1622798716544 4700 465
1622798790095 4710 466
1622798864283 4720 467
1622798938996 4730 468
1622799013219 4740 469
1622799087575 4750 470
1622799162104 4760 471
1622799237011 4770 472
1622799311875 4780 473
1622799386786 4790 474
1622799461526 4800 475
1622799536929 4810 476
1622799611996 4820 477
1622799687769 4830 478
1622799763213 4840 479
1622799838965 4850 480
1622799914746 4860 481
1622799990690 4870 482
1622800066863 4880 483
1622800143261 4890 484
1622800220023 4900 485
1622800294873 4910 486
1622800370443 4920 487
1622800446074 4930 488
1622800521750 4940 489
1622800597715 4950 490
1622800675905 4960 491
1622800754375 4970 492
1622800833250 4980 493
1622800912059 4990 494
1622800991261 5000 495
1622801069993 5010 496
1622801149205 5020 497
1622801228002 5030 498
1622801307743 5040 499
1622801387528 5050 500
