1622781057541 0.9393747376091662 0
1622781059661 0.9376031907593556 1
1622781061975 0.9376031907593556 2
1622781064428 0.9376031907593556 3
1622781067020 0.9376031907593556 4
1622781069786 0.9376031907593556 5
1622781072722 0.9376031907593556 6
1622781075872 0.9376031907593556 7
1622781079117 0.9376031907593556 8
1622781082469 0.9376031907593556 9
1622781085947 0.9376031907593556 10
1622781089711 0.9376031907593556 11
1622781093681 0.9376031907593556 12
1622781097720 0.9376031907593556 13
1622781101884 0.9376031907593556 14
1622781106203 0.9376031907593556 15
1622781110785 0.9376031907593556 16
1622781115454 0.9376031907593556 17
1622781120328 0.9376031907593556 18
1622781125283 0.9376031907593556 19
1622781130365 0.9376031907593556 20
1622781135597 0.9376031907593556 21
1622781140980 0.9376031907593556 22
1622781146622 0.9376031907593556 23
1622781152322 0.9376031907593556 24
1622781158256 0.9376031907593556 25
1622781164274 0.9376031907593556 26
1622781170483 0.9376031907593556 27
1622781176954 0.9376031907593556 28
1622781183602 0.9376031907593556 29
1622781190392 0.9376031907593556 30
1622781197319 0.9376031907593556 31
1622781204397 0.9376031907593556 32
1622781211505 0.9376031907593556 33
1622781218879 0.9376031907593556 34
1622781226336 0.9376031907593556 35
1622781234017 0.9376031907593556 36
1622781241911 0.9376031907593556 37
1622781249801 0.9376031907593556 38
1622781257920 0.9376031907593556 39
1622781266125 0.9376031907593556 40
1622781274560 0.9376031907593556 41
1622781283061 0.9376031907593556 42
1622781291657 0.9376031907593556 43
1622781300688 0.9376031907593556 44
1622781309627 0.9376031907593556 45
1622781318857 0.9376031907593556 46
1622781328214 0.9376031907593556 47
1622781337713 0.9376031907593556 48
1622781347473 0.9376031907593556 49
1622781357323 0.9376031907593556 50
1622781367435 0.9376031907593556 51
1622781377697 0.9376031907593556 52
1622781388290 0.9376031907593556 53
1622781398830 0.9376031907593556 54
1622781409389 0.9376031907593556 55
1622781420279 0.9376031907593556 56
1622781431196 0.9376031907593556 57
1622781442287 0.9376031907593556 58
1622781453550 0.9376031907593556 59
1622781464944 0.9376031907593556 60
1622781476511 0.9376031907593556 61
1622781488271 0.9376031907593556 62
1622781500204 0.9376031907593556 63
1622781512212 0.9376031907593556 64
1622781524290 0.9376031907593556 65
1622781536703 0.9376031907593556 66
1622781549274 0.9376031907593556 67
1622781561936 0.9376031907593556 68
1622781574811 0.9376031907593556 69
1622781587884 0.9376031907593556 70
1622781601264 0.9376031907593556 71
1622781614698 0.9376031907593556 72
1622781628239 0.9376031907593556 73
1622781641839 0.9376031907593556 74
1622781655696 0.9376031907593556 75
1622781669605 0.9376031907593556 76
1622781683949 0.9376031907593556 77
1622781698260 0.9376031907593556 78
1622781712826 0.9376031907593556 79
1622781727374 0.9376031907593556 80
1622781742125 0.9376031907593556 81
1622781756984 0.9376031907593556 82
1622781772154 0.9376031907593556 83
1622781787423 0.9376031907593556 84
1622781802885 0.9376031907593556 85
1622781818605 0.9376031907593556 86
1622781834228 0.9376031907593556 87
1622781850128 0.9376031907593556 88
1622781866274 0.9376031907593556 89
1622781882340 0.9376031907593556 90
1622781898717 0.9376031907593556 91
1622781915192 0.9376031907593556 92
1622781932037 0.9376031907593556 93
1622781948784 0.9376031907593556 94
1622781965859 0.9376031907593556 95
1622781982981 0.9376031907593556 96
1622782000088 0.9376031907593556 97
1622782017529 0.9376031907593556 98
1622782035033 0.9376031907593556 99
1622782052588 0.9376031907593556 100
1622782070515 0.9376031907593556 101
1622782088783 0.9376031907593556 102
1622782107013 0.9376031907593556 103
1622782125536 0.9376031907593556 104
1622782144070 0.9376031907593556 105
1622782162653 0.9376031907593556 106
1622782181606 0.9376031907593556 107
1622782200804 0.9376031907593556 108
1622782220120 0.9376031907593556 109
1622782239313 0.9376031907593556 110
1622782258558 0.9376031907593556 111
1622782278271 0.9376031907593556 112
1622782298398 0.9376031907593556 113
1622782318371 0.9376031907593556 114
1622782338405 0.9376031907593556 115
1622782358179 0.9376031907593556 116
1622782378317 0.9376031907593556 117
1622782398689 0.9376031907593556 118
1622782419292 0.9376031907593556 119
1622782440022 0.9376031907593556 120
1622782460506 0.9376031907593556 121
1622782481291 0.9376031907593556 122
1622782502185 0.9376031907593556 123
1622782523432 0.9376031907593556 124
1622782544861 0.9376031907593556 125
1622782566225 0.9376031907593556 126
1622782587807 0.9376031907593556 127
1622782609259 0.9376031907593556 128
1622782630983 0.9376031907593556 129
1622782652966 0.9376031907593556 130
1622782674971 0.9376031907593556 131
1622782697265 0.9376031907593556 132
1622782719834 0.9376031907593556 133
1622782742520 0.9376031907593556 134
1622782765508 0.9376031907593556 135
1622782788476 0.9376031907593556 136
1622782811718 0.9376031907593556 137
1622782834749 0.9376031907593556 138
1622782858078 0.9376031907593556 139
1622782881708 0.9376031907593556 140
1622782905409 0.9376031907593556 141
1622782929442 0.9376031907593556 142
1622782953486 0.9376031907593556 143
1622782977794 0.9376031907593556 144
1622783002582 0.9376031907593556 145
1622783027334 0.9376031907593556 146
1622783052271 0.9376031907593556 147
1622783076981 0.9376031907593556 148
1622783101958 0.9376031907593556 149
1622783127137 0.9376031907593556 150
1622783152410 0.9376031907593556 151
1622783177760 0.9376031907593556 152
1622783203281 0.9376031907593556 153
1622783228616 0.9376031907593556 154
1622783254459 0.9376031907593556 155
1622783280532 0.9376031907593556 156
1622783306798 0.9376031907593556 157
1622783333034 0.9376031907593556 158
1622783359455 0.9376031907593556 159
1622783385807 0.9376031907593556 160
1622783412448 0.9376031907593556 161
1622783439518 0.9376031907593556 162
1622783466823 0.9376031907593556 163
1622783494114 0.9376031907593556 164
1622783521504 0.9376031907593556 165
1622783549354 0.9376031907593556 166
1622783577194 0.9376031907593556 167
1622783605293 0.9376031907593556 168
1622783633524 0.9376031907593556 169
1622783661822 0.9376031907593556 170
1622783690229 0.9376031907593556 171
1622783718671 0.9376031907593556 172
1622783747202 0.9376031907593556 173
1622783776077 0.9376031907593556 174
1622783805313 0.9376031907593556 175
1622783834332 0.9376031907593556 176
1622783863787 0.9376031907593556 177
1622783893213 0.9376031907593556 178
1622783922997 0.9376031907593556 179
1622783952775 0.9376031907593556 180
1622783982633 0.9376031907593556 181
1622784012703 0.9376031907593556 182
1622784043004 0.9376031907593556 183
1622784073142 0.9376031907593556 184
1622784103505 0.9376031907593556 185
1622784134438 0.9376031907593556 186
1622784165143 0.9376031907593556 187
1622784196018 0.9376031907593556 188
1622784227205 0.9376031907593556 189
1622784258382 0.9376031907593556 190
1622784290179 0.9376031907593556 191
1622784322206 0.9376031907593556 192
1622784353908 0.9376031907593556 193
1622784386189 0.9376031907593556 194
1622784418331 0.9376031907593556 195
1622784450725 0.9376031907593556 196
1622784482967 0.9376031907593556 197
1622784515604 0.9376031907593556 198
1622784548290 0.9376031907593556 199
1622784581189 0.9376031907593556 200
1622784614252 0.9376031907593556 201
1622784647305 0.9376031907593556 202
1622784680710 0.9376031907593556 203
1622784714148 0.9376031907593556 204
1622784747906 0.9376031907593556 205
1622784781391 0.9376031907593556 206
1622784815326 0.9376031907593556 207
1622784849331 0.9376031907593556 208
1622784883776 0.9376031907593556 209
1622784918115 0.9376031907593556 210
1622784952599 0.9376031907593556 211
1622784987367 0.9376031907593556 212
1622785022355 0.9376031907593556 213
1622785057384 0.9376031907593556 214
1622785092529 0.9376031907593556 215
1622785127784 0.9376031907593556 216
1622785163456 0.9376031907593556 217
1622785199233 0.9376031907593556 218
1622785235196 0.9376031907593556 219
1622785271264 0.9376031907593556 220
1622785307444 0.9376031907593556 221
1622785343548 0.9376031907593556 222
1622785380113 0.9376031907593556 223
1622785416915 0.9376031907593556 224
1622785453547 0.9376031907593556 225
1622785490399 0.9376031907593556 226
1622785527563 0.9376031907593556 227
1622785564634 0.9376031907593556 228
1622785602148 0.9376031907593556 229
1622785639858 0.9376031907593556 230
1622785677128 0.9376031907593556 231
1622785714927 0.9376031907593556 232
1622785753052 0.9376031907593556 233
1622785791076 0.9376031907593556 234
1622785829285 0.9376031907593556 235
1622785867611 0.9376031907593556 236
1622785906302 0.9376031907593556 237
1622785945108 0.9376031907593556 238
1622785984024 0.9376031907593556 239
1622786023055 0.9376031907593556 240
1622786062117 0.9376031907593556 241
1622786101235 0.9376031907593556 242
1622786140771 0.9376031907593556 243
1622786180304 0.9376031907593556 244
1622786219820 0.9376031907593556 245
1622786259775 0.9376031907593556 246
1622786299829 0.9376031907593556 247
1622786340066 0.9376031907593556 248
1622786380421 0.9376031907593556 249
1622786421098 0.9376031907593556 250
1622786461873 0.9376031907593556 251
1622786502686 0.9376031907593556 252
1622786543487 0.9376031907593556 253
1622786584663 0.9376031907593556 254
1622786625924 0.9376031907593556 255
1622786667493 0.9376031907593556 256
1622786709133 0.9376031907593556 257
1622786750773 0.9376031907593556 258
1622786792669 0.9376031907593556 259
1622786834797 0.9376031907593556 260
1622786877145 0.9376031907593556 261
1622786919390 0.9376031907593556 262
1622786961800 0.9376031907593556 263
1622787004218 0.9376031907593556 264
1622787047286 0.9376031907593556 265
1622787090025 0.9376031907593556 266
1622787132891 0.9376031907593556 267
1622787176148 0.9376031907593556 268
1622787219853 0.9376031907593556 269
1622787263641 0.9376031907593556 270
1622787307654 0.9376031907593556 271
1622787351399 0.9376031907593556 272
1622787395643 0.9376031907593556 273
1622787439997 0.9376031907593556 274
1622787484249 0.9376031907593556 275
1622787528804 0.9376031907593556 276
1622787573551 0.9376031907593556 277
1622787618254 0.9376031907593556 278
1622787663205 0.9376031907593556 279
1622787708564 0.9376031907593556 280
1622787754050 0.9376031907593556 281
1622787799429 0.9376031907593556 282
1622787845257 0.9376031907593556 283
1622787891209 0.9376031907593556 284
1622787937212 0.9376031907593556 285
1622787983387 0.9376031907593556 286
1622788029596 0.9376031907593556 287
1622788075858 0.9376031907593556 288
1622788122188 0.9376031907593556 289
1622788169057 0.9376031907593556 290
1622788216027 0.9376031907593556 291
1622788262717 0.9376031907593556 292
1622788309636 0.9376031907593556 293
1622788356996 0.9376031907593556 294
1622788404167 0.9376031907593556 295
1622788451816 0.9376031907593556 296
1622788499672 0.9376031907593556 297
1622788547408 0.9376031907593556 298
1622788595475 0.9376031907593556 299
1622788643780 0.9376031907593556 300
1622788692242 0.9376031907593556 301
1622788741024 0.9376031907593556 302
1622788789913 0.9376031907593556 303
1622788838851 0.9376031907593556 304
1622788888285 0.9376031907593556 305
1622788937496 0.9376031907593556 306
1622788987017 0.9376031907593556 307
1622789036467 0.9376031907593556 308
1622789086025 0.9376031907593556 309
1622789135735 0.9376031907593556 310
1622789185807 0.9376031907593556 311
1622789235879 0.9376031907593556 312
1622789286181 0.9376031907593556 313
1622789336486 0.9376031907593556 314
1622789386872 0.9376031907593556 315
1622789437522 0.9376031907593556 316
1622789488520 0.9376031907593556 317
1622789539592 0.9376031907593556 318
1622789590544 0.9376031907593556 319
1622789641647 0.9376031907593556 320
1622789693179 0.9376031907593556 321
1622789744921 0.9376031907593556 322
1622789796547 0.9376031907593556 323
1622789848529 0.9376031907593556 324
1622789900670 0.9376031907593556 325
1622789953015 0.9376031907593556 326
1622790005138 0.9376031907593556 327
1622790057481 0.9376031907593556 328
1622790109959 0.9376031907593556 329
1622790162870 0.9376031907593556 330
1622790215927 0.9376031907593556 331
1622790268917 0.9376031907593556 332
1622790321741 0.9376031907593556 333
1622790375016 0.9376031907593556 334
1622790428951 0.9376031907593556 335
1622790483109 0.9376031907593556 336
1622790537060 0.9376031907593556 337
1622790591158 0.9376031907593556 338
1622790645402 0.9376031907593556 339
1622790699690 0.9376031907593556 340
1622790753985 0.9376031907593556 341
1622790808690 0.9376031907593556 342
1622790863334 0.9376031907593556 343
1622790918561 0.9376031907593556 344
1622790973538 0.9376031907593556 345
1622791028839 0.9376031907593556 346
1622791084337 0.9376031907593556 347
1622791140095 0.9376031907593556 348
1622791195698 0.9376031907593556 349
1622791251845 0.9376031907593556 350
1622791308174 0.9376031907593556 351
1622791364793 0.9376031907593556 352
1622791421505 0.9376031907593556 353
1622791478104 0.9376031907593556 354
1622791534746 0.9376031907593556 355
1622791591521 0.9376031907593556 356
1622791648489 0.9376031907593556 357
1622791705830 0.9376031907593556 358
1622791763256 0.9376031907593556 359
1622791820714 0.9376031907593556 360
1622791878521 0.9376031907593556 361
1622791936372 0.9376031907593556 362
1622791994462 0.9376031907593556 363
1622792052751 0.9376031907593556 364
1622792111065 0.9376031907593556 365
1622792169421 0.9376031907593556 366
1622792228035 0.9376031907593556 367
1622792286762 0.9376031907593556 368
1622792345576 0.9376031907593556 369
1622792404794 0.9376031907593556 370
1622792464042 0.9376031907593556 371
1622792523431 0.9376031907593556 372
1622792582847 0.9376031907593556 373
1622792642534 0.9376031907593556 374
1622792702216 0.9376031907593556 375
1622792762051 0.9376031907593556 376
1622792821898 0.9376031907593556 377
1622792882230 0.9376031907593556 378
1622792942618 0.9376031907593556 379
1622793003151 0.9376031907593556 380
1622793063733 0.9376031907593556 381
1622793124581 0.9376031907593556 382
1622793185162 0.9376031907593556 383
1622793246363 0.9376031907593556 384
1622793307580 0.9376031907593556 385
1622793369004 0.9376031907593556 386
1622793430670 0.9376031907593556 387
1622793492449 0.9376031907593556 388
1622793554503 0.9376031907593556 389
1622793616401 0.9376031907593556 390
1622793678543 0.9376031907593556 391
1622793740542 0.9376031907593556 392
1622793803190 0.9376031907593556 393
1622793865938 0.9376031907593556 394
1622793928698 0.9376031907593556 395
1622793991864 0.9376031907593556 396
1622794054965 0.9376031907593556 397
1622794117782 0.9376031907593556 398
1622794181401 0.9376031907593556 399
1622794244995 0.9376031907593556 400
1622794308672 0.9376031907593556 401
1622794372431 0.9376031907593556 402
1622794436074 0.9376031907593556 403
1622794500116 0.9376031907593556 404
1622794564443 0.9376031907593556 405
1622794628829 0.9376031907593556 406
1622794693574 0.9376031907593556 407
1622794757995 0.9376031907593556 408
1622794822802 0.9376031907593556 409
1622794887618 0.9376031907593556 410
1622794952868 0.9376031907593556 411
1622795018455 0.9376031907593556 412
1622795083879 0.9376031907593556 413
1622795149933 0.9376031907593556 414
1622795215886 0.9376031907593556 415
1622795281601 0.9376031907593556 416
1622795348125 0.9376031907593556 417
1622795414486 0.9376031907593556 418
1622795480801 0.9376031907593556 419
1622795547530 0.9376031907593556 420
1622795614639 0.9376031907593556 421
1622795682111 0.9376031907593556 422
1622795749264 0.9376031907593556 423
1622795816603 0.9376031907593556 424
1622795884189 0.9376031907593556 425
1622795952281 0.9376031907593556 426
1622796020811 0.9376031907593556 427
1622796088975 0.9376031907593556 428
1622796157171 0.9376031907593556 429
1622796225180 0.9376031907593556 430
1622796293736 0.9376031907593556 431
1622796362562 0.9376031907593556 432
1622796430970 0.9376031907593556 433
1622796499751 0.9376031907593556 434
1622796568730 0.9376031907593556 435
1622796637793 0.9376031907593556 436
1622796707082 0.9376031907593556 437
1622796776879 0.9376031907593556 438
1622796846826 0.9376031907593556 439
1622796917258 0.9376031907593556 440
1622796987701 0.9376031907593556 441
1622797058131 0.9376031907593556 442
1622797129145 0.9376031907593556 443
1622797200393 0.9376031907593556 444
1622797271683 0.9376031907593556 445
1622797342700 0.9376031907593556 446
1622797413758 0.9376031907593556 447
1622797485353 0.9376031907593556 448
1622797556585 0.9376031907593556 449
1622797628252 0.9376031907593556 450
1622797699944 0.9376031907593556 451
1622797771899 0.9376031907593556 452
1622797843751 0.9376031907593556 453
1622797915602 0.9376031907593556 454
1622797987400 0.9376031907593556 455
1622798059752 0.9376031907593556 456
1622798132440 0.9376031907593556 457
1622798205297 0.9376031907593556 458
1622798278171 0.9376031907593556 459
1622798351087 0.9376031907593556 460
1622798423802 0.9376031907593556 461
1622798496796 0.9376031907593556 462
1622798569631 0.9376031907593556 463
1622798643105 0.9376031907593556 464
1622798716540 0.9376031907593556 465
1622798790092 0.9376031907593556 466
1622798864280 0.9376031907593556 467
1622798938992 0.9376031907593556 468
1622799013215 0.9376031907593556 469
1622799087572 0.9376031907593556 470
1622799162100 0.9376031907593556 471
1622799237007 0.9376031907593556 472
1622799311871 0.9376031907593556 473
1622799386782 0.9376031907593556 474
1622799461522 0.9376031907593556 475
1622799536926 0.9376031907593556 476
1622799611992 0.9376031907593556 477
1622799687765 0.9376031907593556 478
1622799763209 0.9376031907593556 479
1622799838961 0.9376031907593556 480
1622799914742 0.9376031907593556 481
1622799990686 0.9376031907593556 482
1622800066860 0.9376031907593556 483
1622800143256 0.9376031907593556 484
1622800220019 0.9376031907593556 485
1622800294869 0.9376031907593556 486
1622800370440 0.9376031907593556 487
1622800446070 0.9376031907593556 488
1622800521747 0.9376031907593556 489
1622800597712 0.9376031907593556 490
1622800675901 0.9376031907593556 491
1622800754372 0.9376031907593556 492
1622800833246 0.9376031907593556 493
1622800912056 0.9376031907593556 494
1622800991257 0.9376031907593556 495
1622801069989 0.9376031907593556 496
1622801149201 0.9376031907593556 497
1622801227999 0.9376031907593556 498
1622801307739 0.9376031907593556 499
1622801387525 0.9376031907593556 500
