1622781057539 -103.24532889572794 0
1622781059659 -59.911137970146186 1
1622781061972 -59.911137970146186 2
1622781064426 -59.911137970146186 3
1622781067018 -59.911137970146186 4
1622781069784 -59.911137970146186 5
1622781072720 -59.911137970146186 6
1622781075870 -59.911137970146186 7
1622781079114 -59.911137970146186 8
1622781082467 -59.911137970146186 9
1622781085945 -59.911137970146186 10
1622781089709 -59.911137970146186 11
1622781093679 -59.911137970146186 12
1622781097718 -59.911137970146186 13
1622781101882 -59.911137970146186 14
1622781106201 -59.911137970146186 15
1622781110782 -59.911137970146186 16
1622781115452 -59.911137970146186 17
1622781120326 -59.911137970146186 18
1622781125281 -59.911137970146186 19
1622781130363 -59.911137970146186 20
1622781135595 -59.911137970146186 21
1622781140978 -59.911137970146186 22
1622781146620 -59.911137970146186 23
1622781152319 -59.911137970146186 24
1622781158254 -59.911137970146186 25
1622781164272 -59.911137970146186 26
1622781170481 -59.911137970146186 27
1622781176952 -59.911137970146186 28
1622781183599 -59.911137970146186 29
1622781190389 -59.911137970146186 30
1622781197316 -59.911137970146186 31
1622781204395 -59.911137970146186 32
1622781211503 -59.911137970146186 33
1622781218877 -59.911137970146186 34
1622781226333 -59.911137970146186 35
1622781234014 -59.911137970146186 36
1622781241909 -59.911137970146186 37
1622781249799 -59.911137970146186 38
1622781257918 -59.911137970146186 39
1622781266122 -59.911137970146186 40
1622781274557 -59.911137970146186 41
1622781283059 -59.911137970146186 42
1622781291655 -59.911137970146186 43
1622781300686 -59.911137970146186 44
1622781309625 -59.911137970146186 45
1622781318855 -59.911137970146186 46
1622781328212 -59.911137970146186 47
1622781337711 -59.911137970146186 48
1622781347471 -59.911137970146186 49
1622781357320 -59.911137970146186 50
1622781367433 -59.911137970146186 51
1622781377695 -59.911137970146186 52
1622781388287 -59.911137970146186 53
1622781398828 -59.911137970146186 54
1622781409387 -59.911137970146186 55
1622781420277 -59.911137970146186 56
1622781431194 -59.911137970146186 57
1622781442285 -59.911137970146186 58
1622781453548 -59.911137970146186 59
1622781464942 -59.911137970146186 60
1622781476508 -59.911137970146186 61
1622781488269 -59.911137970146186 62
1622781500201 -59.911137970146186 63
1622781512209 -59.911137970146186 64
1622781524288 -59.911137970146186 65
1622781536701 -59.911137970146186 66
1622781549272 -59.911137970146186 67
1622781561934 -59.911137970146186 68
1622781574809 -59.911137970146186 69
1622781587881 -59.911137970146186 70
1622781601261 -59.911137970146186 71
1622781614695 -59.911137970146186 72
1622781628237 -59.911137970146186 73
1622781641837 -59.911137970146186 74
1622781655693 -59.911137970146186 75
1622781669603 -59.911137970146186 76
1622781683947 -59.911137970146186 77
1622781698258 -59.911137970146186 78
1622781712824 -59.911137970146186 79
1622781727372 -59.911137970146186 80
1622781742123 -59.911137970146186 81
1622781756982 -59.911137970146186 82
1622781772152 -59.911137970146186 83
1622781787421 -59.911137970146186 84
1622781802883 -59.911137970146186 85
1622781818602 -59.911137970146186 86
1622781834225 -59.911137970146186 87
1622781850125 -59.911137970146186 88
1622781866272 -59.911137970146186 89
1622781882338 -59.911137970146186 90
1622781898715 -59.911137970146186 91
1622781915190 -59.911137970146186 92
1622781932035 -59.911137970146186 93
1622781948781 -59.911137970146186 94
1622781965857 -59.911137970146186 95
1622781982978 -59.911137970146186 96
1622782000086 -59.911137970146186 97
1622782017527 -59.911137970146186 98
1622782035030 -59.911137970146186 99
1622782052585 -59.911137970146186 100
1622782070513 -59.911137970146186 101
1622782088780 -59.911137970146186 102
1622782107010 -59.911137970146186 103
1622782125534 -59.911137970146186 104
1622782144067 -59.911137970146186 105
1622782162651 -59.911137970146186 106
1622782181604 -59.911137970146186 107
1622782200802 -59.911137970146186 108
1622782220117 -59.911137970146186 109
1622782239311 -59.911137970146186 110
1622782258556 -59.911137970146186 111
1622782278269 -59.911137970146186 112
1622782298396 -59.911137970146186 113
1622782318369 -59.911137970146186 114
1622782338403 -59.911137970146186 115
1622782358176 -59.911137970146186 116
1622782378315 -59.911137970146186 117
1622782398686 -59.911137970146186 118
1622782419290 -59.911137970146186 119
1622782440020 -59.911137970146186 120
1622782460504 -59.911137970146186 121
1622782481289 -59.911137970146186 122
1622782502183 -59.911137970146186 123
1622782523429 -59.911137970146186 124
1622782544859 -59.911137970146186 125
1622782566223 -59.911137970146186 126
1622782587804 -59.911137970146186 127
1622782609257 -59.911137970146186 128
1622782630981 -59.911137970146186 129
1622782652964 -59.911137970146186 130
1622782674968 -59.911137970146186 131
1622782697262 -59.911137970146186 132
1622782719832 -59.911137970146186 133
1622782742518 -59.911137970146186 134
1622782765506 -59.911137970146186 135
1622782788473 -59.911137970146186 136
1622782811716 -59.911137970146186 137
1622782834747 -59.911137970146186 138
1622782858075 -59.911137970146186 139
1622782881705 -59.911137970146186 140
1622782905407 -59.911137970146186 141
1622782929440 -59.911137970146186 142
1622782953483 -59.911137970146186 143
1622782977792 -59.911137970146186 144
1622783002580 -59.911137970146186 145
1622783027331 -59.911137970146186 146
1622783052269 -59.911137970146186 147
1622783076979 -59.911137970146186 148
1622783101956 -59.911137970146186 149
1622783127135 -59.911137970146186 150
1622783152408 -59.911137970146186 151
1622783177757 -59.911137970146186 152
1622783203278 -59.911137970146186 153
1622783228614 -59.911137970146186 154
1622783254457 -59.911137970146186 155
1622783280529 -59.911137970146186 156
1622783306796 -59.911137970146186 157
1622783333032 -59.911137970146186 158
1622783359452 -59.911137970146186 159
1622783385805 -59.911137970146186 160
1622783412446 -59.911137970146186 161
1622783439515 -59.911137970146186 162
1622783466821 -59.911137970146186 163
1622783494112 -59.911137970146186 164
1622783521501 -59.911137970146186 165
1622783549352 -59.911137970146186 166
1622783577192 -59.911137970146186 167
1622783605291 -59.911137970146186 168
1622783633522 -59.911137970146186 169
1622783661819 -59.911137970146186 170
1622783690227 -59.911137970146186 171
1622783718668 -59.911137970146186 172
1622783747200 -59.911137970146186 173
1622783776075 -59.911137970146186 174
1622783805311 -59.911137970146186 175
1622783834330 -59.911137970146186 176
1622783863785 -59.911137970146186 177
1622783893211 -59.911137970146186 178
1622783922994 -59.911137970146186 179
1622783952772 -59.911137970146186 180
1622783982631 -59.911137970146186 181
1622784012701 -59.911137970146186 182
1622784043002 -59.911137970146186 183
1622784073140 -59.911137970146186 184
1622784103502 -59.911137970146186 185
1622784134435 -59.911137970146186 186
1622784165141 -59.911137970146186 187
1622784196016 -59.911137970146186 188
1622784227203 -59.911137970146186 189
1622784258379 -59.911137970146186 190
1622784290176 -59.911137970146186 191
1622784322204 -59.911137970146186 192
1622784353906 -59.911137970146186 193
1622784386186 -59.911137970146186 194
1622784418328 -59.911137970146186 195
1622784450723 -59.911137970146186 196
1622784482964 -59.911137970146186 197
1622784515602 -59.911137970146186 198
1622784548288 -59.911137970146186 199
1622784581186 -59.911137970146186 200
1622784614250 -59.911137970146186 201
1622784647303 -59.911137970146186 202
1622784680707 -59.911137970146186 203
1622784714146 -59.911137970146186 204
1622784747904 -59.911137970146186 205
1622784781389 -59.911137970146186 206
1622784815324 -59.911137970146186 207
1622784849329 -59.911137970146186 208
1622784883773 -59.911137970146186 209
1622784918112 -59.911137970146186 210
1622784952597 -59.911137970146186 211
1622784987365 -59.911137970146186 212
1622785022352 -59.911137970146186 213
1622785057382 -59.911137970146186 214
1622785092526 -59.911137970146186 215
1622785127782 -59.911137970146186 216
1622785163453 -59.911137970146186 217
1622785199231 -59.911137970146186 218
1622785235194 -59.911137970146186 219
1622785271261 -59.911137970146186 220
1622785307442 -59.911137970146186 221
1622785343546 -59.911137970146186 222
1622785380111 -59.911137970146186 223
1622785416913 -59.911137970146186 224
1622785453544 -59.911137970146186 225
1622785490396 -59.911137970146186 226
1622785527560 -59.911137970146186 227
1622785564631 -59.911137970146186 228
1622785602145 -59.911137970146186 229
1622785639855 -59.911137970146186 230
1622785677126 -59.911137970146186 231
1622785714924 -59.911137970146186 232
1622785753050 -59.911137970146186 233
1622785791074 -59.911137970146186 234
1622785829283 -59.911137970146186 235
1622785867608 -59.911137970146186 236
1622785906299 -59.911137970146186 237
1622785945105 -59.911137970146186 238
1622785984022 -59.911137970146186 239
1622786023053 -59.911137970146186 240
1622786062115 -59.911137970146186 241
1622786101233 -59.911137970146186 242
1622786140769 -59.911137970146186 243
1622786180301 -59.911137970146186 244
1622786219818 -59.911137970146186 245
1622786259772 -59.911137970146186 246
1622786299826 -59.911137970146186 247
1622786340063 -59.911137970146186 248
1622786380419 -59.911137970146186 249
1622786421096 -59.911137970146186 250
1622786461870 -59.911137970146186 251
1622786502683 -59.911137970146186 252
1622786543485 -59.911137970146186 253
1622786584661 -59.911137970146186 254
1622786625921 -59.911137970146186 255
1622786667490 -59.911137970146186 256
1622786709131 -59.911137970146186 257
1622786750771 -59.911137970146186 258
1622786792667 -59.911137970146186 259
1622786834795 -59.911137970146186 260
1622786877143 -59.911137970146186 261
1622786919388 -59.911137970146186 262
1622786961798 -59.911137970146186 263
1622787004216 -59.911137970146186 264
1622787047284 -59.911137970146186 265
1622787090022 -59.911137970146186 266
1622787132889 -59.911137970146186 267
1622787176146 -59.911137970146186 268
1622787219851 -59.911137970146186 269
1622787263639 -59.911137970146186 270
1622787307652 -59.911137970146186 271
1622787351397 -59.911137970146186 272
1622787395640 -59.911137970146186 273
1622787439995 -59.911137970146186 274
1622787484247 -59.911137970146186 275
1622787528802 -59.911137970146186 276
1622787573549 -59.911137970146186 277
1622787618252 -59.911137970146186 278
1622787663203 -59.911137970146186 279
1622787708562 -59.911137970146186 280
1622787754047 -59.911137970146186 281
1622787799427 -59.911137970146186 282
1622787845255 -59.911137970146186 283
1622787891206 -59.911137970146186 284
1622787937210 -59.911137970146186 285
1622787983384 -59.911137970146186 286
1622788029593 -59.911137970146186 287
1622788075855 -59.911137970146186 288
1622788122186 -59.911137970146186 289
1622788169055 -59.911137970146186 290
1622788216025 -59.911137970146186 291
1622788262715 -59.911137970146186 292
1622788309633 -59.911137970146186 293
1622788356994 -59.911137970146186 294
1622788404165 -59.911137970146186 295
1622788451813 -59.911137970146186 296
1622788499670 -59.911137970146186 297
1622788547406 -59.911137970146186 298
1622788595472 -59.911137970146186 299
1622788643777 -59.911137970146186 300
1622788692239 -59.911137970146186 301
1622788741022 -59.911137970146186 302
1622788789911 -59.911137970146186 303
1622788838849 -59.911137970146186 304
1622788888283 -59.911137970146186 305
1622788937493 -59.911137970146186 306
1622788987015 -59.911137970146186 307
1622789036464 -59.911137970146186 308
1622789086022 -59.911137970146186 309
1622789135732 -59.911137970146186 310
1622789185805 -59.911137970146186 311
1622789235877 -59.911137970146186 312
1622789286178 -59.911137970146186 313
1622789336484 -59.911137970146186 314
1622789386869 -59.911137970146186 315
1622789437520 -59.911137970146186 316
1622789488517 -59.911137970146186 317
1622789539590 -59.911137970146186 318
1622789590541 -59.911137970146186 319
1622789641645 -59.911137970146186 320
1622789693177 -59.911137970146186 321
1622789744919 -59.911137970146186 322
1622789796544 -59.911137970146186 323
1622789848527 -59.911137970146186 324
1622789900668 -59.911137970146186 325
1622789953013 -59.911137970146186 326
1622790005136 -59.911137970146186 327
1622790057479 -59.911137970146186 328
1622790109957 -59.911137970146186 329
1622790162867 -59.911137970146186 330
1622790215924 -59.911137970146186 331
1622790268915 -59.911137970146186 332
1622790321739 -59.911137970146186 333
1622790375013 -59.911137970146186 334
1622790428949 -59.911137970146186 335
1622790483106 -59.911137970146186 336
1622790537057 -59.911137970146186 337
1622790591155 -59.911137970146186 338
1622790645400 -59.911137970146186 339
1622790699688 -59.911137970146186 340
1622790753982 -59.911137970146186 341
1622790808688 -59.911137970146186 342
1622790863332 -59.911137970146186 343
1622790918558 -59.911137970146186 344
1622790973535 -59.911137970146186 345
1622791028837 -59.911137970146186 346
1622791084334 -59.911137970146186 347
1622791140092 -59.911137970146186 348
1622791195696 -59.911137970146186 349
1622791251843 -59.911137970146186 350
1622791308172 -59.911137970146186 351
1622791364790 -59.911137970146186 352
1622791421503 -59.911137970146186 353
1622791478102 -59.911137970146186 354
1622791534744 -59.911137970146186 355
1622791591519 -59.911137970146186 356
1622791648487 -59.911137970146186 357
1622791705828 -59.911137970146186 358
1622791763254 -59.911137970146186 359
1622791820711 -59.911137970146186 360
1622791878519 -59.911137970146186 361
1622791936370 -59.911137970146186 362
1622791994459 -59.911137970146186 363
1622792052749 -59.911137970146186 364
1622792111062 -59.911137970146186 365
1622792169419 -59.911137970146186 366
1622792228033 -59.911137970146186 367
1622792286759 -59.911137970146186 368
1622792345573 -59.911137970146186 369
1622792404792 -59.911137970146186 370
1622792464039 -59.911137970146186 371
1622792523429 -59.911137970146186 372
1622792582845 -59.911137970146186 373
1622792642531 -59.911137970146186 374
1622792702214 -59.911137970146186 375
1622792762049 -59.911137970146186 376
1622792821896 -59.911137970146186 377
1622792882227 -59.911137970146186 378
1622792942616 -59.911137970146186 379
1622793003149 -59.911137970146186 380
1622793063730 -59.911137970146186 381
1622793124579 -59.911137970146186 382
1622793185160 -59.911137970146186 383
1622793246361 -59.911137970146186 384
1622793307578 -59.911137970146186 385
1622793369002 -59.911137970146186 386
1622793430667 -59.911137970146186 387
1622793492447 -59.911137970146186 388
1622793554501 -59.911137970146186 389
1622793616399 -59.911137970146186 390
1622793678541 -59.911137970146186 391
1622793740540 -59.911137970146186 392
1622793803188 -59.911137970146186 393
1622793865936 -59.911137970146186 394
1622793928696 -59.911137970146186 395
1622793991861 -59.911137970146186 396
1622794054963 -59.911137970146186 397
1622794117780 -59.911137970146186 398
1622794181398 -59.911137970146186 399
1622794244992 -59.911137970146186 400
1622794308670 -59.911137970146186 401
1622794372429 -59.911137970146186 402
1622794436072 -59.911137970146186 403
1622794500114 -59.911137970146186 404
1622794564441 -59.911137970146186 405
1622794628826 -59.911137970146186 406
1622794693572 -59.911137970146186 407
1622794757993 -59.911137970146186 408
1622794822799 -59.911137970146186 409
1622794887616 -59.911137970146186 410
1622794952866 -59.911137970146186 411
1622795018453 -59.911137970146186 412
1622795083877 -59.911137970146186 413
1622795149930 -59.911137970146186 414
1622795215884 -59.911137970146186 415
1622795281599 -59.911137970146186 416
1622795348123 -59.911137970146186 417
1622795414484 -59.911137970146186 418
1622795480799 -59.911137970146186 419
1622795547528 -59.911137970146186 420
1622795614636 -59.911137970146186 421
1622795682108 -59.911137970146186 422
1622795749261 -59.911137970146186 423
1622795816601 -59.911137970146186 424
1622795884187 -59.911137970146186 425
1622795952279 -59.911137970146186 426
1622796020808 -59.911137970146186 427
1622796088973 -59.911137970146186 428
1622796157168 -59.911137970146186 429
1622796225177 -59.911137970146186 430
1622796293734 -59.911137970146186 431
1622796362560 -59.911137970146186 432
1622796430967 -59.911137970146186 433
1622796499748 -59.911137970146186 434
1622796568728 -59.911137970146186 435
1622796637791 -59.911137970146186 436
1622796707080 -59.911137970146186 437
1622796776876 -59.911137970146186 438
1622796846824 -59.911137970146186 439
1622796917256 -59.911137970146186 440
1622796987699 -59.911137970146186 441
1622797058129 -59.911137970146186 442
1622797129143 -59.911137970146186 443
1622797200390 -59.911137970146186 444
1622797271681 -59.911137970146186 445
1622797342697 -59.911137970146186 446
1622797413756 -59.911137970146186 447
1622797485351 -59.911137970146186 448
1622797556582 -59.911137970146186 449
1622797628249 -59.911137970146186 450
1622797699942 -59.911137970146186 451
1622797771897 -59.911137970146186 452
1622797843749 -59.911137970146186 453
1622797915600 -59.911137970146186 454
1622797987398 -59.911137970146186 455
1622798059750 -59.911137970146186 456
1622798132438 -59.911137970146186 457
1622798205295 -59.911137970146186 458
1622798278169 -59.911137970146186 459
1622798351084 -59.911137970146186 460
1622798423800 -59.911137970146186 461
1622798496793 -59.911137970146186 462
1622798569629 -59.911137970146186 463
1622798643103 -59.911137970146186 464
1622798716538 -59.911137970146186 465
1622798790089 -59.911137970146186 466
1622798864277 -59.911137970146186 467
1622798938990 -59.911137970146186 468
1622799013213 -59.911137970146186 469
1622799087569 -59.911137970146186 470
1622799162098 -59.911137970146186 471
1622799237005 -59.911137970146186 472
1622799311869 -59.911137970146186 473
1622799386780 -59.911137970146186 474
1622799461520 -59.911137970146186 475
1622799536923 -59.911137970146186 476
1622799611990 -59.911137970146186 477
1622799687763 -59.911137970146186 478
1622799763207 -59.911137970146186 479
1622799838959 -59.911137970146186 480
1622799914740 -59.911137970146186 481
1622799990684 -59.911137970146186 482
1622800066857 -59.911137970146186 483
1622800143254 -59.911137970146186 484
1622800220017 -59.911137970146186 485
1622800294867 -59.911137970146186 486
1622800370437 -59.911137970146186 487
1622800446068 -59.911137970146186 488
1622800521744 -59.911137970146186 489
1622800597709 -59.911137970146186 490
1622800675898 -59.911137970146186 491
1622800754369 -59.911137970146186 492
1622800833244 -59.911137970146186 493
1622800912053 -59.911137970146186 494
1622800991255 -59.911137970146186 495
1622801069987 -59.911137970146186 496
1622801149199 -59.911137970146186 497
1622801227997 -59.911137970146186 498
1622801307737 -59.911137970146186 499
1622801387522 -59.911137970146186 500
