1622657592636 0.362 0
1622657593161 0.074 1
1622657593690 0.074 2
1622657594243 0.073 3
1622657594834 0.074 4
1622657595453 0.072 5
1622657596114 0.073 6
1622657596790 0.074 7
1622657597498 0.073 8
1622657598251 0.072 9
1622657599031 0.072 10
1622657599856 0.073 11
1622657600696 0.073 12
1622657601576 0.074 13
1622657602501 0.072 14
1622657603458 0.072 15
1622657604417 0.073 16
1622657605446 0.073 17
1622657606494 0.072 18
1622657607573 0.073 19
1622657608705 0.073 20
1622657609856 0.074 21
1622657611048 0.073 22
1622657612270 0.073 23
1622657613501 0.073 24
1622657614779 0.073 25
1622657616102 0.072 26
1622657617471 0.073 27
1622657618847 0.072 28
1622657620283 0.073 29
1622657621734 0.073 30
1622657623210 0.072 31
1622657624755 0.072 32
1622657626321 0.074 33
1622657627899 0.072 34
1622657629505 0.073 35
1622657631163 0.073 36
1622657632882 0.073 37
1622657634594 0.072 38
1622657636364 0.072 39
1622657638164 0.073 40
1622657639974 0.073 41
1622657641831 0.072 42
1622657643687 0.073 43
1622657645618 0.072 44
1622657647562 0.072 45
1622657649547 0.072 46
1622657651569 0.072 47
1622657653620 0.072 48
1622657655693 0.072 49
1622657657804 0.074 50
1622657659954 0.074 51
1622657662131 0.072 52
1622657664356 0.072 53
1622657666604 0.073 54
1622657668909 0.073 55
1622657671232 0.072 56
1622657673559 0.073 57
1622657675931 0.072 58
1622657678320 0.072 59
1622657680798 0.073 60
1622657683286 0.072 61
1622657685809 0.072 62
1622657688355 0.073 63
1622657690917 0.072 64
1622657693502 0.074 65
1622657696149 0.072 66
1622657698838 0.072 67
1622657701569 0.073 68
1622657704338 0.072 69
1622657707109 0.071 70
1622657709926 0.072 71
1622657712778 0.074 72
1622657715681 0.072 73
1622657718569 0.073 74
1622657721525 0.072 75
1622657724524 0.072 76
1622657727512 0.072 77
1622657730579 0.074 78
1622657733679 0.072 79
1622657736777 0.072 80
1622657739947 0.074 81
1622657743141 0.072 82
1622657746366 0.074 83
1622657749594 0.072 84
1622657752853 0.073 85
1622657756157 0.073 86
1622657759488 0.072 87
1622657762833 0.074 88
1622657766222 0.072 89
1622657769602 0.073 90
1622657773046 0.074 91
1622657776514 0.072 92
1622657780027 0.072 93
1622657783606 0.072 94
1622657787223 0.072 95
1622657790841 0.073 96
1622657794499 0.073 97
1622657798218 0.073 98
1622657801988 0.073 99
1622657805780 0.074 100
1622657809635 0.073 101
1622657813466 0.072 102
1622657817346 0.074 103
1622657821270 0.072 104
1622657825172 0.073 105
1622657829133 0.074 106
1622657833131 0.073 107
1622657837178 0.072 108
1622657841250 0.072 109
1622657845337 0.072 110
1622657849526 0.072 111
1622657853688 0.072 112
1622657857888 0.072 113
1622657862116 0.072 114
1622657866380 0.072 115
1622657870651 0.072 116
1622657875013 0.073 117
1622657879402 0.073 118
1622657883782 0.073 119
1622657888209 0.072 120
1622657892717 0.073 121
1622657897220 0.073 122
1622657901769 0.073 123
1622657906347 0.072 124
1622657910969 0.073 125
1622657915592 0.072 126
1622657920218 0.073 127
1622657924866 0.072 128
1622657929590 0.073 129
1622657934367 0.072 130
1622657939157 0.073 131
1622657943944 0.073 132
1622657948814 0.073 133
1622657953661 0.072 134
1622657958637 0.072 135
1622657963597 0.073 136
1622657968573 0.072 137
1622657973641 0.073 138
1622657978660 0.073 139
1622657983743 0.072 140
1622657988964 0.072 141
1622657994137 0.072 142
1622657999334 0.073 143
1622658004581 0.072 144
1622658009818 0.072 145
1622658015113 0.072 146
1622658020416 0.072 147
1622658025796 0.072 148
1622658031138 0.073 149
1622658036599 0.073 150
1622658042054 0.074 151
1622658047511 0.073 152
1622658053053 0.072 153
1622658058614 0.072 154
1622658064229 0.072 155
1622658069804 0.072 156
1622658075498 0.073 157
1622658081242 0.073 158
1622658086974 0.073 159
1622658092707 0.073 160
1622658098518 0.074 161
1622658104412 0.071 162
1622658110338 0.072 163
1622658116265 0.072 164
1622658122190 0.072 165
1622658128154 0.074 166
1622658134141 0.072 167
1622658140156 0.072 168
1622658146218 0.073 169
1622658152378 0.073 170
1622658158500 0.072 171
1622658164712 0.072 172
1622658170888 0.072 173
1622658177089 0.072 174
1622658183359 0.073 175
1622658189628 0.073 176
1622658195945 0.072 177
1622658202337 0.072 178
1622658208706 0.072 179
1622658215151 0.073 180
1622658221628 0.072 181
1622658228139 0.074 182
1622658234659 0.074 183
1622658241192 0.072 184
1622658247779 0.072 185
1622658254378 0.072 186
1622658261001 0.072 187
1622658267749 0.072 188
1622658274511 0.072 189
1622658281319 0.072 190
1622658288149 0.072 191
1622658295050 0.073 192
1622658301944 0.073 193
1622658308825 0.072 194
1622658315775 0.072 195
1622658322707 0.072 196
1622658329670 0.072 197
1622658336649 0.073 198
1622658343715 0.072 199
1622658350766 0.072 200
1622658357850 0.073 201
1622658365030 0.072 202
1622658372243 0.072 203
1622658379480 0.072 204
1622658386720 0.071 205
1622658394018 0.072 206
1622658401316 0.072 207
1622658408625 0.073 208
1622658416039 0.073 209
1622658423484 0.072 210
1622658430925 0.073 211
1622658438387 0.073 212
1622658445904 0.072 213
1622658453480 0.072 214
1622658461046 0.072 215
1622658468627 0.073 216
1622658476302 0.072 217
1622658484003 0.072 218
1622658491728 0.072 219
1622658499504 0.073 220
1622658507300 0.072 221
1622658515151 0.073 222
1622658523046 0.072 223
1622658530976 0.073 224
1622658538960 0.073 225
1622658546898 0.073 226
1622658554961 0.072 227
1622658562949 0.073 228
1622658571020 0.073 229
1622658579138 0.072 230
1622658587223 0.072 231
1622658595409 0.073 232
1622658603707 0.073 233
1622658611955 0.072 234
1622658620240 0.072 235
1622658628543 0.071 236
1622658636864 0.072 237
1622658645305 0.073 238
1622658653693 0.073 239
1622658662152 0.072 240
1622658670654 0.072 241
1622658679089 0.073 242
1622658687612 0.073 243
1622658696197 0.073 244
1622658704741 0.073 245
1622658713322 0.074 246
1622658722008 0.072 247
1622658730790 0.072 248
1622658739530 0.073 249
1622658748387 0.072 250
1622658757205 0.073 251
1622658766083 0.071 252
1622658774964 0.073 253
1622658783897 0.073 254
1622658792878 0.073 255
1622658801781 0.073 256
1622658810737 0.072 257
1622658819680 0.072 258
1622658828772 0.072 259
1622658837876 0.073 260
1622658847035 0.072 261
1622658856163 0.073 262
1622658865441 0.072 263
1622658874731 0.073 264
1622658884058 0.072 265
1622658893350 0.072 266
1622658902632 0.072 267
1622658912084 0.073 268
1622658921536 0.072 269
1622658931071 0.073 270
1622658940624 0.072 271
1622658950140 0.072 272
1622658959687 0.072 273
1622658969274 0.073 274
1622658978877 0.072 275
1622658988488 0.073 276
1622658998144 0.072 277
1622659007866 0.072 278
1622659017704 0.072 279
1622659027482 0.071 280
1622659037274 0.072 281
1622659047186 0.072 282
1622659057024 0.072 283
1622659067010 0.073 284
1622659076926 0.072 285
1622659086932 0.072 286
1622659096889 0.071 287
1622659106911 0.072 288
1622659117024 0.072 289
1622659127053 0.073 290
1622659137190 0.073 291
1622659147383 0.075 292
1622659157649 0.073 293
1622659167977 0.074 294
1622659178324 0.073 295
1622659188664 0.073 296
1622659199101 0.073 297
1622659209592 0.072 298
1622659220014 0.073 299
1622659230450 0.073 300
1622659240951 0.073 301
1622659251505 0.073 302
1622659262040 0.072 303
1622659272648 0.072 304
1622659283251 0.072 305
1622659293854 0.072 306
1622659304513 0.072 307
1622659315167 0.072 308
1622659325883 0.072 309
1622659336606 0.073 310
1622659347418 0.072 311
1622659358236 0.073 312
1622659369078 0.073 313
1622659379927 0.072 314
1622659390939 0.072 315
1622659401897 0.073 316
1622659412876 0.072 317
1622659423952 0.073 318
1622659435037 0.073 319
1622659446224 0.072 320
1622659457362 0.072 321
1622659468506 0.072 322
1622659479749 0.072 323
1622659490927 0.072 324
1622659502163 0.072 325
1622659513473 0.07 326
1622659524700 0.071 327
1622659535989 0.074 328
1622659547300 0.073 329
1622659558744 0.072 330
1622659570168 0.072 331
1622659581682 0.072 332
1622659593254 0.072 333
1622659604763 0.073 334
1622659616290 0.072 335
1622659628052 0.072 336
1622659639705 0.073 337
1622659651387 0.073 338
1622659663206 0.072 339
1622659674988 0.072 340
1622659686810 0.072 341
1622659698629 0.072 342
1622659710470 0.072 343
1622659722402 0.072 344
1622659734282 0.072 345
1622659746342 0.072 346
1622659758312 0.073 347
1622659770309 0.072 348
1622659782362 0.072 349
1622659794449 0.073 350
1622659806587 0.073 351
1622659818732 0.073 352
1622659830867 0.072 353
1622659842990 0.072 354
1622659855215 0.072 355
1622659867399 0.073 356
1622659879753 0.071 357
1622659892139 0.071 358
1622659904560 0.073 359
1622659916943 0.072 360
1622659929416 0.072 361
1622659941892 0.072 362
1622659954309 0.072 363
1622659966881 0.072 364
1622659979421 0.072 365
1622659992020 0.071 366
1622660004703 0.072 367
1622660017365 0.072 368
1622660030170 0.072 369
1622660042850 0.073 370
1622660055677 0.072 371
1622660068447 0.073 372
1622660081244 0.073 373
1622660094118 0.072 374
1622660106971 0.073 375
1622660119788 0.072 376
1622660132707 0.071 377
1622660145752 0.073 378
1622660158718 0.072 379
1622660171837 0.074 380
1622660184976 0.073 381
1622660198139 0.073 382
1622660211247 0.072 383
1622660224365 0.072 384
1622660237648 0.072 385
1622660250909 0.072 386
1622660264169 0.072 387
1622660277492 0.072 388
1622660290884 0.072 389
1622660304298 0.072 390
1622660317738 0.073 391
1622660331137 0.073 392
1622660344593 0.071 393
1622660358119 0.073 394
1622660371685 0.073 395
1622660385277 0.073 396
1622660398960 0.072 397
1622660412808 0.072 398
1622660426517 0.073 399
1622660440240 0.072 400
1622660454035 0.072 401
1622660467888 0.072 402
1622660481686 0.073 403
1622660495567 0.072 404
1622660509426 0.073 405
1622660523430 0.072 406
1622660537512 0.072 407
1622660551515 0.072 408
1622660565512 0.073 409
1622660579547 0.072 410
1622660593637 0.072 411
1622660607643 0.073 412
1622660621626 0.072 413
1622660635708 0.071 414
1622660649855 0.072 415
1622660664054 0.072 416
1622660678200 0.071 417
1622660692368 0.071 418
1622660706652 0.072 419
1622660720896 0.072 420
1622660735272 0.071 421
1622660749675 0.072 422
1622660764095 0.072 423
1622660778572 0.074 424
1622660793055 0.071 425
1622660807662 0.077 426
1622660822212 0.072 427
1622660836926 0.073 428
1622660851578 0.073 429
1622660866348 0.072 430
1622660881434 0.073 431
1622660896705 0.075 432
1622660911988 0.074 433
1622660927310 0.074 434
1622660942638 0.074 435
1622660957819 0.073 436
1622660972946 0.074 437
1622660988278 0.075 438
1622661003744 0.075 439
1622661019256 0.074 440
1622661034916 0.074 441
1622661050449 0.074 442
1622661066270 0.074 443
1622661082053 0.074 444
1622661097838 0.075 445
1622661113421 0.074 446
1622661129516 0.074 447
1622661145511 0.074 448
1622661161433 0.075 449
1622661177102 0.074 450
1622661192865 0.074 451
1622661208929 0.075 452
1622661225230 0.075 453
1622661241362 0.075 454
1622661257260 0.075 455
1622661273570 0.076 456
1622661289547 0.075 457
1622661305784 0.075 458
1622661321930 0.074 459
1622661338089 0.075 460
1622661354152 0.074 461
1622661370126 0.075 462
1622661386037 0.074 463
1622661402183 0.073 464
1622661418388 0.073 465
1622661434540 0.074 466
1622661450616 0.072 467
1622661466547 0.074 468
1622661482322 0.073 469
1622661498815 0.073 470
1622661514925 0.073 471
1622661531308 0.072 472
1622661547737 0.073 473
1622661564197 0.072 474
1622661580619 0.072 475
1622661597325 0.072 476
1622661613955 0.073 477
1622661630118 0.073 478
1622661646507 0.073 479
1622661663081 0.074 480
1622661679700 0.074 481
1622661696254 0.074 482
1622661712768 0.072 483
1622661729398 0.072 484
1622661745738 0.074 485
1622661762142 0.072 486
1622661778519 0.072 487
1622661794932 0.072 488
1622661811538 0.072 489
1622661828127 0.072 490
1622661844804 0.072 491
1622661861534 0.072 492
1622661878600 0.072 493
1622661895791 0.071 494
1622661913133 0.072 495
1622661930658 0.075 496
1622661948265 0.074 497
1622661965907 0.072 498
1622661983315 0.072 499
1622662000925 0.075 500
