1622587044076 0.781 0
1622587045073 0.931 1
1622587045729 1.0330000000000001 2
1622587046373 1.1150000000000002 3
1622587047058 1.1950000000000003 4
1622587047768 1.2750000000000004 5
1622587048503 1.3550000000000004 6
1622587049278 1.4330000000000005 7
1622587050089 1.5120000000000005 8
1622587050961 1.5900000000000005 9
1622587051879 1.6730000000000005 10
1622587052806 1.7530000000000006 11
1622587053756 1.8290000000000006 12
1622587054781 1.9070000000000007 13
1622587055841 1.9870000000000008 14
1622587056892 2.065000000000001 15
1622587057925 2.140000000000001 16
1622587059012 2.215000000000001 17
1622587060139 2.2910000000000013 18
1622587061302 2.3660000000000014 19
1622587062508 2.4410000000000016 20
1622587063759 2.516000000000002 21
1622587065059 2.592000000000002 22
1622587066355 2.668000000000002 23
1622587067698 2.743000000000002 24
1622587069091 2.819000000000002 25
1622587070514 2.8950000000000022 26
1622587071967 2.972000000000002 27
1622587073461 3.050000000000002 28
1622587074989 3.127000000000002 29
1622587076534 3.203000000000002 30
1622587078118 3.2820000000000022 31
1622587079742 3.3580000000000023 32
1622587081424 3.4340000000000024 33
1622587083129 3.5100000000000025 34
1622587084892 3.5850000000000026 35
1622587086650 3.6610000000000027 36
1622587088451 3.7370000000000028 37
1622587090304 3.812000000000003 38
1622587092202 3.887000000000003 39
1622587094149 3.963000000000003 40
1622587096132 4.040000000000004 41
1622587098162 4.116000000000003 42
1622587100196 4.190000000000003 43
1622587102265 4.265000000000003 44
1622587104377 4.338000000000004 45
1622587106520 4.4120000000000035 46
1622587108706 4.486000000000003 47
1622587110921 4.5610000000000035 48
1622587113183 4.636000000000004 49
1622587115419 4.711000000000004 50
1622587117841 4.786000000000004 51
1622587120221 4.861000000000004 52
1622587122618 4.936000000000004 53
1622587125146 5.010000000000004 54
1622587127603 5.085000000000004 55
1622587130157 5.160000000000005 56
1622587132802 5.235000000000005 57
1622587135405 5.312000000000005 58
1622587137994 5.386000000000005 59
1622587140614 5.461000000000005 60
1622587143249 5.536000000000005 61
1622587145969 5.6120000000000045 62
1622587148686 5.687000000000005 63
1622587151496 5.764000000000005 64
1622587154262 5.841000000000005 65
1622587157091 5.9150000000000045 66
1622587159907 5.989000000000004 67
1622587162787 6.0640000000000045 68
1622587165738 6.138000000000004 69
1622587168700 6.212000000000004 70
1622587171718 6.286000000000004 71
1622587174860 6.360000000000004 72
1622587178211 6.439000000000004 73
1622587181440 6.519000000000004 74
1622587184777 6.592000000000004 75
1622587187961 6.666000000000004 76
1622587191237 6.741000000000004 77
1622587194686 6.817000000000004 78
1622587197968 6.894000000000004 79
1622587201256 6.969000000000004 80
1622587205028 7.043000000000004 81
1622587208605 7.120000000000004 82
1622587212276 7.196000000000003 83
1622587215909 7.273000000000003 84
1622587219722 7.3510000000000035 85
1622587223636 7.433000000000003 86
1622587227571 7.517000000000003 87
1622587231182 7.592000000000003 88
1622587235035 7.668000000000003 89
1622587239541 7.817000000000003 90
1622587243297 7.892000000000003 91
1622587247096 7.967000000000003 92
1622587250924 8.043000000000003 93
1622587254779 8.119000000000003 94
1622587258632 8.195000000000004 95
1622587262544 8.269000000000004 96
1622587266482 8.348000000000004 97
1622587270694 8.423000000000004 98
1622587275674 8.503000000000004 99
1622587280728 8.579000000000004 100
1622587284807 8.653000000000004 101
1622587288913 8.727000000000004 102
1622587293012 8.802000000000003 103
1622587297152 8.878000000000004 104
1622587301392 8.954000000000004 105
1622587305643 9.029000000000003 106
1622587309950 9.105000000000004 107
1622587314297 9.179000000000004 108
1622587318672 9.254000000000003 109
1622587324054 9.329000000000002 110
1622587329152 9.408000000000003 111
1622587334141 9.545000000000003 112
1622587338600 9.620000000000003 113
1622587343147 9.694000000000003 114
1622587347723 9.769000000000002 115
1622587352433 9.844000000000001 116
1622587357173 9.924000000000001 117
1622587361810 9.999 118
1622587366514 10.073 119
1622587371301 10.147 120
1622587376122 10.221 121
1622587380926 10.294 122
1622587385779 10.368 123
1622587390673 10.443 124
1622587395853 10.517999999999999 125
1622587401738 10.597999999999999 126
1622587406757 10.671999999999999 127
1622587412244 10.754 128
1622587417750 10.833 129
1622587424076 10.913 130
1622587429567 11.018 131
1622587435106 11.094000000000001 132
1622587440660 11.173000000000002 133
1622587446069 11.252000000000002 134
1622587451274 11.328000000000003 135
1622587456590 11.403000000000002 136
1622587461922 11.478000000000002 137
1622587468505 11.553 138
1622587474306 11.631 139
1622587479798 11.713000000000001 140
1622587485351 11.788 141
1622587491211 11.866 142
1622587498129 11.945 143
1622587503823 12.021 144
1622587509479 12.096 145
1622587515201 12.173 146
1622587521340 12.248 147
1622587527047 12.322999999999999 148
1622587533021 12.399 149
1622587538785 12.475 150
1622587544935 12.549999999999999 151
1622587551053 12.626 152
1622587557018 12.702 153
1622587562998 12.777 154
1622587569026 12.853 155
1622587576378 12.927999999999999 156
1622587582471 13.004 157
1622587588593 13.078999999999999 158
1622587594725 13.155 159
1622587600898 13.229999999999999 160
1622587607811 13.309999999999999 161
1622587614274 13.428999999999998 162
1622587620542 13.504999999999999 163
1622587627303 13.581999999999999 164
1622587634278 13.661999999999999 165
1622587640918 13.744 166
1622587647397 13.82 167
1622587654952 13.896 168
1622587661907 13.974 169
1622587668459 14.05 170
1622587675033 14.125 171
1622587681656 14.2 172
1622587688252 14.274 173
1622587696136 14.348999999999998 174
1622587703272 14.424999999999999 175
1622587710268 14.502999999999998 176
1622587717019 14.577999999999998 177
1622587723844 14.652999999999997 178
1622587730738 14.729999999999997 179
1622587737603 14.804999999999996 180
1622587744647 14.879999999999995 181
1622587751592 14.957999999999995 182
1622587758676 15.036999999999995 183
1622587766044 15.112999999999996 184
1622587773111 15.185999999999996 185
1622587780178 15.259999999999996 186
1622587787272 15.333999999999996 187
1622587794462 15.407999999999996 188
1622587801596 15.480999999999996 189
1622587808840 15.554999999999996 190
1622587816171 15.629999999999995 191
1622587823446 15.704999999999995 192
1622587830807 15.779999999999994 193
1622587838221 15.853999999999994 194
1622587845699 15.928999999999993 195
1622587853488 16.005999999999993 196
1622587860974 16.086999999999993 197
1622587868785 16.161999999999992 198
1622587876873 16.23999999999999 199
1622587885419 16.39699999999999 200
1622587893131 16.46999999999999 201
1622587900864 16.542999999999992 202
1622587908491 16.616999999999994 203
1622587916232 16.690999999999995 204
1622587924035 16.764999999999997 205
1622587932144 16.839 206
1622587940378 16.913999999999998 207
1622587948211 16.987 208
1622587956169 17.061999999999998 209
1622587964201 17.136 210
1622587972273 17.215 211
1622587980530 17.294999999999998 212
1622587988621 17.369 213
1622587996909 17.448 214
1622588005122 17.522000000000002 215
1622588013895 17.6 216
1622588022753 17.678 217
1622588031433 17.754 218
1622588040064 17.828000000000003 219
1622588049015 17.908 220
1622588057447 17.984 221
1622588065959 18.058000000000003 222
1622588076445 18.201000000000004 223
1622588085264 18.278000000000006 224
1622588094231 18.358000000000004 225
1622588103194 18.439000000000004 226
1622588111987 18.513000000000005 227
1622588120698 18.592000000000006 228
1622588129344 18.669000000000008 229
1622588138060 18.750000000000007 230
1622588146860 18.826000000000008 231
1622588155686 18.902000000000008 232
1622588164779 18.97800000000001 233
1622588173607 19.053000000000008 234
1622588182600 19.12900000000001 235
1622588191490 19.204000000000008 236
1622588200495 19.279000000000007 237
1622588209625 19.354000000000006 238
1622588218681 19.429000000000006 239
1622588227816 19.505000000000006 240
1622588236998 19.582000000000008 241
1622588246549 19.65600000000001 242
1622588256469 19.73500000000001 243
1622588266278 19.81400000000001 244
1622588277326 19.89000000000001 245
1622588286785 19.96500000000001 246
1622588296295 20.04500000000001 247
1622588305872 20.12100000000001 248
1622588315432 20.19900000000001 249
1622588324706 20.274000000000008 250
1622588334223 20.349000000000007 251
1622588343743 20.42300000000001 252
1622588353216 20.49900000000001 253
1622588362711 20.57500000000001 254
1622588373217 20.64900000000001 255
1622588382814 20.723000000000013 256
1622588393252 20.797000000000015 257
1622588402978 20.871000000000016 258
1622588413058 20.945000000000018 259
1622588423275 21.02200000000002 260
1622588434998 21.09900000000002 261
1622588445376 21.17700000000002 262
1622588455216 21.251000000000023 263
1622588464961 21.326000000000022 264
1622588475325 21.400000000000023 265
1622588485792 21.478000000000023 266
1622588498061 21.552000000000024 267
1622588508408 21.687000000000026 268
1622588518559 21.762000000000025 269
1622588528788 21.839000000000027 270
1622588538852 21.912000000000027 271
1622588548936 21.98600000000003 272
1622588560104 22.06100000000003 273
1622588570712 22.20700000000003 274
1622588581104 22.28100000000003 275
1622588591743 22.35600000000003 276
1622588602144 22.43000000000003 277
1622588613267 22.507000000000033 278
1622588625138 22.584000000000035 279
1622588635651 22.669000000000036 280
1622588646457 22.744000000000035 281
1622588658393 22.822000000000035 282
1622588669422 22.900000000000034 283
1622588680738 22.975000000000033 284
1622588691851 23.049000000000035 285
1622588702484 23.123000000000037 286
1622588714432 23.198000000000036 287
1622588725688 23.277000000000037 288
1622588736452 23.352000000000036 289
1622588749262 23.426000000000037 290
1622588760559 23.499000000000038 291
1622588771611 23.574000000000037 292
1622588782857 23.650000000000038 293
1622588794094 23.72400000000004 294
1622588805923 23.79800000000004 295
1622588817190 23.87400000000004 296
1622588828380 23.956000000000042 297
1622588839499 24.03100000000004 298
1622588851997 24.10600000000004 299
1622588864056 24.18600000000004 300
1622588875963 24.26700000000004 301
1622588887682 24.345000000000038 302
1622588899083 24.420000000000037 303
1622588911029 24.49700000000004 304
1622588923082 24.57500000000004 305
1622588935355 24.65200000000004 306
1622588946810 24.72800000000004 307
1622588958372 24.80300000000004 308
1622588970314 24.88000000000004 309
1622588982663 24.96100000000004 310
1622588994741 25.04100000000004 311
1622589007091 25.12000000000004 312
1622589019587 25.19900000000004 313
1622589031362 25.27500000000004 314
1622589043184 25.352000000000043 315
1622589055047 25.429000000000045 316
1622589067253 25.505000000000045 317
1622589079383 25.583000000000045 318
1622589091521 25.666000000000043 319
1622589104169 25.741000000000042 320
1622589116735 25.820000000000043 321
1622589129181 25.894000000000045 322
1622589141758 25.968000000000046 323
1622589154577 26.045000000000048 324
1622589167293 26.12400000000005 325
1622589179778 26.202000000000048 326
1622589192719 26.27600000000005 327
1622589205837 26.35500000000005 328
1622589219932 26.43400000000005 329
1622589233692 26.51200000000005 330
1622589246435 26.59300000000005 331
1622589259801 26.68800000000005 332
1622589273043 26.76200000000005 333
1622589286319 26.839000000000052 334
1622589298745 26.918000000000053 335
1622589311705 26.991000000000053 336
1622589324713 27.068000000000055 337
1622589337202 27.142000000000056 338
1622589349696 27.219000000000058 339
1622589362384 27.294000000000057 340
1622589375023 27.36800000000006 341
1622589387693 27.44300000000006 342
1622589400523 27.518000000000058 343
1622589413457 27.59200000000006 344
1622589426224 27.66600000000006 345
1622589439065 27.74200000000006 346
1622589452222 27.818000000000062 347
1622589466089 27.894000000000062 348
1622589479576 27.973000000000063 349
1622589492672 28.049000000000063 350
1622589506248 28.126000000000065 351
1622589519747 28.273000000000064 352
1622589532853 28.349000000000064 353
1622589545963 28.425000000000065 354
1622589559126 28.501000000000065 355
1622589572283 28.577000000000066 356
1622589585469 28.652000000000065 357
1622589598644 28.729000000000067 358
1622589611887 28.805000000000067 359
1622589625256 28.881000000000068 360
1622589638841 28.961000000000066 361
1622589653286 29.039000000000065 362
1622589666929 29.118000000000066 363
1622589682495 29.205000000000066 364
1622589696176 29.281000000000066 365
1622589709701 29.356000000000066 366
1622589723320 29.431000000000065 367
1622589736903 29.507000000000065 368
1622589751252 29.581000000000067 369
1622589764942 29.657000000000068 370
1622589778710 29.732000000000067 371
1622589792452 29.807000000000066 372
1622589806341 29.882000000000065 373
1622589820150 29.957000000000065 374
1622589833972 30.032000000000064 375
1622589847976 30.108000000000064 376
1622589862217 30.187000000000065 377
1622589876110 30.262000000000064 378
1622589891245 30.336000000000066 379
1622589906148 30.413000000000068 380
1622589921266 30.491000000000067 381
1622589935337 30.56500000000007 382
1622589949464 30.63900000000007 383
1622589963978 30.713000000000072 384
1622589978934 30.78800000000007 385
1622589993434 30.86600000000007 386
1622590008626 30.94100000000007 387
1622590023288 31.01500000000007 388
1622590037720 31.089000000000073 389
1622590052208 31.162000000000074 390
1622590066828 31.236000000000075 391
1622590081434 31.310000000000077 392
1622590096049 31.38400000000008 393
1622590110565 31.459000000000078 394
1622590125190 31.53500000000008 395
1622590139964 31.61100000000008 396
1622590154589 31.691000000000077 397
1622590169426 31.76800000000008 398
1622590184176 31.843000000000078 399
1622590198942 31.918000000000077 400
1622590213829 31.993000000000077 401
1622590228739 32.068000000000076 402
1622590243588 32.145000000000074 403
1622590258741 32.21900000000007 404
1622590273896 32.29200000000007 405
1622590289101 32.367000000000075 406
1622590304492 32.441000000000074 407
1622590320661 32.51900000000008 408
1622590335904 32.593000000000075 409
1622590351593 32.66700000000007 410
1622590367281 32.74100000000007 411
1622590382378 32.81500000000007 412
1622590397800 32.88900000000007 413
1622590413896 32.96200000000007 414
1622590432565 33.036000000000065 415
1622590447765 33.11000000000006 416
1622590464982 33.185000000000066 417
1622590483159 33.259000000000064 418
1622590499351 33.33300000000006 419
1622590516691 33.408000000000065 420
1622590532826 33.48200000000006 421
1622590548221 33.55600000000006 422
1622590563995 33.62900000000006 423
1622590580526 33.71100000000006 424
1622590598289 33.865000000000066 425
1622590614427 33.948000000000064 426
1622590630228 34.02300000000007 427
1622590646109 34.097000000000065 428
1622590662831 34.17100000000006 429
1622590680079 34.25100000000006 430
1622590697158 34.32800000000006 431
1622590714451 34.40600000000006 432
1622590730380 34.481000000000066 433
1622590746416 34.55600000000007 434
1622590762443 34.63100000000007 435
1622590778513 34.706000000000074 436
1622590794526 34.78000000000007 437
1622590810706 34.85400000000007 438
1622590827640 34.92900000000007 439
1622590844013 35.005000000000074 440
1622590860227 35.081000000000074 441
1622590876619 35.15600000000008 442
1622590893862 35.23700000000008 443
1622590910787 35.31400000000008 444
1622590927270 35.391000000000076 445
1622590943786 35.46600000000008 446
1622590960349 35.54300000000008 447
1622590976939 35.617000000000075 448
1622590995910 35.69200000000008 449
1622591013727 35.78600000000008 450
1622591031506 35.86900000000008 451
1622591049515 35.94500000000008 452
1622591066101 36.02000000000008 453
1622591083567 36.098000000000084 454
1622591101324 36.183000000000085 455
1622591119036 36.265000000000086 456
1622591136487 36.34000000000009 457
1622591153426 36.41400000000009 458
1622591170615 36.48900000000009 459
1622591188830 36.56800000000009 460
1622591206518 36.64400000000009 461
1622591225006 36.72600000000009 462
1622591243361 36.813000000000095 463
1622591260664 36.89300000000009 464
1622591277598 36.968000000000096 465
1622591294803 37.0430000000001 466
1622591311844 37.1170000000001 467
1622591329796 37.1920000000001 468
1622591348195 37.2710000000001 469
1622591366220 37.3450000000001 470
1622591383535 37.4200000000001 471
1622591400840 37.4960000000001 472
1622591418172 37.5700000000001 473
1622591435818 37.6450000000001 474
1622591453820 37.7210000000001 475
1622591471872 37.7980000000001 476
1622591489766 37.8720000000001 477
1622591508204 37.9470000000001 478
1622591526087 38.025000000000105 479
1622591545868 38.101000000000106 480
1622591564693 38.178000000000104 481
1622591583032 38.2580000000001 482
1622591600743 38.3340000000001 483
1622591618457 38.409000000000106 484
1622591636111 38.483000000000104 485
1622591654828 38.56400000000011 486
1622591672733 38.64000000000011 487
1622591690804 38.71500000000011 488
1622591709485 38.79000000000011 489
1622591728866 38.86600000000011 490
1622591748049 38.95000000000012 491
1622591767254 39.02900000000012 492
1622591786085 39.10400000000012 493
1622591804124 39.17900000000012 494
1622591823399 39.25800000000012 495
1622591842601 39.336000000000126 496
1622591861955 39.42100000000013 497
1622591880102 39.498000000000125 498
1622591898618 39.57300000000013 499
1622591918519 39.65400000000013 500
