1622757787606 0.378 0
1622757788199 0.452 1
1622757788770 0.527 2
1622757789350 0.602 3
1622757789979 0.6779999999999999 4
1622757790636 0.7529999999999999 5
1622757791332 0.8289999999999998 6
1622757792069 0.9039999999999998 7
1622757792858 0.9789999999999998 8
1622757793671 1.0549999999999997 9
1622757794504 1.1299999999999997 10
1622757795395 1.2059999999999997 11
1622757796297 1.2809999999999997 12
1622757797261 1.3569999999999998 13
1622757798242 1.4319999999999997 14
1622757799268 1.5079999999999998 15
1622757800342 1.5839999999999999 16
1622757801440 1.6589999999999998 17
1622757802562 1.7349999999999999 18
1622757803729 1.809 19
1622757804924 1.885 20
1622757806254 1.961 21
1622757807644 2.041 22
1622757809036 2.12 23
1622757810479 2.2 24
1622757811893 2.2750000000000004 25
1622757813341 2.3510000000000004 26
1622757814805 2.4260000000000006 27
1622757816292 2.501000000000001 28
1622757817813 2.580000000000001 29
1622757819388 2.656000000000001 30
1622757820991 2.732000000000001 31
1622757822634 2.808000000000001 32
1622757824294 2.8840000000000012 33
1622757825988 2.9600000000000013 34
1622757827727 3.0360000000000014 35
1622757829513 3.1120000000000014 36
1622757831311 3.1870000000000016 37
1622757833149 3.2630000000000017 38
1622757835048 3.3390000000000017 39
1622757836959 3.4130000000000016 40
1622757838927 3.4890000000000017 41
1622757840923 3.5650000000000017 42
1622757842993 3.641000000000002 43
1622757845047 3.7180000000000017 44
1622757847216 3.794000000000002 45
1622757849431 3.873000000000002 46
1622757851676 3.950000000000002 47
1622757853967 4.026000000000002 48
1622757856286 4.1030000000000015 49
1622757858624 4.1800000000000015 50
1622757860966 4.255000000000002 51
1622757863372 4.331000000000001 52
1622757865782 4.4060000000000015 53
1622757868211 4.481000000000002 54
1622757870900 4.560000000000001 55
1622757873575 4.643000000000002 56
1622757876299 4.719000000000001 57
1622757879078 4.799000000000001 58
1622757881675 4.875000000000001 59
1622757884324 4.9510000000000005 60
1622757887003 5.026000000000001 61
1622757889729 5.102 62
1622757892461 5.1770000000000005 63
1622757895288 5.2540000000000004 64
1622757898152 5.33 65
1622757901006 5.405 66
1622757903869 5.48 67
1622757906793 5.555000000000001 68
1622757909749 5.630000000000001 69
1622757912706 5.706 70
1622757915747 5.781000000000001 71
1622757918830 5.857 72
1622757921912 5.933 73
1622757925028 6.008 74
1622757928210 6.083 75
1622757931408 6.159 76
1622757934605 6.234999999999999 77
1622757937886 6.310999999999999 78
1622757941181 6.385999999999999 79
1622757944581 6.461999999999999 80
1622757947995 6.536999999999999 81
1622757951376 6.612999999999999 82
1622757954844 6.687999999999999 83
1622757958361 6.7639999999999985 84
1622757961964 6.839999999999998 85
1622757965519 6.914999999999998 86
1622757969162 6.989999999999998 87
1622757972839 7.065999999999998 88
1622757976544 7.140999999999998 89
1622757980280 7.216999999999998 90
1622757984046 7.291999999999998 91
1622757987834 7.366999999999998 92
1622757991664 7.441999999999998 93
1622757995545 7.517999999999998 94
1622757999419 7.593999999999998 95
1622758003342 7.669999999999997 96
1622758007294 7.744999999999997 97
1622758011260 7.818999999999997 98
1622758015265 7.8939999999999975 99
1622758019326 7.967999999999997 100
1622758023424 8.042999999999997 101
1622758027575 8.117999999999997 102
1622758031764 8.194999999999997 103
1622758036011 8.269999999999996 104
1622758040255 8.344999999999995 105
1622758044539 8.419999999999995 106
1622758048815 8.494999999999994 107
1622758053176 8.568999999999994 108
1622758057539 8.643999999999993 109
1622758061946 8.719999999999994 110
1622758066408 8.795999999999994 111
1622758070934 8.871999999999995 112
1622758075495 8.946999999999994 113
1622758080091 9.021999999999993 114
1622758084759 9.097999999999994 115
1622758089392 9.173999999999994 116
1622758094061 9.248999999999993 117
1622758098782 9.323999999999993 118
1622758103517 9.399999999999993 119
1622758108333 9.476999999999993 120
1622758113119 9.551999999999992 121
1622758118011 9.627999999999993 122
1622758122917 9.701999999999993 123
1622758127822 9.776999999999992 124
1622758132758 9.851999999999991 125
1622758137762 9.927999999999992 126
1622758142810 10.003999999999992 127
1622758147837 10.079999999999993 128
1622758152979 10.154999999999992 129
1622758158157 10.230999999999993 130
1622758163368 10.305999999999992 131
1622758168625 10.381999999999993 132
1622758173902 10.457999999999993 133
1622758179187 10.533999999999994 134
1622758184541 10.608999999999993 135
1622758189967 10.684999999999993 136
1622758195411 10.760999999999994 137
1622758200814 10.835999999999993 138
1622758206276 10.910999999999992 139
1622758211853 10.986999999999993 140
1622758217390 11.061999999999992 141
1622758223058 11.137999999999993 142
1622758228707 11.213999999999993 143
1622758234393 11.290999999999993 144
1622758240079 11.366999999999994 145
1622758245837 11.441999999999993 146
1622758251664 11.516999999999992 147
1622758257458 11.592999999999993 148
1622758263319 11.667999999999992 149
1622758269129 11.743999999999993 150
1622758274999 11.819999999999993 151
1622758280914 11.895999999999994 152
1622758286862 11.972999999999994 153
1622758292837 12.047999999999993 154
1622758298855 12.123999999999993 155
1622758304982 12.199999999999994 156
1622758311091 12.275999999999994 157
1622758317239 12.350999999999994 158
1622758323374 12.425999999999993 159
1622758329674 12.500999999999992 160
1622758335953 12.576999999999993 161
1622758342209 12.652999999999993 162
1622758348545 12.727999999999993 163
1622758354932 12.803999999999993 164
1622758361343 12.878999999999992 165
1622758367818 12.953999999999992 166
1622758374236 13.029999999999992 167
1622758380772 13.105999999999993 168
1622758387305 13.182999999999993 169
1622758393889 13.258999999999993 170
1622758400502 13.334999999999994 171
1622758407183 13.409999999999993 172
1622758413853 13.485999999999994 173
1622758420618 13.559999999999993 174
1622758427407 13.634999999999993 175
1622758434212 13.710999999999993 176
1622758441071 13.785999999999992 177
1622758447979 13.860999999999992 178
1622758454867 13.937999999999992 179
1622758461772 14.012999999999991 180
1622758468748 14.08799999999999 181
1622758475741 14.16299999999999 182
1622758482794 14.23899999999999 183
1622758489860 14.31399999999999 184
1622758496937 14.38999999999999 185
1622758504058 14.46499999999999 186
1622758511211 14.54099999999999 187
1622758518479 14.615999999999989 188
1622758525714 14.690999999999988 189
1622758533031 14.766999999999989 190
1622758540399 14.84299999999999 191
1622758547798 14.917999999999989 192
1622758555201 14.992999999999988 193
1622758562645 15.069999999999988 194
1622758570098 15.145999999999988 195
1622758577627 15.221999999999989 196
1622758585176 15.296999999999988 197
1622758592792 15.372999999999989 198
1622758600448 15.44899999999999 199
1622758608129 15.523999999999988 200
1622758615787 15.598999999999988 201
1622758623424 15.674999999999988 202
1622758631258 15.749999999999988 203
1622758639109 15.826999999999988 204
1622758647025 15.902999999999988 205
1622758654888 15.977999999999987 206
1622758662794 16.052999999999987 207
1622758670712 16.127999999999986 208
1622758678684 16.203999999999986 209
1622758686702 16.279999999999987 210
1622758694835 16.354999999999986 211
1622758703054 16.429999999999986 212
1622758711183 16.506999999999987 213
1622758719379 16.582999999999988 214
1622758727601 16.657999999999987 215
1622758735865 16.732999999999986 216
1622758744212 16.807999999999986 217
1622758752534 16.883999999999986 218
1622758760828 16.958999999999985 219
1622758769173 17.034999999999986 220
1622758777624 17.109999999999985 221
1622758786093 17.184999999999985 222
1622758794665 17.259999999999984 223
1622758803190 17.335999999999984 224
1622758811848 17.410999999999984 225
1622758820466 17.486999999999984 226
1622758829134 17.563999999999986 227
1622758837904 17.638999999999985 228
1622758846778 17.714999999999986 229
1622758855498 17.790999999999986 230
1622758864266 17.866999999999987 231
1622758873209 17.94099999999999 232
1622758882189 18.015999999999988 233
1622758891113 18.090999999999987 234
1622758900116 18.165999999999986 235
1622758909163 18.242999999999988 236
1622758918331 18.31899999999999 237
1622758927379 18.393999999999988 238
1622758936437 18.468999999999987 239
1622758945530 18.543999999999986 240
1622758954682 18.617999999999988 241
1622758963826 18.69399999999999 242
1622758973116 18.768999999999988 243
1622758982391 18.843999999999987 244
1622758991697 18.919999999999987 245
1622759001068 18.99699999999999 246
1622759010411 19.07199999999999 247
1622759019837 19.146999999999988 248
1622759029316 19.22099999999999 249
1622759038799 19.29699999999999 250
1622759048273 19.37199999999999 251
1622759058583 19.44799999999999 252
1622759068207 19.52399999999999 253
1622759077689 19.59899999999999 254
1622759087279 19.67599999999999 255
1622759096937 19.75099999999999 256
1622759106647 19.824999999999992 257
1622759116361 19.89999999999999 258
1622759126109 19.97499999999999 259
1622759135888 20.04999999999999 260
1622759145727 20.12599999999999 261
1622759155577 20.20099999999999 262
1622759165583 20.27599999999999 263
1622759175463 20.35099999999999 264
1622759185433 20.42699999999999 265
1622759195461 20.50199999999999 266
1622759205528 20.57599999999999 267
1622759215574 20.65099999999999 268
1622759225719 20.72699999999999 269
1622759235907 20.80199999999999 270
1622759246216 20.87799999999999 271
1622759256470 20.95499999999999 272
1622759266682 21.03099999999999 273
1622759276970 21.106999999999992 274
1622759287210 21.183999999999994 275
1622759297532 21.258999999999993 276
1622759308003 21.333999999999993 277
1622759318421 21.408999999999992 278
1622759328845 21.48399999999999 279
1622759339390 21.55899999999999 280
1622759349928 21.63399999999999 281
1622759360441 21.70899999999999 282
1622759371068 21.78399999999999 283
1622759381652 21.858999999999988 284
1622759392291 21.933999999999987 285
1622759402963 22.009999999999987 286
1622759413606 22.084999999999987 287
1622759424315 22.159999999999986 288
1622759435140 22.234999999999985 289
1622759446039 22.309999999999985 290
1622759456930 22.384999999999984 291
1622759467734 22.459999999999983 292
1622759478771 22.534999999999982 293
1622759489809 22.60999999999998 294
1622759500843 22.68499999999998 295
1622759511989 22.75999999999998 296
1622759523195 22.833999999999982 297
1622759534331 22.909999999999982 298
1622759545556 22.98499999999998 299
1622759556813 23.060999999999982 300
1622759568186 23.13599999999998 301
1622759579478 23.21099999999998 302
1622759590836 23.28699999999998 303
1622759602190 23.36199999999998 304
1622759613551 23.435999999999982 305
1622759624984 23.51099999999998 306
1622759636550 23.586999999999982 307
1622759648086 23.660999999999984 308
1622759659704 23.736999999999984 309
1622759671301 23.812999999999985 310
1622759682907 23.887999999999984 311
1622759694584 23.962999999999983 312
1622759706359 24.039999999999985 313
1622759718103 24.114999999999984 314
1622759729894 24.189999999999984 315
1622759741824 24.265999999999984 316
1622759753725 24.341999999999985 317
1622759765589 24.416999999999984 318
1622759777567 24.490999999999985 319
1622759789550 24.564999999999987 320
1622759801522 24.63899999999999 321
1622759813486 24.713999999999988 322
1622759825558 24.788999999999987 323
1622759837608 24.86299999999999 324
1622759849706 24.937999999999988 325
1622759861858 25.01199999999999 326
1622759874050 25.08699999999999 327
1622759886323 25.16199999999999 328
1622759898687 25.236999999999988 329
1622759910975 25.31099999999999 330
1622759923340 25.38499999999999 331
1622759935829 25.45999999999999 332
1622759948249 25.533999999999992 333
1622759960742 25.609999999999992 334
1622759973248 25.685999999999993 335
1622759985849 25.761999999999993 336
1622759998370 25.836999999999993 337
1622760010943 25.912999999999993 338
1622760023603 25.987999999999992 339
1622760036345 26.06299999999999 340
1622760049090 26.13799999999999 341
1622760061840 26.21299999999999 342
1622760074633 26.28899999999999 343
1622760087475 26.36399999999999 344
1622760100369 26.43899999999999 345
1622760113193 26.51299999999999 346
1622760126126 26.586999999999993 347
1622760139122 26.661999999999992 348
1622760151988 26.737999999999992 349
1622760165021 26.811999999999994 350
1622760178012 26.885999999999996 351
1622760191066 26.960999999999995 352
1622760204199 27.035999999999994 353
1622760217317 27.111999999999995 354
1622760230601 27.186999999999994 355
1622760243932 27.260999999999996 356
1622760257183 27.336999999999996 357
1622760270507 27.410999999999998 358
1622760283851 27.487 359
1622760297295 27.561 360
1622760310794 27.636 361
1622760324304 27.711 362
1622760337736 27.785 363
1622760351263 27.86 364
1622760364849 27.935 365
1622760378453 28.009999999999998 366
1622760392068 28.084999999999997 367
1622760405665 28.159999999999997 368
1622760419364 28.235999999999997 369
1622760433074 28.310999999999996 370
1622760446885 28.385999999999996 371
1622760460687 28.460999999999995 372
1622760474585 28.536999999999995 373
1622760488536 28.612999999999996 374
1622760502404 28.686999999999998 375
1622760516412 28.761999999999997 376
1622760530489 28.836999999999996 377
1622760544574 28.911999999999995 378
1622760558716 28.986999999999995 379
1622760572792 29.060999999999996 380
1622760586892 29.135999999999996 381
1622760601070 29.210999999999995 382
1622760615354 29.285999999999994 383
1622760629546 29.360999999999994 384
1622760643871 29.434999999999995 385
1622760658113 29.510999999999996 386
1622760672445 29.585999999999995 387
1622760686906 29.661999999999995 388
1622760701300 29.735999999999997 389
1622760715777 29.81 390
1622760730311 29.884999999999998 391
1622760744871 29.959 392
1622760759472 30.033 393
1622760774056 30.109 394
1622760788595 30.184 395
1622760803275 30.258000000000003 396
1622760818009 30.332000000000004 397
1622760832792 30.406000000000006 398
1622760847609 30.482000000000006 399
1622760862469 30.557000000000006 400
1622760877258 30.631000000000007 401
1622760892138 30.706000000000007 402
1622760907030 30.781000000000006 403
1622760921972 30.858000000000008 404
1622760936926 30.933000000000007 405
1622760951943 31.008000000000006 406
1622760966964 31.083000000000006 407
1622760982168 31.158000000000005 408
1622760997286 31.234000000000005 409
1622761012500 31.309000000000005 410
1622761027856 31.385000000000005 411
1622761043179 31.460000000000004 412
1622761058341 31.535000000000004 413
1622761073959 31.611000000000004 414
1622761089417 31.686000000000003 415
1622761104954 31.762000000000004 416
1622761120497 31.838000000000005 417
1622761136159 31.913000000000004 418
1622761151786 31.988000000000003 419
1622761167342 32.062000000000005 420
1622761182889 32.138000000000005 421
1622761198492 32.212 422
1622761214104 32.287000000000006 423
1622761229820 32.361000000000004 424
1622761245568 32.437000000000005 425
1622761261314 32.511 426
1622761277111 32.585 427
1622761292903 32.659 428
1622761308694 32.735 429
1622761324674 32.809 430
1622761340542 32.884 431
1622761356527 32.958 432
1622761372510 33.033 433
1622761388557 33.108000000000004 434
1622761404693 33.182 435
1622761420814 33.258 436
1622761436910 33.333000000000006 437
1622761452988 33.40800000000001 438
1622761469064 33.482000000000006 439
1622761485260 33.556000000000004 440
1622761501560 33.63 441
1622761517804 33.704 442
1622761534150 33.776 443
1622761550457 33.85 444
1622761566792 33.925000000000004 445
1622761583163 34.001000000000005 446
1622761599713 34.07600000000001 447
1622761616190 34.15100000000001 448
1622761632717 34.22500000000001 449
1622761649236 34.29900000000001 450
1622761665871 34.373000000000005 451
1622761682502 34.449000000000005 452
1622761699120 34.523 453
1622761715814 34.597 454
1622761732593 34.671 455
1622761749331 34.746 456
1622761766169 34.821000000000005 457
1622761782958 34.897000000000006 458
1622761799852 34.97200000000001 459
1622761816730 35.04600000000001 460
1622761833640 35.120000000000005 461
1622761850595 35.194 462
1622761867632 35.269000000000005 463
1622761884681 35.343 464
1622761901725 35.416000000000004 465
1622761918924 35.49100000000001 466
1622761936214 35.56600000000001 467
1622761953405 35.64100000000001 468
1622761970514 35.71400000000001 469
1622761987690 35.78800000000001 470
1622762004967 35.86200000000001 471
1622762022317 35.93600000000001 472
1622762039638 36.00900000000001 473
1622762057013 36.083000000000006 474
1622762074448 36.15800000000001 475
1622762091971 36.23400000000001 476
1622762109358 36.30700000000001 477
1622762126979 36.38100000000001 478
1622762144630 36.45600000000001 479
1622762162339 36.53100000000001 480
1622762180011 36.60500000000001 481
1622762197747 36.67900000000001 482
1622762215518 36.75300000000001 483
1622762233582 36.82800000000001 484
1622762251391 36.90300000000001 485
1622762269289 36.978000000000016 486
1622762287310 37.05300000000002 487
1622762305186 37.12700000000002 488
1622762323274 37.201000000000015 489
1622762341255 37.274000000000015 490
1622762359378 37.34600000000002 491
1622762377458 37.420000000000016 492
1622762395634 37.496000000000016 493
1622762413767 37.57100000000002 494
1622762432140 37.64500000000002 495
1622762450277 37.72000000000002 496
1622762468579 37.79400000000002 497
1622762486910 37.868000000000016 498
1622762505339 37.94300000000002 499
1622762523573 38.01600000000002 500
