1622676748077 0.946803670522811 0
1622676748992 0.9286230296638509 1
1622676750074 0.9286230296638509 2
1622676751318 0.9286230296638509 3
1622676752783 0.9286230296638509 4
1622676754466 0.9286230296638509 5
1622676756338 0.9286230296638509 6
1622676758393 0.9286230296638509 7
1622676760637 0.9286230296638509 8
1622676763107 0.9286230296638509 9
1622676765722 0.9286230296638509 10
1622676769539 0.9286230296638509 11
1622676772562 0.9286230296638509 12
1622676775766 0.9286230296638509 13
1622676779212 0.9286230296638509 14
1622676782812 0.9286230296638509 15
1622676787294 0.9286230296638509 16
1622676791167 0.9286230296638509 17
1622676795071 0.9286230296638509 18
1622676799169 0.9286230296638509 19
1622676803444 0.9286230296638509 20
1622676807954 0.9286230296638509 21
1622676812603 0.9286230296638509 22
1622676817379 0.9286230296638509 23
1622676822358 0.9286230296638509 24
1622676827541 0.9286230296638509 25
1622676832841 0.9286230296638509 26
1622676838371 0.9286230296638509 27
1622676844090 0.9286230296638509 28
1622676849916 0.9286230296638509 29
1622676856016 0.9286230296638509 30
1622676862284 0.9286230296638509 31
1622676868717 0.9286230296638509 32
1622676875364 0.9286230296638509 33
1622676882176 0.9286230296638509 34
1622676889125 0.9286230296638509 35
1622676896276 0.9286230296638509 36
1622676904401 0.9286230296638509 37
1622676912261 0.9286230296638509 38
1622676920065 0.9286230296638509 39
1622676928001 0.9286230296638509 40
1622676936150 0.9286230296638509 41
1622676944424 0.9286230296638509 42
1622676952871 0.9286230296638509 43
1622676961511 0.9286230296638509 44
1622676970274 0.9286230296638509 45
1622676979249 0.9286230296638509 46
1622676988488 0.9286230296638509 47
1622676997807 0.9286230296638509 48
1622677007466 0.9286230296638509 49
1622677017289 0.9286230296638509 50
1622677027220 0.9286230296638509 51
1622677037309 0.9286230296638509 52
1622677047677 0.9286230296638509 53
1622677058188 0.9286230296638509 54
1622677068868 0.9286230296638509 55
1622677079787 0.9286230296638509 56
1622677090853 0.9286230296638509 57
1622677102103 0.9286230296638509 58
1622677113537 0.9286230296638509 59
1622677125156 0.9286230296638509 60
1622677136969 0.9286230296638509 61
1622677148953 0.9286230296638509 62
1622677161236 0.9286230296638509 63
1622677173606 0.9286230296638509 64
1622677186323 0.9286230296638509 65
1622677199461 0.9286230296638509 66
1622677212411 0.9286230296638509 67
1622677225635 0.9286230296638509 68
1622677239289 0.9286230296638509 69
1622677253040 0.9286230296638509 70
1622677266966 0.9286230296638509 71
1622677281219 0.9286230296638509 72
1622677295616 0.9286230296638509 73
1622677310374 0.9286230296638509 74
1622677325250 0.9286230296638509 75
1622677340439 0.9286230296638509 76
1622677355172 0.9286230296638509 77
1622677370221 0.9286230296638509 78
1622677385570 0.9286230296638509 79
1622677400791 0.9286230296638509 80
1622677416164 0.9286230296638509 81
1622677431716 0.9286230296638509 82
1622677447457 0.9286230296638509 83
1622677463302 0.9286230296638509 84
1622677479464 0.9286230296638509 85
1622677495790 0.9286230296638509 86
1622677512254 0.9286230296638509 87
1622677529031 0.9286230296638509 88
1622677545885 0.9286230296638509 89
1622677562846 0.9286230296638509 90
1622677580025 0.9286230296638509 91
1622677597316 0.9286230296638509 92
1622677614791 0.9286230296638509 93
1622677632541 0.9286230296638509 94
1622677650572 0.9286230296638509 95
1622677668688 0.9286230296638509 96
1622677686904 0.9286230296638509 97
1622677705364 0.9286230296638509 98
1622677723988 0.9286230296638509 99
1622677742936 0.9286230296638509 100
1622677762031 0.9286230296638509 101
1622677781415 0.9286230296638509 102
1622677800865 0.9286230296638509 103
1622677820552 0.9286230296638509 104
1622677840298 0.9286230296638509 105
1622677860258 0.9286230296638509 106
1622677880406 0.9286230296638509 107
1622677900570 0.9286230296638509 108
1622677921031 0.9286230296638509 109
1622677941486 0.9286230296638509 110
1622677962303 0.9286230296638509 111
1622677983370 0.9286230296638509 112
1622678004611 0.9286230296638509 113
1622678025852 0.9286230296638509 114
1622678047412 0.9286230296638509 115
1622678069227 0.9286230296638509 116
1622678091391 0.9286230296638509 117
1622678113666 0.9286230296638509 118
1622678136051 0.9286230296638509 119
1622678158610 0.9286230296638509 120
1622678181286 0.9286230296638509 121
1622678204022 0.9286230296638509 122
1622678227027 0.9286230296638509 123
1622678250195 0.9286230296638509 124
1622678273527 0.9286230296638509 125
1622678296997 0.9286230296638509 126
1622678320831 0.9286230296638509 127
1622678344726 0.9286230296638509 128
1622678368956 0.9286230296638509 129
1622678393308 0.9286230296638509 130
1622678417791 0.9286230296638509 131
1622678442569 0.9286230296638509 132
1622678467275 0.9286230296638509 133
1622678492231 0.9286230296638509 134
1622678517499 0.9286230296638509 135
1622678542762 0.9286230296638509 136
1622678568190 0.9286230296638509 137
1622678594008 0.9286230296638509 138
1622678619867 0.9286230296638509 139
1622678647348 0.9286230296638509 140
1622678673596 0.9286230296638509 141
1622678699912 0.9286230296638509 142
1622678726432 0.9286230296638509 143
1622678753141 0.9286230296638509 144
1622678780032 0.9286230296638509 145
1622678807151 0.9286230296638509 146
1622678834289 0.9286230296638509 147
1622678861801 0.9286230296638509 148
1622678889394 0.9286230296638509 149
1622678917028 0.9286230296638509 150
1622678944906 0.9286230296638509 151
1622678972910 0.9286230296638509 152
1622679001209 0.9286230296638509 153
1622679029546 0.9286230296638509 154
1622679058101 0.9286230296638509 155
1622679086951 0.9286230296638509 156
1622679116027 0.9286230296638509 157
1622679145368 0.9286230296638509 158
1622679174906 0.9286230296638509 159
1622679204570 0.9286230296638509 160
1622679234602 0.9286230296638509 161
1622679264817 0.9286230296638509 162
1622679295334 0.9286230296638509 163
1622679326244 0.9286230296638509 164
1622679357504 0.9286230296638509 165
1622679388951 0.9286230296638509 166
1622679420479 0.9286230296638509 167
1622679451898 0.9286230296638509 168
1622679483769 0.9286230296638509 169
1622679515765 0.9286230296638509 170
1622679547832 0.9286230296638509 171
1622679579818 0.9286230296638509 172
1622679612109 0.9286230296638509 173
1622679644511 0.9286230296638509 174
1622679677285 0.9286230296638509 175
1622679710439 0.9286230296638509 176
1622679743629 0.9286230296638509 177
1622679776933 0.9286230296638509 178
1622679810288 0.9286230296638509 179
1622679843958 0.9286230296638509 180
1622679877599 0.9286230296638509 181
1622679911175 0.9286230296638509 182
1622679944901 0.9286230296638509 183
1622679978759 0.9286230296638509 184
1622680013007 0.9286230296638509 185
1622680047293 0.9286230296638509 186
1622680081904 0.9286230296638509 187
1622680116607 0.9286230296638509 188
1622680151459 0.9286230296638509 189
1622680186624 0.9286230296638509 190
1622680221988 0.9286230296638509 191
1622680257567 0.9286230296638509 192
1622680293770 0.9286230296638509 193
1622680329966 0.9286230296638509 194
1622680366547 0.9286230296638509 195
1622680403567 0.9286230296638509 196
1622680440362 0.9286230296638509 197
1622680477305 0.9286230296638509 198
1622680514572 0.9286230296638509 199
1622680552265 0.9286230296638509 200
1622680588830 0.9286230296638509 201
1622680625637 0.9286230296638509 202
1622680662478 0.9286230296638509 203
1622680698913 0.9286230296638509 204
1622680735423 0.9286230296638509 205
1622680772277 0.9286230296638509 206
1622680809771 0.9286230296638509 207
1622680847577 0.9286230296638509 208
1622680884878 0.9286230296638509 209
1622680922409 0.9286230296638509 210
1622680960375 0.9286230296638509 211
1622680999025 0.9286230296638509 212
1622681038585 0.9286230296638509 213
1622681078046 0.9286230296638509 214
1622681117181 0.9286230296638509 215
1622681156486 0.9286230296638509 216
1622681196271 0.9286230296638509 217
1622681236037 0.9286230296638509 218
1622681275407 0.9286230296638509 219
1622681315213 0.9286230296638509 220
1622681355200 0.9286230296638509 221
1622681395077 0.9286230296638509 222
1622681435254 0.9286230296638509 223
1622681475724 0.9286230296638509 224
1622681516091 0.9286230296638509 225
1622681556702 0.9286230296638509 226
1622681597485 0.9286230296638509 227
1622681638548 0.9286230296638509 228
1622681679840 0.9286230296638509 229
1622681721234 0.9286230296638509 230
1622681762993 0.9286230296638509 231
1622681805189 0.9286230296638509 232
1622681847098 0.9286230296638509 233
1622681889409 0.9286230296638509 234
1622681931571 0.9286230296638509 235
1622681974128 0.9286230296638509 236
1622682016923 0.9286230296638509 237
1622682060116 0.9286230296638509 238
1622682103271 0.9286230296638509 239
1622682146573 0.9286230296638509 240
1622682189820 0.9286230296638509 241
1622682233547 0.9286230296638509 242
1622682277332 0.9286230296638509 243
1622682320850 0.9286230296638509 244
1622682364440 0.9286230296638509 245
1622682408566 0.9286230296638509 246
1622682453171 0.9286230296638509 247
1622682497621 0.9286230296638509 248
1622682542268 0.9286230296638509 249
1622682587813 0.9286230296638509 250
1622682634560 0.9286230296638509 251
1622682680460 0.9286230296638509 252
1622682726273 0.9286230296638509 253
1622682772745 0.9286230296638509 254
1622682819487 0.9286230296638509 255
1622682866092 0.9286230296638509 256
1622682913101 0.9286230296638509 257
1622682959557 0.9286230296638509 258
1622683006578 0.9286230296638509 259
1622683053929 0.9286230296638509 260
1622683101244 0.9286230296638509 261
1622683148789 0.9286230296638509 262
1622683196366 0.9286230296638509 263
1622683244156 0.9286230296638509 264
1622683291848 0.9286230296638509 265
1622683339950 0.9286230296638509 266
1622683387986 0.9286230296638509 267
1622683436222 0.9286230296638509 268
1622683484636 0.9286230296638509 269
1622683533356 0.9286230296638509 270
1622683582640 0.9286230296638509 271
1622683631535 0.9286230296638509 272
1622683681133 0.9286230296638509 273
1622683730749 0.9286230296638509 274
1622683780387 0.9286230296638509 275
1622683830457 0.9286230296638509 276
1622683880417 0.9286230296638509 277
1622683930695 0.9286230296638509 278
1622683981584 0.9286230296638509 279
1622684032293 0.9286230296638509 280
1622684082727 0.9286230296638509 281
1622684133572 0.9286230296638509 282
1622684184847 0.9286230296638509 283
1622684236085 0.9286230296638509 284
1622684287536 0.9286230296638509 285
1622684338768 0.9286230296638509 286
1622684390634 0.9286230296638509 287
1622684442503 0.9286230296638509 288
1622684494565 0.9286230296638509 289
1622684546967 0.9286230296638509 290
1622684599362 0.9286230296638509 291
1622684652302 0.9286230296638509 292
1622684705335 0.9286230296638509 293
1622684758474 0.9286230296638509 294
1622684811802 0.9286230296638509 295
1622684865197 0.9286230296638509 296
1622684918529 0.9286230296638509 297
1622684972131 0.9286230296638509 298
1622685025948 0.9286230296638509 299
1622685079705 0.9286230296638509 300
1622685133922 0.9286230296638509 301
1622685188335 0.9286230296638509 302
1622685242895 0.9286230296638509 303
1622685297834 0.9286230296638509 304
1622685352879 0.9286230296638509 305
1622685408242 0.9286230296638509 306
1622685463700 0.9286230296638509 307
1622685519494 0.9286230296638509 308
1622685575390 0.9286230296638509 309
1622685631753 0.9286230296638509 310
1622685688398 0.9286230296638509 311
1622685745023 0.9286230296638509 312
1622685802429 0.9286230296638509 313
1622685858755 0.9286230296638509 314
1622685915499 0.9286230296638509 315
1622685972147 0.9286230296638509 316
1622686028796 0.9286230296638509 317
1622686085763 0.9286230296638509 318
1622686142925 0.9286230296638509 319
1622686200390 0.9286230296638509 320
1622686258167 0.9286230296638509 321
1622686316096 0.9286230296638509 322
1622686374052 0.9286230296638509 323
1622686432193 0.9286230296638509 324
1622686490501 0.9286230296638509 325
1622686549220 0.9286230296638509 326
1622686608322 0.9286230296638509 327
1622686667381 0.9286230296638509 328
1622686726478 0.9286230296638509 329
1622686786085 0.9286230296638509 330
1622686845663 0.9286230296638509 331
1622686905244 0.9286230296638509 332
1622686964822 0.9286230296638509 333
1622687024903 0.9286230296638509 334
1622687085153 0.9286230296638509 335
1622687145593 0.9286230296638509 336
1622687206016 0.9286230296638509 337
1622687266675 0.9286230296638509 338
1622687327586 0.9286230296638509 339
1622687389440 0.9286230296638509 340
1622687451189 0.9286230296638509 341
1622687513217 0.9286230296638509 342
1622687575328 0.9286230296638509 343
1622687637703 0.9286230296638509 344
1622687700722 0.9286230296638509 345
1622687763255 0.9286230296638509 346
1622687826107 0.9286230296638509 347
1622687889147 0.9286230296638509 348
1622687952495 0.9286230296638509 349
1622688015367 0.9286230296638509 350
1622688078896 0.9286230296638509 351
1622688142698 0.9286230296638509 352
1622688206673 0.9286230296638509 353
1622688270753 0.9286230296638509 354
1622688335224 0.9286230296638509 355
1622688401399 0.9286230296638509 356
1622688466573 0.9286230296638509 357
1622688531414 0.9286230296638509 358
1622688596276 0.9286230296638509 359
1622688662432 0.9286230296638509 360
1622688727834 0.9286230296638509 361
1622688793578 0.9286230296638509 362
1622688859326 0.9286230296638509 363
1622688924869 0.9286230296638509 364
1622688990518 0.9286230296638509 365
1622689056318 0.9286230296638509 366
1622689122653 0.9286230296638509 367
1622689189590 0.9286230296638509 368
1622689256326 0.9286230296638509 369
1622689323065 0.9286230296638509 370
1622689389832 0.9286230296638509 371
1622689456706 0.9286230296638509 372
1622689523524 0.9286230296638509 373
1622689590313 0.9286230296638509 374
1622689657715 0.9286230296638509 375
1622689725145 0.9286230296638509 376
1622689792998 0.9286230296638509 377
1622689861143 0.9286230296638509 378
1622689929807 0.9286230296638509 379
1622689998191 0.9286230296638509 380
1622690066716 0.9286230296638509 381
1622690135240 0.9286230296638509 382
1622690204866 0.9286230296638509 383
1622690275069 0.9286230296638509 384
1622690344873 0.9286230296638509 385
1622690414943 0.9286230296638509 386
1622690484966 0.9286230296638509 387
1622690555432 0.9286230296638509 388
1622690625739 0.9286230296638509 389
1622690695699 0.9286230296638509 390
1622690766548 0.9286230296638509 391
1622690838202 0.9286230296638509 392
1622690910158 0.9286230296638509 393
1622690981579 0.9286230296638509 394
1622691053317 0.9286230296638509 395
1622691125442 0.9286230296638509 396
1622691197381 0.9286230296638509 397
1622691269905 0.9286230296638509 398
1622691342659 0.9286230296638509 399
1622691415352 0.9286230296638509 400
1622691488320 0.9286230296638509 401
1622691561304 0.9286230296638509 402
1622691635078 0.9286230296638509 403
1622691708318 0.9286230296638509 404
1622691781479 0.9286230296638509 405
1622691854898 0.9286230296638509 406
1622691929182 0.9286230296638509 407
1622692002268 0.9286230296638509 408
1622692076188 0.9286230296638509 409
1622692152731 0.9286230296638509 410
1622692229172 0.9286230296638509 411
1622692302976 0.9286230296638509 412
1622692377076 0.9286230296638509 413
1622692451452 0.9286230296638509 414
1622692526402 0.9286230296638509 415
1622692602141 0.9286230296638509 416
1622692677824 0.9286230296638509 417
1622692753553 0.9286230296638509 418
1622692829635 0.9286230296638509 419
1622692905896 0.9286230296638509 420
1622692981915 0.9286230296638509 421
1622693058295 0.9286230296638509 422
1622693134527 0.9286230296638509 423
1622693210927 0.9286230296638509 424
1622693287464 0.9286230296638509 425
1622693364380 0.9286230296638509 426
1622693441445 0.9286230296638509 427
1622693518353 0.9286230296638509 428
1622693596448 0.9286230296638509 429
1622693673934 0.9286230296638509 430
1622693751532 0.9286230296638509 431
1622693829202 0.9286230296638509 432
1622693906942 0.9286230296638509 433
1622693985013 0.9286230296638509 434
1622694063921 0.9286230296638509 435
1622694142525 0.9286230296638509 436
1622694221403 0.9286230296638509 437
1622694300341 0.9286230296638509 438
1622694379578 0.9286230296638509 439
1622694458886 0.9286230296638509 440
1622694538176 0.9286230296638509 441
1622694617894 0.9286230296638509 442
1622694697634 0.9286230296638509 443
1622694777414 0.9286230296638509 444
1622694857606 0.9286230296638509 445
1622694938246 0.9286230296638509 446
1622695018949 0.9286230296638509 447
1622695099732 0.9286230296638509 448
1622695180846 0.9286230296638509 449
1622695262176 0.9286230296638509 450
1622695343875 0.9286230296638509 451
1622695425554 0.9286230296638509 452
1622695507541 0.9286230296638509 453
1622695589632 0.9286230296638509 454
1622695671904 0.9286230296638509 455
1622695754211 0.9286230296638509 456
1622695836249 0.9286230296638509 457
1622695919111 0.9286230296638509 458
1622696001959 0.9286230296638509 459
1622696085232 0.9286230296638509 460
1622696168537 0.9286230296638509 461
1622696251589 0.9286230296638509 462
1622696335173 0.9286230296638509 463
1622696418806 0.9286230296638509 464
1622696502645 0.9286230296638509 465
1622696586603 0.9286230296638509 466
1622696670842 0.9286230296638509 467
1622696755020 0.9286230296638509 468
1622696839148 0.9286230296638509 469
1622696923941 0.9286230296638509 470
1622697008762 0.9286230296638509 471
1622697093746 0.9286230296638509 472
1622697179039 0.9286230296638509 473
1622697264839 0.9286230296638509 474
1622697350443 0.9286230296638509 475
1622697436012 0.9286230296638509 476
1622697521970 0.9286230296638509 477
1622697609033 0.9286230296638509 478
1622697696083 0.9286230296638509 479
1622697783523 0.9286230296638509 480
1622697870881 0.9286230296638509 481
1622697959992 0.9286230296638509 482
1622698050285 0.9286230296638509 483
1622698138480 0.9286230296638509 484
1622698227122 0.9286230296638509 485
1622698316063 0.9286230296638509 486
1622698404902 0.9286230296638509 487
1622698493966 0.9286230296638509 488
1622698583071 0.9286230296638509 489
1622698672917 0.9286230296638509 490
1622698762622 0.9286230296638509 491
1622698853640 0.9286230296638509 492
1622698943393 0.9286230296638509 493
1622699033110 0.9286230296638509 494
1622699123174 0.9286230296638509 495
1622699213334 0.9286230296638509 496
1622699303609 0.9286230296638509 497
1622699394368 0.9286230296638509 498
1622699485711 0.9286230296638509 499
1622699577109 0.9286230296638509 500
