1622591889017 26 0
1622591889558 15 1
1622591890082 12 2
1622591890654 12 3
1622591891239 12 4
1622591891868 12 5
1622591892541 12 6
1622591893266 12 7
1622591894034 12 8
1622591894860 12 9
1622591895708 12 10
1622591896605 12 11
1622591897601 12 12
1622591898631 12 13
1622591899633 12 14
1622591901279 12 15
1622591902768 12 16
1622591903877 12 17
1622591905068 12 18
1622591906317 12 19
1622591907640 12 20
1622591908872 12 21
1622591910098 12 22
1622591911353 12 23
1622591912642 12 24
1622591913962 12 25
1622591915338 12 26
1622591916744 12 27
1622591918154 12 28
1622591919639 12 29
1622591921169 12 30
1622591922702 12 31
1622591924381 12 32
1622591926765 12 33
1622591928528 12 34
1622591930197 12 35
1622591931934 12 36
1622591933691 12 37
1622591935502 12 38
1622591937324 12 39
1622591939201 12 40
1622591941941 12 41
1622591943874 12 42
1622591945858 12 43
1622591947857 12 44
1622591949924 12 45
1622591951998 12 46
1622591954119 12 47
1622591956266 12 48
1622591958408 12 49
1622591960645 12 50
1622591962863 12 51
1622591965174 12 52
1622591967489 12 53
1622591969868 12 54
1622591972282 12 55
1622591974702 12 56
1622591977164 12 57
1622591979613 12 58
1622591982147 12 59
1622591984732 12 60
1622591987346 12 61
1622591989996 12 62
1622591992699 12 63
1622591995403 12 64
1622591998173 12 65
1622592000954 12 66
1622592003752 12 67
1622592006649 12 68
1622592009598 12 69
1622592012576 12 70
1622592015549 12 71
1622592018549 12 72
1622592021582 12 73
1622592024617 12 74
1622592027702 12 75
1622592030790 12 76
1622592033946 12 77
1622592037156 12 78
1622592040380 12 79
1622592043676 12 80
1622592047216 12 81
1622592050810 12 82
1622592054389 12 83
1622592058047 12 84
1622592062401 12 85
1622592066226 12 86
1622592069920 12 87
1622592074096 12 88
1622592078777 12 89
1622592082688 12 90
1622592086547 12 91
1622592090432 12 92
1622592094301 12 93
1622592098195 12 94
1622592102036 12 95
1622592105953 12 96
1622592109921 12 97
1622592113844 12 98
1622592117829 12 99
1622592122041 12 100
1622592126090 12 101
1622592130125 12 102
1622592134234 12 103
1622592138547 12 104
1622592143037 12 105
1622592147604 12 106
1622592152176 12 107
1622592156842 12 108
1622592161511 12 109
1622592165954 12 110
1622592170397 12 111
1622592174828 12 112
1622592179246 12 113
1622592183824 12 114
1622592188388 12 115
1622592192961 12 116
1622592197560 12 117
1622592203454 12 118
1622592209091 12 119
1622592213774 12 120
1622592218587 12 121
1622592223414 12 122
1622592228521 12 123
1622592233668 12 124
1622592238868 12 125
1622592244521 12 126
1622592249462 12 127
1622592255338 12 128
1622592260424 12 129
1622592265436 12 130
1622592270528 12 131
1622592275649 12 132
1622592280816 12 133
1622592286012 12 134
1622592291234 12 135
1622592296486 12 136
1622592301879 12 137
1622592307258 12 138
1622592312874 12 139
1622592318711 12 140
1622592324711 12 141
1622592330419 12 142
1622592336318 12 143
1622592342094 12 144
1622592347648 12 145
1622592354510 12 146
1622592360200 12 147
1622592365922 12 148
1622592371683 12 149
1622592377697 12 150
1622592383819 12 151
1622592389707 12 152
1622592395654 12 153
1622592401610 12 154
1622592408040 12 155
1622592414195 12 156
1622592421122 12 157
1622592427180 12 158
1622592433267 12 159
1622592439415 12 160
1622592445573 12 161
1622592452040 12 162
1622592458582 12 163
1622592465143 12 164
1622592472157 12 165
1622592479072 12 166
1622592485486 12 167
1622592492954 12 168
1622592499376 12 169
1622592505873 12 170
1622592512544 12 171
1622592519262 12 172
1622592525902 12 173
1622592532535 12 174
1622592539249 12 175
1622592546090 12 176
1622592553412 12 177
1622592561071 12 178
1622592567806 12 179
1622592574618 12 180
1622592581504 12 181
1622592588336 12 182
1622592595303 12 183
1622592602234 12 184
1622592609233 12 185
1622592616250 12 186
1622592624265 12 187
1622592631427 12 188
1622592638564 12 189
1622592645725 12 190
1622592652963 12 191
1622592660232 12 192
1622592667512 12 193
1622592674904 12 194
1622592682318 12 195
1622592689715 12 196
1622592698197 12 197
1622592705986 12 198
1622592713480 12 199
1622592720999 12 200
1622592728597 12 201
1622592736123 12 202
1622592743700 12 203
1622592751391 12 204
1622592759066 12 205
1622592766800 12 206
1622592774568 12 207
1622592782531 12 208
1622592790578 12 209
1622592798614 12 210
1622592806698 12 211
1622592815066 12 212
1622592823122 12 213
1622592831200 12 214
1622592839942 12 215
1622592848258 12 216
1622592856423 12 217
1622592864631 12 218
1622592872877 12 219
1622592881111 12 220
1622592889471 12 221
1622592897843 12 222
1622592906239 12 223
1622592914671 12 224
1622592923083 12 225
1622592931590 12 226
1622592940158 12 227
1622592948634 12 228
1622592957253 12 229
1622592965854 12 230
1622592974585 12 231
1622592983326 12 232
1622592992160 12 233
1622593000941 12 234
1622593009875 12 235
1622593018803 12 236
1622593027892 12 237
1622593037274 12 238
1622593046717 12 239
1622593056270 12 240
1622593065852 12 241
1622593075840 12 242
1622593084928 12 243
1622593094204 12 244
1622593103392 12 245
1622593112504 12 246
1622593121791 12 247
1622593131135 12 248
1622593140475 12 249
1622593149880 12 250
1622593159273 12 251
1622593168693 12 252
1622593178741 12 253
1622593188450 12 254
1622593198758 12 255
1622593208703 12 256
1622593218482 12 257
1622593228117 12 258
1622593237758 12 259
1622593247486 12 260
1622593257260 12 261
1622593267026 12 262
1622593276779 12 263
1622593286556 12 264
1622593296465 12 265
1622593306383 12 266
1622593316329 12 267
1622593326291 12 268
1622593336464 12 269
1622593346701 12 270
1622593356873 12 271
1622593367573 12 272
1622593378301 12 273
1622593389024 12 274
1622593399987 12 275
1622593410215 12 276
1622593420533 12 277
1622593431015 12 278
1622593441523 12 279
1622593451942 12 280
1622593462381 12 281
1622593472917 12 282
1622593483646 12 283
1622593495696 12 284
1622593506959 12 285
1622593518227 12 286
1622593529746 12 287
1622593540869 12 288
1622593552557 12 289
1622593563844 12 290
1622593575500 12 291
1622593586541 12 292
1622593597762 12 293
1622593608911 12 294
1622593619835 12 295
1622593631027 12 296
1622593642095 12 297
1622593653169 12 298
1622593664276 12 299
1622593675327 12 300
1622593687225 12 301
1622593698461 12 302
1622593709929 12 303
1622593721214 12 304
1622593733389 12 305
1622593744926 12 306
1622593756364 12 307
1622593767674 12 308
1622593779086 12 309
1622593791367 12 310
1622593803798 12 311
1622593815996 12 312
1622593827722 12 313
1622593839549 12 314
1622593851260 12 315
1622593863049 12 316
1622593874895 12 317
1622593886648 12 318
1622593898529 12 319
1622593910408 12 320
1622593922504 12 321
1622593934489 12 322
1622593947418 12 323
1622593960348 12 324
1622593973339 12 325
1622593985369 12 326
1622593997469 12 327
1622594010619 12 328
1622594023501 12 329
1622594036279 12 330
1622594048647 12 331
1622594061072 12 332
1622594073740 12 333
1622594086332 12 334
1622594098918 12 335
1622594111356 12 336
1622594123745 12 337
1622594136225 12 338
1622594149118 12 339
1622594161720 12 340
1622594174299 12 341
1622594187092 12 342
1622594199729 12 343
1622594212424 12 344
1622594225162 12 345
1622594238220 12 346
1622594251249 12 347
1622594263948 12 348
1622594276672 12 349
1622594289570 12 350
1622594302510 12 351
1622594315451 12 352
1622594328491 12 353
1622594341559 12 354
1622594354986 12 355
1622594368019 12 356
1622594381857 12 357
1622594395421 12 358
1622594408698 12 359
1622594422867 12 360
1622594436153 12 361
1622594449534 12 362
1622594463224 12 363
1622594477509 12 364
1622594491624 12 365
1622594505741 12 366
1622594519865 12 367
1622594533427 12 368
1622594547016 12 369
1622594560674 12 370
1622594574374 12 371
1622594588241 12 372
1622594601980 12 373
1622594615656 12 374
1622594629274 12 375
1622594643636 12 376
1622594657462 12 377
1622594671249 12 378
1622594685096 12 379
1622594698966 12 380
1622594712962 12 381
1622594727334 12 382
1622594741936 12 383
1622594756119 12 384
1622594770221 12 385
1622594784352 12 386
1622594798584 12 387
1622594814315 12 388
1622594828718 12 389
1622594843102 12 390
1622594857467 12 391
1622594871828 12 392
1622594886221 12 393
1622594900700 12 394
1622594915205 12 395
1622594929787 12 396
1622594944462 12 397
1622594959198 12 398
1622594974169 12 399
1622594988757 12 400
1622595003405 12 401
1622595018179 12 402
1622595033396 12 403
1622595048255 12 404
1622595064622 12 405
1622595080651 12 406
1622595095909 12 407
1622595111982 12 408
1622595127334 12 409
1622595142463 12 410
1622595157643 12 411
1622595172882 12 412
1622595188994 12 413
1622595204389 12 414
1622595219789 12 415
1622595235266 12 416
1622595251508 12 417
1622595267844 12 418
1622595284126 12 419
1622595299571 12 420
1622595315093 12 421
1622595330660 12 422
1622595346311 12 423
1622595361910 12 424
1622595377890 12 425
1622595394301 12 426
1622595410988 12 427
1622595428482 12 428
1622595444990 12 429
1622595461424 12 430
1622595477785 12 431
1622595493931 12 432
1622595510916 12 433
1622595527775 12 434
1622595544394 12 435
1622595560692 12 436
1622595577797 12 437
1622595594152 12 438
1622595610360 12 439
1622595627805 12 440
1622595643903 12 441
1622595660187 12 442
1622595676506 12 443
1622595695058 12 444
1622595711387 12 445
1622595727746 12 446
1622595744113 12 447
1622595760519 12 448
1622595777015 12 449
1622595794078 12 450
1622595811236 12 451
1622595828791 12 452
1622595846007 12 453
1622595864106 12 454
1622595882155 12 455
1622595899756 12 456
1622595917546 12 457
1622595935363 12 458
1622595952100 12 459
1622595968938 12 460
1622595985739 12 461
1622596002501 12 462
1622596019287 12 463
1622596036274 12 464
1622596053826 12 465
1622596071779 12 466
1622596089446 12 467
1622596106880 12 468
1622596125035 12 469
1622596142254 12 470
1622596160374 12 471
1622596177745 12 472
1622596195368 12 473
1622596212834 12 474
1622596230587 12 475
1622596248101 12 476
1622596265560 12 477
1622596282904 12 478
1622596300408 12 479
1622596318681 12 480
1622596336258 12 481
1622596353849 12 482
1622596371659 12 483
1622596389507 12 484
1622596407463 12 485
1622596425597 12 486
1622596443980 12 487
1622596462791 12 488
1622596480633 12 489
1622596498488 12 490
1622596516584 12 491
1622596534676 12 492
1622596552720 12 493
1622596570844 12 494
1622596589216 12 495
1622596608152 12 496
1622596626496 12 497
1622596645026 12 498
1622596665442 12 499
1622596684676 12 500
