1622733484712 50 0
1622733485260 60 1
1622733485814 70 2
1622733486384 80 3
1622733486993 90 4
1622733487626 100 5
1622733488302 110 6
1622733489014 120 7
1622733489755 130 8
1622733490543 140 9
1622733491355 150 10
1622733492203 160 11
1622733493093 170 12
1622733494007 180 13
1622733494961 190 14
1622733495990 200 15
1622733497020 210 16
1622733498099 220 17
1622733499205 230 18
1622733500350 240 19
1622733501525 250 20
1622733502745 260 21
1622733503983 270 22
1622733505279 280 23
1622733506589 290 24
1622733507946 300 25
1622733509332 310 26
1622733510754 320 27
1622733512212 330 28
1622733513728 340 29
1622733515251 350 30
1622733516838 360 31
1622733518439 370 32
1622733520081 380 33
1622733521789 390 34
1622733523508 400 35
1622733525262 410 36
1622733527052 420 37
1622733528890 430 38
1622733530718 440 39
1622733532635 450 40
1622733534581 460 41
1622733536564 470 42
1622733538576 480 43
1622733540615 490 44
1622733542687 500 45
1622733544813 510 46
1622733546965 520 47
1622733549155 530 48
1622733551367 540 49
1622733553634 550 50
1622733555900 560 51
1622733558209 570 52
1622733560567 580 53
1622733562995 590 54
1622733565433 600 55
1622733567930 610 56
1622733570437 620 57
1622733572990 630 58
1622733575584 640 59
1622733578201 650 60
1622733580852 660 61
1622733583558 670 62
1622733586267 680 63
1622733588990 690 64
1622733591795 700 65
1622733594635 710 66
1622733597516 720 67
1622733600395 730 68
1622733603340 740 69
1622733606303 750 70
1622733609341 760 71
1622733612408 770 72
1622733615491 780 73
1622733618585 790 74
1622733621702 800 75
1622733624899 810 76
1622733628127 820 77
1622733631377 830 78
1622733634643 840 79
1622733637984 850 80
1622733641357 860 81
1622733644776 870 82
1622733648180 880 83
1622733651661 890 84
1622733655174 900 85
1622733658707 910 86
1622733662319 920 87
1622733665944 930 88
1622733669617 940 89
1622733673296 950 90
1622733677033 960 91
1622733680776 970 92
1622733684540 980 93
1622733688368 990 94
1622733692239 1000 95
1622733696142 1010 96
1622733700064 1020 97
1622733704000 1030 98
1622733708029 1040 99
1622733712069 1050 100
1622733716102 1060 101
1622733720213 1070 102
1622733724376 1080 103
1622733728548 1090 104
1622733732754 1100 105
1622733736998 1110 106
1622733741243 1120 107
1622733745522 1130 108
1622733749934 1140 109
1622733754353 1150 110
1622733758810 1160 111
1622733763241 1170 112
1622733767766 1180 113
1622733772319 1190 114
1622733776891 1200 115
1622733781470 1210 116
1622733786133 1220 117
1622733790787 1230 118
1622733795538 1240 119
1622733800278 1250 120
1622733805063 1260 121
1622733809857 1270 122
1622733814708 1280 123
1622733819667 1290 124
1622733824619 1300 125
1622733829605 1310 126
1622733834612 1320 127
1622733839653 1330 128
1622733844754 1340 129
1622733849889 1350 130
1622733855014 1360 131
1622733860169 1370 132
1622733865384 1380 133
1622733870605 1390 134
1622733875898 1400 135
1622733881241 1410 136
1622733886634 1420 137
1622733892016 1430 138
1622733897382 1440 139
1622733902831 1450 140
1622733908339 1460 141
1622733913867 1470 142
1622733919444 1480 143
1622733925010 1490 144
1622733930671 1500 145
1622733936298 1510 146
1622733941992 1520 147
1622733947759 1530 148
1622733953561 1540 149
1622733959476 1550 150
1622733965450 1560 151
1622733971348 1570 152
1622733977227 1580 153
1622733983240 1590 154
1622733989240 1600 155
1622733995352 1610 156
1622734001436 1620 157
1622734007555 1630 158
1622734013709 1640 159
1622734019898 1650 160
1622734026099 1660 161
1622734032330 1670 162
1622734038619 1680 163
1622734044924 1690 164
1622734051288 1700 165
1622734057673 1710 166
1622734064068 1720 167
1622734070484 1730 168
1622734076961 1740 169
1622734083509 1750 170
1622734090123 1760 171
1622734096763 1770 172
1622734103404 1780 173
1622734110076 1790 174
1622734116837 1800 175
1622734123576 1810 176
1622734130374 1820 177
1622734137189 1830 178
1622734144096 1840 179
1622734150974 1850 180
1622734157918 1860 181
1622734164880 1870 182
1622734171950 1880 183
1622734178993 1890 184
1622734186094 1900 185
1622734193235 1910 186
1622734200432 1920 187
1622734207601 1930 188
1622734214768 1940 189
1622734222091 1950 190
1622734229400 1960 191
1622734236743 1970 192
1622734244089 1980 193
1622734251518 1990 194
1622734258975 2000 195
1622734266399 2010 196
1622734273893 2020 197
1622734281461 2030 198
1622734289066 2040 199
1622734296751 2050 200
1622734304378 2060 201
1622734312051 2070 202
1622734319800 2080 203
1622734327602 2090 204
1622734335467 2100 205
1622734343293 2110 206
1622734351165 2120 207
1622734359059 2130 208
1622734367001 2140 209
1622734374944 2150 210
1622734382929 2160 211
1622734390924 2170 212
1622734399135 2180 213
1622734407241 2190 214
1622734415393 2200 215
1622734423550 2210 216
1622734431729 2220 217
1622734440035 2230 218
1622734448303 2240 219
1622734456608 2250 220
1622734464943 2260 221
1622734473333 2270 222
1622734481714 2280 223
1622734490177 2290 224
1622734498661 2300 225
1622734507183 2310 226
1622734515744 2320 227
1622734524300 2330 228
1622734532858 2340 229
1622734541565 2350 230
1622734550290 2360 231
1622734559084 2370 232
1622734567790 2380 233
1622734576637 2390 234
1622734585493 2400 235
1622734594391 2410 236
1622734603312 2420 237
1622734612249 2430 238
1622734621249 2440 239
1622734630270 2450 240
1622734639266 2460 241
1622734648355 2470 242
1622734657581 2480 243
1622734666821 2490 244
1622734676082 2500 245
1622734685324 2510 246
1622734694614 2520 247
1622734703957 2530 248
1622734713361 2540 249
1622734722858 2550 250
1622734732359 2560 251
1622734741791 2570 252
1622734751267 2580 253
1622734760835 2590 254
1622734770522 2600 255
1622734780153 2610 256
1622734789809 2620 257
1622734799455 2630 258
1622734809206 2640 259
1622734819008 2650 260
1622734828813 2660 261
1622734838613 2670 262
1622734848456 2680 263
1622734858413 2690 264
1622734868342 2700 265
1622734878263 2710 266
1622734888173 2720 267
1622734898154 2730 268
1622734908192 2740 269
1622734918264 2750 270
1622734928437 2760 271
1622734938726 2770 272
1622734948995 2780 273
1622734959241 2790 274
1622734969419 2800 275
1622734979730 2810 276
1622734990079 2820 277
1622735000456 2830 278
1622735010959 2840 279
1622735021475 2850 280
1622735031991 2860 281
1622735042606 2870 282
1622735053245 2880 283
1622735063934 2890 284
1622735074622 2900 285
1622735085326 2910 286
1622735096074 2920 287
1622735106757 2930 288
1622735117595 2940 289
1622735128322 2950 290
1622735139242 2960 291
1622735150169 2970 292
1622735161175 2980 293
1622735172164 2990 294
1622735183261 3000 295
1622735194276 3010 296
1622735205463 3020 297
1622735216568 3030 298
1622735227661 3040 299
1622735238765 3050 300
1622735249942 3060 301
1622735261287 3070 302
1622735272606 3080 303
1622735283856 3090 304
1622735295263 3100 305
1622735306690 3110 306
1622735318182 3120 307
1622735329622 3130 308
1622735341159 3140 309
1622735352664 3150 310
1622735364195 3160 311
1622735375804 3170 312
1622735387419 3180 313
1622735399172 3190 314
1622735410901 3200 315
1622735422637 3210 316
1622735434429 3220 317
1622735446193 3230 318
1622735458116 3240 319
1622735470092 3250 320
1622735481943 3260 321
1622735493865 3270 322
1622735505919 3280 323
1622735517917 3290 324
1622735530076 3300 325
1622735542201 3310 326
1622735554342 3320 327
1622735566505 3330 328
1622735578666 3340 329
1622735590886 3350 330
1622735603216 3360 331
1622735615505 3370 332
1622735627918 3380 333
1622735640316 3390 334
1622735652694 3400 335
1622735665205 3410 336
1622735677713 3420 337
1622735690285 3430 338
1622735702923 3440 339
1622735715507 3450 340
1622735728153 3460 341
1622735740895 3470 342
1622735753635 3480 343
1622735766394 3490 344
1622735779267 3500 345
1622735792156 3510 346
1622735805086 3520 347
1622735818037 3530 348
1622735831022 3540 349
1622735843897 3550 350
1622735856872 3560 351
1622735869900 3570 352
1622735882997 3580 353
1622735896208 3590 354
1622735909391 3600 355
1622735922590 3610 356
1622735935787 3620 357
1622735949129 3630 358
1622735962386 3640 359
1622735975789 3650 360
1622735989066 3660 361
1622736002385 3670 362
1622736015880 3680 363
1622736029394 3690 364
1622736043025 3700 365
1622736056499 3710 366
1622736070165 3720 367
1622736083751 3730 368
1622736097289 3740 369
1622736111007 3750 370
1622736124695 3760 371
1622736138356 3770 372
1622736152106 3780 373
1622736165909 3790 374
1622736179787 3800 375
1622736193641 3810 376
1622736207535 3820 377
1622736221489 3830 378
1622736235481 3840 379
1622736249370 3850 380
1622736263387 3860 381
1622736277522 3870 382
1622736291573 3880 383
1622736305748 3890 384
1622736319853 3900 385
1622736334163 3910 386
1622736348421 3920 387
1622736362747 3930 388
1622736377146 3940 389
1622736391464 3950 390
1622736405817 3960 391
1622736420370 3970 392
1622736434857 3980 393
1622736449383 3990 394
1622736463983 4000 395
1622736478680 4010 396
1622736493278 4020 397
1622736507980 4030 398
1622736522658 4040 399
1622736537387 4050 400
1622736552116 4060 401
1622736566944 4070 402
1622736581869 4080 403
1622736596726 4090 404
1622736611630 4100 405
1622736626599 4110 406
1622736641548 4120 407
1622736656536 4130 408
1622736671672 4140 409
1622736686724 4150 410
1622736701823 4160 411
1622736717117 4170 412
1622736732412 4180 413
1622736747672 4190 414
1622736762947 4200 415
1622736778229 4210 416
1622736793536 4220 417
1622736808891 4230 418
1622736824207 4240 419
1622736839624 4250 420
1622736855083 4260 421
1622736870162 4270 422
1622736885571 4280 423
1622736900913 4290 424
1622736916210 4300 425
1622736931546 4310 426
1622736946938 4320 427
1622736962374 4330 428
1622736977946 4340 429
1622736993557 4350 430
1622737009420 4360 431
1622737025243 4370 432
1622737041028 4380 433
1622737056646 4390 434
1622737072333 4400 435
1622737088155 4410 436
1622737103793 4420 437
1622737119513 4430 438
1622737135154 4440 439
1622737150873 4450 440
1622737166247 4460 441
1622737181761 4470 442
1622737197237 4480 443
1622737213034 4490 444
1622737228621 4500 445
1622737244301 4510 446
1622737260083 4520 447
1622737275939 4530 448
1622737292058 4540 449
1622737308028 4550 450
1622737324214 4560 451
1622737340495 4570 452
1622737356796 4580 453
1622737372534 4590 454
1622737388381 4600 455
1622737404172 4610 456
1622737420026 4620 457
1622737435970 4630 458
1622737451879 4640 459
1622737467679 4650 460
1622737483546 4660 461
1622737499511 4670 462
1622737515614 4680 463
1622737531852 4690 464
1622737548090 4700 465
1622737564216 4710 466
1622737580445 4720 467
1622737596671 4730 468
1622737613039 4740 469
1622737629416 4750 470
1622737645583 4760 471
1622737661851 4770 472
1622737678280 4780 473
1622737694838 4790 474
1622737711397 4800 475
1622737727858 4810 476
1622737744303 4820 477
1622737760769 4830 478
1622737777242 4840 479
1622737793670 4850 480
1622737810169 4860 481
1622737826751 4870 482
1622737843749 4880 483
1622737860695 4890 484
1622737877845 4900 485
1622737895071 4910 486
1622737912429 4920 487
1622737929858 4930 488
1622737947186 4940 489
1622737964856 4950 490
1622737982680 4960 491
1622738000529 4970 492
1622738017144 4980 493
1622738034958 4990 494
1622738051780 5000 495
1622738069628 5010 496
1622738086768 5020 497
1622738104329 5030 498
1622738121598 5040 499
1622738138755 5050 500
