1622698958422 50 0
1622698959251 100 1
1622698960202 150 2
1622698961334 200 3
1622698962643 250 4
1622698964130 300 5
1622698965804 350 6
1622698967670 400 7
1622698969711 450 8
1622698971931 500 9
1622698974345 550 10
1622698976947 600 11
1622698979712 650 12
1622698982650 700 13
1622698985782 750 14
1622698989097 800 15
1622698992545 850 16
1622698996141 900 17
1622698999960 950 18
1622699003948 1000 19
1622699008148 1050 20
1622699012519 1100 21
1622699017064 1150 22
1622699021808 1200 23
1622699026723 1250 24
1622699031816 1300 25
1622699037088 1350 26
1622699042495 1400 27
1622699048069 1450 28
1622699053842 1500 29
1622699059882 1550 30
1622699066009 1600 31
1622699072321 1650 32
1622699078845 1700 33
1622699085544 1750 34
1622699092471 1800 35
1622699099522 1850 36
1622699106753 1900 37
1622699114183 1950 38
1622699121772 2000 39
1622699129528 2050 40
1622699137491 2100 41
1622699145652 2150 42
1622699153997 2200 43
1622699162501 2250 44
1622699171177 2300 45
1622699180126 2350 46
1622699189150 2400 47
1622699198428 2450 48
1622699207802 2500 49
1622699217318 2550 50
1622699227098 2600 51
1622699237056 2650 52
1622699247171 2700 53
1622699257488 2750 54
1622699267971 2800 55
1622699278625 2850 56
1622699289519 2900 57
1622699300572 2950 58
1622699311782 3000 59
1622699323144 3050 60
1622699334817 3100 61
1622699346548 3150 62
1622699358449 3200 63
1622699370589 3250 64
1622699383025 3300 65
1622699395608 3350 66
1622699408318 3400 67
1622699421253 3450 68
1622699434304 3500 69
1622699447438 3550 70
1622699460768 3600 71
1622699474243 3650 72
1622699487996 3700 73
1622699501880 3750 74
1622699515946 3800 75
1622699530184 3850 76
1622699544611 3900 77
1622699559224 3950 78
1622699574078 4000 79
1622699589008 4050 80
1622699604200 4100 81
1622699619544 4150 82
1622699635153 4200 83
1622699650908 4250 84
1622699666800 4300 85
1622699682815 4350 86
1622699699062 4400 87
1622699715443 4450 88
1622699731998 4500 89
1622699748735 4550 90
1622699765636 4600 91
1622699782897 4650 92
1622699800390 4700 93
1622699817871 4750 94
1622699835655 4800 95
1622699853481 4850 96
1622699871514 4900 97
1622699889709 4950 98
1622699908118 5000 99
1622699926599 5050 100
1622699945323 5100 101
1622699964309 5150 102
1622699983483 5200 103
1622700002915 5250 104
1622700022396 5300 105
1622700042061 5350 106
1622700061898 5400 107
1622700081860 5450 108
1622700102029 5500 109
1622700122299 5550 110
1622700142677 5600 111
1622700163390 5650 112
1622700184282 5700 113
1622700205220 5750 114
1622700226542 5800 115
1622700248059 5850 116
1622700269592 5900 117
1622700291222 5950 118
1622700312982 6000 119
1622700334852 6050 120
1622700357234 6100 121
1622700379749 6150 122
1622700402345 6200 123
1622700425123 6250 124
1622700448143 6300 125
1622700471330 6350 126
1622700494786 6400 127
1622700518338 6450 128
1622700542069 6500 129
1622700565929 6550 130
1622700590003 6600 131
1622700614450 6650 132
1622700638902 6700 133
1622700663716 6750 134
1622700688563 6800 135
1622700713584 6850 136
1622700738828 6900 137
1622700764238 6950 138
1622700789858 7000 139
1622700815650 7050 140
1622700841621 7100 141
1622700867792 7150 142
1622700894136 7200 143
1622700921485 7250 144
1622700948174 7300 145
1622700975013 7350 146
1622701001917 7400 147
1622701028933 7450 148
1622701056108 7500 149
1622701083526 7550 150
1622701111329 7600 151
1622701138921 7650 152
1622701166692 7700 153
1622701194789 7750 154
1622701223107 7800 155
1622701251473 7850 156
1622701279913 7900 157
1622701308549 7950 158
1622701337513 8000 159
1622701366609 8050 160
1622701395842 8100 161
1622701425317 8150 162
1622701454795 8200 163
1622701484547 8250 164
1622701514433 8300 165
1622701544403 8350 166
1622701574555 8400 167
1622701604820 8450 168
1622701635208 8500 169
1622701665692 8550 170
1622701696719 8600 171
1622701727343 8650 172
1622701758442 8700 173
1622701789481 8750 174
1622701820760 8800 175
1622701852182 8850 176
1622701883702 8900 177
1622701915458 8950 178
1622701947245 9000 179
1622701979366 9050 180
1622702011550 9100 181
1622702043854 9150 182
1622702076600 9200 183
1622702109455 9250 184
1622702142509 9300 185
1622702175737 9350 186
1622702209323 9400 187
1622702243041 9450 188
1622702276898 9500 189
1622702310730 9550 190
1622702345003 9600 191
1622702379318 9650 192
1622702413747 9700 193
1622702449305 9750 194
1622702484623 9800 195
1622702520017 9850 196
1622702555598 9900 197
1622702591361 9950 198
1622702627252 10000 199
1622702663143 10050 200
1622702699402 10100 201
1622702735815 10150 202
1622702772342 10200 203
1622702808952 10250 204
1622702845726 10300 205
1622702882444 10350 206
1622702919389 10400 207
1622702956207 10450 208
1622702993058 10500 209
1622703030239 10550 210
1622703068148 10600 211
1622703106270 10650 212
1622703144024 10700 213
1622703182063 10750 214
1622703220411 10800 215
1622703258916 10850 216
1622703297755 10900 217
1622703336849 10950 218
1622703376354 11000 219
1622703415639 11050 220
1622703455196 11100 221
1622703494984 11150 222
1622703534896 11200 223
1622703575011 11250 224
1622703615120 11300 225
1622703655452 11350 226
1622703695948 11400 227
1622703736583 11450 228
1622703777340 11500 229
1622703818324 11550 230
1622703859525 11600 231
1622703901184 11650 232
1622703943899 11700 233
1622703986415 11750 234
1622704028932 11800 235
1622704071640 11850 236
1622704114211 11900 237
1622704157039 11950 238
1622704199896 12000 239
1622704242846 12050 240
1622704285870 12100 241
1622704328784 12150 242
1622704372110 12200 243
1622704415516 12250 244
1622704459161 12300 245
1622704503301 12350 246
1622704547800 12400 247
1622704592619 12450 248
1622704637406 12500 249
1622704682611 12550 250
1622704728202 12600 251
1622704773966 12650 252
1622704819396 12700 253
1622704865281 12750 254
1622704911164 12800 255
1622704957876 12850 256
1622705004728 12900 257
1622705051606 12950 258
1622705098274 13000 259
1622705145507 13050 260
1622705192608 13100 261
1622705239436 13150 262
1622705286998 13200 263
1622705334849 13250 264
1622705382806 13300 265
1622705430887 13350 266
1622705479067 13400 267
1622705527315 13450 268
1622705575814 13500 269
1622705624414 13550 270
1622705673174 13600 271
1622705722231 13650 272
1622705771274 13700 273
1622705820657 13750 274
1622705870024 13800 275
1622705919630 13850 276
1622705969775 13900 277
1622706019927 13950 278
1622706070213 14000 279
1622706120566 14050 280
1622706171650 14100 281
1622706222534 14150 282
1622706273670 14200 283
1622706324952 14250 284
1622706376367 14300 285
1622706428129 14350 286
1622706479994 14400 287
1622706532048 14450 288
1622706584065 14500 289
1622706636556 14550 290
1622706689130 14600 291
1622706741845 14650 292
1622706794705 14700 293
1622706847825 14750 294
1622706901035 14800 295
1622706954440 14850 296
1622707007996 14900 297
1622707061928 14950 298
1622707115979 15000 299
1622707170541 15050 300
1622707228248 15100 301
1622707283001 15150 302
1622707339014 15200 303
1622707394332 15250 304
1622707449780 15300 305
1622707505184 15350 306
1622707560931 15400 307
1622707616790 15450 308
1622707672982 15500 309
1622707728356 15550 310
1622707784151 15600 311
1622707840171 15650 312
1622707896457 15700 313
1622707952917 15750 314
1622708008623 15800 315
1622708064674 15850 316
1622708120987 15900 317
1622708177332 15950 318
1622708233786 16000 319
1622708290388 16050 320
1622708347134 16100 321
1622708404251 16150 322
1622708461642 16200 323
1622708519165 16250 324
1622708576780 16300 325
1622708634931 16350 326
1622708693048 16400 327
1622708751598 16450 328
1622708810239 16500 329
1622708869222 16550 330
1622708928334 16600 331
1622708987746 16650 332
1622709047257 16700 333
1622709106498 16750 334
1622709165882 16800 335
1622709225682 16850 336
1622709285596 16900 337
1622709345481 16950 338
1622709405438 17000 339
1622709465662 17050 340
1622709525982 17100 341
1622709586583 17150 342
1622709647272 17200 343
1622709707817 17250 344
1622709768659 17300 345
1622709829903 17350 346
1622709891558 17400 347
1622709953149 17450 348
1622710015414 17500 349
1622710077295 17550 350
1622710139520 17600 351
1622710201725 17650 352
1622710263953 17700 353
1622710326921 17750 354
1622710389784 17800 355
1622710453113 17850 356
1622710516531 17900 357
1622710579967 17950 358
1622710643561 18000 359
1622710707481 18050 360
1622710771385 18100 361
1622710835227 18150 362
1622710899371 18200 363
1622710963972 18250 364
1622711028629 18300 365
1622711093230 18350 366
1622711158022 18400 367
1622711222809 18450 368
1622711287905 18500 369
1622711353253 18550 370
1622711418873 18600 371
1622711484769 18650 372
1622711550688 18700 373
1622711616910 18750 374
1622711683305 18800 375
1622711749787 18850 376
1622711816346 18900 377
1622711883317 18950 378
1622711950774 19000 379
1622712018885 19050 380
1622712086857 19100 381
1622712154843 19150 382
1622712223022 19200 383
1622712290993 19250 384
1622712359145 19300 385
1622712427704 19350 386
1622712496276 19400 387
1622712564418 19450 388
1622712632244 19500 389
1622712700657 19550 390
1622712770870 19600 391
1622712839853 19650 392
1622712908590 19700 393
1622712977345 19750 394
1622713047053 19800 395
1622713116301 19850 396
1622713185701 19900 397
