1622698958443 0.092 0
1622698959268 0.188 1
1622698960220 0.28 2
1622698961352 0.371 3
1622698962660 0.46199999999999997 4
1622698964145 0.5529999999999999 5
1622698965819 0.6449999999999999 6
1622698967685 0.7349999999999999 7
1622698969727 0.8269999999999998 8
1622698971947 0.9199999999999998 9
1622698974360 1.0119999999999998 10
1622698976963 1.1049999999999998 11
1622698979728 1.1969999999999998 12
1622698982665 1.289 13
1622698985798 1.382 14
1622698989112 1.4749999999999999 15
1622698992560 1.5659999999999998 16
1622698996157 1.6589999999999998 17
1622698999975 1.7489999999999999 18
1622699003963 1.8439999999999999 19
1622699008163 1.936 20
1622699012535 2.029 21
1622699017080 2.121 22
1622699021822 2.216 23
1622699026739 2.3070000000000004 24
1622699031831 2.3970000000000002 25
1622699037103 2.4890000000000003 26
1622699042509 2.583 27
1622699048085 2.6740000000000004 28
1622699053857 2.7650000000000006 29
1622699059897 2.8570000000000007 30
1622699066023 2.948000000000001 31
1622699072338 3.040000000000001 32
1622699078861 3.135000000000001 33
1622699085560 3.227000000000001 34
1622699092486 3.317000000000001 35
1622699099538 3.411000000000001 36
1622699106769 3.501000000000001 37
1622699114199 3.592000000000001 38
1622699121788 3.683000000000001 39
1622699129544 3.7780000000000014 40
1622699137506 3.8700000000000014 41
1622699145668 3.9640000000000013 42
1622699154013 4.0550000000000015 43
1622699162516 4.146000000000002 44
1622699171192 4.238000000000001 45
1622699180142 4.3290000000000015 46
1622699189164 4.421000000000001 47
1622699198444 4.517000000000001 48
1622699207818 4.612000000000001 49
1622699217333 4.705000000000001 50
1622699227113 4.796000000000001 51
1622699237071 4.888000000000001 52
1622699247186 4.978000000000001 53
1622699257504 5.07 54
1622699267987 5.162 55
1622699278638 5.253 56
1622699289535 5.345 57
1622699300587 5.436999999999999 58
1622699311798 5.528 59
1622699323160 5.6209999999999996 60
1622699334832 5.712 61
1622699346565 5.803999999999999 62
1622699358465 5.895 63
1622699370604 5.9879999999999995 64
1622699383042 6.0809999999999995 65
1622699395624 6.1739999999999995 66
1622699408333 6.265999999999999 67
1622699421269 6.357999999999999 68
1622699434320 6.448999999999999 69
1622699447455 6.540999999999999 70
1622699460783 6.632999999999998 71
1622699474258 6.725999999999998 72
1622699488012 6.817999999999998 73
1622699501895 6.9099999999999975 74
1622699515962 7.0029999999999974 75
1622699530200 7.095999999999997 76
1622699544628 7.186999999999998 77
1622699559241 7.277999999999998 78
1622699574093 7.368999999999998 79
1622699589025 7.459999999999998 80
1622699604216 7.552999999999998 81
1622699619560 7.644999999999998 82
1622699635170 7.736999999999997 83
1622699650924 7.827999999999998 84
1622699666816 7.918999999999998 85
1622699682831 8.009999999999998 86
1622699699079 8.102999999999998 87
1622699715458 8.195999999999998 88
1622699732014 8.289999999999997 89
1622699748750 8.381999999999998 90
1622699765652 8.475999999999997 91
1622699782911 8.566999999999997 92
1622699800406 8.659999999999997 93
1622699817887 8.750999999999996 94
1622699835671 8.841999999999995 95
1622699853497 8.931999999999995 96
1622699871530 9.024999999999995 97
1622699889725 9.115999999999994 98
1622699908135 9.207999999999995 99
1622699926616 9.298999999999994 100
1622699945340 9.390999999999995 101
1622699964325 9.483999999999995 102
1622699983499 9.574999999999994 103
1622700002931 9.665999999999993 104
1622700022410 9.758999999999993 105
1622700042077 9.848999999999993 106
1622700061913 9.938999999999993 107
1622700081874 10.027999999999993 108
1622700102043 10.116999999999994 109
1622700122313 10.206999999999994 110
1622700142692 10.297999999999993 111
1622700163405 10.388999999999992 112
1622700184298 10.479999999999992 113
1622700205236 10.571999999999992 114
1622700226558 10.660999999999992 115
1622700248076 10.749999999999993 116
1622700269609 10.837999999999992 117
1622700291238 10.924999999999992 118
1622700312996 11.011999999999992 119
1622700334869 11.101999999999991 120
1622700357249 11.191999999999991 121
1622700379765 11.28299999999999 122
1622700402361 11.37399999999999 123
1622700425139 11.46499999999999 124
1622700448158 11.55699999999999 125
1622700471345 11.647999999999989 126
1622700494801 11.738999999999988 127
1622700518353 11.829999999999988 128
1622700542084 11.919999999999987 129
1622700565944 12.011999999999988 130
1622700590019 12.101999999999988 131
1622700614465 12.191999999999988 132
1622700638918 12.281999999999988 133
1622700663732 12.370999999999988 134
1622700688579 12.459999999999988 135
1622700713600 12.551999999999989 136
1622700738845 12.642999999999988 137
1622700764255 12.735999999999988 138
1622700789874 12.826999999999988 139
1622700815667 12.918999999999988 140
1622700841636 13.009999999999987 141
1622700867809 13.099999999999987 142
1622700894153 13.189999999999987 143
1622700921500 13.281999999999988 144
1622700948191 13.370999999999988 145
1622700975029 13.461999999999987 146
1622701001933 13.553999999999988 147
1622701028949 13.645999999999988 148
1622701056125 13.738999999999988 149
1622701083543 13.829999999999988 150
1622701111346 13.921999999999988 151
1622701138938 14.013999999999989 152
1622701166710 14.101999999999988 153
1622701194806 14.188999999999988 154
1622701223125 14.277999999999988 155
1622701251489 14.365999999999987 156
1622701279929 14.455999999999987 157
1622701308565 14.548999999999987 158
1622701337528 14.639999999999986 159
1622701366626 14.728999999999987 160
1622701395858 14.817999999999987 161
1622701425333 14.907999999999987 162
1622701454810 14.997999999999987 163
1622701484563 15.088999999999986 164
1622701514447 15.178999999999986 165
1622701544419 15.269999999999985 166
1622701574572 15.361999999999986 167
1622701604836 15.452999999999985 168
1622701635223 15.543999999999984 169
1622701665709 15.634999999999984 170
1622701696735 15.726999999999984 171
1622701727360 15.817999999999984 172
1622701758457 15.905999999999983 173
1622701789497 15.992999999999983 174
1622701820777 16.081999999999983 175
1622701852197 16.171999999999983 176
1622701883718 16.261999999999983 177
1622701915474 16.349999999999984 178
1622701947262 16.440999999999985 179
1622701979382 16.529999999999983 180
1622702011566 16.620999999999984 181
1622702043871 16.709999999999983 182
1622702076616 16.79899999999998 183
1622702109471 16.89199999999998 184
1622702142525 16.982999999999983 185
1622702175752 17.073999999999984 186
1622702209339 17.165999999999983 187
1622702243056 17.255999999999982 188
1622702276914 17.34799999999998 189
1622702310744 17.43799999999998 190
1622702345019 17.52799999999998 191
1622702379332 17.618999999999982 192
1622702413761 17.70799999999998 193
1622702449321 17.80099999999998 194
1622702484638 17.89299999999998 195
1622702520031 17.98399999999998 196
1622702555614 18.07399999999998 197
1622702591376 18.16599999999998 198
1622702627268 18.25399999999998 199
1622702663159 18.34399999999998 200
1622702699419 18.43599999999998 201
1622702735831 18.52699999999998 202
1622702772357 18.61499999999998 203
1622702808968 18.70499999999998 204
1622702845742 18.79399999999998 205
1622702882460 18.88399999999998 206
1622702919405 18.97399999999998 207
1622702956223 19.06499999999998 208
1622702993075 19.15399999999998 209
1622703030256 19.245999999999977 210
1622703068164 19.337999999999976 211
1622703106285 19.429999999999975 212
1622703144041 19.521999999999974 213
1622703182081 19.614999999999974 214
1622703220426 19.709999999999972 215
1622703258932 19.800999999999974 216
1622703297772 19.887999999999973 217
1622703336865 19.976999999999972 218
1622703376370 20.064999999999973 219
1622703415656 20.15399999999997 220
1622703455210 20.24299999999997 221
1622703495000 20.33399999999997 222
1622703534912 20.42599999999997 223
1622703575028 20.51799999999997 224
1622703615137 20.61099999999997 225
1622703655469 20.70699999999997 226
1622703695964 20.79799999999997 227
1622703736599 20.89099999999997 228
1622703777356 20.98099999999997 229
1622703818340 21.07199999999997 230
1622703859541 21.165999999999972 231
1622703901199 21.25799999999997 232
1622703943914 21.34999999999997 233
1622703986431 21.441999999999968 234
1622704028946 21.533999999999967 235
1622704071657 21.625999999999966 236
1622704114227 21.718999999999966 237
1622704157055 21.810999999999964 238
1622704199910 21.902999999999963 239
1622704242861 21.991999999999962 240
1622704285887 22.08099999999996 241
1622704328800 22.16999999999996 242
1622704372125 22.26099999999996 243
1622704415532 22.34999999999996 244
1622704459176 22.438999999999957 245
1622704503317 22.52999999999996 246
1622704547815 22.62099999999996 247
1622704592634 22.71099999999996 248
1622704637421 22.802999999999958 249
1622704682627 22.89399999999996 250
1622704728216 22.98499999999996 251
1622704773981 23.07499999999996 252
1622704819411 23.16499999999996 253
1622704865297 23.25599999999996 254
1622704911178 23.346999999999962 255
1622704957890 23.437999999999963 256
1622705004742 23.528999999999964 257
1622705051620 23.619999999999965 258
1622705098289 23.711999999999964 259
1622705145521 23.804999999999964 260
1622705192623 23.895999999999965 261
1622705239450 23.987999999999964 262
1622705287014 24.080999999999964 263
1622705334864 24.171999999999965 264
1622705382820 24.264999999999965 265
1622705430902 24.356999999999964 266
1622705479082 24.452999999999964 267
1622705527331 24.543999999999965 268
1622705575829 24.636999999999965 269
1622705624429 24.726999999999965 270
1622705673192 24.816999999999965 271
1622705722246 24.908999999999963 272
1622705771289 24.998999999999963 273
1622705820672 25.089999999999964 274
1622705870040 25.181999999999963 275
1622705919648 25.275999999999964 276
1622705969791 25.366999999999965 277
1622706019944 25.456999999999965 278
1622706070229 25.548999999999964 279
1622706120582 25.638999999999964 280
1622706171668 25.732999999999965 281
1622706222549 25.824999999999964 282
1622706273689 25.916999999999963 283
1622706324965 26.006999999999962 284
1622706376381 26.09599999999996 285
1622706428143 26.186999999999962 286
1622706480010 26.27899999999996 287
1622706532064 26.36799999999996 288
1622706584080 26.456999999999958 289
1622706636570 26.545999999999957 290
1622706689146 26.635999999999957 291
1622706741860 26.726999999999958 292
1622706794721 26.818999999999956 293
1622706847839 26.910999999999955 294
1622706901050 27.000999999999955 295
1622706954453 27.091999999999956 296
1622707008010 27.183999999999955 297
1622707061942 27.272999999999954 298
1622707115993 27.363999999999955 299
1622707170556 27.454999999999956 300
1622707228264 27.558999999999955 301
1622707283016 27.649999999999956 302
1622707339028 27.740999999999957 303
1622707394348 27.831999999999958 304
1622707449796 27.92299999999996 305
1622707505199 28.01299999999996 306
1622707560947 28.10699999999996 307
1622707616806 28.20099999999996 308
1622707672999 28.29399999999996 309
1622707728373 28.38699999999996 310
1622707784166 28.47699999999996 311
1622707840187 28.570999999999962 312
1622707896473 28.661999999999964 313
1622707952932 28.752999999999965 314
1622708008639 28.842999999999964 315
1622708064688 28.934999999999963 316
1622708121002 29.023999999999962 317
1622708177347 29.111999999999963 318
1622708233801 29.201999999999963 319
1622708290404 29.29099999999996 320
1622708347151 29.38299999999996 321
1622708404266 29.47199999999996 322
1622708461657 29.563999999999957 323
1622708519179 29.65499999999996 324
1622708576795 29.74799999999996 325
1622708634946 29.83899999999996 326
1622708693063 29.93099999999996 327
1622708751614 30.020999999999958 328
1622708810255 30.109999999999957 329
1622708869236 30.200999999999958 330
1622708928349 30.292999999999957 331
1622708987762 30.383999999999958 332
1622709047272 30.476999999999958 333
1622709106513 30.569999999999958 334
1622709165897 30.659999999999958 335
1622709225697 30.75099999999996 336
1622709285611 30.842999999999957 337
1622709345496 30.935999999999957 338
1622709405453 31.02699999999996 339
1622709465677 31.11799999999996 340
1622709525998 31.21099999999996 341
1622709586597 31.302999999999958 342
1622709647288 31.39399999999996 343
1622709707830 31.48399999999996 344
1622709768675 31.57399999999996 345
1622709829916 31.66399999999996 346
1622709891572 31.75699999999996 347
1622709953164 31.84999999999996 348
1622710015431 31.941999999999958 349
1622710077314 32.03299999999996 350
1622710139535 32.12799999999996 351
1622710201739 32.216999999999956 352
1622710263968 32.308999999999955 353
1622710326936 32.39899999999996 354
1622710389799 32.49099999999996 355
1622710453127 32.582999999999956 356
1622710516545 32.67299999999996 357
1622710579982 32.76399999999996 358
1622710643577 32.856999999999964 359
1622710707496 32.947999999999965 360
1622710771401 33.04099999999997 361
1622710835243 33.136999999999965 362
1622710899387 33.227999999999966 363
1622710963985 33.319999999999965 364
1622711028644 33.41299999999997 365
1622711093245 33.50499999999997 366
1622711158037 33.593999999999966 367
1622711222824 33.685999999999964 368
1622711287921 33.77799999999996 369
1622711353268 33.86799999999997 370
1622711418888 33.95799999999997 371
1622711484785 34.04799999999997 372
1622711550703 34.13699999999997 373
1622711616925 34.22599999999997 374
1622711683321 34.31699999999997 375
1622711749804 34.40899999999997 376
1622711816363 34.50099999999997 377
1622711883333 34.59099999999997 378
1622711950790 34.680999999999976 379
1622712018901 34.772999999999975 380
1622712086872 34.86599999999998 381
1622712154858 34.95599999999998 382
1622712223037 35.04799999999998 383
1622712291008 35.13899999999998 384
1622712359159 35.22999999999998 385
1622712427718 35.32599999999998 386
1622712496290 35.41699999999998 387
1622712564433 35.50599999999998 388
1622712632263 35.59599999999998 389
1622712700671 35.685999999999986 390
1622712770884 35.77999999999999 391
1622712839868 35.87099999999999 392
1622712908604 35.96599999999999 393
1622712977363 36.057999999999986 394
1622713047067 36.149999999999984 395
1622713116315 36.237999999999985 396
1622713185716 36.32799999999999 397
