1622625738015 0.376 0
1622625738586 0.077 1
1622625739178 0.076 2
1622625739826 0.074 3
1622625740493 0.076 4
1622625741163 0.076 5
1622625741888 0.075 6
1622625742656 0.075 7
1622625743506 0.074 8
1622625744427 0.081 9
1622625746052 0.11 10
1622625747258 0.14 11
1622625748206 0.075 12
1622625749176 0.074 13
1622625750178 0.074 14
1622625751232 0.075 15
1622625752335 0.075 16
1622625753465 0.075 17
1622625754639 0.075 18
1622625755817 0.075 19
1622625757039 0.075 20
1622625758302 0.074 21
1622625759604 0.074 22
1622625760952 0.075 23
1622625762303 0.075 24
1622625763716 0.074 25
1622625765152 0.075 26
1622625766646 0.075 27
1622625768223 0.079 28
1622625770684 0.075 29
1622625772519 0.136 30
1622625774260 0.078 31
1622625776093 0.083 32
1622625777941 0.079 33
1622625779969 0.083 34
1622625781888 0.079 35
1622625783841 0.078 36
1622625785945 0.082 37
1622625789321 0.146 38
1622625791253 0.093 39
1622625793203 0.077 40
1622625795213 0.075 41
1622625797261 0.075 42
1622625799339 0.075 43
1622625801483 0.077 44
1622625803626 0.075 45
1622625805807 0.074 46
1622625808009 0.076 47
1622625810252 0.076 48
1622625812540 0.075 49
1622625814894 0.075 50
1622625817269 0.076 51
1622625821320 0.152 52
1622625824313 0.139 53
1622625826828 0.076 54
1622625830263 0.076 55
1622625833184 0.114 56
1622625835936 0.079 57
1622625838539 0.075 58
1622625841211 0.078 59
1622625843940 0.077 60
1622625846729 0.077 61
1622625849497 0.075 62
1622625852315 0.076 63
1622625855219 0.076 64
1622625859174 0.078 65
1622625863026 0.077 66
1622625866053 0.081 67
1622625869345 0.076 68
1622625872468 0.078 69
1622625875630 0.078 70
1622625878800 0.075 71
1622625882183 0.078 72
1622625885507 0.078 73
1622625888744 0.081 74
1622625892027 0.081 75
1622625895493 0.074 76
1622625898992 0.079 77
1622625903350 0.128 78
1622625907844 0.078 79
1622625911561 0.079 80
1622625915307 0.081 81
1622625919998 0.162 82
1622625924749 0.146 83
1622625930078 0.163 84
1622625934362 0.088 85
1622625939781 0.157 86
1622625945060 0.141 87
1622625949527 0.143 88
1622625953198 0.075 89
1622625958166 0.074 90
1622625962000 0.1 91
1622625966815 0.075 92
1622625971030 0.121 93
1622625974975 0.075 94
1622625978869 0.076 95
1622625982867 0.075 96
1622625986838 0.076 97
1622625990855 0.075 98
1622625995330 0.076 99
1622626000545 0.085 100
1622626004732 0.075 101
1622626008967 0.075 102
1622626013098 0.074 103
1622626017337 0.076 104
1622626023145 0.147 105
1622626027368 0.073 106
1622626031672 0.076 107
1622626036280 0.074 108
1622626040680 0.075 109
1622626045822 0.148 110
1622626050327 0.074 111
1622626054815 0.075 112
1622626060368 0.075 113
1622626065956 0.075 114
1622626071565 0.075 115
1622626076166 0.076 116
1622626081013 0.074 117
1622626085832 0.083 118
1622626090612 0.074 119
1622626095443 0.076 120
1622626100873 0.076 121
1622626113295 0.174 122
1622626118139 0.074 123
1622626123327 0.074 124
1622626129230 0.085 125
1622626136175 0.075 126
1622626141257 0.076 127
1622626146396 0.076 128
1622626151530 0.075 129
1622626156705 0.074 130
1622626161951 0.075 131
1622626167160 0.075 132
1622626172421 0.075 133
1622626177691 0.075 134
1622626183061 0.075 135
1622626188425 0.075 136
1622626193867 0.077 137
1622626199367 0.075 138
1622626205902 0.081 139
1622626212318 0.147 140
1622626217896 0.075 141
1622626223557 0.076 142
1622626229233 0.074 143
1622626234931 0.074 144
1622626240670 0.076 145
1622626246442 0.074 146
1622626252199 0.074 147
1622626258060 0.076 148
1622626263979 0.075 149
1622626269963 0.076 150
1622626275911 0.074 151
1622626281905 0.075 152
1622626287905 0.075 153
1622626294029 0.075 154
1622626300106 0.074 155
1622626306197 0.075 156
1622626312378 0.075 157
1622626318616 0.075 158
1622626324835 0.075 159
1622626331138 0.075 160
1622626337459 0.075 161
1622626343777 0.074 162
1622626350193 0.075 163
1622626356612 0.075 164
1622626363033 0.075 165
1622626369581 0.076 166
1622626376118 0.075 167
1622626382686 0.076 168
1622626390134 0.076 169
1622626396684 0.076 170
1622626403303 0.075 171
1622626409859 0.075 172
1622626416478 0.074 173
1622626423208 0.075 174
1622626429893 0.074 175
1622626436689 0.074 176
1622626443476 0.075 177
1622626450297 0.075 178
1622626457206 0.075 179
1622626464158 0.075 180
1622626471095 0.075 181
1622626478134 0.075 182
1622626485189 0.075 183
1622626492231 0.075 184
1622626499281 0.074 185
1622626506455 0.075 186
1622626513648 0.077 187
1622626520914 0.074 188
1622626528244 0.075 189
1622626535583 0.074 190
1622626542908 0.075 191
1622626550250 0.074 192
1622626557614 0.075 193
1622626565022 0.075 194
1622626572464 0.075 195
1622626580002 0.076 196
1622626587544 0.075 197
1622626595078 0.073 198
1622626602704 0.074 199
1622626611488 0.148 200
1622626619290 0.077 201
1622626627126 0.074 202
1622626635033 0.075 203
1622626642963 0.076 204
1622626650891 0.075 205
1622626658836 0.076 206
1622626666880 0.076 207
1622626674897 0.076 208
1622626682960 0.075 209
1622626691134 0.075 210
1622626699275 0.075 211
1622626707463 0.075 212
1622626715688 0.075 213
1622626723965 0.075 214
1622626732296 0.084 215
1622626741485 0.075 216
1622626749700 0.075 217
1622626757947 0.075 218
1622626766246 0.075 219
1622626774572 0.075 220
1622626783004 0.074 221
1622626791395 0.076 222
1622626799802 0.075 223
1622626808357 0.075 224
1622626816835 0.076 225
1622626825362 0.073 226
1622626833991 0.075 227
1622626842574 0.075 228
1622626851237 0.074 229
1622626859886 0.075 230
1622626868588 0.075 231
1622626877413 0.074 232
1622626886255 0.075 233
1622626895094 0.075 234
1622626903948 0.075 235
1622626912957 0.076 236
1622626921919 0.075 237
1622626930916 0.075 238
1622626939948 0.075 239
1622626949031 0.075 240
1622626958121 0.075 241
1622626967269 0.075 242
1622626976399 0.075 243
1622626985616 0.075 244
1622626994751 0.075 245
1622627004003 0.075 246
1622627013272 0.074 247
1622627022714 0.075 248
1622627032128 0.075 249
1622627041531 0.075 250
1622627050963 0.075 251
1622627060424 0.076 252
1622627069910 0.075 253
1622627079451 0.075 254
1622627089050 0.075 255
1622627098576 0.075 256
1622627108248 0.075 257
1622627118005 0.074 258
1622627127795 0.075 259
1622627137543 0.077 260
1622627147312 0.076 261
1622627157214 0.074 262
1622627167056 0.075 263
1622627177005 0.074 264
1622627186919 0.074 265
1622627196947 0.075 266
1622627206978 0.075 267
1622627217077 0.076 268
1622627227211 0.075 269
1622627237318 0.075 270
1622627247451 0.075 271
1622627257627 0.075 272
1622627267886 0.075 273
1622627278150 0.076 274
1622627288442 0.075 275
1622627298859 0.075 276
1622627309283 0.075 277
1622627319690 0.076 278
1622627330160 0.075 279
1622627340701 0.076 280
1622627351261 0.075 281
1622627361841 0.075 282
1622627372402 0.075 283
1622627382971 0.074 284
1622627393626 0.076 285
1622627404299 0.074 286
1622627415111 0.077 287
1622627425914 0.075 288
1622627436719 0.075 289
1622627447571 0.075 290
1622627458489 0.074 291
1622627469380 0.074 292
1622627480345 0.074 293
1622627491336 0.076 294
1622627502337 0.076 295
1622627513365 0.075 296
1622627524523 0.075 297
1622627535743 0.074 298
1622627546944 0.075 299
1622627558166 0.075 300
1622627569498 0.075 301
1622627580839 0.075 302
1622627592164 0.074 303
1622627603507 0.076 304
1622627614957 0.075 305
1622627626356 0.074 306
1622627637934 0.075 307
1622627649411 0.074 308
1622627660939 0.075 309
1622627672487 0.074 310
1622627684152 0.077 311
1622627695828 0.075 312
1622627707497 0.075 313
1622627719142 0.075 314
1622627730954 0.074 315
1622627742680 0.075 316
1622627754511 0.075 317
1622627766330 0.076 318
1622627778254 0.074 319
1622627790207 0.075 320
1622627802111 0.075 321
1622627814121 0.076 322
1622627826168 0.074 323
1622627838265 0.074 324
1622627850383 0.073 325
1622627862525 0.076 326
1622627874645 0.074 327
1622627886857 0.074 328
1622627899117 0.074 329
1622627911417 0.075 330
1622627923756 0.075 331
1622627936156 0.075 332
1622627948485 0.075 333
1622627960938 0.074 334
1622627973417 0.076 335
1622627985917 0.075 336
1622627998415 0.076 337
1622628011007 0.074 338
1622628023692 0.076 339
1622628036332 0.077 340
1622628049057 0.075 341
1622628061740 0.075 342
1622628074465 0.074 343
1622628087276 0.075 344
1622628100061 0.076 345
1622628112919 0.074 346
1622628125799 0.075 347
1622628138670 0.075 348
1622628151642 0.074 349
1622628164608 0.074 350
1622628177605 0.074 351
1622628190628 0.074 352
1622628203680 0.074 353
1622628216828 0.074 354
1622628231217 0.144 355
1622628244659 0.074 356
1622628258132 0.074 357
1622628271609 0.074 358
1622628285174 0.075 359
1622628298764 0.075 360
1622628312365 0.075 361
1622628326006 0.075 362
1622628339644 0.074 363
1622628353291 0.075 364
1622628367065 0.075 365
1622628380821 0.075 366
1622628394567 0.076 367
1622628408436 0.076 368
1622628422351 0.073 369
1622628436224 0.074 370
1622628450147 0.075 371
1622628464159 0.075 372
1622628478129 0.074 373
1622628492178 0.074 374
1622628506277 0.074 375
1622628520358 0.073 376
1622628534574 0.076 377
1622628548850 0.076 378
1622628563135 0.076 379
1622628577370 0.075 380
1622628591681 0.075 381
1622628606029 0.074 382
1622628620389 0.076 383
1622628634791 0.074 384
1622628649216 0.074 385
1622628663695 0.075 386
1622628678153 0.074 387
1622628692679 0.076 388
1622628707170 0.074 389
1622628721737 0.076 390
1622628737074 0.139 391
1622628751610 0.075 392
1622628766070 0.075 393
1622628780671 0.076 394
1622628795230 0.075 395
1622628809896 0.076 396
1622628824501 0.076 397
1622628839225 0.076 398
1622628853864 0.076 399
1622628868539 0.075 400
1622628883276 0.074 401
1622628898142 0.075 402
1622628913009 0.075 403
1622628927874 0.076 404
1622628942775 0.075 405
1622628957789 0.075 406
1622628972833 0.075 407
1622628987898 0.074 408
1622629002941 0.074 409
1622629017989 0.075 410
1622629033116 0.075 411
1622629048348 0.075 412
1622629063525 0.075 413
1622629078740 0.074 414
1622629094001 0.075 415
1622629109334 0.075 416
1622629124723 0.074 417
1622629140106 0.075 418
1622629155511 0.074 419
1622629171040 0.076 420
1622629186508 0.073 421
1622629201987 0.074 422
1622629217604 0.075 423
1622629233219 0.074 424
1622629248852 0.073 425
1622629264509 0.074 426
1622629280187 0.075 427
1622629296027 0.074 428
1622629311784 0.074 429
1622629327593 0.074 430
1622629343418 0.074 431
1622629359289 0.074 432
1622629375219 0.075 433
1622629391189 0.075 434
1622629407206 0.075 435
1622629423217 0.076 436
1622629439233 0.074 437
1622629455307 0.075 438
1622629471501 0.075 439
1622629487654 0.075 440
1622629503940 0.074 441
1622629520241 0.075 442
1622629536580 0.073 443
1622629552912 0.074 444
1622629569343 0.074 445
1622629585852 0.075 446
1622629602369 0.076 447
1622629618917 0.075 448
1622629635429 0.075 449
1622629652003 0.074 450
1622629668635 0.074 451
1622629685229 0.075 452
1622629701855 0.074 453
1622629718529 0.075 454
1622629735241 0.075 455
1622629751952 0.075 456
1622629768670 0.074 457
1622629785485 0.074 458
1622629802352 0.075 459
1622629819334 0.076 460
1622629836244 0.076 461
1622629853178 0.073 462
1622629870133 0.074 463
1622629887145 0.074 464
1622629904255 0.076 465
1622629921348 0.075 466
1622629938408 0.075 467
1622629955497 0.076 468
1622629972699 0.075 469
1622629989878 0.075 470
1622630007133 0.075 471
1622630024449 0.076 472
1622630041743 0.074 473
1622630059125 0.074 474
1622630076434 0.076 475
1622630093868 0.074 476
1622630111348 0.075 477
1622630128831 0.075 478
1622630146425 0.075 479
1622630164077 0.075 480
1622630181647 0.074 481
1622630199299 0.074 482
1622630216997 0.074 483
1622630234709 0.074 484
1622630252352 0.074 485
1622630270248 0.075 486
1622630287995 0.074 487
1622630305809 0.075 488
1622630323751 0.075 489
1622630341850 0.075 490
1622630359833 0.074 491
1622630377968 0.073 492
1622630396049 0.074 493
1622630414348 0.074 494
1622630432467 0.082 495
1622630450864 0.076 496
1622630469572 0.075 497
1622630487992 0.074 498
1622630506343 0.075 499
1622630524847 0.075 500
