1622719882287 0.021 0
1622719884425 1.889 1
1622719886643 3.838 2
1622719889073 5.998 3
1622719891656 8.305 4
1622719894341 10.718 5
1622719897275 13.379 6
1622719900435 16.256 7
1622719903705 19.238 8
1622719907108 22.35 9
1622719910667 25.623 10
1622719914324 29.007 11
1622719918139 32.549 12
1622719922056 36.19 13
1622719926150 40.01 14
1622719930439 44.027 15
1622719934856 48.173 16
1622719939411 52.452 17
1622719944123 56.891 18
1622719949079 61.573 19
1622719954047 66.269 20
1622719959331 71.28200000000001 21
1622719964853 76.52900000000001 22
1622719970361 81.76500000000001 23
1622719976181 87.31200000000001 24
1622719981976 92.82600000000001 25
1622719988093 98.65400000000001 26
1622719994309 104.59500000000001 27
1622720000662 110.67200000000001 28
1622720007163 116.90200000000002 29
1622720013797 123.26500000000001 30
1622720020685 129.883 31
1622720027777 136.703 32
1622720034928 143.583 33
1622720042249 150.629 34
1622720049719 157.821 35
1622720057404 165.231 36
1622720065176 172.727 37
1622720073103 180.379 38
1622720081189 188.188 39
1622720089480 196.20399999999998 40
1622720097970 204.41899999999998 41
1622720106586 212.75799999999998 42
1622720115483 221.378 43
1622720124556 230.176 44
1622720133612 238.958 45
1622720142610 247.679 46
1622720152066 256.857 47
1622720161637 266.153 48
1622720171251 275.492 49
1622720181027 284.992 50
1622720191094 294.786 51
1622720201195 304.616 52
1622720211480 314.62899999999996 53
1622720222020 324.89699999999993 54
1622720232657 335.2609999999999 55
1622720243503 345.83699999999993 56
1622720254600 356.6619999999999 57
1622720265706 367.4839999999999 58
1622720276929 378.42299999999994 59
1622720288252 389.46399999999994 60
1622720299818 400.7559999999999 61
1622720311628 412.2919999999999 62
1622720323617 424.0069999999999 63
1622720335760 435.87599999999986 64
1622720348050 447.8899999999999 65
1622720360424 459.98899999999986 66
1622720373016 472.30699999999985 67
1622720385834 484.84799999999984 68
1622720398672 497.41099999999983 69
1622720411820 510.28599999999983 70
1622720424850 523.0419999999998 71
1622720438175 536.0919999999998 72
1622720451783 549.4289999999997 73
1622720465328 562.7039999999997 74
1622720478993 576.0969999999998 75
1622720493077 589.9109999999997 76
1622720506949 603.5109999999997 77
1622720521196 617.4859999999998 78
1622720535495 631.5149999999998 79
1622720550062 645.8099999999997 80
1622720564637 660.1129999999997 81
1622720579527 674.7279999999997 82
1622720594363 689.2909999999997 83
1622720609333 703.9819999999997 84
1622720624594 718.9679999999997 85
1622720639827 733.9299999999997 86
1622720655463 749.2929999999997 87
1622720671208 764.7639999999997 88
1622720687107 780.3879999999997 89
1622720703339 796.3469999999996 90
1622720719628 812.3639999999997 91
1622720736504 828.9589999999997 92
1622720753672 845.8509999999998 93
1622720770987 862.8899999999998 94
1622720788485 880.1089999999998 95
1622720806077 897.4259999999998 96
1622720823368 914.4449999999998 97
1622720840939 931.7459999999999 98
1622720858462 948.9949999999999 99
1622720876247 966.5099999999999 100
1622720894139 984.1289999999999 101
1622720912178 1001.8949999999999 102
1622720930401 1019.8449999999999 103
1622720948783 1037.953 104
1622720967042 1055.941 105
1622720985794 1074.415 106
1622721004611 1092.9579999999999 107
1622721023684 1111.7579999999998 108
1622721042885 1130.6839999999997 109
1622721062224 1149.7479999999998 110
1622721081957 1169.206 111
1622721101784 1188.761 112
1622721121506 1208.211 113
1622721141565 1227.998 114
1622721161734 1247.892 115
1622721181882 1267.768 116
1622721202077 1287.69 117
1622721222636 1307.978 118
1622721243348 1328.4170000000001 119
1622721264131 1348.929 120
1622721285445 1369.971 121
1622721306450 1390.708 122
1622721327996 1411.9840000000002 123
1622721349493 1433.21 124
1622721371217 1454.656 125
1622721393215 1476.338 126
1622721415192 1498.04 127
1622721437382 1519.9579999999999 128
1622721459727 1542.0289999999998 129
1622721482326 1564.3519999999999 130
1622721504916 1586.667 131
1622721527794 1609.271 132
1622721550830 1632.033 133
1622721573985 1654.915 134
1622721597225 1677.8809999999999 135
1622721620654 1701.0379999999998 136
1622721644311 1724.4219999999998 137
1622721668127 1747.9629999999997 138
1622721691809 1771.3699999999997 139
1622721715792 1795.0779999999997 140
1622721740226 1819.2379999999998 141
1622721764497 1843.2359999999999 142
1622721788843 1867.3069999999998 143
1622721813564 1891.7599999999998 144
1622721839061 1916.9849999999997 145
1622721864095 1941.7439999999997 146
1622721889101 1966.4799999999998 147
1622721914492 1991.5989999999997 148
1622721939742 2016.5779999999997 149
1622721965389 2041.9529999999997 150
1622721991059 2067.3489999999997 151
1622722016911 2092.9269999999997 152
1622722043047 2118.7909999999997 153
1622722069449 2144.921 154
1622722095568 2170.769 155
1622722122098 2197.026 156
1622722149013 2223.658 157
1622722175827 2250.171 158
1622722203235 2277.3019999999997 159
1622722230251 2304.0469999999996 160
1622722257867 2331.3899999999994 161
1622722285258 2358.5089999999996 162
1622722312939 2385.9169999999995 163
1622722341067 2413.7729999999997 164
1622722369036 2441.47 165
1622722397106 2469.2659999999996 166
1622722425410 2497.3009999999995 167
1622722453896 2525.5169999999994 168
1622722482385 2553.7289999999994 169
1622722511097 2582.167999999999 170
1622722539922 2610.7219999999993 171
1622722569126 2639.6559999999995 172
1622722598282 2668.5399999999995 173
1622722627706 2697.6929999999993 174
1622722657022 2726.7379999999994 175
1622722686773 2756.2139999999995 176
1622722716786 2785.9509999999996 177
1622722747323 2816.2029999999995 178
1622722777714 2846.3199999999997 179
1622722808425 2876.7569999999996 180
1622722838906 2906.9649999999997 181
1622722869412 2937.2009999999996 182
1622722900467 2967.9849999999997 183
1622722931469 2998.7139999999995 184
1622722962467 3029.4399999999996 185
1622722994300 3060.9969999999994 186
1622723026110 3092.5289999999995 187
1622723057973 3124.1189999999997 188
1622723089943 3155.8169999999996 189
1622723121899 3187.4999999999995 190
1622723154127 3219.4479999999994 191
1622723186896 3251.9369999999994 192
1622723219708 3284.4789999999994 193
1622723252278 3316.7799999999993 194
1622723285051 3349.2809999999995 195
1622723318027 3381.9829999999993 196
1622723351186 3414.865999999999 197
1622723384509 3447.914999999999 198
1622723418172 3481.300999999999 199
1622723452147 3515.000999999999 200
1622723485925 3548.503999999999 201
1622723519942 3582.246999999999 202
1622723553967 3615.998999999999 203
1622723588364 3650.123999999999 204
1622723622606 3684.092999999999 205
1622723657108 3718.323999999999 206
1622723691847 3752.792999999999 207
1622723727232 3787.901999999999 208
1622723762613 3823.0099999999993 209
1622723798184 3858.3099999999995 210
1622723833934 3893.7849999999994 211
1622723869725 3929.2979999999993 212
1622723905738 3965.035999999999 213
1622723941368 4000.396999999999 214
1622723977220 4035.978999999999 215
1622724013144 4071.630999999999 216
1622724049131 4107.347999999999 217
1622724085478 4143.423999999999 218
1622724121933 4179.604999999999 219
1622724158559 4215.955999999998 220
1622724195215 4252.339999999998 221
1622724232116 4288.966999999999 222
1622724269260 4325.837999999999 223
1622724306741 4363.031999999999 224
1622724344488 4400.502999999999 225
1622724382458 4438.193999999999 226
1622724420669 4476.129999999998 227
1622724458661 4513.848999999998 228
1622724496679 4551.592999999998 229
1622724534959 4589.601999999998 230
1622724572879 4627.247999999998 231
1622724611158 4665.252999999998 232
1622724650146 4703.962999999998 233
1622724689497 4743.029999999998 234
1622724728808 4782.057999999998 235
1622724768054 4821.025999999998 236
1622724807424 4860.126999999998 237
1622724846867 4899.293999999998 238
1622724886790 4938.944999999998 239
1622724926527 4978.409999999998 240
1622724966360 5017.966999999998 241
1622725006601 5057.932999999998 242
1622725046925 5097.985999999998 243
1622725087408 5138.194999999998 244
1622725127859 5178.373999999998 245
1622725168670 5218.914999999998 246
1622725209483 5259.453999999998 247
1622725250291 5299.985999999998 248
1622725291265 5340.684999999998 249
1622725332409 5381.556999999998 250
1622725373808 5422.684999999998 251
1622725415496 5464.098999999997 252
1622725457084 5505.410999999997 253
1622725498946 5546.998999999997 254
1622725540826 5588.603999999997 255
1622725583202 5630.708999999996 256
1622725625385 5672.619999999996 257
1622725667839 5714.786999999997 258
1622725710763 5757.439999999997 259
1622725753642 5800.046999999997 260
1622725796426 5842.559999999997 261
1622725839584 5885.447999999997 262
1622725882805 5928.399999999997 263
1622725926616 5971.943999999997 264
1622725970242 6015.2999999999965 265
1622726013898 6058.678999999996 266
1622726057685 6102.189999999997 267
1622726101549 6145.780999999997 268
1622726145655 6189.613999999997 269
1622726190089 6233.7729999999965 270
1622726234408 6277.813999999997 271
1622726278597 6321.727999999996 272
1622726323373 6366.230999999996 273
1622726367886 6410.470999999996 274
1622726412679 6454.992999999996 275
1622726457725 6499.765999999996 276
1622726503397 6545.161999999996 277
1622726549172 6590.661999999996 278
1622726595056 6636.266999999995 279
1622726641234 6682.172999999995 280
1622726687673 6728.338999999995 281
1622726734000 6774.3929999999955 282
1622726780416 6820.537999999996 283
1622726827188 6867.040999999996 284
1622726874065 6913.647999999996 285
1622726921166 6960.475999999996 286
1622726968498 7007.533999999996 287
1622727015648 7054.413999999996 288
1622727063060 7101.552999999996 289
1622727110776 7148.994999999996 290
1622727158451 7196.383999999996 291
1622727206380 7244.036999999997 292
1622727254338 7291.716999999997 293
1622727302514 7339.613999999997 294
1622727350818 7387.642999999997 295
1622727399166 7435.717999999997 296
1622727447893 7484.172999999997 297
1622727496614 7532.622999999997 298
1622727546054 7581.787999999997 299
1622727595710 7631.169999999996 300
1622727645278 7680.458999999996 301
1622727695088 7729.990999999996 302
1622727745161 7779.787999999996 303
1622727796135 7830.484999999996 304
1622727847106 7881.178999999996 305
1622727897238 7931.038999999996 306
1622727947744 7981.270999999996 307
1622727998294 8031.550999999996 308
1622728048798 8081.7859999999955 309
1622728098959 8131.679999999996 310
1622728149884 8182.333999999996 311
1622728200793 8232.974999999997 312
1622728252118 8284.028999999997 313
1622728303570 8335.207999999997 314
1622728354824 8386.189999999997 315
1622728406450 8437.537999999997 316
1622728457915 8488.725999999997 317
1622728509562 8540.101999999997 318
1622728561893 8592.161999999997 319
1622728613792 8643.789999999997 320
1622728666170 8695.896999999997 321
1622728718669 8748.125999999997 322
1622728771296 8800.479999999996 323
1622728825125 8854.040999999996 324
1622728879035 8907.663999999995 325
1622728932893 8961.251999999995 326
1622728987424 9015.510999999995 327
1622729042110 9069.925999999996 328
1622729095798 9123.344999999996 329
1622729150913 9178.190999999995 330
1622729205192 9232.200999999995 331
1622729258890 9285.627999999995 332
1622729313184 9339.655999999995 333
1622729368501 9394.683999999996 334
1622729424414 9450.324999999995 335
1622729479870 9505.498999999996 336
1622729535280 9560.636999999997 337
1622729590408 9615.493999999997 338
1622729645622 9670.435999999996 339
1622729700976 9725.518999999997 340
1622729756639 9780.907999999996 341
1622729812680 9836.672999999995 342
1622729868699 9892.418999999994 343
1622729924582 9948.028999999995 344
1622729980586 10003.758999999995 345
1622730036556 10059.451999999994 346
1622730092700 10115.323999999993 347
1622730149116 10171.464999999993 348
1622730205998 10228.076999999992 349
1622730262728 10284.533999999992 350
1622730319641 10341.174999999992 351
1622730376753 10398.014999999992 352
1622730433885 10454.877999999992 353
1622730490992 10511.706999999991 354
1622730548648 10569.08899999999 355
1622730605680 10625.84699999999 356
1622730663219 10683.117999999991 357
1622730720504 10740.12299999999 358
1622730778028 10797.34399999999 359
1622730836499 10855.53599999999 360
1622730894642 10913.408999999989 361
1622730952961 10971.45699999999 362
1622731011354 11029.57599999999 363
1622731070017 11087.96399999999 364
1622731128796 11146.465999999991 365
1622731187575 11204.973999999991 366
1622731246488 11263.61599999999 367
1622731305765 11322.62299999999 368
1622731364739 11381.32899999999 369
1622731423947 11440.26599999999 370
1622731483153 11499.19399999999 371
1622731542481 11558.24599999999 372
1622731602450 11617.94099999999 373
1622731662336 11677.55199999999 374
1622731722398 11737.34399999999 375
1622731782644 11797.32199999999 376
1622731842833 11857.239999999989 377
1622731903068 11917.20799999999 378
1622731963461 11977.33299999999 379
1622732024448 12038.05099999999 380
1622732085642 12098.96999999999 381
1622732147140 12160.19299999999 382
1622732208768 12221.54899999999 383
1622732270471 12282.97999999999 384
1622732332780 12345.01599999999 385
1622732394956 12406.920999999991 386
1622732457332 12469.021999999992 387
1622732519682 12531.100999999991 388
1622732582277 12593.424999999992 389
1622732645237 12656.115999999993 390
1622732708070 12718.677999999993 391
1622732771232 12781.549999999992 392
1622732834532 12844.574999999992 393
1622732898124 12907.893999999991 394
1622732962252 12971.74899999999 395
1622733026243 13035.466999999991 396
1622733090606 13099.558999999992 397
1622733154850 13163.531999999992 398
1622733219628 13228.038999999992 399
1622733284244 13292.385999999991 400
1622733348704 13356.576999999992 401
1622733413542 13421.142999999993 402
1622733478972 13486.304999999993 403
1622733544435 13551.496999999992 404
1622733609754 13616.547999999992 405
1622733675480 13681.997999999992 406
1622733741596 13747.839999999993 407
1622733807657 13813.627999999993 408
1622733873408 13879.104999999994 409
1622733939183 13944.608999999995 410
1622734005727 14010.879999999996 411
1622734072207 14077.086999999996 412
1622734139425 14144.030999999995 413
1622734206620 14210.950999999995 414
1622734273767 14277.823999999995 415
1622734341155 14344.933999999996 416
1622734408549 14412.049999999996 417
1622734475872 14479.098999999997 418
1622734543638 14546.591999999997 419
1622734611336 14614.015999999998 420
1622734679745 14682.151999999998 421
1622734748330 14750.462999999998 422
1622734816987 14818.845999999998 423
1622734885583 14887.167999999998 424
1622734954245 14955.554999999998 425
1622735022834 15023.865999999998 426
1622735091822 15092.582999999999 427
1622735160557 15161.047999999999 428
1622735229280 15229.501999999999 429
1622735298093 15298.047999999999 430
1622735367657 15367.338999999998 431
1622735436825 15436.236999999997 432
1622735506592 15505.734999999997 433
1622735575976 15574.849999999997 434
1622735645890 15644.491999999997 435
1622735716037 15714.370999999997 436
1622735785970 15784.035999999998 437
1622735856240 15854.036999999998 438
1622735926639 15924.166999999998 439
1622735997833 15995.092999999997 440
1622736068985 16065.976999999997 441
1622736141063 16137.787999999997 442
1622736212892 16209.348999999997 443
1622736284769 16280.958999999997 444
1622736356947 16352.870999999997 445
1622736428910 16424.566 446
1622736500498 16495.889 447
1622736571487 16566.612999999998 448
1622736643526 16638.381999999998 449
1622736715540 16710.129999999997 450
1622736787528 16781.853 451
1622736859781 16853.839 452
1622736932342 16926.126 453
1622737005223 16998.736 454
1622737077864 17071.108 455
1622737150745 17143.719 456
1622737224237 17216.940000000002 457
1622737297202 17289.624000000003 458
1622737370525 17362.655000000002 459
1622737443947 17435.806000000004 460
1622737517556 17509.143000000004 461
1622737591167 17582.483000000004 462
1622737666147 17657.195000000003 463
1622737741297 17732.074000000004 464
1622737816339 17806.839000000004 465
1622737891550 17881.776000000005 466
1622737967398 17957.349000000006 467
1622738042857 18032.532000000007 468
1622738118922 18108.321000000007 469
1622738194804 18183.931000000008 470
1622738270595 18259.447000000007 471
1622738346863 18335.445000000007 472
1622738423210 18411.521000000008 473
1622738499572 18487.608000000007 474
1622738575471 18563.232000000007 475
1622738652090 18639.57600000001 476
1622738729022 18716.231000000007 477
1622738806539 18793.477000000006 478
1622738884555 18871.212000000007 479
1622738962663 18949.04200000001 480
1622739040471 19026.575000000008 481
1622739117846 19103.676000000007 482
1622739195519 19181.075000000008 483
1622739273240 19258.52300000001 484
1622739352480 19337.48700000001 485
1622739432164 19416.89800000001 486
1622739511842 19496.303000000007 487
1622739592615 19576.803000000007 488
1622739672985 19656.90100000001 489
1622739753556 19737.198000000008 490
1622739834131 19817.498000000007 491
1622739913965 19897.056000000008 492
1622739994433 19977.24100000001 493
1622740074465 20057.002000000008 494
1622740155116 20137.38200000001 495
1622740235811 20217.80900000001 496
1622740317065 20298.79300000001 497
1622740398150 20379.60300000001 498
1622740479095 20460.27500000001 499
1622740560707 20541.61500000001 500
