1622808510510 100 0
1622808512028 200 1
1622808513917 300 2
1622808516156 400 3
1622808518743 500 4
1622808521668 600 5
1622808524968 700 6
1622808528657 800 7
1622808532653 900 8
1622808536999 1000 9
1622808541679 1100 10
1622808546840 1200 11
1622808552239 1300 12
1622808558017 1400 13
1622808564152 1500 14
1622808570676 1600 15
1622808577565 1700 16
1622808584795 1800 17
1622808592360 1900 18
1622808600238 2000 19
1622808608453 2100 20
1622808617059 2200 21
1622808626095 2300 22
1622808635498 2400 23
1622808645270 2500 24
1622808655447 2600 25
1622808665899 2700 26
1622808676685 2800 27
1622808687905 2900 28
1622808699487 3000 29
1622808711392 3100 30
1622808723657 3200 31
1622808736221 3300 32
1622808749191 3400 33
1622808762493 3500 34
1622808776152 3600 35
1622808790183 3700 36
1622808804628 3800 37
1622808819315 3900 38
1622808834444 4000 39
1622808849840 4100 40
1622808865627 4200 41
1622808881778 4300 42
1622808898277 4400 43
1622808915139 4500 44
1622808932378 4600 45
1622808949987 4700 46
1622808967920 4800 47
1622808986252 4900 48
1622809004917 5000 49
1622809024061 5100 50
1622809043594 5200 51
1622809063413 5300 52
1622809083580 5400 53
1622809104289 5500 54
1622809125073 5600 55
1622809146596 5700 56
1622809168181 5800 57
1622809190078 5900 58
1622809212102 6000 59
1622809234708 6100 60
1622809257513 6200 61
1622809280762 6300 62
1622809304505 6400 63
1622809328576 6500 64
1622809352918 6600 65
1622809377587 6700 66
1622809402751 6800 67
1622809428278 6900 68
1622809454021 7000 69
1622809480168 7100 70
1622809506733 7200 71
1622809533557 7300 72
1622809560721 7400 73
1622809588260 7500 74
1622809616131 7600 75
1622809644353 7700 76
1622809672960 7800 77
1622809701958 7900 78
1622809731441 8000 79
1622809761333 8100 80
1622809791437 8200 81
1622809821896 8300 82
1622809852945 8400 83
1622809884205 8500 84
1622809915561 8600 85
1622809947591 8700 86
1622809979789 8800 87
1622810012207 8900 88
1622810044822 9000 89
1622810077427 9100 90
1622810110244 9200 91
1622810143600 9300 92
1622810177255 9400 93
1622810211281 9500 94
1622810245733 9600 95
1622810280460 9700 96
1622810315482 9800 97
1622810350781 9900 98
1622810386345 10000 99
1622810422484 10100 100
1622810458911 10200 101
1622810495763 10300 102
1622810532937 10400 103
1622810570443 10500 104
1622810608376 10600 105
1622810646475 10700 106
1622810685153 10800 107
1622810724936 10900 108
1622810764120 11000 109
1622810803567 11100 110
1622810843357 11200 111
1622810883770 11300 112
1622810924877 11400 113
1622810966070 11500 114
1622811007567 11600 115
1622811049488 11700 116
1622811091644 11800 117
1622811134100 11900 118
1622811177169 12000 119
1622811220236 12100 120
1622811263644 12200 121
1622811307620 12300 122
1622811351963 12400 123
1622811396658 12500 124
1622811441560 12600 125
1622811487265 12700 126
1622811533115 12800 127
1622811579258 12900 128
1622811625699 13000 129
1622811672756 13100 130
1622811719869 13200 131
1622811767744 13300 132
1622811815339 13400 133
1622811863736 13500 134
1622811912277 13600 135
1622811961211 13700 136
1622812010390 13800 137
1622812059876 13900 138
1622812109915 14000 139
1622812160289 14100 140
1622812211080 14200 141
1622812262124 14300 142
1622812313756 14400 143
1622812365614 14500 144
1622812417723 14600 145
1622812469981 14700 146
1622812522823 14800 147
1622812575883 14900 148
1622812629309 15000 149
1622812683590 15100 150
1622812738031 15200 151
1622812792507 15300 152
1622812847651 15400 153
1622812903166 15500 154
1622812958837 15600 155
1622813014806 15700 156
1622813071264 15800 157
1622813127976 15900 158
1622813185278 16000 159
1622813243090 16100 160
1622813301260 16200 161
1622813359673 16300 162
1622813418496 16400 163
1622813477286 16500 164
1622813536424 16600 165
1622813596085 16700 166
1622813656300 16800 167
1622813716777 16900 168
1622813777649 17000 169
1622813838912 17100 170
1622813900563 17200 171
1622813962371 17300 172
1622814024363 17400 173
1622814087194 17500 174
1622814150455 17600 175
1622814213736 17700 176
1622814277940 17800 177
1622814342350 17900 178
1622814406993 18000 179
1622814472215 18100 180
1622814537840 18200 181
1622814603654 18300 182
1622814669944 18400 183
1622814736338 18500 184
1622814803320 18600 185
1622814870518 18700 186
1622814938052 18800 187
1622815005768 18900 188
1622815074012 19000 189
1622815142498 19100 190
1622815211173 19200 191
1622815280447 19300 192
1622815350376 19400 193
1622815420307 19500 194
1622815490646 19600 195
1622815561272 19700 196
1622815632364 19800 197
1622815704327 19900 198
1622815775946 20000 199
1622815848040 20100 200
1622815920565 20200 201
1622815993463 20300 202
1622816066890 20400 203
1622816140423 20500 204
1622816214628 20600 205
1622816289013 20700 206
1622816363820 20800 207
1622816438267 20900 208
1622816513287 21000 209
1622816588806 21100 210
1622816664672 21200 211
1622816741076 21300 212
1622816817596 21400 213
1622816894922 21500 214
1622816972400 21600 215
1622817049983 21700 216
1622817128162 21800 217
1622817206640 21900 218
1622817285436 22000 219
1622817364943 22100 220
1622817445078 22200 221
1622817525365 22300 222
1622817605541 22400 223
1622817686122 22500 224
1622817767424 22600 225
1622817848873 22700 226
1622817930135 22800 227
1622818012230 22900 228
1622818094691 23000 229
1622818177436 23100 230
1622818261048 23200 231
1622818345193 23300 232
1622818429449 23400 233
1622818514369 23500 234
1622818599143 23600 235
1622818683693 23700 236
1622818769235 23800 237
1622818855201 23900 238
1622818941587 24000 239
1622819028755 24100 240
1622819116082 24200 241
1622819203641 24300 242
1622819291408 24400 243
1622819379910 24500 244
1622819468449 24600 245
1622819557306 24700 246
1622819647624 24800 247
1622819736904 24900 248
1622819826793 25000 249
1622819917207 25100 250
1622820008174 25200 251
1622820099182 25300 252
1622820190604 25400 253
1622820282758 25500 254
1622820374379 25600 255
1622820466964 25700 256
1622820560191 25800 257
1622820653028 25900 258
1622820746105 26000 259
1622820839528 26100 260
1622820933578 26200 261
1622821027809 26300 262
1622821122762 26400 263
1622821218156 26500 264
1622821313823 26600 265
1622821409564 26700 266
1622821505976 26800 267
1622821602865 26900 268
1622821699966 27000 269
1622821797308 27100 270
1622821894828 27200 271
1622821992980 27300 272
1622822091685 27400 273
1622822190743 27500 274
1622822289773 27600 275
1622822388861 27700 276
1622822489370 27800 277
1622822589750 27900 278
1622822691365 28000 279
1622822792172 28100 280
1622822893563 28200 281
1622822995394 28300 282
1622823098268 28400 283
1622823201911 28500 284
1622823306323 28600 285
1622823410675 28700 286
1622823514805 28800 287
1622823619135 28900 288
1622823724446 29000 289
1622823830325 29100 290
1622823936401 29200 291
1622824042611 29300 292
1622824148852 29400 293
1622824256040 29500 294
1622824363962 29600 295
1622824472425 29700 296
1622824580454 29800 297
1622824688312 29900 298
1622824796691 30000 299
1622824905387 30100 300
1622825014339 30200 301
1622825123828 30300 302
1622825234380 30400 303
1622825345603 30500 304
1622825457135 30600 305
1622825568456 30700 306
1622825680097 30800 307
1622825792433 30900 308
1622825905138 31000 309
1622826017584 31100 310
1622826130700 31200 311
1622826244382 31300 312
1622826358516 31400 313
1622826472748 31500 314
1622826587713 31600 315
1622826702581 31700 316
1622826818273 31800 317
1622826933708 31900 318
1622827050041 32000 319
1622827166563 32100 320
1622827283039 32200 321
1622827400039 32300 322
1622827517589 32400 323
1622827635532 32500 324
1622827754280 32600 325
1622827874574 32700 326
1622827993632 32800 327
1622828113231 32900 328
1622828232593 33000 329
1622828352990 33100 330
1622828474116 33200 331
1622828595949 33300 332
1622828716848 33400 333
1622828838201 33500 334
1622828959998 33600 335
1622829082585 33700 336
1622829205929 33800 337
1622829329530 33900 338
1622829452976 34000 339
1622829576328 34100 340
1622829700326 34200 341
1622829824772 34300 342
1622829949700 34400 343
1622830074365 34500 344
1622830199013 34600 345
1622830323892 34700 346
1622830449151 34800 347
1622830574212 34900 348
1622830700192 35000 349
1622830827503 35100 350
1622830954140 35200 351
1622831082009 35300 352
1622831211541 35400 353
1622831340525 35500 354
1622831470074 35600 355
1622831600679 35700 356
1622831731509 35800 357
1622831862912 35900 358
1622831994386 36000 359
1622832126698 36100 360
1622832259131 36200 361
1622832392267 36300 362
1622832525666 36400 363
1622832659389 36500 364
1622832794522 36600 365
1622832929531 36700 366
1622833064376 36800 367
1622833200418 36900 368
1622833336516 37000 369
1622833472357 37100 370
1622833608549 37200 371
1622833744839 37300 372
1622833882232 37400 373
1622834019394 37500 374
1622834157320 37600 375
1622834293264 37700 376
1622834430002 37800 377
1622834567916 37900 378
1622834705353 38000 379
1622834843926 38100 380
1622834983472 38200 381
1622835124074 38300 382
1622835263917 38400 383
1622835404210 38500 384
1622835545136 38600 385
1622835685014 38700 386
1622835826199 38800 387
1622835967528 38900 388
1622836110325 39000 389
1622836253104 39100 390
1622836395803 39200 391
1622836539439 39300 392
1622836683409 39400 393
1622836826842 39500 394
1622836971360 39600 395
1622837115817 39700 396
1622837260613 39800 397
1622837406193 39900 398
1622837552468 40000 399
1622837698215 40100 400
1622837844472 40200 401
1622837992107 40300 402
1622838138711 40400 403
1622838285926 40500 404
1622838433510 40600 405
1622838581150 40700 406
1622838729493 40800 407
1622838878315 40900 408
1622839028986 41000 409
1622839178193 41100 410
1622839327383 41200 411
1622839477627 41300 412
1622839627692 41400 413
1622839778437 41500 414
1622839929113 41600 415
1622840080456 41700 416
1622840232643 41800 417
1622840385216 41900 418
1622840538301 42000 419
1622840691583 42100 420
1622840845055 42200 421
1622840999490 42300 422
1622841153854 42400 423
1622841308497 42500 424
1622841464279 42600 425
1622841619850 42700 426
1622841775488 42800 427
1622841931278 42900 428
1622842087497 43000 429
1622842244263 43100 430
1622842401218 43200 431
1622842558078 43300 432
1622842714345 43400 433
1622842871621 43500 434
1622843029256 43600 435
1622843187666 43700 436
1622843345974 43800 437
1622843505201 43900 438
1622843665163 44000 439
1622843825669 44100 440
1622843985809 44200 441
1622844147054 44300 442
1622844308534 44400 443
1622844469646 44500 444
1622844631249 44600 445
1622844792593 44700 446
1622844954854 44800 447
1622845116963 44900 448
1622845280432 45000 449
1622845443876 45100 450
1622845608300 45200 451
1622845773516 45300 452
1622845939390 45400 453
1622846104286 45500 454
1622846269910 45600 455
1622846435874 45700 456
1622846602169 45800 457
1622846768360 45900 458
1622846935150 46000 459
1622847102471 46100 460
1622847270663 46200 461
1622847438331 46300 462
1622847607763 46400 463
1622847777379 46500 464
1622847947446 46600 465
1622848119679 46700 466
1622848290775 46800 467
1622848460956 46900 468
1622848633307 47000 469
1622848805117 47100 470
1622848976841 47200 471
1622849150242 47300 472
1622849324213 47400 473
1622849497550 47500 474
1622849671217 47600 475
1622849845346 47700 476
1622850019661 47800 477
1622850194365 47900 478
1622850370414 48000 479
1622850547514 48100 480
1622850724696 48200 481
1622850901505 48300 482
1622851078654 48400 483
1622851256282 48500 484
1622851434083 48600 485
1622851613161 48700 486
1622851792150 48800 487
1622851971533 48900 488
1622852150902 49000 489
1622852330620 49100 490
1622852510736 49200 491
1622852691461 49300 492
1622852872667 49400 493
1622853053087 49500 494
1622853234938 49600 495
1622853416121 49700 496
1622853595457 49800 497
1622853774458 49900 498
1622853954397 50000 499
1622854136562 50100 500
