1622808510533 0.116 0
1622808512048 0.229 1
1622808513935 0.34400000000000003 2
1622808516174 0.46 3
1622808518761 0.5750000000000001 4
1622808521687 0.6910000000000001 5
1622808524988 0.805 6
1622808528676 0.923 7
1622808532673 1.038 8
1622808537019 1.153 9
1622808541699 1.2690000000000001 10
1622808546862 1.3820000000000001 11
1622808552258 1.4960000000000002 12
1622808558038 1.6110000000000002 13
1622808564172 1.7250000000000003 14
1622808570696 1.8420000000000003 15
1622808577585 1.9600000000000004 16
1622808584816 2.0750000000000006 17
1622808592380 2.1890000000000005 18
1622808600257 2.3030000000000004 19
1622808608472 2.4200000000000004 20
1622808617078 2.5370000000000004 21
1622808626114 2.6530000000000005 22
1622808635517 2.7640000000000007 23
1622808645290 2.8770000000000007 24
1622808655467 2.992000000000001 25
1622808665919 3.109000000000001 26
1622808676707 3.225000000000001 27
1622808687925 3.338000000000001 28
1622808699508 3.451000000000001 29
1622808711412 3.568000000000001 30
1622808723676 3.683000000000001 31
1622808736239 3.797000000000001 32
1622808749211 3.910000000000001 33
1622808762515 4.024000000000001 34
1622808776171 4.139000000000001 35
1622808790203 4.253000000000001 36
1622808804649 4.369000000000001 37
1622808819333 4.481000000000001 38
1622808834462 4.597 39
1622808849859 4.711 40
1622808865647 4.8260000000000005 41
1622808881799 4.942 42
1622808898298 5.0600000000000005 43
1622808915158 5.176 44
1622808932398 5.289000000000001 45
1622808950006 5.404000000000001 46
1622808967952 5.522000000000001 47
1622808986272 5.637000000000001 48
1622809004937 5.750000000000002 49
1622809024082 5.866000000000001 50
1622809043613 5.981000000000002 51
1622809063434 6.096000000000002 52
1622809083599 6.211000000000002 53
1622809104311 6.325000000000002 54
1622809125093 6.436000000000002 55
1622809146615 6.553000000000002 56
1622809168200 6.663000000000002 57
1622809190099 6.772000000000002 58
1622809212121 6.887000000000002 59
1622809234729 6.998000000000002 60
1622809257534 7.116000000000002 61
1622809280782 7.2310000000000025 62
1622809304527 7.342000000000002 63
1622809328596 7.456000000000002 64
1622809352940 7.5660000000000025 65
1622809377609 7.6750000000000025 66
1622809402773 7.786000000000002 67
1622809428299 7.9010000000000025 68
1622809454042 8.017000000000003 69
1622809480189 8.132000000000003 70
1622809506753 8.247000000000003 71
1622809533578 8.363000000000003 72
1622809560740 8.479000000000003 73
1622809588279 8.593000000000004 74
1622809616150 8.704000000000004 75
1622809644373 8.815000000000005 76
1622809672980 8.930000000000005 77
1622809701978 9.044000000000006 78
1622809731460 9.160000000000005 79
1622809761354 9.272000000000006 80
1622809791458 9.385000000000005 81
1622809821917 9.498000000000005 82
1622809852965 9.611000000000004 83
1622809884225 9.721000000000004 84
1622809915582 9.836000000000004 85
1622809947611 9.953000000000005 86
1622809979810 10.069000000000004 87
1622810012227 10.180000000000005 88
1622810044842 10.293000000000005 89
1622810077449 10.405000000000005 90
1622810110268 10.517000000000005 91
1622810143623 10.628000000000005 92
1622810177276 10.741000000000005 93
1622810211303 10.850000000000005 94
1622810245754 10.967000000000006 95
1622810280482 11.081000000000007 96
1622810315504 11.195000000000007 97
1622810350802 11.308000000000007 98
1622810386366 11.422000000000008 99
1622810422505 11.540000000000008 100
1622810458931 11.651000000000009 101
1622810495783 11.76500000000001 102
1622810532958 11.88200000000001 103
1622810570464 11.999000000000011 104
1622810608398 12.11200000000001 105
1622810646495 12.22500000000001 106
1622810685175 12.33500000000001 107
1622810724957 12.44900000000001 108
1622810764141 12.560000000000011 109
1622810803589 12.67300000000001 110
1622810843379 12.788000000000011 111
1622810883792 12.90100000000001 112
1622810924896 13.018000000000011 113
1622810966089 13.134000000000011 114
1622811007588 13.25000000000001 115
1622811049508 13.36900000000001 116
1622811091665 13.48400000000001 117
1622811134121 13.598000000000011 118
1622811177189 13.723000000000011 119
1622811220258 13.837000000000012 120
1622811263665 13.949000000000012 121
1622811307642 14.064000000000012 122
1622811351984 14.177000000000012 123
1622811396679 14.292000000000012 124
1622811441582 14.404000000000012 125
1622811487291 14.520000000000012 126
1622811533135 14.636000000000012 127
1622811579278 14.752000000000011 128
1622811625719 14.867000000000012 129
1622811672777 14.980000000000011 130
1622811719890 15.09000000000001 131
1622811767766 15.204000000000011 132
1622811815361 15.316000000000011 133
1622811863757 15.428000000000011 134
1622811912298 15.543000000000012 135
1622811961230 15.657000000000012 136
1622812010410 15.768000000000013 137
1622812059897 15.880000000000013 138
1622812109936 15.992000000000013 139
1622812160308 16.105000000000015 140
1622812211101 16.220000000000013 141
1622812262144 16.334000000000014 142
1622812313776 16.449000000000012 143
1622812365635 16.562000000000012 144
1622812417742 16.676000000000013 145
1622812470000 16.79100000000001 146
1622812522843 16.905000000000012 147
1622812575904 17.016000000000012 148
1622812629329 17.129000000000012 149
1622812683610 17.24100000000001 150
1622812738052 17.36000000000001 151
1622812792528 17.47600000000001 152
1622812847672 17.59300000000001 153
1622812903188 17.70900000000001 154
1622812958858 17.82200000000001 155
1622813014828 17.93800000000001 156
1622813071285 18.05400000000001 157
1622813127999 18.17000000000001 158
1622813185300 18.28400000000001 159
1622813243112 18.39800000000001 160
1622813301280 18.51400000000001 161
1622813359695 18.63300000000001 162
1622813418517 18.74200000000001 163
1622813477306 18.856000000000012 164
1622813536445 18.970000000000013 165
1622813596107 19.08800000000001 166
1622813656322 19.20300000000001 167
1622813716799 19.31500000000001 168
1622813777669 19.427000000000007 169
1622813838932 19.541000000000007 170
1622813900582 19.656000000000006 171
1622813962392 19.771000000000004 172
1622814024384 19.882000000000005 173
1622814087214 19.998000000000005 174
1622814150477 20.113000000000003 175
1622814213757 20.228 176
1622814277961 20.343 177
1622814342370 20.46 178
1622814407013 20.573 179
1622814472235 20.688 180
1622814537861 20.802999999999997 181
1622814603676 20.918999999999997 182
1622814669964 21.037999999999997 183
1622814736359 21.154999999999998 184
1622814803340 21.273999999999997 185
1622814870539 21.388999999999996 186
1622814938073 21.503999999999994 187
1622815005788 21.617999999999995 188
1622815074031 21.732999999999993 189
1622815142517 21.847999999999992 190
1622815211191 21.95999999999999 191
1622815280468 22.07199999999999 192
1622815350396 22.19399999999999 193
1622815420327 22.305999999999987 194
1622815490665 22.417999999999985 195
1622815561291 22.529999999999983 196
1622815632384 22.646999999999984 197
1622815704348 22.761999999999983 198
1622815775965 22.878999999999984 199
1622815848059 22.991999999999983 200
1622815920585 23.104999999999983 201
1622815993482 23.217999999999982 202
1622816066909 23.33299999999998 203
1622816140441 23.44799999999998 204
1622816214647 23.56099999999998 205
1622816289032 23.673999999999978 206
1622816363839 23.788999999999977 207
1622816438286 23.900999999999975 208
1622816513306 24.013999999999974 209
1622816588826 24.126999999999974 210
1622816664691 24.242999999999974 211
1622816741095 24.354999999999972 212
1622816817615 24.468999999999973 213
1622816894941 24.582999999999974 214
1622816972419 24.696999999999974 215
1622817050003 24.809999999999974 216
1622817128181 24.920999999999975 217
1622817206659 25.032999999999973 218
1622817285456 25.14499999999997 219
1622817364962 25.26399999999997 220
1622817445097 25.37999999999997 221
1622817525384 25.49499999999997 222
1622817605559 25.61199999999997 223
1622817686141 25.72499999999997 224
1622817767442 25.839999999999968 225
1622817848891 25.95399999999997 226
1622817930154 26.06799999999997 227
1622818012250 26.22699999999997 228
1622818094712 26.34099999999997 229
1622818177455 26.46099999999997 230
1622818261067 26.57799999999997 231
1622818345213 26.69399999999997 232
1622818429469 26.80899999999997 233
1622818514388 26.92199999999997 234
1622818599163 27.036999999999967 235
1622818683712 27.147999999999968 236
1622818769254 27.263999999999967 237
1622818855220 27.379999999999967 238
1622818941607 27.489999999999966 239
1622819028775 27.603999999999967 240
1622819116102 27.719999999999967 241
1622819203660 27.832999999999966 242
1622819291427 27.946999999999967 243
1622819379930 28.058999999999966 244
1622819468468 28.172999999999966 245
1622819557326 28.285999999999966 246
1622819647644 28.400999999999964 247
1622819736923 28.513999999999964 248
1622819826812 28.628999999999962 249
1622819917227 28.74399999999996 250
1622820008194 28.85899999999996 251
1622820099202 28.973999999999958 252
1622820190623 29.085999999999956 253
1622820282778 29.199999999999957 254
1622820374398 29.310999999999957 255
1622820466987 29.426999999999957 256
1622820560210 29.553999999999956 257
1622820653048 29.668999999999954 258
1622820746125 29.782999999999955 259
1622820839547 29.895999999999955 260
1622820933598 30.007999999999953 261
1622821027828 30.11999999999995 262
1622821122781 30.23599999999995 263
1622821218175 30.34699999999995 264
1622821313842 30.457999999999952 265
1622821409583 30.568999999999953 266
1622821505995 30.682999999999954 267
1622821602884 30.793999999999954 268
1622821699985 30.910999999999955 269
1622821797327 31.022999999999954 270
1622821894848 31.134999999999952 271
1622821992999 31.24699999999995 272
1622822091704 31.35999999999995 273
1622822190762 31.47399999999995 274
1622822289792 31.59099999999995 275
1622822388881 31.707999999999952 276
1622822489389 31.826999999999952 277
1622822589769 31.937999999999953 278
1622822691385 32.04899999999995 279
1622822792191 32.16299999999995 280
1622822893582 32.27899999999995 281
1622822995413 32.39099999999995 282
1622823098287 32.50599999999995 283
1622823201930 32.62099999999995 284
1622823306342 32.73499999999995 285
1622823410694 32.84499999999995 286
1622823514824 32.95699999999995 287
1622823619155 33.06799999999995 288
1622823724466 33.184999999999945 289
1622823830344 33.29899999999994 290
1622823936421 33.41299999999994 291
1622824042631 33.52599999999994 292
1622824148872 33.63999999999994 293
1622824256114 33.76099999999994 294
1622824363990 33.88499999999994 295
1622824472454 33.99899999999994 296
1622824580489 34.11499999999994 297
1622824688331 34.228999999999935 298
1622824796712 34.341999999999935 299
1622824905406 34.454999999999934 300
1622825014360 34.566999999999936 301
1622825123849 34.68399999999993 302
1622825234403 34.79799999999993 303
1622825345626 34.91299999999993 304
1622825457155 35.024999999999935 305
1622825568476 35.134999999999934 306
1622825680119 35.250999999999934 307
1622825792455 35.36499999999993 308
1622825905159 35.47699999999993 309
1622826017604 35.58799999999993 310
1622826130719 35.70199999999993 311
1622826244402 35.81699999999993 312
1622826358536 35.93299999999993 313
1622826472766 36.04499999999993 314
1622826587733 36.15699999999993 315
1622826702601 36.27299999999993 316
1622826818292 36.38899999999993 317
1622826933727 36.50199999999993 318
1622827050061 36.61499999999993 319
1622827166584 36.72899999999993 320
1622827283060 36.84399999999993 321
1622827400059 36.95899999999993 322
1622827517612 37.07299999999993 323
1622827635552 37.18799999999993 324
1622827754300 37.30099999999993 325
1622827874604 37.41499999999993 326
1622827993654 37.53099999999993 327
1622828113256 37.64299999999993 328
1622828232619 37.75599999999993 329
1622828353011 37.87299999999993 330
1622828474134 37.99099999999993 331
1622828595969 38.10699999999993 332
1622828716868 38.21999999999993 333
1622828838223 38.333999999999925 334
1622828960019 38.446999999999925 335
1622829082605 38.56399999999992 336
1622829205949 38.675999999999924 337
1622829329552 38.790999999999926 338
1622829452999 38.906999999999925 339
1622829576349 39.02399999999992 340
1622829700346 39.13699999999992 341
1622829824791 39.25399999999992 342
1622829949725 39.37099999999992 343
1622830074386 39.484999999999914 344
1622830199033 39.596999999999916 345
1622830323912 39.71399999999991 346
1622830449171 39.82799999999991 347
1622830574231 39.94199999999991 348
1622830700211 40.05699999999991 349
1622830827522 40.16899999999991 350
1622830954160 40.28499999999991 351
1622831082028 40.39799999999991 352
1622831211565 40.51099999999991 353
1622831340544 40.62599999999991 354
1622831470093 40.73899999999991 355
1622831600699 40.85299999999991 356
1622831731528 40.96599999999991 357
1622831862931 41.08099999999991 358
1622831994405 41.19699999999991 359
1622832126718 41.30799999999991 360
1622832259150 41.421999999999905 361
1622832392287 41.5359999999999 362
1622832525685 41.653999999999904 363
1622832659414 41.7679999999999 364
1622832794542 41.8789999999999 365
1622832929550 41.9949999999999 366
1622833064394 42.1099999999999 367
1622833200438 42.2279999999999 368
1622833336535 42.3439999999999 369
1622833472377 42.4569999999999 370
1622833608569 42.5719999999999 371
1622833744859 42.6919999999999 372
1622833882251 42.8019999999999 373
1622834019413 42.9139999999999 374
1622834157339 43.0279999999999 375
1622834293283 43.141999999999896 376
1622834430020 43.25299999999989 377
1622834567935 43.36699999999989 378
1622834705373 43.47699999999989 379
1622834843947 43.58999999999989 380
1622834983491 43.70399999999989 381
1622835124093 43.81599999999989 382
1622835263937 43.929999999999886 383
1622835404229 44.042999999999886 384
1622835545155 44.161999999999885 385
1622835685034 44.28199999999988 386
1622835826219 44.396999999999885 387
1622835967547 44.50799999999988 388
1622836110344 44.619999999999884 389
1622836253123 44.73099999999988 390
1622836395823 44.84299999999988 391
1622836539460 44.954999999999885 392
1622836683429 45.067999999999884 393
1622836826860 45.177999999999884 394
1622836971380 45.29799999999988 395
1622837115837 45.41099999999988 396
1622837260633 45.52299999999988 397
1622837406213 45.63599999999988 398
1622837552488 45.75199999999988 399
1622837698235 45.86599999999988 400
1622837844491 45.98199999999988 401
1622837992128 46.09699999999988 402
1622838138732 46.21199999999988 403
1622838285945 46.326999999999884 404
1622838433529 46.439999999999884 405
1622838581169 46.55399999999988 406
1622838729512 46.67099999999988 407
1622838878336 46.78399999999988 408
1622839029005 46.897999999999875 409
1622839178213 47.01199999999987 410
1622839327402 47.12499999999987 411
1622839477647 47.242999999999874 412
1622839627712 47.357999999999876 413
1622839778457 47.47299999999988 414
1622839929131 47.58799999999988 415
1622840080475 47.70399999999988 416
1622840232662 47.81899999999988 417
1622840385235 47.93499999999988 418
1622840538322 48.04499999999988 419
1622840691603 48.15899999999988 420
1622840845074 48.275999999999875 421
1622840999511 48.39699999999988 422
1622841153874 48.51299999999988 423
1622841308518 48.62799999999988 424
1622841464300 48.73999999999988 425
1622841619872 48.85699999999988 426
1622841775510 48.97199999999988 427
1622841931298 49.08499999999988 428
1622842087518 49.19899999999988 429
1622842244287 49.31399999999988 430
1622842401238 49.42899999999988 431
1622842558097 49.54299999999988 432
1622842714365 49.65799999999988 433
1622842871641 49.76999999999988 434
1622843029278 49.884999999999884 435
1622843187687 49.99599999999988 436
1622843345995 50.10799999999988 437
1622843505223 50.22399999999988 438
1622843665186 50.338999999999885 439
1622843825690 50.454999999999885 440
1622843985832 50.570999999999884 441
1622844147076 50.685999999999886 442
1622844308555 50.801999999999886 443
1622844469668 50.91599999999988 444
1622844631270 51.027999999999885 445
1622844792616 51.13899999999988 446
1622844954878 51.253999999999884 447
1622845116985 51.368999999999886 448
1622845280452 51.484999999999886 449
1622845443898 51.597999999999885 450
1622845608321 51.710999999999885 451
1622845773536 51.826999999999884 452
1622845939409 51.94699999999988 453
1622846104309 52.06399999999988 454
1622846269931 52.17899999999988 455
1622846435895 52.29499999999988 456
1622846602189 52.40799999999988 457
1622846768381 52.51999999999988 458
1622846935170 52.63899999999988 459
1622847102491 52.753999999999884 460
1622847270685 52.866999999999884 461
1622847438353 52.984999999999886 462
1622847607784 53.09899999999988 463
1622847777400 53.21299999999988 464
1622847947466 53.32699999999988 465
1622848119700 53.43999999999988 466
1622848290796 53.553999999999874 467
1622848460977 53.668999999999876 468
1622848633331 53.78399999999988 469
1622848805139 53.89899999999988 470
1622848976862 54.01599999999988 471
1622849150263 54.13199999999988 472
1622849324235 54.24499999999988 473
1622849497571 54.355999999999874 474
1622849671237 54.46899999999987 475
1622849845367 54.58499999999987 476
1622850019682 54.69499999999987 477
1622850194386 54.80799999999987 478
1622850370435 54.91899999999987 479
1622850547534 55.03199999999987 480
1622850724717 55.14399999999987 481
1622850901527 55.25599999999987 482
1622851078675 55.370999999999874 483
1622851256305 55.48499999999987 484
1622851434104 55.59799999999987 485
1622851613182 55.72499999999987 486
1622851792171 55.84399999999987 487
1622851971555 55.958999999999875 488
1622852150925 56.07099999999988 489
1622852330643 56.181999999999874 490
1622852510759 56.29299999999987 491
1622852691483 56.40299999999987 492
1622852872686 56.51399999999987 493
1622853053108 56.624999999999865 494
1622853234958 56.737999999999865 495
1622853416144 56.85899999999987 496
1622853595477 56.971999999999866 497
1622853774479 57.081999999999866 498
1622853954419 57.19699999999987 499
1622854136581 57.310999999999865 500
