1622808510527 0.116 0
1622808512043 0.113 1
1622808513931 0.115 2
1622808516170 0.116 3
1622808518757 0.115 4
1622808521682 0.116 5
1622808524983 0.114 6
1622808528671 0.118 7
1622808532668 0.115 8
1622808537014 0.115 9
1622808541695 0.116 10
1622808546856 0.113 11
1622808552254 0.114 12
1622808558032 0.115 13
1622808564167 0.114 14
1622808570691 0.117 15
1622808577580 0.118 16
1622808584810 0.115 17
1622808592375 0.114 18
1622808600253 0.114 19
1622808608467 0.117 20
1622808617073 0.117 21
1622808626110 0.116 22
1622808635513 0.111 23
1622808645285 0.113 24
1622808655462 0.115 25
1622808665914 0.117 26
1622808676701 0.116 27
1622808687920 0.113 28
1622808699502 0.113 29
1622808711407 0.117 30
1622808723671 0.115 31
1622808736235 0.114 32
1622808749206 0.113 33
1622808762509 0.114 34
1622808776166 0.115 35
1622808790198 0.114 36
1622808804643 0.116 37
1622808819329 0.112 38
1622808834458 0.116 39
1622808849855 0.114 40
1622808865642 0.115 41
1622808881793 0.116 42
1622808898292 0.118 43
1622808915153 0.116 44
1622808932392 0.113 45
1622808950001 0.115 46
1622808967941 0.118 47
1622808986267 0.115 48
1622809004932 0.113 49
1622809024077 0.116 50
1622809043608 0.115 51
1622809063428 0.115 52
1622809083595 0.115 53
1622809104305 0.114 54
1622809125087 0.111 55
1622809146610 0.117 56
1622809168195 0.11 57
1622809190093 0.109 58
1622809212116 0.115 59
1622809234723 0.111 60
1622809257528 0.118 61
1622809280777 0.115 62
1622809304521 0.111 63
1622809328590 0.114 64
1622809352934 0.11 65
1622809377603 0.109 66
1622809402768 0.111 67
1622809428294 0.115 68
1622809454037 0.116 69
1622809480184 0.115 70
1622809506749 0.115 71
1622809533573 0.116 72
1622809560735 0.116 73
1622809588274 0.114 74
1622809616146 0.111 75
1622809644368 0.111 76
1622809672975 0.115 77
1622809701973 0.114 78
1622809731455 0.116 79
1622809761348 0.112 80
1622809791452 0.113 81
1622809821911 0.113 82
1622809852960 0.113 83
1622809884220 0.11 84
1622809915577 0.115 85
1622809947606 0.117 86
1622809979804 0.116 87
1622810012222 0.111 88
1622810044837 0.113 89
1622810077443 0.112 90
1622810110260 0.112 91
1622810143617 0.111 92
1622810177270 0.113 93
1622810211297 0.109 94
1622810245748 0.117 95
1622810280476 0.114 96
1622810315498 0.114 97
1622810350796 0.113 98
1622810386360 0.114 99
1622810422499 0.118 100
1622810458926 0.111 101
1622810495778 0.114 102
1622810532952 0.117 103
1622810570458 0.117 104
1622810608392 0.113 105
1622810646490 0.113 106
1622810685169 0.11 107
1622810724951 0.114 108
1622810764135 0.111 109
1622810803583 0.113 110
1622810843373 0.115 111
1622810883786 0.113 112
1622810924891 0.117 113
1622810966084 0.116 114
1622811007583 0.116 115
1622811049504 0.119 116
1622811091659 0.115 117
1622811134115 0.114 118
1622811177184 0.125 119
1622811220252 0.114 120
1622811263659 0.112 121
1622811307636 0.115 122
1622811351978 0.113 123
1622811396674 0.115 124
1622811441576 0.112 125
1622811487283 0.116 126
1622811533130 0.116 127
1622811579273 0.116 128
1622811625714 0.115 129
1622811672771 0.113 130
1622811719884 0.11 131
1622811767760 0.114 132
1622811815355 0.112 133
1622811863751 0.112 134
1622811912292 0.115 135
1622811961225 0.114 136
1622812010405 0.111 137
1622812059892 0.112 138
1622812109931 0.112 139
1622812160304 0.113 140
1622812211095 0.115 141
1622812262139 0.114 142
1622812313771 0.115 143
1622812365629 0.113 144
1622812417738 0.114 145
1622812469995 0.115 146
1622812522838 0.114 147
1622812575898 0.111 148
1622812629324 0.113 149
1622812683606 0.112 150
1622812738046 0.119 151
1622812792522 0.116 152
1622812847667 0.117 153
1622812903181 0.116 154
1622812958852 0.113 155
1622813014822 0.116 156
1622813071280 0.116 157
1622813127993 0.116 158
1622813185294 0.114 159
1622813243106 0.114 160
1622813301274 0.116 161
1622813359689 0.119 162
1622813418511 0.109 163
1622813477301 0.114 164
1622813536440 0.114 165
1622813596101 0.118 166
1622813656316 0.115 167
1622813716793 0.112 168
1622813777664 0.112 169
1622813838927 0.114 170
1622813900577 0.115 171
1622813962387 0.115 172
1622814024378 0.111 173
1622814087209 0.116 174
1622814150471 0.115 175
1622814213752 0.115 176
1622814277956 0.115 177
1622814342365 0.117 178
1622814407008 0.113 179
1622814472230 0.115 180
1622814537856 0.115 181
1622814603670 0.116 182
1622814669959 0.119 183
1622814736353 0.117 184
1622814803335 0.119 185
1622814870533 0.115 186
1622814938068 0.115 187
1622815005783 0.114 188
1622815074026 0.115 189
1622815142512 0.115 190
1622815211187 0.112 191
1622815280463 0.112 192
1622815350391 0.122 193
1622815420322 0.112 194
1622815490660 0.112 195
1622815561286 0.112 196
1622815632379 0.117 197
1622815704342 0.115 198
1622815775961 0.117 199
1622815848054 0.113 200
1622815920580 0.113 201
1622815993478 0.113 202
1622816066904 0.115 203
1622816140437 0.115 204
1622816214642 0.113 205
1622816289028 0.113 206
1622816363834 0.115 207
1622816438281 0.112 208
1622816513302 0.113 209
1622816588821 0.113 210
1622816664686 0.116 211
1622816741091 0.112 212
1622816817611 0.114 213
1622816894937 0.114 214
1622816972414 0.114 215
1622817049997 0.113 216
1622817128176 0.111 217
1622817206655 0.112 218
1622817285451 0.112 219
1622817364958 0.119 220
1622817445093 0.116 221
1622817525379 0.115 222
1622817605555 0.117 223
1622817686136 0.113 224
1622817767438 0.115 225
1622817848887 0.114 226
1622817930149 0.114 227
1622818012245 0.159 228
1622818094707 0.114 229
1622818177450 0.12 230
1622818261063 0.117 231
1622818345208 0.116 232
1622818429464 0.115 233
1622818514384 0.113 234
1622818599158 0.115 235
1622818683708 0.111 236
1622818769249 0.116 237
1622818855216 0.116 238
1622818941602 0.11 239
1622819028770 0.114 240
1622819116097 0.116 241
1622819203655 0.113 242
1622819291422 0.114 243
1622819379925 0.112 244
1622819468464 0.114 245
1622819557321 0.113 246
1622819647639 0.115 247
1622819736919 0.113 248
1622819826807 0.115 249
1622819917222 0.115 250
1622820008189 0.115 251
1622820099197 0.115 252
1622820190619 0.112 253
1622820282773 0.114 254
1622820374393 0.111 255
1622820466982 0.116 256
1622820560206 0.127 257
1622820653043 0.115 258
1622820746120 0.114 259
1622820839543 0.113 260
1622820933592 0.112 261
1622821027824 0.112 262
1622821122777 0.116 263
1622821218170 0.111 264
1622821313838 0.111 265
1622821409579 0.111 266
1622821505990 0.114 267
1622821602880 0.111 268
1622821699981 0.117 269
1622821797323 0.112 270
1622821894843 0.112 271
1622821992994 0.112 272
1622822091699 0.113 273
1622822190758 0.114 274
1622822289787 0.117 275
1622822388876 0.117 276
1622822489385 0.119 277
1622822589765 0.111 278
1622822691380 0.111 279
1622822792187 0.114 280
1622822893577 0.116 281
1622822995408 0.112 282
1622823098282 0.115 283
1622823201926 0.115 284
1622823306337 0.114 285
1622823410690 0.11 286
1622823514819 0.112 287
1622823619150 0.111 288
1622823724461 0.117 289
1622823830339 0.114 290
1622823936416 0.114 291
1622824042626 0.113 292
1622824148867 0.114 293
1622824256083 0.121 294
1622824363981 0.124 295
1622824472444 0.114 296
1622824580476 0.116 297
1622824688326 0.114 298
1622824796707 0.113 299
1622824905401 0.113 300
1622825014355 0.112 301
1622825123844 0.117 302
1622825234396 0.114 303
1622825345619 0.115 304
1622825457150 0.112 305
1622825568471 0.11 306
1622825680114 0.116 307
1622825792450 0.114 308
1622825905153 0.112 309
1622826017599 0.111 310
1622826130714 0.114 311
1622826244397 0.115 312
1622826358531 0.116 313
1622826472762 0.112 314
1622826587728 0.112 315
1622826702596 0.116 316
1622826818287 0.116 317
1622826933723 0.113 318
1622827050057 0.113 319
1622827166578 0.114 320
1622827283054 0.115 321
1622827400054 0.115 322
1622827517607 0.114 323
1622827635547 0.115 324
1622827754295 0.113 325
1622827874593 0.114 326
1622827993647 0.116 327
1622828113248 0.112 328
1622828232611 0.113 329
1622828353006 0.117 330
1622828474130 0.118 331
1622828595964 0.116 332
1622828716863 0.113 333
1622828838218 0.114 334
1622828960013 0.113 335
1622829082600 0.117 336
1622829205945 0.112 337
1622829329546 0.115 338
1622829452993 0.116 339
1622829576343 0.117 340
1622829700341 0.113 341
1622829824786 0.117 342
1622829949720 0.117 343
1622830074380 0.114 344
1622830199028 0.112 345
1622830323907 0.117 346
1622830449166 0.114 347
1622830574226 0.114 348
1622830700207 0.115 349
1622830827518 0.112 350
1622830954155 0.116 351
1622831082023 0.113 352
1622831211558 0.113 353
1622831340540 0.115 354
1622831470089 0.113 355
1622831600694 0.114 356
1622831731524 0.113 357
1622831862927 0.115 358
1622831994400 0.116 359
1622832126713 0.111 360
1622832259145 0.114 361
1622832392282 0.114 362
1622832525680 0.118 363
1622832659406 0.114 364
1622832794537 0.111 365
1622832929545 0.116 366
1622833064390 0.115 367
1622833200433 0.118 368
1622833336531 0.116 369
1622833472372 0.113 370
1622833608564 0.115 371
1622833744854 0.12 372
1622833882246 0.11 373
1622834019409 0.112 374
1622834157335 0.114 375
1622834293279 0.114 376
1622834430016 0.111 377
1622834567931 0.114 378
1622834705368 0.11 379
1622834843942 0.113 380
1622834983486 0.114 381
1622835124089 0.112 382
1622835263932 0.114 383
1622835404225 0.113 384
1622835545150 0.119 385
1622835685029 0.12 386
1622835826214 0.115 387
1622835967543 0.111 388
1622836110340 0.112 389
1622836253118 0.111 390
1622836395818 0.112 391
1622836539454 0.112 392
1622836683424 0.113 393
1622836826856 0.11 394
1622836971375 0.12 395
1622837115832 0.113 396
1622837260628 0.112 397
1622837406208 0.113 398
1622837552483 0.116 399
1622837698230 0.114 400
1622837844487 0.116 401
1622837992123 0.115 402
1622838138727 0.115 403
1622838285941 0.115 404
1622838433524 0.113 405
1622838581164 0.114 406
1622838729507 0.117 407
1622838878330 0.113 408
1622839029001 0.114 409
1622839178208 0.114 410
1622839327397 0.113 411
1622839477642 0.118 412
1622839627707 0.115 413
1622839778452 0.115 414
1622839929127 0.115 415
1622840080470 0.116 416
1622840232657 0.115 417
1622840385231 0.116 418
1622840538317 0.11 419
1622840691599 0.114 420
1622840845069 0.117 421
1622840999506 0.121 422
1622841153869 0.116 423
1622841308512 0.115 424
1622841464294 0.112 425
1622841619866 0.117 426
1622841775504 0.115 427
1622841931292 0.113 428
1622842087512 0.114 429
1622842244280 0.115 430
1622842401234 0.115 431
1622842558092 0.114 432
1622842714360 0.115 433
1622842871636 0.112 434
1622843029272 0.115 435
1622843187681 0.111 436
1622843345989 0.112 437
1622843505217 0.116 438
1622843665179 0.115 439
1622843825684 0.116 440
1622843985826 0.116 441
1622844147070 0.115 442
1622844308549 0.116 443
1622844469662 0.114 444
1622844631264 0.112 445
1622844792610 0.111 446
1622844954872 0.115 447
1622845116978 0.115 448
1622845280447 0.116 449
1622845443892 0.113 450
1622845608316 0.113 451
1622845773531 0.116 452
1622845939405 0.12 453
1622846104302 0.117 454
1622846269925 0.115 455
1622846435890 0.116 456
1622846602184 0.113 457
1622846768376 0.112 458
1622846935165 0.119 459
1622847102486 0.115 460
1622847270679 0.113 461
1622847438348 0.118 462
1622847607778 0.114 463
1622847777394 0.114 464
1622847947461 0.114 465
1622848119694 0.113 466
1622848290791 0.114 467
1622848460971 0.115 468
1622848633324 0.115 469
1622848805132 0.115 470
1622848976857 0.117 471
1622849150258 0.116 472
1622849324230 0.113 473
1622849497565 0.111 474
1622849671232 0.113 475
1622849845361 0.116 476
1622850019676 0.11 477
1622850194380 0.113 478
1622850370429 0.111 479
1622850547528 0.113 480
1622850724712 0.112 481
1622850901521 0.112 482
1622851078670 0.115 483
1622851256299 0.114 484
1622851434098 0.113 485
1622851613176 0.127 486
1622851792165 0.119 487
1622851971549 0.115 488
1622852150919 0.112 489
1622852330637 0.111 490
1622852510752 0.111 491
1622852691477 0.11 492
1622852872681 0.111 493
1622853053102 0.111 494
1622853234953 0.113 495
1622853416138 0.121 496
1622853595472 0.113 497
1622853774473 0.11 498
1622853954412 0.115 499
1622854136576 0.114 500
