1622591892009 50 0
1622591892597 60 1
1622591893159 70 2
1622591893740 80 3
1622591894379 90 4
1622591895048 100 5
1622591895754 110 6
1622591896495 120 7
1622591897261 130 8
1622591898078 140 9
1622591898932 150 10
1622591899791 160 11
1622591900701 170 12
1622591901668 180 13
1622591902651 190 14
1622591903670 200 15
1622591904732 210 16
1622591905817 220 17
1622591906959 230 18
1622591908136 240 19
1622591909342 250 20
1622591910578 260 21
1622591911847 270 22
1622591913158 280 23
1622591914489 290 24
1622591915857 300 25
1622591917287 310 26
1622591918839 320 27
1622591920380 330 28
1622591921939 340 29
1622591923552 350 30
1622591925174 360 31
1622591926848 370 32
1622591928498 380 33
1622591930201 390 34
1622591931952 400 35
1622591933696 410 36
1622591935510 420 37
1622591937378 430 38
1622591939289 440 39
1622591941240 450 40
1622591943233 460 41
1622591945254 470 42
1622591947347 480 43
1622591949433 490 44
1622591951567 500 45
1622591953716 510 46
1622591955928 520 47
1622591958160 530 48
1622591960458 540 49
1622591962820 550 50
1622591965195 560 51
1622591967566 570 52
1622591970028 580 53
1622591972478 590 54
1622591974981 600 55
1622591977467 610 56
1622591980038 620 57
1622591982645 630 58
1622591985346 640 59
1622591988144 650 60
1622591990991 660 61
1622591994037 670 62
1622591997009 680 63
1622592000048 690 64
1622592003069 700 65
1622592006001 710 66
1622592008909 720 67
1622592011904 730 68
1622592014925 740 69
1622592018195 750 70
1622592021312 760 71
1622592024401 770 72
1622592027524 780 73
1622592030727 790 74
1622592034011 800 75
1622592037331 810 76
1622592040643 820 77
1622592044018 830 78
1622592047398 840 79
1622592050788 850 80
1622592054210 860 81
1622592057678 870 82
1622592061162 880 83
1622592064721 890 84
1622592068292 900 85
1622592071977 910 86
1622592075646 920 87
1622592079365 930 88
1622592083171 940 89
1622592087062 950 90
1622592090899 960 91
1622592094775 970 92
1622592098656 980 93
1622592102536 990 94
1622592106494 1000 95
1622592110442 1010 96
1622592114467 1020 97
1622592118525 1030 98
1622592122598 1040 99
1622592126757 1050 100
1622592130941 1060 101
1622592135192 1070 102
1622592139445 1080 103
1622592143640 1090 104
1622592148017 1100 105
1622592152354 1110 106
1622592156752 1120 107
1622592161171 1130 108
1622592165588 1140 109
1622592170092 1150 110
1622592174597 1160 111
1622592179176 1170 112
1622592183759 1180 113
1622592188370 1190 114
1622592193025 1200 115
1622592197672 1210 116
1622592202384 1220 117
1622592207296 1230 118
1622592212152 1240 119
1622592217007 1250 120
1622592221927 1260 121
1622592227861 1270 122
1622592232926 1280 123
1622592238069 1290 124
1622592243181 1300 125
1622592248284 1310 126
1622592253437 1320 127
1622592258555 1330 128
1622592264283 1340 129
1622592269575 1350 130
1622592274825 1360 131
1622592280094 1370 132
1622592285527 1380 133
1622592290830 1390 134
1622592296249 1400 135
1622592301702 1410 136
1622592307325 1420 137
1622592312893 1430 138
1622592318427 1440 139
1622592323999 1450 140
1622592329629 1460 141
1622592335370 1470 142
1622592341488 1480 143
1622592347441 1490 144
1622592353152 1500 145
1622592359099 1510 146
1622592365070 1520 147
1622592371066 1530 148
1622592377125 1540 149
1622592382980 1550 150
1622592388941 1560 151
1622592394993 1570 152
1622592401203 1580 153
1622592407291 1590 154
1622592413393 1600 155
1622592419588 1610 156
1622592425851 1620 157
1622592432225 1630 158
1622592438548 1640 159
1622592444845 1650 160
1622592451348 1660 161
1622592457842 1670 162
1622592464349 1680 163
1622592470766 1690 164
1622592477265 1700 165
1622592483690 1710 166
1622592490124 1720 167
1622592496712 1730 168
1622592503297 1740 169
1622592509876 1750 170
1622592516531 1760 171
1622592523159 1770 172
1622592529915 1780 173
1622592536615 1790 174
1622592543366 1800 175
1622592550155 1810 176
1622592556935 1820 177
1622592563865 1830 178
1622592570885 1840 179
1622592577828 1850 180
1622592584876 1860 181
1622592591919 1870 182
1622592599135 1880 183
1622592606578 1890 184
1622592613747 1900 185
1622592620922 1910 186
1622592628165 1920 187
1622592635363 1930 188
1622592642678 1940 189
1622592650199 1950 190
1622592657577 1960 191
1622592664972 1970 192
1622592672428 1980 193
1622592679880 1990 194
1622592687393 2000 195
1622592694979 2010 196
1622592702545 2020 197
1622592710163 2030 198
1622592717835 2040 199
1622592725530 2050 200
1622592733367 2060 201
1622592741338 2070 202
1622592749166 2080 203
1622592757275 2090 204
1622592765324 2100 205
1622592773330 2110 206
1622592781363 2120 207
1622592789443 2130 208
1622592797483 2140 209
1622592805659 2150 210
1622592814208 2160 211
1622592822414 2170 212
1622592830681 2180 213
1622592838945 2190 214
1622592847362 2200 215
1622592855702 2210 216
1622592864051 2220 217
1622592872587 2230 218
1622592881501 2240 219
1622592889988 2250 220
1622592898595 2260 221
1622592907148 2270 222
1622592915728 2280 223
1622592924445 2290 224
1622592933187 2300 225
1622592941956 2310 226
1622592950778 2320 227
1622592959659 2330 228
1622592968507 2340 229
1622592977419 2350 230
1622592986271 2360 231
1622592996072 2370 232
1622593005758 2380 233
1622593015331 2390 234
1622593024799 2400 235
1622593033899 2410 236
1622593043084 2420 237
1622593052384 2430 238
1622593061590 2440 239
1622593070830 2450 240
1622593080153 2460 241
1622593089595 2470 242
1622593099024 2480 243
1622593108467 2490 244
1622593117899 2500 245
1622593127341 2510 246
1622593136965 2520 247
1622593146575 2530 248
1622593156305 2540 249
1622593166007 2550 250
1622593175772 2560 251
1622593185465 2570 252
1622593195251 2580 253
1622593205050 2590 254
1622593214920 2600 255
1622593224683 2610 256
1622593234462 2620 257
1622593244325 2630 258
1622593254278 2640 259
1622593264241 2650 260
1622593274339 2660 261
1622593284456 2670 262
1622593294599 2680 263
1622593304651 2690 264
1622593314815 2700 265
1622593325028 2710 266
1622593335260 2720 267
1622593345712 2730 268
1622593356681 2740 269
1622593366965 2750 270
1622593377331 2760 271
1622593387756 2770 272
1622593398178 2780 273
1622593408863 2790 274
1622593419572 2800 275
1622593430871 2810 276
1622593441403 2820 277
1622593452191 2830 278
1622593463155 2840 279
1622593473765 2850 280
1622593484483 2860 281
1622593495164 2870 282
1622593505890 2880 283
1622593516679 2890 284
1622593527460 2900 285
1622593538316 2910 286
1622593549551 2920 287
1622593560480 2930 288
1622593571457 2940 289
1622593582532 2950 290
1622593593617 2960 291
1622593604904 2970 292
1622593616089 2980 293
1622593627350 2990 294
1622593638561 3000 295
1622593649835 3010 296
1622593661259 3020 297
1622593672758 3030 298
1622593684245 3040 299
1622593695724 3050 300
1622593708024 3060 301
1622593719408 3070 302
1622593730889 3080 303
1622593742380 3090 304
1622593753842 3100 305
1622593765525 3110 306
1622593777704 3120 307
1622593789764 3130 308
1622593802884 3140 309
1622593815274 3150 310
1622593827287 3160 311
1622593839093 3170 312
1622593850895 3180 313
1622593863119 3190 314
1622593875296 3200 315
1622593887252 3210 316
1622593899766 3220 317
1622593912279 3230 318
1622593925279 3240 319
1622593938149 3250 320
1622593951526 3260 321
1622593964582 3270 322
1622593976870 3280 323
1622593989461 3290 324
1622594001976 3300 325
1622594015012 3310 326
1622594027916 3320 327
1622594040475 3330 328
1622594053163 3340 329
1622594066206 3350 330
1622594079008 3360 331
1622594092196 3370 332
1622594105569 3380 333
1622594118614 3390 334
1622594132324 3400 335
1622594145939 3410 336
1622594159299 3420 337
1622594172462 3430 338
1622594186082 3440 339
1622594199063 3450 340
1622594213052 3460 341
1622594226881 3470 342
1622594240454 3480 343
1622594253546 3490 344
1622594267140 3500 345
1622594281808 3510 346
1622594295834 3520 347
1622594309178 3530 348
1622594322436 3540 349
1622594335624 3550 350
1622594348906 3560 351
1622594362133 3570 352
1622594375347 3580 353
1622594389063 3590 354
1622594403012 3600 355
1622594416517 3610 356
1622594430974 3620 357
1622594445144 3630 358
1622594458882 3640 359
1622594472691 3650 360
1622594486312 3660 361
1622594499992 3670 362
1622594513619 3680 363
1622594527753 3690 364
1622594541601 3700 365
1622594555426 3710 366
1622594569197 3720 367
1622594584186 3730 368
1622594598242 3740 369
1622594612840 3750 370
1622594626909 3760 371
1622594640749 3770 372
1622594655018 3780 373
1622594669075 3790 374
1622594683239 3800 375
1622594698332 3810 376
1622594712827 3820 377
1622594727048 3830 378
1622594742466 3840 379
1622594758016 3850 380
1622594772811 3860 381
1622594787042 3870 382
1622594801290 3880 383
1622594816110 3890 384
1622594830503 3900 385
1622594845106 3910 386
1622594859581 3920 387
1622594874107 3930 388
1622594888623 3940 389
1622594903191 3950 390
1622594917826 3960 391
1622594932531 3970 392
1622594947715 3980 393
1622594963545 3990 394
1622594979324 4000 395
1622594994494 4010 396
1622595009529 4020 397
1622595024646 4030 398
1622595040547 4040 399
1622595056656 4050 400
1622595071793 4060 401
1622595088675 4070 402
1622595105010 4080 403
1622595120445 4090 404
1622595135595 4100 405
1622595151025 4110 406
1622595166279 4120 407
1622595182660 4130 408
1622595197900 4140 409
1622595213084 4150 410
1622595228760 4160 411
1622595244738 4170 412
1622595260082 4180 413
1622595275440 4190 414
1622595290877 4200 415
1622595306431 4210 416
1622595322166 4220 417
1622595338486 4230 418
1622595355108 4240 419
1622595371328 4250 420
1622595387924 4260 421
1622595403705 4270 422
1622595419421 4280 423
1622595435362 4290 424
1622595451928 4300 425
1622595468058 4310 426
1622595484315 4320 427
1622595500332 4330 428
1622595516547 4340 429
1622595532975 4350 430
1622595549058 4360 431
1622595565343 4370 432
1622595581751 4380 433
1622595598078 4390 434
1622595614446 4400 435
1622595630951 4410 436
1622595647527 4420 437
1622595663806 4430 438
1622595680258 4440 439
1622595697111 4450 440
1622595713501 4460 441
1622595731039 4470 442
1622595747494 4480 443
1622595764808 4490 444
1622595781322 4500 445
1622595798126 4510 446
1622595814923 4520 447
1622595831703 4530 448
1622595848472 4540 449
1622595865206 4550 450
1622595881967 4560 451
1622595898812 4570 452
1622595915762 4580 453
1622595932810 4590 454
1622595949881 4600 455
1622595967024 4610 456
1622595984139 4620 457
1622596001473 4630 458
1622596018687 4640 459
1622596035765 4650 460
1622596052996 4660 461
1622596070460 4670 462
1622596087838 4680 463
1622596105188 4690 464
1622596122722 4700 465
1622596140088 4710 466
1622596157400 4720 467
1622596174795 4730 468
1622596192972 4740 469
1622596210826 4750 470
1622596228459 4760 471
1622596246278 4770 472
1622596264119 4780 473
1622596281761 4790 474
1622596299862 4800 475
1622596317473 4810 476
1622596336281 4820 477
1622596354110 4830 478
1622596372050 4840 479
1622596389997 4850 480
1622596407935 4860 481
1622596425906 4870 482
1622596443902 4880 483
1622596461951 4890 484
1622596479984 4900 485
1622596498098 4910 486
1622596517476 4920 487
1622596535832 4930 488
1622596554126 4940 489
1622596572435 4950 490
1622596590874 4960 491
1622596609156 4970 492
1622596627320 4980 493
1622596645617 4990 494
1622596663848 5000 495
1622596682206 5010 496
1622596700659 5020 497
1622596718993 5030 498
1622596737500 5040 499
1622596756272 5050 500
