1622591891996 0.9300450025890534 0
1622591892587 0.9231610884788574 1
1622591893149 0.91299511013473 2
1622591893730 0.91299511013473 3
1622591894369 0.91299511013473 4
1622591895037 0.91299511013473 5
1622591895745 0.91299511013473 6
1622591896486 0.91299511013473 7
1622591897252 0.91299511013473 8
1622591898068 0.91299511013473 9
1622591898922 0.91299511013473 10
1622591899782 0.91299511013473 11
1622591900691 0.91299511013473 12
1622591901658 0.91299511013473 13
1622591902642 0.91299511013473 14
1622591903660 0.91299511013473 15
1622591904722 0.91299511013473 16
1622591905807 0.91299511013473 17
1622591906949 0.91299511013473 18
1622591908127 0.91299511013473 19
1622591909332 0.91299511013473 20
1622591910569 0.91299511013473 21
1622591911837 0.91299511013473 22
1622591913148 0.91299511013473 23
1622591914480 0.91299511013473 24
1622591915847 0.91299511013473 25
1622591917277 0.91299511013473 26
1622591918829 0.91299511013473 27
1622591920370 0.91299511013473 28
1622591921931 0.91299511013473 29
1622591923543 0.91299511013473 30
1622591925164 0.91299511013473 31
1622591926839 0.91299511013473 32
1622591928488 0.91299511013473 33
1622591930192 0.91299511013473 34
1622591931942 0.91299511013473 35
1622591933688 0.91299511013473 36
1622591935500 0.91299511013473 37
1622591937366 0.91299511013473 38
1622591939280 0.91299511013473 39
1622591941231 0.91299511013473 40
1622591943225 0.91299511013473 41
1622591945245 0.91299511013473 42
1622591947338 0.91299511013473 43
1622591949424 0.91299511013473 44
1622591951559 0.91299511013473 45
1622591953707 0.91299511013473 46
1622591955919 0.91299511013473 47
1622591958150 0.91299511013473 48
1622591960448 0.91299511013473 49
1622591962811 0.91299511013473 50
1622591965185 0.91299511013473 51
1622591967557 0.91299511013473 52
1622591970019 0.91299511013473 53
1622591972469 0.91299511013473 54
1622591974972 0.91299511013473 55
1622591977458 0.91299511013473 56
1622591980028 0.91299511013473 57
1622591982635 0.91299511013473 58
1622591985335 0.91299511013473 59
1622591988134 0.91299511013473 60
1622591990980 0.91299511013473 61
1622591994026 0.91299511013473 62
1622591996999 0.91299511013473 63
1622592000038 0.91299511013473 64
1622592003059 0.91299511013473 65
1622592005991 0.91299511013473 66
1622592008898 0.91299511013473 67
1622592011893 0.91299511013473 68
1622592014915 0.91299511013473 69
1622592018185 0.91299511013473 70
1622592021302 0.91299511013473 71
1622592024392 0.91299511013473 72
1622592027515 0.91299511013473 73
1622592030718 0.91299511013473 74
1622592034001 0.91299511013473 75
1622592037321 0.91299511013473 76
1622592040633 0.91299511013473 77
1622592044008 0.91299511013473 78
1622592047389 0.91299511013473 79
1622592050778 0.91299511013473 80
1622592054201 0.91299511013473 81
1622592057668 0.91299511013473 82
1622592061153 0.91299511013473 83
1622592064711 0.91299511013473 84
1622592068282 0.91299511013473 85
1622592071968 0.91299511013473 86
1622592075637 0.91299511013473 87
1622592079356 0.91299511013473 88
1622592083162 0.91299511013473 89
1622592087052 0.91299511013473 90
1622592090890 0.91299511013473 91
1622592094765 0.91299511013473 92
1622592098646 0.91299511013473 93
1622592102526 0.91299511013473 94
1622592106485 0.91299511013473 95
1622592110431 0.91299511013473 96
1622592114458 0.91299511013473 97
1622592118516 0.91299511013473 98
1622592122589 0.91299511013473 99
1622592126747 0.91299511013473 100
1622592130932 0.91299511013473 101
1622592135181 0.91299511013473 102
1622592139435 0.91299511013473 103
1622592143631 0.91299511013473 104
1622592148007 0.91299511013473 105
1622592152344 0.91299511013473 106
1622592156743 0.91299511013473 107
1622592161161 0.91299511013473 108
1622592165578 0.91299511013473 109
1622592170083 0.91299511013473 110
1622592174587 0.91299511013473 111
1622592179166 0.91299511013473 112
1622592183750 0.91299511013473 113
1622592188360 0.91299511013473 114
1622592193016 0.91299511013473 115
1622592197662 0.91299511013473 116
1622592202374 0.91299511013473 117
1622592207286 0.91299511013473 118
1622592212142 0.91299511013473 119
1622592216998 0.91299511013473 120
1622592221917 0.91299511013473 121
1622592227852 0.91299511013473 122
1622592232913 0.91299511013473 123
1622592238059 0.91299511013473 124
1622592243171 0.91299511013473 125
1622592248274 0.91299511013473 126
1622592253423 0.91299511013473 127
1622592258545 0.91299511013473 128
1622592264273 0.91299511013473 129
1622592269559 0.91299511013473 130
1622592274813 0.91299511013473 131
1622592280086 0.91299511013473 132
1622592285516 0.91299511013473 133
1622592290821 0.91299511013473 134
1622592296239 0.91299511013473 135
1622592301693 0.91299511013473 136
1622592307308 0.91299511013473 137
1622592312867 0.91299511013473 138
1622592318418 0.91299511013473 139
1622592323988 0.91299511013473 140
1622592329619 0.91299511013473 141
1622592335361 0.91299511013473 142
1622592341475 0.91299511013473 143
1622592347431 0.91299511013473 144
1622592353142 0.91299511013473 145
1622592359088 0.91299511013473 146
1622592365060 0.91299511013473 147
1622592371058 0.91299511013473 148
1622592377113 0.91299511013473 149
1622592382970 0.91299511013473 150
1622592388930 0.91299511013473 151
1622592394983 0.91299511013473 152
1622592401193 0.91299511013473 153
1622592407281 0.91299511013473 154
1622592413383 0.91299511013473 155
1622592419578 0.91299511013473 156
1622592425841 0.91299511013473 157
1622592432215 0.91299511013473 158
1622592438538 0.91299511013473 159
1622592444836 0.91299511013473 160
1622592451338 0.91299511013473 161
1622592457832 0.91299511013473 162
1622592464339 0.91299511013473 163
1622592470756 0.91299511013473 164
1622592477256 0.91299511013473 165
1622592483681 0.91299511013473 166
1622592490115 0.91299511013473 167
1622592496703 0.91299511013473 168
1622592503288 0.91299511013473 169
1622592509867 0.91299511013473 170
1622592516522 0.91299511013473 171
1622592523149 0.91299511013473 172
1622592529905 0.91299511013473 173
1622592536606 0.91299511013473 174
1622592543356 0.91299511013473 175
1622592550145 0.91299511013473 176
1622592556926 0.91299511013473 177
1622592563855 0.91299511013473 178
1622592570875 0.91299511013473 179
1622592577818 0.91299511013473 180
1622592584867 0.91299511013473 181
1622592591909 0.91299511013473 182
1622592599126 0.91299511013473 183
1622592606569 0.91299511013473 184
1622592613736 0.91299511013473 185
1622592620913 0.91299511013473 186
1622592628155 0.91299511013473 187
1622592635354 0.91299511013473 188
1622592642668 0.91299511013473 189
1622592650189 0.91299511013473 190
1622592657567 0.91299511013473 191
1622592664962 0.91299511013473 192
1622592672419 0.91299511013473 193
1622592679871 0.91299511013473 194
1622592687384 0.91299511013473 195
1622592694969 0.91299511013473 196
1622592702535 0.91299511013473 197
1622592710153 0.91299511013473 198
1622592717825 0.91299511013473 199
1622592725520 0.91299511013473 200
1622592733351 0.91299511013473 201
1622592741327 0.91299511013473 202
1622592749157 0.91299511013473 203
1622592757266 0.91299511013473 204
1622592765314 0.91299511013473 205
1622592773321 0.91299511013473 206
1622592781354 0.91299511013473 207
1622592789433 0.91299511013473 208
1622592797473 0.91299511013473 209
1622592805649 0.91299511013473 210
1622592814198 0.91299511013473 211
1622592822404 0.91299511013473 212
1622592830672 0.91299511013473 213
1622592838935 0.91299511013473 214
1622592847353 0.91299511013473 215
1622592855693 0.91299511013473 216
1622592864041 0.91299511013473 217
1622592872578 0.91299511013473 218
1622592881491 0.91299511013473 219
1622592889979 0.91299511013473 220
1622592898586 0.91299511013473 221
1622592907139 0.91299511013473 222
1622592915719 0.91299511013473 223
1622592924437 0.91299511013473 224
1622592933178 0.91299511013473 225
1622592941947 0.91299511013473 226
1622592950770 0.91299511013473 227
1622592959650 0.91299511013473 228
1622592968499 0.91299511013473 229
1622592977410 0.91299511013473 230
1622592986261 0.91299511013473 231
1622592996062 0.91299511013473 232
1622593005748 0.91299511013473 233
1622593015320 0.91299511013473 234
1622593024789 0.91299511013473 235
1622593033890 0.91299511013473 236
1622593043075 0.91299511013473 237
1622593052374 0.91299511013473 238
1622593061580 0.91299511013473 239
1622593070821 0.91299511013473 240
1622593080143 0.91299511013473 241
1622593089585 0.91299511013473 242
1622593099014 0.91299511013473 243
1622593108457 0.91299511013473 244
1622593117890 0.91299511013473 245
1622593127332 0.91299511013473 246
1622593136955 0.91299511013473 247
1622593146564 0.91299511013473 248
1622593156295 0.91299511013473 249
1622593165998 0.91299511013473 250
1622593175763 0.91299511013473 251
1622593185455 0.91299511013473 252
1622593195241 0.91299511013473 253
1622593205040 0.91299511013473 254
1622593214911 0.91299511013473 255
1622593224674 0.91299511013473 256
1622593234452 0.91299511013473 257
1622593244315 0.91299511013473 258
1622593254268 0.91299511013473 259
1622593264231 0.91299511013473 260
1622593274329 0.91299511013473 261
1622593284447 0.91299511013473 262
1622593294589 0.91299511013473 263
1622593304642 0.91299511013473 264
1622593314807 0.91299511013473 265
1622593325019 0.91299511013473 266
1622593335251 0.91299511013473 267
1622593345702 0.91299511013473 268
1622593356672 0.91299511013473 269
1622593366956 0.91299511013473 270
1622593377323 0.91299511013473 271
1622593387746 0.91299511013473 272
1622593398168 0.91299511013473 273
1622593408853 0.91299511013473 274
1622593419562 0.91299511013473 275
1622593430861 0.91299511013473 276
1622593441394 0.91299511013473 277
1622593452181 0.91299511013473 278
1622593463145 0.91299511013473 279
1622593473755 0.91299511013473 280
1622593484474 0.91299511013473 281
1622593495154 0.91299511013473 282
1622593505881 0.91299511013473 283
1622593516670 0.91299511013473 284
1622593527451 0.91299511013473 285
1622593538307 0.91299511013473 286
1622593549541 0.91299511013473 287
1622593560471 0.91299511013473 288
1622593571448 0.91299511013473 289
1622593582523 0.91299511013473 290
1622593593607 0.91299511013473 291
1622593604892 0.91299511013473 292
1622593616079 0.91299511013473 293
1622593627340 0.91299511013473 294
1622593638552 0.91299511013473 295
1622593649824 0.91299511013473 296
1622593661249 0.91299511013473 297
1622593672748 0.91299511013473 298
1622593684236 0.91299511013473 299
1622593695714 0.91299511013473 300
1622593708015 0.91299511013473 301
1622593719399 0.91299511013473 302
1622593730879 0.91299511013473 303
1622593742372 0.91299511013473 304
1622593753834 0.91299511013473 305
1622593765516 0.91299511013473 306
1622593777695 0.91299511013473 307
1622593789755 0.91299511013473 308
1622593802873 0.91299511013473 309
1622593815264 0.91299511013473 310
1622593827277 0.91299511013473 311
1622593839083 0.91299511013473 312
1622593850885 0.91299511013473 313
1622593863109 0.91299511013473 314
1622593875286 0.91299511013473 315
1622593887243 0.91299511013473 316
1622593899756 0.91299511013473 317
1622593912269 0.91299511013473 318
1622593925269 0.91299511013473 319
1622593938139 0.91299511013473 320
1622593951517 0.91299511013473 321
1622593964573 0.91299511013473 322
1622593976857 0.91299511013473 323
1622593989451 0.91299511013473 324
1622594001967 0.91299511013473 325
1622594015003 0.91299511013473 326
1622594027907 0.91299511013473 327
1622594040466 0.91299511013473 328
1622594053154 0.91299511013473 329
1622594066197 0.91299511013473 330
1622594078998 0.91299511013473 331
1622594092186 0.91299511013473 332
1622594105559 0.91299511013473 333
1622594118604 0.91299511013473 334
1622594132314 0.91299511013473 335
1622594145929 0.91299511013473 336
1622594159290 0.91299511013473 337
1622594172452 0.91299511013473 338
1622594186073 0.91299511013473 339
1622594199054 0.91299511013473 340
1622594213042 0.91299511013473 341
1622594226871 0.91299511013473 342
1622594240445 0.91299511013473 343
1622594253537 0.91299511013473 344
1622594267132 0.91299511013473 345
1622594281798 0.91299511013473 346
1622594295824 0.91299511013473 347
1622594309168 0.91299511013473 348
1622594322426 0.91299511013473 349
1622594335615 0.91299511013473 350
1622594348896 0.91299511013473 351
1622594362123 0.91299511013473 352
1622594375339 0.91299511013473 353
1622594389054 0.91299511013473 354
1622594403003 0.91299511013473 355
1622594416505 0.91299511013473 356
1622594430964 0.91299511013473 357
1622594445135 0.91299511013473 358
1622594458873 0.91299511013473 359
1622594472683 0.91299511013473 360
1622594486302 0.91299511013473 361
1622594499982 0.91299511013473 362
1622594513610 0.91299511013473 363
1622594527742 0.91299511013473 364
1622594541591 0.91299511013473 365
1622594555417 0.91299511013473 366
1622594569187 0.91299511013473 367
1622594584177 0.91299511013473 368
1622594598233 0.91299511013473 369
1622594612832 0.91299511013473 370
1622594626901 0.91299511013473 371
1622594640741 0.91299511013473 372
1622594655008 0.91299511013473 373
1622594669066 0.91299511013473 374
1622594683229 0.91299511013473 375
1622594698320 0.91299511013473 376
1622594712818 0.91299511013473 377
1622594727038 0.91299511013473 378
1622594742457 0.91299511013473 379
1622594758006 0.91299511013473 380
1622594772802 0.91299511013473 381
1622594787032 0.91299511013473 382
1622594801280 0.91299511013473 383
1622594816100 0.91299511013473 384
1622594830493 0.91299511013473 385
1622594845097 0.91299511013473 386
1622594859572 0.91299511013473 387
1622594874097 0.91299511013473 388
1622594888612 0.91299511013473 389
1622594903182 0.91299511013473 390
1622594917817 0.91299511013473 391
1622594932521 0.91299511013473 392
1622594947706 0.91299511013473 393
1622594963536 0.91299511013473 394
1622594979314 0.91299511013473 395
1622594994485 0.91299511013473 396
1622595009521 0.91299511013473 397
1622595024637 0.91299511013473 398
1622595040537 0.91299511013473 399
1622595056647 0.91299511013473 400
1622595071784 0.91299511013473 401
1622595088665 0.91299511013473 402
1622595105001 0.91299511013473 403
1622595120436 0.91299511013473 404
1622595135586 0.91299511013473 405
1622595151016 0.91299511013473 406
1622595166270 0.91299511013473 407
1622595182651 0.91299511013473 408
1622595197891 0.91299511013473 409
1622595213075 0.91299511013473 410
1622595228751 0.91299511013473 411
1622595244729 0.91299511013473 412
1622595260073 0.91299511013473 413
1622595275431 0.91299511013473 414
1622595290868 0.91299511013473 415
1622595306421 0.91299511013473 416
1622595322157 0.91299511013473 417
1622595338477 0.91299511013473 418
1622595355099 0.91299511013473 419
1622595371318 0.91299511013473 420
1622595387915 0.91299511013473 421
1622595403696 0.91299511013473 422
1622595419413 0.91299511013473 423
1622595435353 0.91299511013473 424
1622595451918 0.91299511013473 425
1622595468049 0.91299511013473 426
1622595484305 0.91299511013473 427
1622595500323 0.91299511013473 428
1622595516537 0.91299511013473 429
1622595532965 0.91299511013473 430
1622595549047 0.91299511013473 431
1622595565333 0.91299511013473 432
1622595581742 0.91299511013473 433
1622595598070 0.91299511013473 434
1622595614437 0.91299511013473 435
1622595630941 0.91299511013473 436
1622595647517 0.91299511013473 437
1622595663796 0.91299511013473 438
1622595680249 0.91299511013473 439
1622595697101 0.91299511013473 440
1622595713492 0.91299511013473 441
1622595731030 0.91299511013473 442
1622595747485 0.91299511013473 443
1622595764798 0.91299511013473 444
1622595781313 0.91299511013473 445
1622595798115 0.91299511013473 446
1622595814912 0.91299511013473 447
1622595831693 0.91299511013473 448
1622595848462 0.91299511013473 449
1622595865196 0.91299511013473 450
1622595881958 0.91299511013473 451
1622595898803 0.91299511013473 452
1622595915753 0.91299511013473 453
1622595932797 0.91299511013473 454
1622595949872 0.91299511013473 455
1622595967015 0.91299511013473 456
1622595984129 0.91299511013473 457
1622596001464 0.91299511013473 458
1622596018677 0.91299511013473 459
1622596035756 0.91299511013473 460
1622596052987 0.91299511013473 461
1622596070451 0.91299511013473 462
1622596087829 0.91299511013473 463
1622596105179 0.91299511013473 464
1622596122713 0.91299511013473 465
1622596140079 0.91299511013473 466
1622596157390 0.91299511013473 467
1622596174785 0.91299511013473 468
1622596192963 0.91299511013473 469
1622596210816 0.91299511013473 470
1622596228448 0.91299511013473 471
1622596246268 0.91299511013473 472
1622596264110 0.91299511013473 473
1622596281752 0.91299511013473 474
1622596299853 0.91299511013473 475
1622596317463 0.91299511013473 476
1622596336272 0.91299511013473 477
1622596354100 0.91299511013473 478
1622596372041 0.91299511013473 479
1622596389987 0.91299511013473 480
1622596407926 0.91299511013473 481
1622596425896 0.91299511013473 482
1622596443892 0.91299511013473 483
1622596461941 0.91299511013473 484
1622596479975 0.91299511013473 485
1622596498088 0.91299511013473 486
1622596517467 0.91299511013473 487
1622596535823 0.91299511013473 488
1622596554118 0.91299511013473 489
1622596572426 0.91299511013473 490
1622596590866 0.91299511013473 491
1622596609147 0.91299511013473 492
1622596627310 0.91299511013473 493
1622596645607 0.91299511013473 494
1622596663837 0.91299511013473 495
1622596682196 0.91299511013473 496
1622596700651 0.91299511013473 497
1622596718984 0.91299511013473 498
1622596737491 0.91299511013473 499
1622596756263 0.91299511013473 500
