1622823367052 0.021 0
1622823369183 1.853 1
1622823371456 1.991 2
1622823373909 2.172 3
1622823376475 2.277 4
1622823379161 2.404 5
1622823382002 2.56 6
1622823385079 2.795 7
1622823388283 2.92 8
1622823391583 3.02 9
1622823395093 3.231 10
1622823398810 3.436 11
1622823402647 3.557 12
1622823406630 3.701 13
1622823410748 3.838 14
1622823415034 4.006 15
1622823419409 4.095 16
1622823424056 4.365 17
1622823428805 4.471 18
1622823433735 4.649 19
1622823438857 4.842 20
1622823444052 4.913 21
1622823449483 5.151 22
1622823455011 5.248 23
1622823460805 5.516 24
1622823466674 5.589 25
1622823472718 5.764 26
1622823478821 5.824 27
1622823485224 6.12 28
1622823491798 6.291 29
1622823498389 6.312 30
1622823505158 6.49 31
1622823512108 6.669 32
1622823519194 6.805 33
1622823526479 7.005 34
1622823533900 7.141 35
1622823541579 7.399 36
1622823549425 7.565 37
1622823557384 7.68 38
1622823565391 7.729 39
1622823573575 7.904 40
1622823581992 8.136 41
1622823590461 8.19 42
1622823599297 8.553 43
1622823608167 8.591 44
1622823617211 8.765 45
1622823626327 8.837 46
1622823635671 9.062 47
1622823645244 9.295 48
1622823654976 9.452 49
1622823664719 9.462 50
1622823674631 9.63 51
1622823684667 9.755 52
1622823694930 9.984 53
1622823705287 10.079 54
1622823715869 10.299 55
1622823726619 10.471 56
1622823737492 10.595 57
1622823748607 10.834 58
1622823759829 10.946 59
1622823771222 11.112 60
1622823782821 11.32 61
1622823794403 11.303 62
1622823806247 11.556 63
1622823818239 11.712 64
1622823830395 11.875 65
1622823842726 12.051 66
1622823855268 12.263 67
1622823867758 12.207 68
1622823880498 12.46 69
1622823893371 12.592 70
1622823906421 12.771 71
1622823919737 13.037 72
1622823933191 13.174 73
1622823946698 13.226 74
1622823960546 13.567 75
1622823974412 13.588 76
1622823988535 13.835 77
1622824002702 13.888 78
1622824017180 14.199 79
1622824031814 14.353 80
1622824046320 14.223 81
1622824061004 14.404 82
1622824076006 14.719 83
1622824091194 14.907 84
1622824106637 15.162 85
1622824122032 15.116 86
1622824137557 15.245 87
1622824153277 15.442 88
1622824169211 15.654 89
1622824185213 15.722 90
1622824201402 15.909 91
1622824217790 16.107 92
1622824234297 16.228 93
1622824251070 16.492 94
1622824267922 16.573 95
1622824285020 16.818 96
1622824302220 16.916 97
1622824319691 17.188 98
1622824337319 17.346 99
1622824355045 17.446 100
1622824372778 17.453 101
1622824390768 17.711 102
1622824409075 18.027 103
1622824427389 18.035 104
1622824445834 18.165 105
1622824464434 18.321 106
1622824483270 18.556 107
1622824502167 18.616 108
1622824521210 18.762 109
1622824540466 18.974 110
1622824559784 19.036 111
1622824579505 19.442 112
1622824599203 19.417 113
1622824618978 19.496 114
1622824638839 19.577 115
1622824658868 19.749 116
1622824679146 19.998 117
1622824699653 20.228 118
1622824720236 20.302 119
1622824741218 20.701 120
1622824762259 20.76 121
1622824783540 20.999 122
1622824805013 21.188 123
1622824826519 21.226 124
1622824848253 21.45 125
1622824870304 21.772 126
1622824892351 21.767 127
1622824914367 21.735 128
1622824936758 22.109 129
1622824959207 22.166 130
1622824981658 22.167 131
1622825004436 22.495 132
1622825027552 22.834 133
1622825050581 22.749 134
1622825073864 23.003 135
1622825097275 23.13 136
1622825120719 23.165 137
1622825144440 23.44 138
1622825168276 23.547 139
1622825192337 23.78 140
1622825216573 23.956 141
1622825240919 24.065 142
1622825265466 24.266 143
1622825290192 24.444 144
1622825314974 24.499 145
1622825340045 24.791 146
1622825364953 24.628 147
1622825390207 24.972 148
1622825415449 24.962 149
1622825441001 25.27 150
1622825466689 25.407 151
1622825492652 25.683 152
1622825518617 25.687 153
1622825544776 25.879 154
1622825571236 26.179 155
1622825597715 26.199 156
1622825624368 26.371 157
1622825651380 26.726 158
1622825678294 26.631 159
1622825705494 26.917 160
1622825732982 27.205 161
1622825760279 27.017 162
1622825787771 27.212 163
1622825815571 27.521 164
1622825843719 27.869 165
1622825871918 27.915 166
1622825900235 28.037 167
1622825928700 28.184 168
1622825957335 28.357 169
1622825986089 28.473 170
1622826015118 28.749 171
1622826044321 28.923 172
1622826073577 28.969 173
1622826102881 29.026 174
1622826132240 29.08 175
1622826161948 29.427 176
1622826191643 29.415 177
1622826221543 29.618 178
1622826251904 30.081 179
1622826282325 30.14 180
1622826313166 30.561 181
1622826343783 30.338 182
1622826374503 30.433 183
1622826405495 30.708 184
1622826436732 30.953 185
1622826467946 30.933 186
1622826499422 31.195 187
1622826530998 31.294 188
1622826563032 31.755 189
1622826595221 31.909 190
1622826627387 31.885 191
1622826659714 32.047 192
1622826692203 32.207 193
1622826724745 32.263 194
1622826757373 32.347 195
1622826790352 32.698 196
1622826823513 32.882 197
1622826856908 33.116 198
1622826890498 33.309 199
1622826923871 33.093 200
1622826957422 33.27 201
1622826991236 33.533 202
1622827025460 33.942 203
1622827059267 33.526 204
1622827093726 34.176 205
1622827127980 33.97 206
1622827162547 34.288 207
1622827197271 34.445 208
1622827232163 34.61 209
1622827267168 34.726 210
1622827302701 35.252 211
1622827338036 35.054 212
1622827373692 35.375 213
1622827409079 35.108 214
1622827444621 35.259 215
1622827480744 35.84 216
1622827516881 35.855 217
1622827553242 36.078 218
1622827589881 36.359 219
1622827626266 36.101 220
1622827663027 36.48 221
1622827700303 36.995 222
1622827737727 37.144 223
1622827774642 36.635 224
1622827812015 37.093 225
1622827849623 37.326 226
1622827887454 37.549 227
1622827925718 37.979 228
1622827963820 37.82 229
1622828002390 38.284 230
1622828040885 38.213 231
1622828079568 38.404 232
1622828118445 38.593 233
1622828157205 38.477 234
1622828196015 38.529 235
1622828235510 39.216 236
1622828274753 38.963 237
1622828314417 39.381 238
1622828354195 39.498 239
1622828394179 39.703 240
1622828434153 39.692 241
1622828474665 40.231 242
1622828514959 40.01 243
1622828555552 40.311 244
1622828596451 40.618 245
1622828637604 40.872 246
1622828678542 40.657 247
1622828719691 40.868 248
1622828760845 40.872 249
1622828801977 40.852 250
1622828843597 41.338 251
1622828885601 41.723 252
1622828927485 41.603 253
1622828969508 41.741 254
1622829011715 41.928 255
1622829053940 41.94 256
1622829096260 42.041 257
1622829138988 42.449 258
1622829181628 42.358 259
1622829224627 42.717 260
1622829267674 42.767 261
1622829311030 43.074 262
1622829354410 43.096 263
1622829397910 43.221 264
1622829441800 43.61 265
1622829485741 43.659 266
1622829529725 43.701 267
1622829573851 43.845 268
1622829618138 44.006 269
1622829662994 44.576 270
1622829707602 44.327 271
1622829752439 44.555 272
1622829797450 44.729 273
1622829842907 45.177 274
1622829888200 45.012 275
1622829934012 45.528 276
1622829979611 45.316 277
1622830025244 45.355 278
1622830070997 45.469 279
1622830117239 45.961 280
1622830163947 46.425 281
1622830210368 46.139 282
1622830256834 46.185 283
1622830303687 46.57 284
1622830350566 46.6 285
1622830397881 47.037 286
1622830444843 46.681 287
1622830492154 47.032 288
1622830539922 47.487 289
1622830587409 47.206 290
1622830635134 47.444 291
1622830683033 47.619 292
1622830731094 47.781 293
1622830779621 48.248 294
1622830828306 48.401 295
1622830877121 48.532 296
1622830926052 48.65 297
1622830975179 48.847 298
1622831024454 48.994 299
1622831073710 48.969 300
1622831123163 49.171 301
1622831172886 49.444 302
1622831222561 49.394 303
1622831272262 49.418 304
1622831322211 49.666 305
1622831372533 50.044 306
1622831423084 50.27 307
1622831473554 50.189 308
1622831524412 50.576 309
1622831575048 50.356 310
1622831626356 51.027 311
1622831677742 51.105 312
1622831728785 50.762 313
1622831780338 51.273 314
1622831832158 51.541 315
1622831884002 51.564 316
1622831936089 51.806 317
1622831988444 52.076 318
1622832040972 52.243 319
1622832093717 52.467 320
1622832146410 52.412 321
1622832199326 52.635 322
1622832252034 52.426 323
1622832305405 53.091 324
1622832358542 52.858 325
1622832411885 53.063 326
1622832465533 53.367 327
1622832518927 53.111 328
1622832572975 53.766 329
1622832626820 53.565 330
1622832680892 53.791 331
1622832735183 54.01 332
1622832789660 54.195 333
1622832844402 54.46 334
1622832899148 54.462 335
1622832954409 54.98 336
1622833009527 54.835 337
1622833064808 55.0 338
1622833120184 55.094 339
1622833175607 55.142 340
1622833231021 55.133 341
1622833287163 55.863 342
1622833343050 55.608 343
1622833399487 56.156 344
1622833455888 56.119 345
1622833512264 56.096 346
1622833568906 56.362 347
1622833625506 56.315 348
1622833682511 56.723 349
1622833739413 56.621 350
1622833796757 57.064 351
1622833853996 56.96 352
1622833911674 57.398 353
1622833969477 57.523 354
1622834027084 57.329 355
1622834084841 57.472 356
1622834142770 57.648 357
1622834200834 57.785 358
1622834259445 58.33 359
1622834318242 58.517 360
1622834377303 58.78 361
1622834436568 58.985 362
1622834495711 58.862 363
1622834555115 59.124 364
1622834614738 59.341 365
1622834674053 59.036 366
1622834734002 59.668 367
1622834794185 59.905 368
1622834853945 59.48 369
1622834914480 60.254 370
1622834975109 60.347 371
1622835035830 60.442 372
1622835096897 60.788 373
1622835157731 60.552 374
1622835219155 61.145 375
1622835280324 60.89 376
1622835341858 61.254 377
1622835403086 60.946 378
1622835464767 61.401 379
1622835526866 61.815 380
1622835588742 61.594 381
1622835651247 62.222 382
1622835713594 62.065 383
1622835776322 62.449 384
1622835838931 62.328 385
1622835901812 62.602 386
1622835964507 62.412 387
1622836027580 62.791 388
1622836091185 63.326 389
1622836154770 63.302 390
1622836218317 63.267 391
1622836281980 63.382 392
1622836345881 63.619 393
1622836409853 63.689 394
1622836474058 63.925 395
1622836538317 63.979 396
1622836603008 64.413 397
1622836667555 64.266 398
1622836732127 64.291 399
1622836797398 64.992 400
1622836862820 65.142 401
1622836927759 64.657 402
1622836993260 65.22 403
1622837058617 65.078 404
1622837124661 65.762 405
1622837190450 65.507 406
1622837256638 65.907 407
1622837323128 66.208 408
1622837389256 65.848 409
1622837455527 65.99 410
1622837522127 66.319 411
1622837588767 66.358 412
1622837655911 66.86 413
1622837722797 66.604 414
1622837790120 67.04 415
1622837857612 67.212 416
1622837925301 67.408 417
1622837993088 67.507 418
1622838060697 67.328 419
1622838128666 67.69 420
1622838196742 67.797 421
1622838265063 68.04 422
1622838333533 68.19 423
1622838402228 68.415 424
1622838470709 68.198 425
1622838539453 68.465 426
1622838608478 68.744 427
1622838677423 68.665 428
1622838746696 68.994 429
1622838816207 69.229 430
1622838885961 69.474 431
1622838955757 69.516 432
1622839025539 69.501 433
1622839095575 69.757 434
1622839165747 69.893 435
1622839236076 70.05 436
1622839306244 69.889 437
1622839376768 70.243 438
1622839447714 70.667 439
1622839518762 70.768 440
1622839590333 71.293 441
1622839661973 71.36 442
1622839733722 71.468 443
1622839805520 71.519 444
1622839877698 71.899 445
1622839949267 71.289 446
1622840021362 71.814 447
1622840093996 72.354 448
1622840166550 72.273 449
1622840239224 72.393 450
1622840311971 72.467 451
1622840384649 72.398 452
1622840457744 72.815 453
1622840531049 73.026 454
1622840604320 72.992 455
1622840677847 73.249 456
1622840751687 73.562 457
1622840825220 73.252 458
1622840899062 73.562 459
1622840972957 73.615 460
1622841047521 74.283 461
1622841121936 74.136 462
1622841196626 74.412 463
1622841271040 74.133 464
1622841346273 74.952 465
1622841421572 75.021 466
1622841496532 74.681 467
1622841571915 75.105 468
1622841647407 75.21 469
1622841723405 75.718 470
1622841799520 75.836 471
1622841875647 75.846 472
1622841951677 75.75 473
1622842028157 76.201 474
1622842104897 76.459 475
1622842181590 76.413 476
1622842258756 76.886 477
1622842335819 76.782 478
1622842412875 76.777 479
1622842490312 77.158 480
1622842567852 77.262 481
1622842646023 77.889 482
1622842723864 77.562 483
1622842801938 77.788 484
1622842879824 77.606 485
1622842958376 78.275 486
1622843036981 78.323 487
1622843115761 78.5 488
1622843194052 78.009 489
1622843272921 78.589 490
1622843352316 79.116 491
1622843431960 79.365 492
1622843511106 78.871 493
1622843591031 79.65 494
1622843670243 78.939 495
1622843749767 79.248 496
1622843829027 78.983 497
1622843909880 80.577 498
1622843989999 79.843 499
1622844069561 79.283 500
