1622760924871 0.9459142484278487 0
1622760927081 0.9450944780662877 1
1622760929246 0.9444148676304678 2
1622760931539 0.9444148676304678 3
1622760934018 0.9444148676304678 4
1622760936632 0.9444148676304678 5
1622760939410 0.9444148676304678 6
1622760942282 0.9444148676304678 7
1622760945380 0.9444148676304678 8
1622760948585 0.9444148676304678 9
1622760951964 0.9444148676304678 10
1622760955546 0.9444148676304678 11
1622760959189 0.9444148676304678 12
1622760963077 0.9444148676304678 13
1622760967109 0.9444148676304678 14
1622760971252 0.9444148676304678 15
1622760975639 0.9444148676304678 16
1622760980096 0.9444148676304678 17
1622760984772 0.9444148676304678 18
1622760989560 0.9444148676304678 19
1622760994546 0.9444148676304678 20
1622760999714 0.9444148676304678 21
1622761004998 0.9444148676304678 22
1622761010432 0.9444148676304678 23
1622761015984 0.9444148676304678 24
1622761021731 0.9444148676304678 25
1622761027699 0.9444148676304678 26
1622761033859 0.9444148676304678 27
1622761040040 0.9444148676304678 28
1622761046349 0.9444148676304678 29
1622761052926 0.9444148676304678 30
1622761059535 0.9444148676304678 31
1622761066296 0.9444148676304678 32
1622761073262 0.9444148676304678 33
1622761080465 0.9444148676304678 34
1622761087768 0.9444148676304678 35
1622761095272 0.9444148676304678 36
1622761102838 0.9444148676304678 37
1622761110667 0.9444148676304678 38
1622761118635 0.9444148676304678 39
1622761126737 0.9444148676304678 40
1622761135083 0.9444148676304678 41
1622761143549 0.9444148676304678 42
1622761152132 0.9444148676304678 43
1622761160916 0.9444148676304678 44
1622761169788 0.9444148676304678 45
1622761178753 0.9444148676304678 46
1622761187920 0.9444148676304678 47
1622761197330 0.9444148676304678 48
1622761206745 0.9444148676304678 49
1622761216415 0.9444148676304678 50
1622761226297 0.9444148676304678 51
1622761236320 0.9444148676304678 52
1622761246369 0.9444148676304678 53
1622761256634 0.9444148676304678 54
1622761267078 0.9444148676304678 55
1622761277626 0.9444148676304678 56
1622761288432 0.9444148676304678 57
1622761299386 0.9444148676304678 58
1622761310392 0.9444148676304678 59
1622761321536 0.9444148676304678 60
1622761333015 0.9444148676304678 61
1622761344535 0.9444148676304678 62
1622761356152 0.9444148676304678 63
1622761368034 0.9444148676304678 64
1622761379954 0.9444148676304678 65
1622761392038 0.9444148676304678 66
1622761404514 0.9444148676304678 67
1622761417042 0.9444148676304678 68
1622761429756 0.9444148676304678 69
1622761442447 0.9444148676304678 70
1622761455213 0.9444148676304678 71
1622761468260 0.9444148676304678 72
1622761481485 0.9444148676304678 73
1622761494812 0.9444148676304678 74
1622761508437 0.9444148676304678 75
1622761522238 0.9444148676304678 76
1622761536212 0.9444148676304678 77
1622761550227 0.9444148676304678 78
1622761564432 0.9444148676304678 79
1622761578821 0.9444148676304678 80
1622761593244 0.9444148676304678 81
1622761607857 0.9444148676304678 82
1622761622593 0.9444148676304678 83
1622761637637 0.9444148676304678 84
1622761652693 0.9444148676304678 85
1622761667944 0.9444148676304678 86
1622761683441 0.9444148676304678 87
1622761699030 0.9444148676304678 88
1622761714709 0.9444148676304678 89
1622761730509 0.9444148676304678 90
1622761746771 0.9444148676304678 91
1622761762952 0.9444148676304678 92
1622761779438 0.9444148676304678 93
1622761796028 0.9444148676304678 94
1622761812757 0.9444148676304678 95
1622761829594 0.9444148676304678 96
1622761846748 0.9444148676304678 97
1622761863877 0.9444148676304678 98
1622761881177 0.9444148676304678 99
1622761898723 0.9444148676304678 100
1622761916298 0.9444148676304678 101
1622761933904 0.9444148676304678 102
1622761951726 0.9444148676304678 103
1622761969782 0.9444148676304678 104
1622761987826 0.9444148676304678 105
1622762006147 0.9444148676304678 106
1622762024594 0.9444148676304678 107
1622762043330 0.9444148676304678 108
1622762062341 0.9444148676304678 109
1622762081303 0.9444148676304678 110
1622762100358 0.9444148676304678 111
1622762119603 0.9444148676304678 112
1622762139098 0.9444148676304678 113
1622762158757 0.9444148676304678 114
1622762178524 0.9444148676304678 115
1622762198319 0.9444148676304678 116
1622762218556 0.9444148676304678 117
1622762238878 0.9444148676304678 118
1622762259294 0.9444148676304678 119
1622762279880 0.9444148676304678 120
1622762300608 0.9444148676304678 121
1622762321301 0.9444148676304678 122
1622762342216 0.9444148676304678 123
1622762363285 0.9444148676304678 124
1622762384733 0.9444148676304678 125
1622762406221 0.9444148676304678 126
1622762428055 0.9444148676304678 127
1622762449813 0.9444148676304678 128
1622762471667 0.9444148676304678 129
1622762493797 0.9444148676304678 130
1622762515912 0.9444148676304678 131
1622762538223 0.9444148676304678 132
1622762560708 0.9444148676304678 133
1622762583402 0.9444148676304678 134
1622762606387 0.9444148676304678 135
1622762629586 0.9444148676304678 136
1622762652759 0.9444148676304678 137
1622762676049 0.9444148676304678 138
1622762699600 0.9444148676304678 139
1622762723259 0.9444148676304678 140
1622762746875 0.9444148676304678 141
1622762770700 0.9444148676304678 142
1622762794599 0.9444148676304678 143
1622762818935 0.9444148676304678 144
1622762843314 0.9444148676304678 145
1622762867893 0.9444148676304678 146
1622762892611 0.9444148676304678 147
1622762917384 0.9444148676304678 148
1622762942466 0.9444148676304678 149
1622762967575 0.9444148676304678 150
1622762993189 0.9444148676304678 151
1622763018679 0.9444148676304678 152
1622763043985 0.9444148676304678 153
1622763069742 0.9444148676304678 154
1622763095770 0.9444148676304678 155
1622763122064 0.9444148676304678 156
1622763148274 0.9444148676304678 157
1622763174660 0.9444148676304678 158
1622763201261 0.9444148676304678 159
1622763228027 0.9444148676304678 160
1622763254703 0.9444148676304678 161
1622763281887 0.9444148676304678 162
1622763309079 0.9444148676304678 163
1622763336605 0.9444148676304678 164
1622763364221 0.9444148676304678 165
1622763391927 0.9444148676304678 166
1622763419862 0.9444148676304678 167
1622763447628 0.9444148676304678 168
1622763475848 0.9444148676304678 169
1622763504031 0.9444148676304678 170
1622763532327 0.9444148676304678 171
1622763560930 0.9444148676304678 172
1622763589734 0.9444148676304678 173
1622763618878 0.9444148676304678 174
1622763648119 0.9444148676304678 175
1622763677385 0.9444148676304678 176
1622763706889 0.9444148676304678 177
1622763736303 0.9444148676304678 178
1622763765946 0.9444148676304678 179
1622763795862 0.9444148676304678 180
1622763825915 0.9444148676304678 181
1622763855867 0.9444148676304678 182
1622763886324 0.9444148676304678 183
1622763916801 0.9444148676304678 184
1622763947481 0.9444148676304678 185
1622763978211 0.9444148676304678 186
1622764009120 0.9444148676304678 187
1622764040240 0.9444148676304678 188
1622764071494 0.9444148676304678 189
1622764102929 0.9444148676304678 190
1622764134702 0.9444148676304678 191
1622764166556 0.9444148676304678 192
1622764198582 0.9444148676304678 193
1622764230884 0.9444148676304678 194
1622764263125 0.9444148676304678 195
1622764295692 0.9444148676304678 196
1622764328589 0.9444148676304678 197
1622764361365 0.9444148676304678 198
1622764394311 0.9444148676304678 199
1622764427251 0.9444148676304678 200
1622764460270 0.9444148676304678 201
1622764493322 0.9444148676304678 202
1622764526824 0.9444148676304678 203
1622764560370 0.9444148676304678 204
1622764593961 0.9444148676304678 205
1622764627729 0.9444148676304678 206
1622764661656 0.9444148676304678 207
1622764695830 0.9444148676304678 208
1622764730166 0.9444148676304678 209
1622764764798 0.9444148676304678 210
1622764799489 0.9444148676304678 211
1622764834380 0.9444148676304678 212
1622764869272 0.9444148676304678 213
1622764904555 0.9444148676304678 214
1622764940097 0.9444148676304678 215
1622764975748 0.9444148676304678 216
1622765011506 0.9444148676304678 217
1622765047195 0.9444148676304678 218
1622765083189 0.9444148676304678 219
1622765119696 0.9444148676304678 220
1622765156023 0.9444148676304678 221
1622765192400 0.9444148676304678 222
1622765228873 0.9444148676304678 223
1622765265774 0.9444148676304678 224
1622765303149 0.9444148676304678 225
1622765340277 0.9444148676304678 226
1622765377575 0.9444148676304678 227
1622765414999 0.9444148676304678 228
1622765452697 0.9444148676304678 229
1622765490349 0.9444148676304678 230
1622765528038 0.9444148676304678 231
1622765565784 0.9444148676304678 232
1622765603902 0.9444148676304678 233
1622765642146 0.9444148676304678 234
1622765680817 0.9444148676304678 235
1622765719382 0.9444148676304678 236
1622765758304 0.9444148676304678 237
1622765797341 0.9444148676304678 238
1622765836475 0.9444148676304678 239
1622765875534 0.9444148676304678 240
1622765914990 0.9444148676304678 241
1622765954649 0.9444148676304678 242
1622765994233 0.9444148676304678 243
1622766034174 0.9444148676304678 244
1622766074174 0.9444148676304678 245
1622766114372 0.9444148676304678 246
1622766154727 0.9444148676304678 247
1622766195433 0.9444148676304678 248
1622766236025 0.9444148676304678 249
1622766276627 0.9444148676304678 250
1622766317618 0.9444148676304678 251
1622766358675 0.9444148676304678 252
1622766399935 0.9444148676304678 253
1622766441458 0.9444148676304678 254
1622766482997 0.9444148676304678 255
1622766524599 0.9444148676304678 256
1622766566356 0.9444148676304678 257
1622766608461 0.9444148676304678 258
1622766650475 0.9444148676304678 259
1622766692776 0.9444148676304678 260
1622766735207 0.9444148676304678 261
1622766777882 0.9444148676304678 262
1622766820596 0.9444148676304678 263
1622766863442 0.9444148676304678 264
1622766906230 0.9444148676304678 265
1622766949343 0.9444148676304678 266
1622766992896 0.9444148676304678 267
1622767036281 0.9444148676304678 268
1622767080090 0.9444148676304678 269
1622767123970 0.9444148676304678 270
1622767168432 0.9444148676304678 271
1622767212654 0.9444148676304678 272
1622767257047 0.9444148676304678 273
1622767301660 0.9444148676304678 274
1622767346174 0.9444148676304678 275
1622767390885 0.9444148676304678 276
1622767435775 0.9444148676304678 277
1622767481094 0.9444148676304678 278
1622767526327 0.9444148676304678 279
1622767571862 0.9444148676304678 280
1622767617563 0.9444148676304678 281
1622767663469 0.9444148676304678 282
1622767709283 0.9444148676304678 283
1622767755209 0.9444148676304678 284
1622767801796 0.9444148676304678 285
1622767848107 0.9444148676304678 286
1622767894780 0.9444148676304678 287
1622767941278 0.9444148676304678 288
1622767988546 0.9444148676304678 289
1622768035747 0.9444148676304678 290
1622768082626 0.9444148676304678 291
1622768130150 0.9444148676304678 292
1622768177644 0.9444148676304678 293
1622768225346 0.9444148676304678 294
1622768272769 0.9444148676304678 295
1622768320792 0.9444148676304678 296
1622768369012 0.9444148676304678 297
1622768417316 0.9444148676304678 298
1622768465793 0.9444148676304678 299
1622768514630 0.9444148676304678 300
1622768563605 0.9444148676304678 301
1622768612282 0.9444148676304678 302
1622768661489 0.9444148676304678 303
1622768710517 0.9444148676304678 304
1622768759793 0.9444148676304678 305
1622768809455 0.9444148676304678 306
1622768859206 0.9444148676304678 307
1622768909047 0.9444148676304678 308
1622768958988 0.9444148676304678 309
1622769009112 0.9444148676304678 310
1622769059168 0.9444148676304678 311
1622769109928 0.9444148676304678 312
1622769160556 0.9444148676304678 313
1622769211274 0.9444148676304678 314
1622769262157 0.9444148676304678 315
1622769313656 0.9444148676304678 316
1622769364575 0.9444148676304678 317
1622769415959 0.9444148676304678 318
1622769467646 0.9444148676304678 319
1622769519493 0.9444148676304678 320
1622769571370 0.9444148676304678 321
1622769623420 0.9444148676304678 322
1622769675937 0.9444148676304678 323
1622769728300 0.9444148676304678 324
1622769780382 0.9444148676304678 325
1622769833166 0.9444148676304678 326
1622769886142 0.9444148676304678 327
1622769938887 0.9444148676304678 328
1622769992230 0.9444148676304678 329
1622770045601 0.9444148676304678 330
1622770098864 0.9444148676304678 331
1622770152766 0.9444148676304678 332
1622770206977 0.9444148676304678 333
1622770261034 0.9444148676304678 334
1622770315126 0.9444148676304678 335
1622770369372 0.9444148676304678 336
1622770423806 0.9444148676304678 337
1622770478532 0.9444148676304678 338
1622770533521 0.9444148676304678 339
1622770588610 0.9444148676304678 340
1622770643829 0.9444148676304678 341
1622770699154 0.9444148676304678 342
1622770754575 0.9444148676304678 343
1622770810260 0.9444148676304678 344
1622770865855 0.9444148676304678 345
1622770921809 0.9444148676304678 346
1622770977656 0.9444148676304678 347
1622771034128 0.9444148676304678 348
1622771090678 0.9444148676304678 349
1622771147053 0.9444148676304678 350
1622771203572 0.9444148676304678 351
1622771259776 0.9444148676304678 352
1622771316825 0.9444148676304678 353
1622771373821 0.9444148676304678 354
1622771431313 0.9444148676304678 355
1622771488467 0.9444148676304678 356
1622771545830 0.9444148676304678 357
1622771603277 0.9444148676304678 358
1622771661456 0.9444148676304678 359
1622771719217 0.9444148676304678 360
1622771777229 0.9444148676304678 361
1622771835828 0.9444148676304678 362
1622771894362 0.9444148676304678 363
1622771952855 0.9444148676304678 364
1622772011504 0.9444148676304678 365
1622772070247 0.9444148676304678 366
1622772129173 0.9444148676304678 367
1622772188640 0.9444148676304678 368
1622772247914 0.9444148676304678 369
1622772307841 0.9444148676304678 370
1622772367751 0.9444148676304678 371
1622772428246 0.9444148676304678 372
1622772488418 0.9444148676304678 373
1622772549418 0.9444148676304678 374
1622772610286 0.9444148676304678 375
1622772670600 0.9444148676304678 376
1622772731599 0.9444148676304678 377
1622772792335 0.9444148676304678 378
1622772853261 0.9444148676304678 379
1622772914267 0.9444148676304678 380
1622772975440 0.9444148676304678 381
1622773036622 0.9444148676304678 382
1622773098238 0.9444148676304678 383
1622773159617 0.9444148676304678 384
1622773221547 0.9444148676304678 385
1622773283720 0.9444148676304678 386
1622773345837 0.9444148676304678 387
1622773408069 0.9444148676304678 388
1622773470466 0.9444148676304678 389
1622773533351 0.9444148676304678 390
1622773596239 0.9444148676304678 391
1622773659142 0.9444148676304678 392
1622773722281 0.9444148676304678 393
1622773785595 0.9444148676304678 394
1622773848910 0.9444148676304678 395
1622773912340 0.9444148676304678 396
1622773976138 0.9444148676304678 397
1622774040069 0.9444148676304678 398
1622774104235 0.9444148676304678 399
1622774168547 0.9444148676304678 400
1622774232574 0.9444148676304678 401
1622774296676 0.9444148676304678 402
1622774361284 0.9444148676304678 403
1622774426309 0.9444148676304678 404
1622774491391 0.9444148676304678 405
1622774556063 0.9444148676304678 406
1622774621105 0.9444148676304678 407
1622774686779 0.9444148676304678 408
1622774752010 0.9444148676304678 409
1622774817906 0.9444148676304678 410
1622774883663 0.9444148676304678 411
1622774949475 0.9444148676304678 412
1622775015355 0.9444148676304678 413
1622775081434 0.9444148676304678 414
1622775148065 0.9444148676304678 415
1622775214470 0.9444148676304678 416
1622775280998 0.9444148676304678 417
1622775348298 0.9444148676304678 418
1622775415095 0.9444148676304678 419
1622775482102 0.9444148676304678 420
1622775549415 0.9444148676304678 421
1622775616780 0.9444148676304678 422
1622775684398 0.9444148676304678 423
1622775752303 0.9444148676304678 424
1622775820187 0.9444148676304678 425
1622775888581 0.9444148676304678 426
1622775956871 0.9444148676304678 427
1622776024979 0.9444148676304678 428
1622776093819 0.9444148676304678 429
1622776162789 0.9444148676304678 430
1622776231853 0.9444148676304678 431
1622776301065 0.9444148676304678 432
1622776370241 0.9444148676304678 433
1622776439278 0.9444148676304678 434
1622776508675 0.9444148676304678 435
1622776578424 0.9444148676304678 436
1622776648555 0.9444148676304678 437
1622776718074 0.9444148676304678 438
1622776788221 0.9444148676304678 439
1622776858792 0.9444148676304678 440
1622776929320 0.9444148676304678 441
1622776999917 0.9444148676304678 442
1622777070681 0.9444148676304678 443
1622777141720 0.9444148676304678 444
1622777213051 0.9444148676304678 445
1622777284204 0.9444148676304678 446
1622777355445 0.9444148676304678 447
1622777427294 0.9444148676304678 448
1622777499123 0.9444148676304678 449
1622777571493 0.9444148676304678 450
1622777643498 0.9444148676304678 451
1622777715638 0.9444148676304678 452
1622777788124 0.9444148676304678 453
1622777860613 0.9444148676304678 454
1622777932895 0.9444148676304678 455
1622778006014 0.9444148676304678 456
1622778079081 0.9444148676304678 457
1622778152581 0.9444148676304678 458
1622778225905 0.9444148676304678 459
1622778299117 0.9444148676304678 460
1622778372688 0.9444148676304678 461
1622778446814 0.9444148676304678 462
1622778520423 0.9444148676304678 463
1622778594620 0.9444148676304678 464
1622778669135 0.9444148676304678 465
1622778743651 0.9444148676304678 466
1622778818096 0.9444148676304678 467
1622778892430 0.9444148676304678 468
1622778967150 0.9444148676304678 469
1622779042376 0.9444148676304678 470
1622779117895 0.9444148676304678 471
1622779193384 0.9444148676304678 472
1622779269095 0.9444148676304678 473
1622779345334 0.9444148676304678 474
1622779421252 0.9444148676304678 475
1622779497235 0.9444148676304678 476
1622779573610 0.9444148676304678 477
1622779650317 0.9444148676304678 478
1622779726277 0.9444148676304678 479
1622779802753 0.9444148676304678 480
1622779879404 0.9444148676304678 481
1622779956257 0.9444148676304678 482
1622780032863 0.9444148676304678 483
1622780109844 0.9444148676304678 484
1622780187407 0.9444148676304678 485
1622780265061 0.9444148676304678 486
1622780342597 0.9444148676304678 487
1622780420237 0.9444148676304678 488
1622780498335 0.9444148676304678 489
1622780576240 0.9444148676304678 490
1622780653948 0.9444148676304678 491
1622780732351 0.9444148676304678 492
1622780810603 0.9444148676304678 493
1622780888934 0.9444148676304678 494
1622780967566 0.9444148676304678 495
1622781046781 0.9444148676304678 496
1622781126071 0.9444148676304678 497
1622781205357 0.9444148676304678 498
1622781285074 0.9444148676304678 499
1622781364889 0.9444148676304678 500
