1622639582814 50 0
1622639583323 60 1
1622639583830 70 2
1622639584353 80 3
1622639584913 90 4
1622639585499 100 5
1622639586119 110 6
1622639586757 120 7
1622639587423 130 8
1622639588127 140 9
1622639588858 150 10
1622639589634 160 11
1622639590426 170 12
1622639591257 180 13
1622639592127 190 14
1622639593029 200 15
1622639593937 210 16
1622639594906 220 17
1622639595899 230 18
1622639596926 240 19
1622639598000 250 20
1622639599086 260 21
1622639600224 270 22
1622639601389 280 23
1622639602561 290 24
1622639603785 300 25
1622639605038 310 26
1622639606342 320 27
1622639607653 330 28
1622639609013 340 29
1622639610384 350 30
1622639611772 360 31
1622639613271 370 32
1622639614818 380 33
1622639616352 390 34
1622639617910 400 35
1622639619521 410 36
1622639621115 420 37
1622639622814 430 38
1622639624480 440 39
1622639626231 450 40
1622639627940 460 41
1622639629737 470 42
1622639631486 480 43
1622639633310 490 44
1622639635143 500 45
1622639637012 510 46
1622639638926 520 47
1622639640867 530 48
1622639642830 540 49
1622639644833 550 50
1622639646885 560 51
1622639648965 570 52
1622639651070 580 53
1622639653205 590 54
1622639655440 600 55
1622639657706 610 56
1622639659973 620 57
1622639662305 630 58
1622639664591 640 59
1622639667018 650 60
1622639669409 660 61
1622639671911 670 62
1622639674337 680 63
1622639676868 690 64
1622639679357 700 65
1622639682011 710 66
1622639684673 720 67
1622639687365 730 68
1622639690072 740 69
1622639692811 750 70
1622639695582 760 71
1622639698400 770 72
1622639701235 780 73
1622639704082 790 74
1622639706985 800 75
1622639709912 810 76
1622639712841 820 77
1622639715832 830 78
1622639718873 840 79
1622639721927 850 80
1622639725065 860 81
1622639728205 870 82
1622639731400 880 83
1622639734578 890 84
1622639737809 900 85
1622639741036 910 86
1622639744292 920 87
1622639747564 930 88
1622639750889 940 89
1622639754226 950 90
1622639757627 960 91
1622639761074 970 92
1622639764555 980 93
1622639768090 990 94
1622639771682 1000 95
1622639775246 1010 96
1622639778864 1020 97
1622639782533 1030 98
1622639786246 1040 99
1622639789969 1050 100
1622639793735 1060 101
1622639797477 1070 102
1622639801301 1080 103
1622639805147 1090 104
1622639808946 1100 105
1622639812862 1110 106
1622639816778 1120 107
1622639820914 1130 108
1622639824891 1140 109
1622639829000 1150 110
1622639833080 1160 111
1622639837237 1170 112
1622639841425 1180 113
1622639845624 1190 114
1622639849831 1200 115
1622639854040 1210 116
1622639858361 1220 117
1622639862688 1230 118
1622639867004 1240 119
1622639871381 1250 120
1622639875798 1260 121
1622639880200 1270 122
1622639884642 1280 123
1622639889104 1290 124
1622639893593 1300 125
1622639898080 1310 126
1622639902567 1320 127
1622639907081 1330 128
1622639911719 1340 129
1622639916364 1350 130
1622639921066 1360 131
1622639925712 1370 132
1622639930665 1380 133
1622639935374 1390 134
1622639940268 1400 135
1622639945029 1410 136
1622639949851 1420 137
1622639954762 1430 138
1622639959656 1440 139
1622639964581 1450 140
1622639969664 1460 141
1622639974748 1470 142
1622639979846 1480 143
1622639984938 1490 144
1622639990054 1500 145
1622639995217 1510 146
1622640000384 1520 147
1622640005664 1530 148
1622640010902 1540 149
1622640016239 1550 150
1622640021576 1560 151
1622640026891 1570 152
1622640032271 1580 153
1622640037716 1590 154
1622640043190 1600 155
1622640048660 1610 156
1622640054206 1620 157
1622640059830 1630 158
1622640065407 1640 159
1622640070971 1650 160
1622640076621 1660 161
1622640082365 1670 162
1622640088161 1680 163
1622640093965 1690 164
1622640099716 1700 165
1622640105532 1710 166
1622640111385 1720 167
1622640117230 1730 168
1622640123167 1740 169
1622640129143 1750 170
1622640135173 1760 171
1622640141325 1770 172
1622640147457 1780 173
1622640153625 1790 174
1622640159831 1800 175
1622640165948 1810 176
1622640172176 1820 177
1622640178418 1830 178
1622640184736 1840 179
1622640191040 1850 180
1622640197447 1860 181
1622640203830 1870 182
1622640210227 1880 183
1622640216624 1890 184
1622640223029 1900 185
1622640229466 1910 186
1622640235955 1920 187
1622640242518 1930 188
1622640249102 1940 189
1622640255731 1950 190
1622640262353 1960 191
1622640269086 1970 192
1622640275831 1980 193
1622640282586 1990 194
1622640289408 2000 195
1622640296223 2010 196
1622640303084 2020 197
1622640309970 2030 198
1622640316837 2040 199
1622640324201 2050 200
1622640331065 2060 201
1622640338083 2070 202
1622640345056 2080 203
1622640352138 2090 204
1622640359136 2100 205
1622640366268 2110 206
1622640373418 2120 207
1622640380578 2130 208
1622640387822 2140 209
1622640395090 2150 210
1622640402354 2160 211
1622640409634 2170 212
1622640416966 2180 213
1622640424375 2190 214
1622640431799 2200 215
1622640439231 2210 216
1622640446739 2220 217
1622640454270 2230 218
1622640461809 2240 219
1622640469413 2250 220
1622640477043 2260 221
1622640484742 2270 222
1622640492586 2280 223
1622640500359 2290 224
1622640508362 2300 225
1622640516149 2310 226
1622640524194 2320 227
1622640532017 2330 228
1622640540081 2340 229
1622640548176 2350 230
1622640556255 2360 231
1622640564631 2370 232
1622640572816 2380 233
1622640580993 2390 234
1622640589316 2400 235
1622640597675 2410 236
1622640606139 2420 237
1622640614680 2430 238
1622640623244 2440 239
1622640631543 2450 240
1622640639862 2460 241
1622640648112 2470 242
1622640656429 2480 243
1622640664824 2490 244
1622640673172 2500 245
1622640681613 2510 246
1622640690098 2520 247
1622640698777 2530 248
1622640707359 2540 249
1622640716051 2550 250
1622640724689 2560 251
1622640733433 2570 252
1622640742173 2580 253
1622640750919 2590 254
1622640759763 2600 255
1622640768547 2610 256
1622640777354 2620 257
1622640786192 2630 258
1622640795103 2640 259
1622640804033 2650 260
1622640812963 2660 261
1622640821894 2670 262
1622640830981 2680 263
1622640840112 2690 264
1622640849275 2700 265
1622640858428 2710 266
1622640867632 2720 267
1622640876992 2730 268
1622640886375 2740 269
1622640895769 2750 270
1622640905596 2760 271
1622640915000 2770 272
1622640924578 2780 273
1622640934083 2790 274
1622640943673 2800 275
1622640953270 2810 276
1622640962983 2820 277
1622640972693 2830 278
1622640982537 2840 279
1622640992290 2850 280
1622641001999 2860 281
1622641011826 2870 282
1622641021505 2880 283
1622641031366 2890 284
1622641041093 2900 285
1622641050921 2910 286
1622641060579 2920 287
1622641070325 2930 288
1622641080133 2940 289
1622641089885 2950 290
1622641099690 2960 291
1622641109548 2970 292
1622641119475 2980 293
1622641129474 2990 294
1622641139395 3000 295
1622641151185 3010 296
1622641164227 3020 297
1622641177016 3030 298
1622641190623 3040 299
1622641204063 3050 300
1622641216974 3060 301
1622641230402 3070 302
1622641244834 3080 303
1622641259488 3090 304
1622641274061 3100 305
1622641289033 3110 306
1622641302996 3120 307
1622641317657 3130 308
1622641332353 3140 309
1622641346520 3150 310
1622641359991 3160 311
1622641373410 3170 312
1622641386718 3180 313
1622641399687 3190 314
1622641413389 3200 315
1622641428681 3210 316
1622641442151 3220 317
1622641457131 3230 318
1622641470726 3240 319
1622641486075 3250 320
1622641499462 3260 321
1622641514315 3270 322
1622641529618 3280 323
1622641544855 3290 324
1622641559364 3300 325
1622641574787 3310 326
1622641590350 3320 327
1622641605423 3330 328
1622641620449 3340 329
1622641635920 3350 330
1622641651306 3360 331
1622641666557 3370 332
1622641682768 3380 333
1622641697297 3390 334
1622641712045 3400 335
1622641726784 3410 336
1622641741482 3420 337
1622641756409 3430 338
1622641772905 3440 339
1622641787902 3450 340
1622641803562 3460 341
1622641818567 3470 342
1622641834821 3480 343
1622641850089 3490 344
1622641866192 3500 345
1622641881488 3510 346
1622641896596 3520 347
1622641912131 3530 348
1622641927917 3540 349
1622641943407 3550 350
1622641958870 3560 351
1622641974222 3570 352
1622641989487 3580 353
1622642004769 3590 354
1622642020298 3600 355
1622642035877 3610 356
1622642052464 3620 357
1622642069030 3630 358
1622642085588 3640 359
1622642101993 3650 360
1622642118363 3660 361
1622642134417 3670 362
1622642157353 3680 363
1622642174698 3690 364
1622642189848 3700 365
1622642205173 3710 366
1622642220298 3720 367
1622642234669 3730 368
1622642249233 3740 369
1622642263917 3750 370
1622642279331 3760 371
1622642293516 3770 372
1622642306460 3780 373
1622642319205 3790 374
1622642332030 3800 375
1622642344775 3810 376
1622642357514 3820 377
1622642370400 3830 378
1622642383223 3840 379
1622642396087 3850 380
1622642409366 3860 381
1622642423233 3870 382
1622642437124 3880 383
1622642554064 3890 384
1622642567148 3900 385
1622642580310 3910 386
1622642593489 3920 387
1622642606605 3930 388
1622642619828 3940 389
1622642633067 3950 390
1622642646295 3960 391
1622642659509 3970 392
1622642672656 3980 393
1622642685997 3990 394
1622642699473 4000 395
1622642712896 4010 396
1622642726364 4020 397
1622642740050 4030 398
1622642753787 4040 399
1622642767413 4050 400
1622642781338 4060 401
1622642795325 4070 402
1622642809417 4080 403
1622642823866 4090 404
1622642838070 4100 405
1622642852473 4110 406
1622642867116 4120 407
1622642881737 4130 408
1622642896342 4140 409
1622642910194 4150 410
1622642924914 4160 411
1622642938847 4170 412
1622642953602 4180 413
1622642967763 4190 414
1622642982583 4200 415
1622642997495 4210 416
1622643012531 4220 417
1622643027712 4230 418
1622643042910 4240 419
1622643058044 4250 420
1622643073129 4260 421
1622643088302 4270 422
1622643103459 4280 423
1622643118624 4290 424
1622643133804 4300 425
1622643149027 4310 426
1622643164239 4320 427
1622643178759 4330 428
1622643193379 4340 429
1622643208006 4350 430
1622643222536 4360 431
1622643237186 4370 432
1622643252232 4380 433
1622643266913 4390 434
1622643282058 4400 435
1622643296717 4410 436
1622643312072 4420 437
1622643327155 4430 438
1622643342939 4440 439
1622643358567 4450 440
1622643374201 4460 441
1622643389510 4470 442
1622643404860 4480 443
1622643420254 4490 444
1622643435680 4500 445
1622643450945 4510 446
1622643466433 4520 447
1622643481615 4530 448
1622643496832 4540 449
1622643511897 4550 450
1622643527330 4560 451
1622643542784 4570 452
1622643558205 4580 453
1622643573879 4590 454
1622643589594 4600 455
1622643605201 4610 456
1622643620924 4620 457
1622643636438 4630 458
1622643652483 4640 459
1622643668390 4650 460
1622643684625 4660 461
1622643700913 4670 462
1622643717119 4680 463
1622643733949 4690 464
1622643750427 4700 465
1622643767069 4710 466
1622643783341 4720 467
1622643799966 4730 468
1622643816255 4740 469
1622643832610 4750 470
1622643848929 4760 471
1622643865369 4770 472
1622643881885 4780 473
1622643898110 4790 474
1622643914210 4800 475
1622643930359 4810 476
1622643946535 4820 477
1622643962566 4830 478
1622643979287 4840 479
1622643996097 4850 480
1622644013161 4860 481
1622644029525 4870 482
1622644046242 4880 483
1622644062750 4890 484
1622644079467 4900 485
1622644096359 4910 486
1622644112918 4920 487
1622644129463 4930 488
1622644146065 4940 489
1622644162741 4950 490
1622644179555 4960 491
1622644196319 4970 492
1622644213025 4980 493
1622644229828 4990 494
1622644246866 5000 495
1622644263866 5010 496
1622644281209 5020 497
1622644298865 5030 498
1622644316707 5040 499
1622644335135 5050 500
