1622724644731 0.9338360123946821 0
1622724645269 0.9474998305476904 1
1622724645819 0.9474998305476904 2
1622724646413 0.9474998305476904 3
1622724647015 0.9474998305476904 4
1622724647665 0.9474998305476904 5
1622724648352 0.9474998305476904 6
1622724649073 0.9474998305476904 7
1622724649831 0.9474998305476904 8
1622724651216 0.9474998305476904 9
1622724652123 0.9474998305476904 10
1622724652976 0.9474998305476904 11
1622724653840 0.9474998305476904 12
1622724654762 0.9474998305476904 13
1622724655713 0.9474998305476904 14
1622724656704 0.9474998305476904 15
1622724657733 0.9474998305476904 16
1622724658798 0.9474998305476904 17
1622724659889 0.9474998305476904 18
1622724661004 0.9474998305476904 19
1622724662153 0.9474998305476904 20
1622724663352 0.9474998305476904 21
1622724664598 0.9474998305476904 22
1622724665886 0.9474998305476904 23
1622724667179 0.9474998305476904 24
1622724668521 0.9474998305476904 25
1622724669908 0.9474998305476904 26
1622724671322 0.9474998305476904 27
1622724672764 0.9474998305476904 28
1622724674249 0.9474998305476904 29
1622724675776 0.9474998305476904 30
1622724677329 0.9474998305476904 31
1622724678932 0.9474998305476904 32
1622724680564 0.9474998305476904 33
1622724682222 0.9474998305476904 34
1622724683915 0.9474998305476904 35
1622724685670 0.9474998305476904 36
1622724687416 0.9474998305476904 37
1622724689227 0.9474998305476904 38
1622724691090 0.9474998305476904 39
1622724692956 0.9474998305476904 40
1622724694879 0.9474998305476904 41
1622724696802 0.9474998305476904 42
1622724698787 0.9474998305476904 43
1622724700811 0.9474998305476904 44
1622724702874 0.9474998305476904 45
1622724704984 0.9474998305476904 46
1622724707119 0.9474998305476904 47
1622724709291 0.9474998305476904 48
1622724711478 0.9474998305476904 49
1622724713719 0.9474998305476904 50
1622724715979 0.9474998305476904 51
1622724718313 0.9474998305476904 52
1622724720668 0.9474998305476904 53
1622724723020 0.9474998305476904 54
1622724725451 0.9474998305476904 55
1622724727909 0.9474998305476904 56
1622724730405 0.9474998305476904 57
1622724732928 0.9474998305476904 58
1622724735503 0.9474998305476904 59
1622724738124 0.9474998305476904 60
1622724740754 0.9474998305476904 61
1622724743437 0.9474998305476904 62
1622724746140 0.9474998305476904 63
1622724748882 0.9474998305476904 64
1622724751622 0.9474998305476904 65
1622724754423 0.9474998305476904 66
1622724757241 0.9474998305476904 67
1622724760101 0.9474998305476904 68
1622724762996 0.9474998305476904 69
1622724765943 0.9474998305476904 70
1622724768918 0.9474998305476904 71
1622724771960 0.9474998305476904 72
1622724775021 0.9474998305476904 73
1622724778105 0.9474998305476904 74
1622724781266 0.9474998305476904 75
1622724784457 0.9474998305476904 76
1622724787687 0.9474998305476904 77
1622724790942 0.9474998305476904 78
1622724794161 0.9474998305476904 79
1622724797452 0.9474998305476904 80
1622724800742 0.9474998305476904 81
1622724804132 0.9474998305476904 82
1622724807536 0.9474998305476904 83
1622724811011 0.9474998305476904 84
1622724814492 0.9474998305476904 85
1622724818006 0.9474998305476904 86
1622724821568 0.9474998305476904 87
1622724825124 0.9474998305476904 88
1622724828809 0.9474998305476904 89
1622724832432 0.9474998305476904 90
1622724836110 0.9474998305476904 91
1622724839898 0.9474998305476904 92
1622724843646 0.9474998305476904 93
1622724847487 0.9474998305476904 94
1622724851360 0.9474998305476904 95
1622724855250 0.9474998305476904 96
1622724859164 0.9474998305476904 97
1622724863092 0.9474998305476904 98
1622724867055 0.9474998305476904 99
1622724871071 0.9474998305476904 100
1622724875140 0.9474998305476904 101
1622724879268 0.9474998305476904 102
1622724883371 0.9474998305476904 103
1622724887530 0.9474998305476904 104
1622724891743 0.9474998305476904 105
1622724895964 0.9474998305476904 106
1622724900251 0.9474998305476904 107
1622724904553 0.9474998305476904 108
1622724908892 0.9474998305476904 109
1622724913271 0.9474998305476904 110
1622724917660 0.9474998305476904 111
1622724922098 0.9474998305476904 112
1622724926608 0.9474998305476904 113
1622724931110 0.9474998305476904 114
1622724935673 0.9474998305476904 115
1622724940279 0.9474998305476904 116
1622724944918 0.9474998305476904 117
1622724949597 0.9474998305476904 118
1622724954291 0.9474998305476904 119
1622724958989 0.9474998305476904 120
1622724963777 0.9474998305476904 121
1622724968580 0.9474998305476904 122
1622724973419 0.9474998305476904 123
1622724978296 0.9474998305476904 124
1622724983172 0.9474998305476904 125
1622724988162 0.9474998305476904 126
1622724993148 0.9474998305476904 127
1622724998174 0.9474998305476904 128
1622725003202 0.9474998305476904 129
1622725008310 0.9474998305476904 130
1622725013423 0.9474998305476904 131
1622725018609 0.9474998305476904 132
1622725023798 0.9474998305476904 133
1622725029022 0.9474998305476904 134
1622725034326 0.9474998305476904 135
1622725039612 0.9474998305476904 136
1622725044979 0.9474998305476904 137
1622725050344 0.9474998305476904 138
1622725055741 0.9474998305476904 139
1622725061218 0.9474998305476904 140
1622725066740 0.9474998305476904 141
1622725072247 0.9474998305476904 142
1622725077748 0.9474998305476904 143
1622725083297 0.9474998305476904 144
1622725088965 0.9474998305476904 145
1622725094591 0.9474998305476904 146
1622725100364 0.9474998305476904 147
1622725106104 0.9474998305476904 148
1622725111863 0.9474998305476904 149
1622725117722 0.9474998305476904 150
1622725123548 0.9474998305476904 151
1622725129499 0.9474998305476904 152
1622725135423 0.9474998305476904 153
1622725141385 0.9474998305476904 154
1622725147419 0.9474998305476904 155
1622725153443 0.9474998305476904 156
1622725159524 0.9474998305476904 157
1622725165659 0.9474998305476904 158
1622725171817 0.9474998305476904 159
1622725178010 0.9474998305476904 160
1622725184190 0.9474998305476904 161
1622725190378 0.9474998305476904 162
1622725196672 0.9474998305476904 163
1622725202933 0.9474998305476904 164
1622725209245 0.9474998305476904 165
1622725215744 0.9474998305476904 166
1622725222188 0.9474998305476904 167
1622725228655 0.9474998305476904 168
1622725235114 0.9474998305476904 169
1622725241603 0.9474998305476904 170
1622725248149 0.9474998305476904 171
1622725254728 0.9474998305476904 172
1622725261333 0.9474998305476904 173
1622725268013 0.9474998305476904 174
1622725274686 0.9474998305476904 175
1622725281481 0.9474998305476904 176
1622725288214 0.9474998305476904 177
1622725294953 0.9474998305476904 178
1622725301812 0.9474998305476904 179
1622725308642 0.9474998305476904 180
1622725315582 0.9474998305476904 181
1622725322514 0.9474998305476904 182
1622725329450 0.9474998305476904 183
1622725336453 0.9474998305476904 184
1622725343523 0.9474998305476904 185
1622725350595 0.9474998305476904 186
1622725357701 0.9474998305476904 187
1622725364832 0.9474998305476904 188
1622725371949 0.9474998305476904 189
1622725379201 0.9474998305476904 190
1622725386395 0.9474998305476904 191
1622725393658 0.9474998305476904 192
1622725401005 0.9474998305476904 193
1622725408311 0.9474998305476904 194
1622725415735 0.9474998305476904 195
1622725423181 0.9474998305476904 196
1622725430666 0.9474998305476904 197
1622725438184 0.9474998305476904 198
1622725445659 0.9474998305476904 199
1622725453254 0.9474998305476904 200
1622725460902 0.9474998305476904 201
1622725468540 0.9474998305476904 202
1622725476206 0.9474998305476904 203
1622725483932 0.9474998305476904 204
1622725491708 0.9474998305476904 205
1622725499453 0.9474998305476904 206
1622725507197 0.9474998305476904 207
1622725515010 0.9474998305476904 208
1622725522924 0.9474998305476904 209
1622725530837 0.9474998305476904 210
1622725538816 0.9474998305476904 211
1622725546757 0.9474998305476904 212
1622725554846 0.9474998305476904 213
1622725562844 0.9474998305476904 214
1622725570973 0.9474998305476904 215
1622725579129 0.9474998305476904 216
1622725587311 0.9474998305476904 217
1622725595573 0.9474998305476904 218
1622725603795 0.9474998305476904 219
1622725612098 0.9474998305476904 220
1622725620468 0.9474998305476904 221
1622725628866 0.9474998305476904 222
1622725637266 0.9474998305476904 223
1622725645747 0.9474998305476904 224
1622725654219 0.9474998305476904 225
1622725662683 0.9474998305476904 226
1622725671236 0.9474998305476904 227
1622725679841 0.9474998305476904 228
1622725688460 0.9474998305476904 229
1622725697153 0.9474998305476904 230
1622725705850 0.9474998305476904 231
1622725714638 0.9474998305476904 232
1622725723380 0.9474998305476904 233
1622725732194 0.9474998305476904 234
1622725741114 0.9474998305476904 235
1622725750010 0.9474998305476904 236
1622725758940 0.9474998305476904 237
1622725767918 0.9474998305476904 238
1622725776846 0.9474998305476904 239
1622725785842 0.9474998305476904 240
1622725794901 0.9474998305476904 241
1622725803965 0.9474998305476904 242
1622725813093 0.9474998305476904 243
1622725822196 0.9474998305476904 244
1622725831367 0.9474998305476904 245
1622725840636 0.9474998305476904 246
1622725849874 0.9474998305476904 247
1622725859146 0.9474998305476904 248
1622725868506 0.9474998305476904 249
1622725877810 0.9474998305476904 250
1622725887202 0.9474998305476904 251
1622725896607 0.9474998305476904 252
1622725906071 0.9474998305476904 253
1622725915560 0.9474998305476904 254
1622725925096 0.9474998305476904 255
1622725934730 0.9474998305476904 256
1622725944336 0.9474998305476904 257
1622725953971 0.9474998305476904 258
1622725963596 0.9474998305476904 259
1622725973334 0.9474998305476904 260
1622725983134 0.9474998305476904 261
1622725992919 0.9474998305476904 262
1622726002717 0.9474998305476904 263
1622726012522 0.9474998305476904 264
1622726022381 0.9474998305476904 265
1622726032385 0.9474998305476904 266
1622726042343 0.9474998305476904 267
1622726052357 0.9474998305476904 268
1622726062395 0.9474998305476904 269
1622726072483 0.9474998305476904 270
1622726082599 0.9474998305476904 271
1622726092806 0.9474998305476904 272
1622726103062 0.9474998305476904 273
1622726113226 0.9474998305476904 274
1622726123500 0.9474998305476904 275
1622726133873 0.9474998305476904 276
1622726144367 0.9474998305476904 277
1622726154809 0.9474998305476904 278
1622726165212 0.9474998305476904 279
1622726175699 0.9474998305476904 280
1622726186196 0.9474998305476904 281
1622726196688 0.9474998305476904 282
1622726207298 0.9474998305476904 283
1622726217881 0.9474998305476904 284
1622726228518 0.9474998305476904 285
1622726239186 0.9474998305476904 286
1622726249837 0.9474998305476904 287
1622726260594 0.9474998305476904 288
1622726271418 0.9474998305476904 289
1622726282259 0.9474998305476904 290
1622726293070 0.9474998305476904 291
1622726303922 0.9474998305476904 292
1622726314870 0.9474998305476904 293
1622726325794 0.9474998305476904 294
1622726336770 0.9474998305476904 295
1622726347813 0.9474998305476904 296
1622726358888 0.9474998305476904 297
1622726369956 0.9474998305476904 298
1622726381093 0.9474998305476904 299
1622726392256 0.9474998305476904 300
1622726403422 0.9474998305476904 301
1622726414654 0.9474998305476904 302
1622726425892 0.9474998305476904 303
1622726437173 0.9474998305476904 304
1622726448539 0.9474998305476904 305
1622726459833 0.9474998305476904 306
1622726471300 0.9474998305476904 307
1622726482712 0.9474998305476904 308
1622726494174 0.9474998305476904 309
1622726505654 0.9474998305476904 310
1622726517273 0.9474998305476904 311
1622726528890 0.9474998305476904 312
1622726540507 0.9474998305476904 313
1622726552203 0.9474998305476904 314
1622726563964 0.9474998305476904 315
1622726575762 0.9474998305476904 316
1622726587554 0.9474998305476904 317
1622726599373 0.9474998305476904 318
1622726611216 0.9474998305476904 319
1622726623171 0.9474998305476904 320
1622726635223 0.9474998305476904 321
1622726647190 0.9474998305476904 322
1622726659230 0.9474998305476904 323
1622726671263 0.9474998305476904 324
1622726683363 0.9474998305476904 325
1622726695561 0.9474998305476904 326
1622726707721 0.9474998305476904 327
1622726719899 0.9474998305476904 328
1622726732158 0.9474998305476904 329
1622726744433 0.9474998305476904 330
1622726756712 0.9474998305476904 331
1622726769046 0.9474998305476904 332
1622726781366 0.9474998305476904 333
1622726793686 0.9474998305476904 334
1622726806135 0.9474998305476904 335
1622726818543 0.9474998305476904 336
1622726831022 0.9474998305476904 337
1622726843532 0.9474998305476904 338
1622726856075 0.9474998305476904 339
1622726868672 0.9474998305476904 340
1622726881388 0.9474998305476904 341
1622726894019 0.9474998305476904 342
1622726906701 0.9474998305476904 343
1622726919429 0.9474998305476904 344
1622726932127 0.9474998305476904 345
1622726944898 0.9474998305476904 346
1622726957707 0.9474998305476904 347
1622726970612 0.9474998305476904 348
1622726983398 0.9474998305476904 349
1622726996376 0.9474998305476904 350
1622727009311 0.9474998305476904 351
1622727022391 0.9474998305476904 352
1622727035408 0.9474998305476904 353
1622727048448 0.9474998305476904 354
1622727061513 0.9474998305476904 355
1622727074656 0.9474998305476904 356
1622727087852 0.9474998305476904 357
1622727101089 0.9474998305476904 358
1622727114455 0.9474998305476904 359
1622727127729 0.9474998305476904 360
1622727141201 0.9474998305476904 361
1622727154599 0.9474998305476904 362
1622727168094 0.9474998305476904 363
1622727181601 0.9474998305476904 364
1622727195109 0.9474998305476904 365
1622727208637 0.9474998305476904 366
1622727222298 0.9474998305476904 367
1622727235978 0.9474998305476904 368
1622727249597 0.9474998305476904 369
1622727263271 0.9474998305476904 370
1622727276926 0.9474998305476904 371
1622727290638 0.9474998305476904 372
1622727304391 0.9474998305476904 373
1622727318165 0.9474998305476904 374
1622727332051 0.9474998305476904 375
1622727345901 0.9474998305476904 376
1622727359678 0.9474998305476904 377
1622727373651 0.9474998305476904 378
1622727387638 0.9474998305476904 379
1622727401617 0.9474998305476904 380
1622727415641 0.9474998305476904 381
1622727429687 0.9474998305476904 382
1622727443869 0.9474998305476904 383
1622727458056 0.9474998305476904 384
1622727472246 0.9474998305476904 385
1622727486467 0.9474998305476904 386
1622727500657 0.9474998305476904 387
1622727514991 0.9474998305476904 388
1622727529361 0.9474998305476904 389
1622727543653 0.9474998305476904 390
1622727558030 0.9474998305476904 391
1622727572518 0.9474998305476904 392
1622727586953 0.9474998305476904 393
1622727601445 0.9474998305476904 394
1622727616005 0.9474998305476904 395
1622727630582 0.9474998305476904 396
1622727645142 0.9474998305476904 397
1622727659791 0.9474998305476904 398
1622727674469 0.9474998305476904 399
1622727689206 0.9474998305476904 400
1622727703937 0.9474998305476904 401
1622727718791 0.9474998305476904 402
1622727733562 0.9474998305476904 403
1622727748362 0.9474998305476904 404
1622727763172 0.9474998305476904 405
1622727778029 0.9474998305476904 406
1622727792970 0.9474998305476904 407
1622727807901 0.9474998305476904 408
1622727822915 0.9474998305476904 409
1622727837965 0.9474998305476904 410
1622727853093 0.9474998305476904 411
1622727868245 0.9474998305476904 412
1622727883376 0.9474998305476904 413
1622727898657 0.9474998305476904 414
1622727913873 0.9474998305476904 415
1622727929060 0.9474998305476904 416
1622727944405 0.9474998305476904 417
1622727959716 0.9474998305476904 418
1622727975086 0.9474998305476904 419
1622727990450 0.9474998305476904 420
1622728005917 0.9474998305476904 421
1622728021495 0.9474998305476904 422
1622728037005 0.9474998305476904 423
1622728052589 0.9474998305476904 424
1622728068188 0.9474998305476904 425
1622728083868 0.9474998305476904 426
1622728099488 0.9474998305476904 427
1622728115136 0.9474998305476904 428
1622728130874 0.9474998305476904 429
1622728146589 0.9474998305476904 430
1622728162457 0.9474998305476904 431
1622728178427 0.9474998305476904 432
1622728194350 0.9474998305476904 433
1622728210235 0.9474998305476904 434
1622728226167 0.9474998305476904 435
1622728242186 0.9474998305476904 436
1622728258218 0.9474998305476904 437
1622728274328 0.9474998305476904 438
1622728290368 0.9474998305476904 439
1622728306408 0.9474998305476904 440
1622728322589 0.9474998305476904 441
1622728338747 0.9474998305476904 442
1622728354911 0.9474998305476904 443
1622728371197 0.9474998305476904 444
1622728387510 0.9474998305476904 445
1622728403815 0.9474998305476904 446
1622728420222 0.9474998305476904 447
1622728436594 0.9474998305476904 448
1622728453002 0.9474998305476904 449
1622728469525 0.9474998305476904 450
1622728486013 0.9474998305476904 451
1622728502544 0.9474998305476904 452
1622728519187 0.9474998305476904 453
1622728535833 0.9474998305476904 454
1622728552404 0.9474998305476904 455
1622728569035 0.9474998305476904 456
1622728585758 0.9474998305476904 457
1622728602591 0.9474998305476904 458
1622728619309 0.9474998305476904 459
1622728636102 0.9474998305476904 460
1622728652923 0.9474998305476904 461
1622728669704 0.9474998305476904 462
1622728686658 0.9474998305476904 463
1622728703567 0.9474998305476904 464
1622728720579 0.9474998305476904 465
1622728737639 0.9474998305476904 466
1622728754743 0.9474998305476904 467
1622728771797 0.9474998305476904 468
1622728788883 0.9474998305476904 469
1622728806077 0.9474998305476904 470
1622728823403 0.9474998305476904 471
1622728840793 0.9474998305476904 472
1622728858185 0.9474998305476904 473
1622728875633 0.9474998305476904 474
1622728893179 0.9474998305476904 475
1622728910617 0.9474998305476904 476
1622728928198 0.9474998305476904 477
1622728945680 0.9474998305476904 478
1622728963213 0.9474998305476904 479
1622728980730 0.9474998305476904 480
1622728998479 0.9474998305476904 481
1622729016122 0.9474998305476904 482
1622729033856 0.9474998305476904 483
1622729051834 0.9474998305476904 484
1622729069676 0.9474998305476904 485
1622729087559 0.9474998305476904 486
1622729105413 0.9474998305476904 487
1622729123353 0.9474998305476904 488
1622729141346 0.9474998305476904 489
1622729159324 0.9474998305476904 490
1622729177422 0.9474998305476904 491
1622729195607 0.9474998305476904 492
1622729213646 0.9474998305476904 493
1622729231792 0.9474998305476904 494
1622729250041 0.9474998305476904 495
1622729268353 0.9474998305476904 496
1622729286632 0.9474998305476904 497
1622729304982 0.9474998305476904 498
1622729323323 0.9474998305476904 499
1622729341624 0.9474998305476904 500
