1622625503421 -121.05672041957018 0
1622625504017 -50.50463594189925 1
1622625504590 -43.715883466273574 2
1622625505836 -43.715883466273574 3
1622625506977 -43.715883466273574 4
1622625507753 -43.715883466273574 5
1622625508454 -43.715883466273574 6
1622625509193 -43.715883466273574 7
1622625509980 -43.715883466273574 8
1622625510859 -43.715883466273574 9
1622625511722 -43.715883466273574 10
1622625512615 -43.715883466273574 11
1622625513517 -43.715883466273574 12
1622625514485 -43.715883466273574 13
1622625515465 -43.715883466273574 14
1622625516492 -43.715883466273574 15
1622625517569 -43.715883466273574 16
1622625519499 -43.715883466273574 17
1622625520736 -43.715883466273574 18
1622625521978 -43.715883466273574 19
1622625523246 -43.715883466273574 20
1622625524589 -43.715883466273574 21
1622625525984 -43.715883466273574 22
1622625527408 -43.715883466273574 23
1622625528880 -43.715883466273574 24
1622625531305 -43.715883466273574 25
1622625532917 -43.715883466273574 26
1622625534484 -43.715883466273574 27
1622625536079 -43.715883466273574 28
1622625537699 -43.715883466273574 29
1622625539393 -43.715883466273574 30
1622625541770 -43.715883466273574 31
1622625543412 -43.715883466273574 32
1622625545072 -43.715883466273574 33
1622625546851 -43.715883466273574 34
1622625548592 -43.715883466273574 35
1622625550381 -43.715883466273574 36
1622625552189 -43.715883466273574 37
1622625554051 -43.715883466273574 38
1622625555972 -43.715883466273574 39
1622625557892 -43.715883466273574 40
1622625559877 -43.715883466273574 41
1622625561891 -43.715883466273574 42
1622625563958 -43.715883466273574 43
1622625566010 -43.715883466273574 44
1622625568111 -43.715883466273574 45
1622625570262 -43.715883466273574 46
1622625572431 -43.715883466273574 47
1622625574708 -43.715883466273574 48
1622625577195 -43.715883466273574 49
1622625579656 -43.715883466273574 50
1622625582526 -43.715883466273574 51
1622625585138 -43.715883466273574 52
1622625587930 -43.715883466273574 53
1622625590304 -43.715883466273574 54
1622625592744 -43.715883466273574 55
1622625595243 -43.715883466273574 56
1622625597803 -43.715883466273574 57
1622625600374 -43.715883466273574 58
1622625602955 -43.715883466273574 59
1622625605623 -43.715883466273574 60
1622625609097 -43.715883466273574 61
1622625612586 -43.715883466273574 62
1622625615571 -43.715883466273574 63
1622625618948 -43.715883466273574 64
1622625622343 -43.715883466273574 65
1622625625184 -43.715883466273574 66
1622625628042 -43.715883466273574 67
1622625630990 -43.715883466273574 68
1622625633958 -43.715883466273574 69
1622625636923 -43.715883466273574 70
1622625639976 -43.715883466273574 71
1622625643052 -43.715883466273574 72
1622625646146 -43.715883466273574 73
1622625649277 -43.715883466273574 74
1622625652469 -43.715883466273574 75
1622625655691 -43.715883466273574 76
1622625658899 -43.715883466273574 77
1622625663053 -43.715883466273574 78
1622625667395 -43.715883466273574 79
1622625671962 -43.715883466273574 80
1622625675433 -43.715883466273574 81
1622625678827 -43.715883466273574 82
1622625682315 -43.715883466273574 83
1622625686609 -43.715883466273574 84
1622625690151 -43.715883466273574 85
1622625693689 -43.715883466273574 86
1622625697303 -43.715883466273574 87
1622625700941 -43.715883466273574 88
1622625705410 -43.715883466273574 89
1622625709144 -43.715883466273574 90
1622625713067 -43.715883466273574 91
1622625716837 -43.715883466273574 92
1622625720647 -43.715883466273574 93
1622625724535 -43.715883466273574 94
1622625728415 -43.715883466273574 95
1622625732342 -43.715883466273574 96
1622625737347 -43.715883466273574 97
1622625743075 -43.715883466273574 98
1622625747357 -43.715883466273574 99
1622625751409 -43.715883466273574 100
1622625755485 -43.715883466273574 101
1622625759660 -43.715883466273574 102
1622625763826 -43.715883466273574 103
1622625768046 -43.715883466273574 104
1622625772287 -43.715883466273574 105
1622625779038 -43.715883466273574 106
1622625783315 -43.715883466273574 107
1622625787682 -43.715883466273574 108
1622625792060 -43.715883466273574 109
1622625796474 -43.715883466273574 110
1622625800930 -43.715883466273574 111
1622625805464 -43.715883466273574 112
1622625810017 -43.715883466273574 113
1622625814595 -43.715883466273574 114
1622625819218 -43.715883466273574 115
1622625823834 -43.715883466273574 116
1622625828498 -43.715883466273574 117
1622625833230 -43.715883466273574 118
1622625837980 -43.715883466273574 119
1622625842794 -43.715883466273574 120
1622625847591 -43.715883466273574 121
1622625852491 -43.715883466273574 122
1622625858617 -43.715883466273574 123
1622625866087 -43.715883466273574 124
1622625872745 -43.715883466273574 125
1622625881132 -43.715883466273574 126
1622625889200 -43.715883466273574 127
1622625895330 -43.715883466273574 128
1622625902603 -43.715883466273574 129
1622625909051 -43.715883466273574 130
1622625914862 -43.715883466273574 131
1622625920829 -43.715883466273574 132
1622625926907 -43.715883466273574 133
1622625934479 -43.715883466273574 134
1622625940926 -43.715883466273574 135
1622625948412 -43.715883466273574 136
1622625955837 -43.715883466273574 137
1622625962443 -43.715883466273574 138
1622625970071 -43.715883466273574 139
1622625975676 -43.715883466273574 140
1622625981483 -43.715883466273574 141
1622625987469 -43.715883466273574 142
1622625993435 -43.715883466273574 143
1622625999506 -43.715883466273574 144
1622626006401 -43.715883466273574 145
1622626012403 -43.715883466273574 146
1622626018528 -43.715883466273574 147
1622626024701 -43.715883466273574 148
1622626031399 -43.715883466273574 149
1622626038051 -43.715883466273574 150
1622626044458 -43.715883466273574 151
1622626050874 -43.715883466273574 152
1622626057212 -43.715883466273574 153
1622626065293 -43.715883466273574 154
1622626071769 -43.715883466273574 155
1622626078350 -43.715883466273574 156
1622626086796 -43.715883466273574 157
1622626093002 -43.715883466273574 158
1622626099085 -43.715883466273574 159
1622626105284 -43.715883466273574 160
1622626114690 -43.715883466273574 161
1622626120925 -43.715883466273574 162
1622626127249 -43.715883466273574 163
1622626133597 -43.715883466273574 164
1622626140037 -43.715883466273574 165
1622626146502 -43.715883466273574 166
1622626152925 -43.715883466273574 167
1622626159474 -43.715883466273574 168
1622626166053 -43.715883466273574 169
1622626172678 -43.715883466273574 170
1622626179337 -43.715883466273574 171
1622626186096 -43.715883466273574 172
1622626192834 -43.715883466273574 173
1622626199678 -43.715883466273574 174
1622626206513 -43.715883466273574 175
1622626213310 -43.715883466273574 176
1622626220228 -43.715883466273574 177
1622626227192 -43.715883466273574 178
1622626234127 -43.715883466273574 179
1622626241085 -43.715883466273574 180
1622626248124 -43.715883466273574 181
1622626255176 -43.715883466273574 182
1622626262285 -43.715883466273574 183
1622626269397 -43.715883466273574 184
1622626276523 -43.715883466273574 185
1622626283683 -43.715883466273574 186
1622626290870 -43.715883466273574 187
1622626298204 -43.715883466273574 188
1622626305468 -43.715883466273574 189
1622626312797 -43.715883466273574 190
1622626320195 -43.715883466273574 191
1622626327629 -43.715883466273574 192
1622626335100 -43.715883466273574 193
1622626342613 -43.715883466273574 194
1622626350096 -43.715883466273574 195
1622626357650 -43.715883466273574 196
1622626365217 -43.715883466273574 197
1622626372826 -43.715883466273574 198
1622626380475 -43.715883466273574 199
1622626388143 -43.715883466273574 200
1622626395822 -43.715883466273574 201
1622626403472 -43.715883466273574 202
1622626411275 -43.715883466273574 203
1622626419118 -43.715883466273574 204
1622626427021 -43.715883466273574 205
1622626434881 -43.715883466273574 206
1622626442758 -43.715883466273574 207
1622626450697 -43.715883466273574 208
1622626459263 -43.715883466273574 209
1622626467278 -43.715883466273574 210
1622626475408 -43.715883466273574 211
1622626483544 -43.715883466273574 212
1622626491617 -43.715883466273574 213
1622626499855 -43.715883466273574 214
1622626508070 -43.715883466273574 215
1622626516355 -43.715883466273574 216
1622626524697 -43.715883466273574 217
1622626533036 -43.715883466273574 218
1622626541337 -43.715883466273574 219
1622626549709 -43.715883466273574 220
1622626558191 -43.715883466273574 221
1622626566683 -43.715883466273574 222
1622626575258 -43.715883466273574 223
1622626583763 -43.715883466273574 224
1622626592391 -43.715883466273574 225
1622626601010 -43.715883466273574 226
1622626609658 -43.715883466273574 227
1622626618381 -43.715883466273574 228
1622626627205 -43.715883466273574 229
1622626635996 -43.715883466273574 230
1622626644875 -43.715883466273574 231
1622626653813 -43.715883466273574 232
1622626662773 -43.715883466273574 233
1622626671715 -43.715883466273574 234
1622626680702 -43.715883466273574 235
1622626689697 -43.715883466273574 236
1622626698830 -43.715883466273574 237
1622626707916 -43.715883466273574 238
1622626717007 -43.715883466273574 239
1622626726131 -43.715883466273574 240
1622626735303 -43.715883466273574 241
1622626744469 -43.715883466273574 242
1622626753741 -43.715883466273574 243
1622626763025 -43.715883466273574 244
1622626772362 -43.715883466273574 245
1622626781742 -43.715883466273574 246
1622626791071 -43.715883466273574 247
1622626800515 -43.715883466273574 248
1622626809961 -43.715883466273574 249
1622626819445 -43.715883466273574 250
1622626828923 -43.715883466273574 251
1622626838469 -43.715883466273574 252
1622626848110 -43.715883466273574 253
1622626857690 -43.715883466273574 254
1622626867404 -43.715883466273574 255
1622626877156 -43.715883466273574 256
1622626886947 -43.715883466273574 257
1622626896733 -43.715883466273574 258
1622626906513 -43.715883466273574 259
1622626916370 -43.715883466273574 260
1622626926287 -43.715883466273574 261
1622626936154 -43.715883466273574 262
1622626946175 -43.715883466273574 263
1622626956136 -43.715883466273574 264
1622626966145 -43.715883466273574 265
1622626976224 -43.715883466273574 266
1622626986298 -43.715883466273574 267
1622626996376 -43.715883466273574 268
1622627006546 -43.715883466273574 269
1622627016784 -43.715883466273574 270
1622627027125 -43.715883466273574 271
1622627037394 -43.715883466273574 272
1622627047708 -43.715883466273574 273
1622627058160 -43.715883466273574 274
1622627068491 -43.715883466273574 275
1622627078869 -43.715883466273574 276
1622627089376 -43.715883466273574 277
1622627099910 -43.715883466273574 278
1622627110441 -43.715883466273574 279
1622627121129 -43.715883466273574 280
1622627131756 -43.715883466273574 281
1622627142336 -43.715883466273574 282
1622627153022 -43.715883466273574 283
1622627163716 -43.715883466273574 284
1622627174461 -43.715883466273574 285
1622627185270 -43.715883466273574 286
1622627196064 -43.715883466273574 287
1622627206932 -43.715883466273574 288
1622627217874 -43.715883466273574 289
1622627228884 -43.715883466273574 290
1622627240835 -43.715883466273574 291
1622627251708 -43.715883466273574 292
1622627262771 -43.715883466273574 293
1622627273829 -43.715883466273574 294
1622627284881 -43.715883466273574 295
1622627296254 -43.715883466273574 296
1622627307453 -43.715883466273574 297
1622627318599 -43.715883466273574 298
1622627329845 -43.715883466273574 299
1622627341078 -43.715883466273574 300
1622627352444 -43.715883466273574 301
1622627363804 -43.715883466273574 302
1622627375175 -43.715883466273574 303
1622627386590 -43.715883466273574 304
1622627397954 -43.715883466273574 305
1622627409443 -43.715883466273574 306
1622627421014 -43.715883466273574 307
1622627432532 -43.715883466273574 308
1622627444141 -43.715883466273574 309
1622627455726 -43.715883466273574 310
1622627467327 -43.715883466273574 311
1622627479010 -43.715883466273574 312
1622627490680 -43.715883466273574 313
1622627502379 -43.715883466273574 314
1622627514092 -43.715883466273574 315
1622627525970 -43.715883466273574 316
1622627537835 -43.715883466273574 317
1622627549691 -43.715883466273574 318
1622627561663 -43.715883466273574 319
1622627573685 -43.715883466273574 320
1622627585716 -43.715883466273574 321
1622627597743 -43.715883466273574 322
1622627609830 -43.715883466273574 323
1622627621948 -43.715883466273574 324
1622627634058 -43.715883466273574 325
1622627646209 -43.715883466273574 326
1622627658409 -43.715883466273574 327
1622627670678 -43.715883466273574 328
1622627683012 -43.715883466273574 329
1622627695274 -43.715883466273574 330
1622627707565 -43.715883466273574 331
1622627720057 -43.715883466273574 332
1622627732478 -43.715883466273574 333
1622627744996 -43.715883466273574 334
1622627757456 -43.715883466273574 335
1622627770043 -43.715883466273574 336
1622627782758 -43.715883466273574 337
1622627795291 -43.715883466273574 338
1622627807887 -43.715883466273574 339
1622627820517 -43.715883466273574 340
1622627833196 -43.715883466273574 341
1622627845864 -43.715883466273574 342
1622627858501 -43.715883466273574 343
1622627871270 -43.715883466273574 344
1622627884075 -43.715883466273574 345
1622627896865 -43.715883466273574 346
1622627909779 -43.715883466273574 347
1622627922744 -43.715883466273574 348
1622627935694 -43.715883466273574 349
1622627948808 -43.715883466273574 350
1622627961902 -43.715883466273574 351
1622627975018 -43.715883466273574 352
1622627988174 -43.715883466273574 353
1622628001359 -43.715883466273574 354
1622628014578 -43.715883466273574 355
1622628027926 -43.715883466273574 356
1622628041188 -43.715883466273574 357
1622628054543 -43.715883466273574 358
1622628067888 -43.715883466273574 359
1622628081362 -43.715883466273574 360
1622628094828 -43.715883466273574 361
1622628108409 -43.715883466273574 362
1622628121908 -43.715883466273574 363
1622628135480 -43.715883466273574 364
1622628149033 -43.715883466273574 365
1622628162607 -43.715883466273574 366
1622628176211 -43.715883466273574 367
1622628189809 -43.715883466273574 368
1622628203490 -43.715883466273574 369
1622628217228 -43.715883466273574 370
1622628230984 -43.715883466273574 371
1622628244729 -43.715883466273574 372
1622628258614 -43.715883466273574 373
1622628272548 -43.715883466273574 374
1622628286415 -43.715883466273574 375
1622628300447 -43.715883466273574 376
1622628315413 -43.715883466273574 377
1622628329481 -43.715883466273574 378
1622628343632 -43.715883466273574 379
1622628357750 -43.715883466273574 380
1622628371890 -43.715883466273574 381
1622628386109 -43.715883466273574 382
1622628400444 -43.715883466273574 383
1622628414715 -43.715883466273574 384
1622628429071 -43.715883466273574 385
1622628443329 -43.715883466273574 386
1622628457606 -43.715883466273574 387
1622628471986 -43.715883466273574 388
1622628486332 -43.715883466273574 389
1622628500774 -43.715883466273574 390
1622628515254 -43.715883466273574 391
1622628529759 -43.715883466273574 392
1622628544230 -43.715883466273574 393
1622628558762 -43.715883466273574 394
1622628573265 -43.715883466273574 395
1622628587899 -43.715883466273574 396
1622628602616 -43.715883466273574 397
1622628617384 -43.715883466273574 398
1622628632203 -43.715883466273574 399
1622628647122 -43.715883466273574 400
1622628661992 -43.715883466273574 401
1622628676960 -43.715883466273574 402
1622628691949 -43.715883466273574 403
1622628706920 -43.715883466273574 404
1622628721886 -43.715883466273574 405
1622628736948 -43.715883466273574 406
1622628752040 -43.715883466273574 407
1622628767221 -43.715883466273574 408
1622628782366 -43.715883466273574 409
1622628797545 -43.715883466273574 410
1622628812851 -43.715883466273574 411
1622628828159 -43.715883466273574 412
1622628843385 -43.715883466273574 413
1622628858836 -43.715883466273574 414
1622628874180 -43.715883466273574 415
1622628889622 -43.715883466273574 416
1622628905060 -43.715883466273574 417
1622628920512 -43.715883466273574 418
1622628935984 -43.715883466273574 419
1622628951444 -43.715883466273574 420
1622628966966 -43.715883466273574 421
1622628982540 -43.715883466273574 422
1622628998142 -43.715883466273574 423
1622629014942 -43.715883466273574 424
1622629030780 -43.715883466273574 425
1622629046682 -43.715883466273574 426
1622629063506 -43.715883466273574 427
1622629079439 -43.715883466273574 428
1622629095348 -43.715883466273574 429
1622629111406 -43.715883466273574 430
1622629127296 -43.715883466273574 431
1622629143271 -43.715883466273574 432
1622629159230 -43.715883466273574 433
1622629175307 -43.715883466273574 434
1622629191521 -43.715883466273574 435
1622629207656 -43.715883466273574 436
1622629223756 -43.715883466273574 437
1622629239949 -43.715883466273574 438
1622629256220 -43.715883466273574 439
1622629272548 -43.715883466273574 440
1622629288872 -43.715883466273574 441
1622629305243 -43.715883466273574 442
1622629321700 -43.715883466273574 443
1622629338176 -43.715883466273574 444
1622629354648 -43.715883466273574 445
1622629371136 -43.715883466273574 446
1622629387804 -43.715883466273574 447
1622629404453 -43.715883466273574 448
1622629421105 -43.715883466273574 449
1622629437788 -43.715883466273574 450
1622629454568 -43.715883466273574 451
1622629471375 -43.715883466273574 452
1622629488106 -43.715883466273574 453
1622629504893 -43.715883466273574 454
1622629521713 -43.715883466273574 455
1622629538657 -43.715883466273574 456
1622629555567 -43.715883466273574 457
1622629572456 -43.715883466273574 458
1622629589461 -43.715883466273574 459
1622629606377 -43.715883466273574 460
1622629623398 -43.715883466273574 461
1622629640439 -43.715883466273574 462
1622629657466 -43.715883466273574 463
1622629674502 -43.715883466273574 464
1622629691554 -43.715883466273574 465
1622629708764 -43.715883466273574 466
1622629726039 -43.715883466273574 467
1622629743356 -43.715883466273574 468
1622629760615 -43.715883466273574 469
1622629777970 -43.715883466273574 470
1622629795441 -43.715883466273574 471
1622629812848 -43.715883466273574 472
1622629830275 -43.715883466273574 473
1622629847756 -43.715883466273574 474
1622629865247 -43.715883466273574 475
1622629882835 -43.715883466273574 476
1622629900302 -43.715883466273574 477
1622629917874 -43.715883466273574 478
1622629935453 -43.715883466273574 479
1622629953099 -43.715883466273574 480
1622629970935 -43.715883466273574 481
1622629988784 -43.715883466273574 482
1622630006610 -43.715883466273574 483
1622630024544 -43.715883466273574 484
1622630042460 -43.715883466273574 485
1622630060505 -43.715883466273574 486
1622630078630 -43.715883466273574 487
1622630096630 -43.715883466273574 488
1622630114658 -43.715883466273574 489
1622630132717 -43.715883466273574 490
1622630150846 -43.715883466273574 491
1622630168943 -43.715883466273574 492
1622630186989 -43.715883466273574 493
1622630205139 -43.715883466273574 494
1622630223495 -43.715883466273574 495
1622630241745 -43.715883466273574 496
1622630259957 -43.715883466273574 497
1622630278342 -43.715883466273574 498
1622630296707 -43.715883466273574 499
1622630315101 -43.715883466273574 500
