1622648744454 26 0
1622648744989 14 1
1622648745522 14 2
1622648746075 14 3
1622648746670 14 4
1622648747295 14 5
1622648747962 14 6
1622648748641 14 7
1622648749354 14 8
1622648750110 14 9
1622648750895 14 10
1622648751726 14 11
1622648752570 14 12
1622648753454 14 13
1622648754377 14 14
1622648755339 14 15
1622648756306 14 16
1622648757343 14 17
1622648758402 14 18
1622648759488 14 19
1622648760630 14 20
1622648761775 14 21
1622648762977 14 22
1622648764214 14 23
1622648765451 14 24
1622648766748 14 25
1622648768081 14 26
1622648769465 14 27
1622648770867 14 28
1622648772321 14 29
1622648773793 14 30
1622648775288 14 31
1622648776847 14 32
1622648778421 14 33
1622648780007 14 34
1622648781615 14 35
1622648783290 14 36
1622648785002 14 37
1622648786735 14 38
1622648788519 14 39
1622648790330 14 40
1622648792157 14 41
1622648794026 14 42
1622648795924 14 43
1622648797877 14 44
1622648799838 14 45
1622648801842 14 46
1622648803889 14 47
1622648805959 14 48
1622648808060 14 49
1622648810187 14 50
1622648812360 14 51
1622648814572 14 52
1622648816806 14 53
1622648819069 14 54
1622648821387 14 55
1622648823737 14 56
1622648826080 14 57
1622648828488 14 58
1622648830905 14 59
1622648833420 14 60
1622648835960 14 61
1622648838539 14 62
1622648841151 14 63
1622648843765 14 64
1622648846392 14 65
1622648849082 14 66
1622648851831 14 67
1622648854610 14 68
1622648857424 14 69
1622648860237 14 70
1622648863127 14 71
1622648866024 14 72
1622648868940 14 73
1622648871862 14 74
1622648874888 14 75
1622648877936 14 76
1622648880971 14 77
1622648884066 14 78
1622648887231 14 79
1622648890381 14 80
1622648893605 14 81
1622648896874 14 82
1622648900138 14 83
1622648903428 14 84
1622648906741 14 85
1622648910082 14 86
1622648913468 14 87
1622648916866 14 88
1622648920293 14 89
1622648923742 14 90
1622648927229 14 91
1622648930745 14 92
1622648934293 14 93
1622648937892 14 94
1622648941558 14 95
1622648945211 14 96
1622648948918 14 97
1622648952672 14 98
1622648956492 14 99
1622648960297 14 100
1622648964171 14 101
1622648968028 14 102
1622648971956 14 103
1622648975937 14 104
1622648979892 14 105
1622648983917 14 106
1622648987994 14 107
1622648992095 14 108
1622648996254 14 109
1622649000407 14 110
1622649004649 14 111
1622649008879 14 112
1622649013130 14 113
1622649017401 14 114
1622649021714 14 115
1622649026015 14 116
1622649030446 14 117
1622649034869 14 118
1622649039310 14 119
1622649043794 14 120
1622649048307 14 121
1622649052848 14 122
1622649057443 14 123
1622649062044 14 124
1622649066694 14 125
1622649071374 14 126
1622649076035 14 127
1622649080744 14 128
1622649085505 14 129
1622649090340 14 130
1622649095186 14 131
1622649100026 14 132
1622649104949 14 133
1622649109850 14 134
1622649114884 14 135
1622649119847 14 136
1622649124879 14 137
1622649130003 14 138
1622649135107 14 139
1622649140227 14 140
1622649145466 14 141
1622649150689 14 142
1622649155931 14 143
1622649161232 14 144
1622649166535 14 145
1622649171891 14 146
1622649177267 14 147
1622649182710 14 148
1622649188153 14 149
1622649193731 14 150
1622649199243 14 151
1622649204762 14 152
1622649210362 14 153
1622649215967 14 154
1622649221670 14 155
1622649227341 14 156
1622649233089 14 157
1622649238908 14 158
1622649244718 14 159
1622649250519 14 160
1622649256406 14 161
1622649262373 14 162
1622649268386 14 163
1622649274378 14 164
1622649280359 14 165
1622649286400 14 166
1622649292497 14 167
1622649298569 14 168
1622649304716 14 169
1622649310930 14 170
1622649317100 14 171
1622649323384 14 172
1622649329659 14 173
1622649335968 14 174
1622649342312 14 175
1622649348671 14 176
1622649355081 14 177
1622649361546 14 178
1622649368007 14 179
1622649374532 14 180
1622649381087 14 181
1622649387664 14 182
1622649394305 14 183
1622649400911 14 184
1622649407558 14 185
1622649414308 14 186
1622649421010 14 187
1622649427842 14 188
1622649434674 14 189
1622649441560 14 190
1622649448453 14 191
1622649455445 14 192
1622649462441 14 193
1622649469432 14 194
1622649476485 14 195
1622649483546 14 196
1622649490608 14 197
1622649497679 14 198
1622649504820 14 199
1622649511978 14 200
1622649519206 14 201
1622649526474 14 202
1622649533753 14 203
1622649541077 14 204
1622649548416 14 205
1622649555792 14 206
1622649563188 14 207
1622649570574 14 208
1622649578065 14 209
1622649585620 14 210
1622649593170 14 211
1622649600729 14 212
1622649608329 14 213
1622649615994 14 214
1622649623668 14 215
1622649631361 14 216
1622649639214 14 217
1622649646983 14 218
1622649654820 14 219
1622649662768 14 220
1622649670675 14 221
1622649678631 14 222
1622649686607 14 223
1622649694586 14 224
1622649702615 14 225
1622649710630 14 226
1622649718789 14 227
1622649726894 14 228
1622649735049 14 229
1622649743278 14 230
1622649751490 14 231
1622649759793 14 232
1622649768122 14 233
1622649776490 14 234
1622649784976 14 235
1622649793402 14 236
1622649801894 14 237
1622649810378 14 238
1622649818846 14 239
1622649827424 14 240
1622649836010 14 241
1622649844518 14 242
1622649853138 14 243
1622649861798 14 244
1622649870455 14 245
1622649879140 14 246
1622649887948 14 247
1622649896817 14 248
1622649905626 14 249
1622649914513 14 250
1622649923433 14 251
1622649932418 14 252
1622649941361 14 253
1622649950326 14 254
1622649959382 14 255
1622649968350 14 256
1622649977398 14 257
1622649986481 14 258
1622649995646 14 259
1622650004792 14 260
1622650013979 14 261
1622650023226 14 262
1622650032566 14 263
1622650041901 14 264
1622650051327 14 265
1622650060727 14 266
1622650070185 14 267
1622650079718 14 268
1622650089211 14 269
1622650098830 14 270
1622650108453 14 271
1622650118063 14 272
1622650127727 14 273
1622650137418 14 274
1622650147099 14 275
1622650156779 14 276
1622650166568 14 277
1622650176348 14 278
1622650186293 14 279
1622650196123 14 280
1622650206008 14 281
1622650216069 14 282
1622650226036 14 283
1622650236124 14 284
1622650246107 14 285
1622650256187 14 286
1622650266234 14 287
1622650276367 14 288
1622650286657 14 289
1622650296849 14 290
1622650307108 14 291
1622650317355 14 292
1622650327700 14 293
1622650338081 14 294
1622650348446 14 295
1622650358858 14 296
1622650369344 14 297
1622650379847 14 298
1622650390320 14 299
1622650400810 14 300
1622650411387 14 301
1622650422005 14 302
1622650432671 14 303
1622650443349 14 304
1622650454040 14 305
1622650464862 14 306
1622650475600 14 307
1622650486344 14 308
1622650497128 14 309
1622650507986 14 310
1622650518877 14 311
1622650529793 14 312
1622650540746 14 313
1622650551697 14 314
1622650562819 14 315
1622650573892 14 316
1622650584963 14 317
1622650596112 14 318
1622650607310 14 319
1622650618554 14 320
1622650629756 14 321
1622650641040 14 322
1622650652394 14 323
1622650663703 14 324
1622650675067 14 325
1622650686494 14 326
1622650697867 14 327
1622650709267 14 328
1622650720693 14 329
1622650732293 14 330
1622650743847 14 331
1622650755489 14 332
1622650767160 14 333
1622650778832 14 334
1622650790469 14 335
1622650802290 14 336
1622650814153 14 337
1622650826015 14 338
1622650838014 14 339
1622650849915 14 340
1622650861829 14 341
1622650873863 14 342
1622650885780 14 343
1622650897809 14 344
1622650909809 14 345
1622650921935 14 346
1622650934036 14 347
1622650946172 14 348
1622650958419 14 349
1622650970680 14 350
1622650983000 14 351
1622650995345 14 352
1622651007604 14 353
1622651019907 14 354
1622651032265 14 355
1622651044601 14 356
1622651057126 14 357
1622651069687 14 358
1622651082261 14 359
1622651094785 14 360
1622651107447 14 361
1622651120240 14 362
1622651132820 14 363
1622651145533 14 364
1622651158234 14 365
1622651170967 14 366
1622651183837 14 367
1622651196663 14 368
1622651209616 14 369
1622651222497 14 370
1622651235560 14 371
1622651248554 14 372
1622651261577 14 373
1622651274624 14 374
1622651287693 14 375
1622651300708 14 376
1622651313805 14 377
1622651327025 14 378
1622651340162 14 379
1622651353365 14 380
1622651366608 14 381
1622651379904 14 382
1622651393175 14 383
1622651406506 14 384
1622651419901 14 385
1622651433284 14 386
1622651446734 14 387
1622651460214 14 388
1622651473742 14 389
1622651487333 14 390
1622651500888 14 391
1622651514431 14 392
1622651527999 14 393
1622651541636 14 394
1622651555355 14 395
1622651569101 14 396
1622651582898 14 397
1622651596703 14 398
1622651610582 14 399
1622651624438 14 400
1622651638329 14 401
1622651652474 14 402
1622651666423 14 403
1622651680447 14 404
1622651694465 14 405
1622651708580 14 406
1622651722770 14 407
1622651736935 14 408
1622651751113 14 409
1622651765329 14 410
1622651779614 14 411
1622651793870 14 412
1622651808085 14 413
1622651822318 14 414
1622651836569 14 415
1622651850860 14 416
1622651865077 14 417
1622651879389 14 418
1622651893801 14 419
1622651908273 14 420
1622651922848 14 421
1622651937453 14 422
1622651952329 14 423
1622651966979 14 424
1622651981774 14 425
1622651996583 14 426
1622652011288 14 427
1622652026102 14 428
1622652040906 14 429
1622652055777 14 430
1622652070674 14 431
1622652085626 14 432
1622652100617 14 433
1622652115817 14 434
1622652131146 14 435
1622652146366 14 436
1622652162078 14 437
1622652177969 14 438
1622652193941 14 439
1622652209966 14 440
1622652225454 14 441
1622652240766 14 442
1622652256223 14 443
1622652271694 14 444
1622652287168 14 445
1622652302677 14 446
1622652318309 14 447
1622652333815 14 448
1622652349573 14 449
1622652365184 14 450
1622652380881 14 451
1622652396508 14 452
1622652412152 14 453
1622652427964 14 454
1622652443663 14 455
1622652459404 14 456
1622652475123 14 457
1622652490904 14 458
1622652506822 14 459
1622652522989 14 460
1622652538613 14 461
1622652554246 14 462
1622652569970 14 463
1622652585704 14 464
1622652601490 14 465
1622652617983 14 466
1622652634291 14 467
1622652650663 14 468
1622652666917 14 469
1622652683006 14 470
1622652698999 14 471
1622652715117 14 472
1622652731288 14 473
1622652747531 14 474
1622652763756 14 475
1622652779748 14 476
1622652795897 14 477
1622652811927 14 478
1622652827992 14 479
1622652844186 14 480
1622652860491 14 481
1622652876974 14 482
1622652893372 14 483
1622652910154 14 484
1622652927114 14 485
1622652944289 14 486
1622652961380 14 487
1622652978195 14 488
1622652995065 14 489
1622653012178 14 490
1622653029369 14 491
1622653046572 14 492
1622653063910 14 493
1622653081649 14 494
1622653099456 14 495
1622653117357 14 496
1622653135417 14 497
1622653153506 14 498
1622653171085 14 499
1622653189030 14 500
