1622724653270 0.9472472792338577 0
1622724653789 0.9465676687980379 1
1622724654321 0.9465676687980379 2
1622724654887 0.9365445077956149 3
1622724655507 0.9365445077956149 4
1622724656138 0.9365445077956149 5
1622724656811 0.9365445077956149 6
1622724657508 0.9365445077956149 7
1622724658255 0.9365445077956149 8
1622724659034 0.9365445077956149 9
1622724659853 0.9365445077956149 10
1622724660699 0.9365445077956149 11
1622724661608 0.9365445077956149 12
1622724662548 0.9365445077956149 13
1622724663507 0.9365445077956149 14
1622724664497 0.9365445077956149 15
1622724665526 0.9365445077956149 16
1622724666608 0.9365445077956149 17
1622724667717 0.9365445077956149 18
1622724668847 0.9365445077956149 19
1622724670022 0.9365445077956149 20
1622724671236 0.9365445077956149 21
1622724672479 0.9365445077956149 22
1622724673765 0.9365445077956149 23
1622724675085 0.9365445077956149 24
1622724676446 0.9365445077956149 25
1622724677836 0.9365445077956149 26
1622724679253 0.9365445077956149 27
1622724680718 0.9365445077956149 28
1622724682217 0.9365445077956149 29
1622724683749 0.9365445077956149 30
1622724685325 0.9365445077956149 31
1622724686932 0.9365445077956149 32
1622724688579 0.9365445077956149 33
1622724690279 0.9365445077956149 34
1622724691984 0.9365445077956149 35
1622724693737 0.9365445077956149 36
1622724695549 0.9365445077956149 37
1622724697385 0.9365445077956149 38
1622724699225 0.9365445077956149 39
1622724701127 0.9365445077956149 40
1622724703070 0.9365445077956149 41
1622724705039 0.9365445077956149 42
1622724707021 0.9365445077956149 43
1622724709065 0.9365445077956149 44
1622724711098 0.9365445077956149 45
1622724713209 0.9365445077956149 46
1622724715372 0.9365445077956149 47
1622724717571 0.9365445077956149 48
1622724719798 0.9365445077956149 49
1622724722063 0.9365445077956149 50
1622724724329 0.9365445077956149 51
1622724726645 0.9365445077956149 52
1622724729024 0.9365445077956149 53
1622724731451 0.9365445077956149 54
1622724733886 0.9365445077956149 55
1622724736324 0.9365445077956149 56
1622724738833 0.9365445077956149 57
1622724741375 0.9365445077956149 58
1622724743973 0.9365445077956149 59
1622724746571 0.9365445077956149 60
1622724749183 0.9365445077956149 61
1622724751888 0.9365445077956149 62
1622724754590 0.9365445077956149 63
1622724757346 0.9365445077956149 64
1622724760147 0.9365445077956149 65
1622724762959 0.9365445077956149 66
1622724765772 0.9365445077956149 67
1622724768671 0.9365445077956149 68
1622724771570 0.9365445077956149 69
1622724774546 0.9365445077956149 70
1622724777546 0.9365445077956149 71
1622724780591 0.9365445077956149 72
1622724783686 0.9365445077956149 73
1622724786813 0.9365445077956149 74
1622724789990 0.9365445077956149 75
1622724793164 0.9365445077956149 76
1622724796398 0.9365445077956149 77
1622724799618 0.9365445077956149 78
1622724802939 0.9365445077956149 79
1622724806270 0.9365445077956149 80
1622724809618 0.9365445077956149 81
1622724813032 0.9365445077956149 82
1622724816461 0.9365445077956149 83
1622724819958 0.9365445077956149 84
1622724823482 0.9365445077956149 85
1622724827009 0.9365445077956149 86
1622724830612 0.9365445077956149 87
1622724834225 0.9365445077956149 88
1622724837850 0.9365445077956149 89
1622724841526 0.9365445077956149 90
1622724845262 0.9365445077956149 91
1622724849036 0.9365445077956149 92
1622724852823 0.9365445077956149 93
1622724856623 0.9365445077956149 94
1622724860461 0.9365445077956149 95
1622724864344 0.9365445077956149 96
1622724868293 0.9365445077956149 97
1622724872275 0.9365445077956149 98
1622724876233 0.9365445077956149 99
1622724880266 0.9365445077956149 100
1622724884338 0.9365445077956149 101
1622724888456 0.9365445077956149 102
1622724892617 0.9365445077956149 103
1622724896819 0.9365445077956149 104
1622724901039 0.9365445077956149 105
1622724905305 0.9365445077956149 106
1622724909588 0.9365445077956149 107
1622724913899 0.9365445077956149 108
1622724918258 0.9365445077956149 109
1622724922705 0.9365445077956149 110
1622724927117 0.9365445077956149 111
1622724931566 0.9365445077956149 112
1622724936101 0.9365445077956149 113
1622724940665 0.9365445077956149 114
1622724945255 0.9365445077956149 115
1622724949899 0.9365445077956149 116
1622724954571 0.9365445077956149 117
1622724959225 0.9365445077956149 118
1622724963901 0.9365445077956149 119
1622724968671 0.9365445077956149 120
1622724973473 0.9365445077956149 121
1622724978318 0.9365445077956149 122
1622724983159 0.9365445077956149 123
1622724988085 0.9365445077956149 124
1622724993038 0.9365445077956149 125
1622724998020 0.9365445077956149 126
1622725003026 0.9365445077956149 127
1622725008120 0.9365445077956149 128
1622725013270 0.9365445077956149 129
1622725018412 0.9365445077956149 130
1622725023693 0.9365445077956149 131
1622725028838 0.9365445077956149 132
1622725034060 0.9365445077956149 133
1622725039326 0.9365445077956149 134
1622725044607 0.9365445077956149 135
1622725049989 0.9365445077956149 136
1622725055382 0.9365445077956149 137
1622725060824 0.9365445077956149 138
1622725066274 0.9365445077956149 139
1622725071752 0.9365445077956149 140
1622725077305 0.9365445077956149 141
1622725082844 0.9365445077956149 142
1622725088451 0.9365445077956149 143
1622725094055 0.9365445077956149 144
1622725099688 0.9365445077956149 145
1622725105363 0.9365445077956149 146
1622725111060 0.9365445077956149 147
1622725116797 0.9365445077956149 148
1622725122545 0.9365445077956149 149
1622725128374 0.9365445077956149 150
1622725134278 0.9365445077956149 151
1622725140192 0.9365445077956149 152
1622725146178 0.9365445077956149 153
1622725152191 0.9365445077956149 154
1622725158214 0.9365445077956149 155
1622725164253 0.9365445077956149 156
1622725170377 0.9365445077956149 157
1622725176496 0.9365445077956149 158
1622725182681 0.9365445077956149 159
1622725188985 0.9365445077956149 160
1622725195198 0.9365445077956149 161
1622725201488 0.9365445077956149 162
1622725207848 0.9365445077956149 163
1622725214215 0.9365445077956149 164
1622725220593 0.9365445077956149 165
1622725227023 0.9365445077956149 166
1622725233437 0.9365445077956149 167
1622725239905 0.9365445077956149 168
1622725246470 0.9365445077956149 169
1622725252999 0.9365445077956149 170
1622725259638 0.9365445077956149 171
1622725266271 0.9365445077956149 172
1622725272978 0.9365445077956149 173
1622725279660 0.9365445077956149 174
1622725286393 0.9365445077956149 175
1622725293138 0.9365445077956149 176
1622725299956 0.9365445077956149 177
1622725306744 0.9365445077956149 178
1622725313578 0.9365445077956149 179
1622725320455 0.9365445077956149 180
1622725327409 0.9365445077956149 181
1622725334409 0.9365445077956149 182
1622725341437 0.9365445077956149 183
1622725348465 0.9365445077956149 184
1622725355562 0.9365445077956149 185
1622725362649 0.9365445077956149 186
1622725369796 0.9365445077956149 187
1622725376942 0.9365445077956149 188
1622725384143 0.9365445077956149 189
1622725391442 0.9365445077956149 190
1622725398899 0.9365445077956149 191
1622725406243 0.9365445077956149 192
1622725413671 0.9365445077956149 193
1622725421097 0.9365445077956149 194
1622725428589 0.9365445077956149 195
1622725436068 0.9365445077956149 196
1622725443572 0.9365445077956149 197
1622725451167 0.9365445077956149 198
1622725458795 0.9365445077956149 199
1622725466413 0.9365445077956149 200
1622725474107 0.9365445077956149 201
1622725481874 0.9365445077956149 202
1622725489604 0.9365445077956149 203
1622725497372 0.9365445077956149 204
1622725505194 0.9365445077956149 205
1622725513043 0.9365445077956149 206
1622725520987 0.9365445077956149 207
1622725528855 0.9365445077956149 208
1622725536759 0.9365445077956149 209
1622725544757 0.9365445077956149 210
1622725552772 0.9365445077956149 211
1622725560919 0.9365445077956149 212
1622725569008 0.9365445077956149 213
1622725577180 0.9365445077956149 214
1622725585314 0.9365445077956149 215
1622725593654 0.9365445077956149 216
1622725602015 0.9365445077956149 217
1622725610321 0.9365445077956149 218
1622725618620 0.9365445077956149 219
1622725627000 0.9365445077956149 220
1622725635401 0.9365445077956149 221
1622725643863 0.9365445077956149 222
1622725652323 0.9365445077956149 223
1622725660812 0.9365445077956149 224
1622725669379 0.9365445077956149 225
1622725677936 0.9365445077956149 226
1622725686460 0.9365445077956149 227
1622725695095 0.9365445077956149 228
1622725703816 0.9365445077956149 229
1622725712558 0.9365445077956149 230
1622725721360 0.9365445077956149 231
1622725730178 0.9365445077956149 232
1622725738947 0.9365445077956149 233
1622725747820 0.9365445077956149 234
1622725756833 0.9365445077956149 235
1622725765737 0.9365445077956149 236
1622725774754 0.9365445077956149 237
1622725783713 0.9365445077956149 238
1622725792806 0.9365445077956149 239
1622725801896 0.9365445077956149 240
1622725811031 0.9365445077956149 241
1622725820193 0.9365445077956149 242
1622725829339 0.9365445077956149 243
1622725838561 0.9365445077956149 244
1622725847874 0.9365445077956149 245
1622725857060 0.9365445077956149 246
1622725866425 0.9365445077956149 247
1622725875763 0.9365445077956149 248
1622725885190 0.9365445077956149 249
1622725894720 0.9365445077956149 250
1622725904248 0.9365445077956149 251
1622725913826 0.9365445077956149 252
1622725923377 0.9365445077956149 253
1622725933003 0.9365445077956149 254
1622725942633 0.9365445077956149 255
1622725952283 0.9365445077956149 256
1622725961908 0.9365445077956149 257
1622725971674 0.9365445077956149 258
1622725981431 0.9365445077956149 259
1622725991187 0.9365445077956149 260
1622726000982 0.9365445077956149 261
1622726010792 0.9365445077956149 262
1622726020692 0.9365445077956149 263
1622726030669 0.9365445077956149 264
1622726040638 0.9365445077956149 265
1622726050724 0.9365445077956149 266
1622726060765 0.9365445077956149 267
1622726070839 0.9365445077956149 268
1622726080960 0.9365445077956149 269
1622726091243 0.9365445077956149 270
1622726101409 0.9365445077956149 271
1622726111628 0.9365445077956149 272
1622726121989 0.9365445077956149 273
1622726132262 0.9365445077956149 274
1622726142644 0.9365445077956149 275
1622726153058 0.9365445077956149 276
1622726163507 0.9365445077956149 277
1622726174026 0.9365445077956149 278
1622726184556 0.9365445077956149 279
1622726195043 0.9365445077956149 280
1622726205658 0.9365445077956149 281
1622726216243 0.9365445077956149 282
1622726226964 0.9365445077956149 283
1622726237622 0.9365445077956149 284
1622726248398 0.9365445077956149 285
1622726259123 0.9365445077956149 286
1622726269910 0.9365445077956149 287
1622726280703 0.9365445077956149 288
1622726291514 0.9365445077956149 289
1622726302327 0.9365445077956149 290
1622726313173 0.9365445077956149 291
1622726324339 0.9365445077956149 292
1622726335851 0.9365445077956149 293
1622726346900 0.9365445077956149 294
1622726357922 0.9365445077956149 295
1622726368995 0.9365445077956149 296
1622726380232 0.9365445077956149 297
1622726391349 0.9365445077956149 298
1622726402587 0.9365445077956149 299
1622726413822 0.9365445077956149 300
1622726425023 0.9365445077956149 301
1622726436305 0.9365445077956149 302
1622726447571 0.9365445077956149 303
1622726458936 0.9365445077956149 304
1622726470321 0.9365445077956149 305
1622726481796 0.9365445077956149 306
1622726493267 0.9365445077956149 307
1622726504784 0.9365445077956149 308
1622726516620 0.9365445077956149 309
1622726528235 0.9365445077956149 310
1622726539867 0.9365445077956149 311
1622726551553 0.9365445077956149 312
1622726563238 0.9365445077956149 313
1622726575076 0.9365445077956149 314
1622726586935 0.9365445077956149 315
1622726598761 0.9365445077956149 316
1622726610607 0.9365445077956149 317
1622726622559 0.9365445077956149 318
1622726634471 0.9365445077956149 319
1622726646457 0.9365445077956149 320
1622726658376 0.9365445077956149 321
1622726670438 0.9365445077956149 322
1622726682527 0.9365445077956149 323
1622726694598 0.9365445077956149 324
1622726706754 0.9365445077956149 325
1622726718908 0.9365445077956149 326
1622726731118 0.9365445077956149 327
1622726743313 0.9365445077956149 328
1622726755642 0.9365445077956149 329
1622726767922 0.9365445077956149 330
1622726780344 0.9365445077956149 331
1622726792751 0.9365445077956149 332
1622726805137 0.9365445077956149 333
1622726817595 0.9365445077956149 334
1622726830098 0.9365445077956149 335
1622726842645 0.9365445077956149 336
1622726855265 0.9365445077956149 337
1622726867826 0.9365445077956149 338
1622726880480 0.9365445077956149 339
1622726893083 0.9365445077956149 340
1622726905803 0.9365445077956149 341
1622726918615 0.9365445077956149 342
1622726931433 0.9365445077956149 343
1622726944248 0.9365445077956149 344
1622726957083 0.9365445077956149 345
1622726969997 0.9365445077956149 346
1622726982902 0.9365445077956149 347
1622726995874 0.9365445077956149 348
1622727008872 0.9365445077956149 349
1622727021861 0.9365445077956149 350
1622727034920 0.9365445077956149 351
1622727048078 0.9365445077956149 352
1622727061169 0.9365445077956149 353
1622727074273 0.9365445077956149 354
1622727087443 0.9365445077956149 355
1622727100662 0.9365445077956149 356
1622727113900 0.9365445077956149 357
1622727127172 0.9365445077956149 358
1622727140451 0.9365445077956149 359
1622727153817 0.9365445077956149 360
1622727167267 0.9365445077956149 361
1622727180693 0.9365445077956149 362
1622727194248 0.9365445077956149 363
1622727207735 0.9365445077956149 364
1622727221265 0.9365445077956149 365
1622727234893 0.9365445077956149 366
1622727248584 0.9365445077956149 367
1622727262284 0.9365445077956149 368
1622727276038 0.9365445077956149 369
1622727289730 0.9365445077956149 370
1622727303525 0.9365445077956149 371
1622727317349 0.9365445077956149 372
1622727331209 0.9365445077956149 373
1622727345201 0.9365445077956149 374
1622727359092 0.9365445077956149 375
1622727372994 0.9365445077956149 376
1622727387007 0.9365445077956149 377
1622727401079 0.9365445077956149 378
1622727415140 0.9365445077956149 379
1622727429246 0.9365445077956149 380
1622727443388 0.9365445077956149 381
1622727457647 0.9365445077956149 382
1622727471808 0.9365445077956149 383
1622727486144 0.9365445077956149 384
1622727500353 0.9365445077956149 385
1622727514731 0.9365445077956149 386
1622727529119 0.9365445077956149 387
1622727543494 0.9365445077956149 388
1622727557999 0.9365445077956149 389
1622727572486 0.9365445077956149 390
1622727587004 0.9365445077956149 391
1622727601593 0.9365445077956149 392
1622727616113 0.9365445077956149 393
1622727630685 0.9365445077956149 394
1622727645342 0.9365445077956149 395
1622727659989 0.9365445077956149 396
1622727674766 0.9365445077956149 397
1622727689530 0.9365445077956149 398
1622727704291 0.9365445077956149 399
1622727719107 0.9365445077956149 400
1622727733932 0.9365445077956149 401
1622727748807 0.9365445077956149 402
1622727763739 0.9365445077956149 403
1622727778695 0.9365445077956149 404
1622727793684 0.9365445077956149 405
1622727808781 0.9365445077956149 406
1622727823794 0.9365445077956149 407
1622727838876 0.9365445077956149 408
1622727853991 0.9365445077956149 409
1622727869185 0.9365445077956149 410
1622727884402 0.9365445077956149 411
1622727899602 0.9365445077956149 412
1622727914849 0.9365445077956149 413
1622727930095 0.9365445077956149 414
1622727945584 0.9365445077956149 415
1622727961018 0.9365445077956149 416
1622727976398 0.9365445077956149 417
1622727991822 0.9365445077956149 418
1622728007306 0.9365445077956149 419
1622728022808 0.9365445077956149 420
1622728038298 0.9365445077956149 421
1622728053855 0.9365445077956149 422
1622728069514 0.9365445077956149 423
1622728085122 0.9365445077956149 424
1622728100743 0.9365445077956149 425
1622728116400 0.9365445077956149 426
1622728132064 0.9365445077956149 427
1622728147826 0.9365445077956149 428
1622728163660 0.9365445077956149 429
1622728179538 0.9365445077956149 430
1622728195547 0.9365445077956149 431
1622728211540 0.9365445077956149 432
1622728227558 0.9365445077956149 433
1622728243591 0.9365445077956149 434
1622728259621 0.9365445077956149 435
1622728275633 0.9365445077956149 436
1622728291806 0.9365445077956149 437
1622728307865 0.9365445077956149 438
1622728324101 0.9365445077956149 439
1622728340365 0.9365445077956149 440
1622728356679 0.9365445077956149 441
1622728373040 0.9365445077956149 442
1622728390410 0.9365445077956149 443
1622728406845 0.9365445077956149 444
1622728423246 0.9365445077956149 445
1622728439731 0.9365445077956149 446
1622728456192 0.9365445077956149 447
1622728472728 0.9365445077956149 448
1622728489364 0.9365445077956149 449
1622728506005 0.9365445077956149 450
1622728522703 0.9365445077956149 451
1622728539386 0.9365445077956149 452
1622728556210 0.9365445077956149 453
1622728573037 0.9365445077956149 454
1622728589793 0.9365445077956149 455
1622728606723 0.9365445077956149 456
1622728623655 0.9365445077956149 457
1622728640488 0.9365445077956149 458
1622728657529 0.9365445077956149 459
1622728674500 0.9365445077956149 460
1622728691549 0.9365445077956149 461
1622728708642 0.9365445077956149 462
1622728725849 0.9365445077956149 463
1622728743090 0.9365445077956149 464
1622728760369 0.9365445077956149 465
1622728777410 0.9365445077956149 466
1622728794654 0.9365445077956149 467
1622728811868 0.9365445077956149 468
1622728829154 0.9365445077956149 469
1622728846404 0.9365445077956149 470
1622728863742 0.9365445077956149 471
1622728881072 0.9365445077956149 472
1622728898456 0.9365445077956149 473
1622728915849 0.9365445077956149 474
1622728933350 0.9365445077956149 475
1622728950925 0.9365445077956149 476
1622728968508 0.9365445077956149 477
1622728986033 0.9365445077956149 478
1622729003738 0.9365445077956149 479
1622729021352 0.9365445077956149 480
1622729039006 0.9365445077956149 481
1622729056741 0.9365445077956149 482
1622729074454 0.9365445077956149 483
1622729092243 0.9365445077956149 484
1622729110139 0.9365445077956149 485
1622729128176 0.9365445077956149 486
1622729146010 0.9365445077956149 487
1622729163901 0.9365445077956149 488
1622729181747 0.9365445077956149 489
1622729199749 0.9365445077956149 490
1622729217864 0.9365445077956149 491
1622729235958 0.9365445077956149 492
1622729254176 0.9365445077956149 493
1622729272252 0.9365445077956149 494
1622729290516 0.9365445077956149 495
1622729308650 0.9365445077956149 496
1622729326838 0.9365445077956149 497
1622729345208 0.9365445077956149 498
1622729363482 0.9365445077956149 499
1622729381859 0.9365445077956149 500
