1622724653311 0.004 0
1622724653825 0.393 1
1622724654357 0.802 2
1622724654920 1.246 3
1622724655534 1.748 4
1622724656168 2.267 5
1622724656839 2.825 6
1622724657534 3.41 7
1622724658285 4.048 8
1622724659063 4.712 9
1622724659883 5.417999999999999 10
1622724660728 6.148999999999999 11
1622724661637 6.943999999999999 12
1622724662576 7.769999999999999 13
1622724663537 8.615999999999998 14
1622724664526 9.490999999999998 15
1622724665555 10.407999999999998 16
1622724666638 11.376999999999997 17
1622724667747 12.371999999999996 18
1622724668878 13.387999999999996 19
1622724670052 14.448999999999996 20
1622724671264 15.546999999999997 21
1622724672509 16.677999999999997 22
1622724673795 17.849999999999998 23
1622724675115 19.054 24
1622724676475 20.301 25
1622724677861 21.578999999999997 26
1622724679280 22.886999999999997 27
1622724680747 24.240999999999996 28
1622724682244 25.626999999999995 29
1622724683775 27.047999999999995 30
1622724685352 28.513999999999996 31
1622724686962 30.008999999999997 32
1622724688607 31.541999999999998 33
1622724690310 33.129999999999995 34
1622724692013 34.72 35
1622724693767 36.361 36
1622724695579 38.058 37
1622724697412 39.778999999999996 38
1622724699255 41.507999999999996 39
1622724701157 43.294999999999995 40
1622724703102 45.120999999999995 41
1622724705065 46.971 42
1622724707049 48.842 43
1622724709094 50.772999999999996 44
1622724711128 52.69199999999999 45
1622724713237 54.68899999999999 46
1622724715401 56.739999999999995 47
1622724717601 58.82599999999999 48
1622724719830 60.93899999999999 49
1622724722094 63.086999999999996 50
1622724724360 65.23899999999999 51
1622724726677 67.43799999999999 52
1622724729055 69.69899999999998 53
1622724731482 72.00999999999999 54
1622724733916 74.32999999999998 55
1622724736354 76.65199999999999 56
1622724738862 79.04599999999999 57
1622724741405 81.475 58
1622724744003 83.958 59
1622724746601 86.441 60
1622724749213 88.93900000000001 61
1622724751918 91.52900000000001 62
1622724754619 94.117 63
1622724757375 96.759 64
1622724760178 99.446 65
1622724762988 102.142 66
1622724765802 104.842 67
1622724768698 107.626 68
1622724771600 110.412 69
1622724774577 113.27300000000001 70
1622724777576 116.15700000000001 71
1622724780620 119.08700000000002 72
1622724783714 122.06800000000001 73
1622724786842 125.08300000000001 74
1622724790019 128.14600000000002 75
1622724793194 131.20600000000002 76
1622724796429 134.32500000000002 77
1622724799648 137.42800000000003 78
1622724802968 140.63400000000001 79
1622724806297 143.852 80
1622724809649 147.08700000000002 81
1622724813063 150.38500000000002 82
1622724816491 153.69700000000003 83
1622724819987 157.07900000000004 84
1622724823513 160.49000000000004 85
1622724827038 163.90100000000004 86
1622724830642 167.38900000000004 87
1622724834254 170.88600000000002 88
1622724837880 174.39600000000002 89
1622724841557 177.95700000000002 90
1622724845293 181.57700000000003 91
1622724849065 185.23300000000003 92
1622724852852 188.90600000000003 93
1622724856652 192.59300000000005 94
1622724860489 196.31700000000004 95
1622724864373 200.08700000000005 96
1622724868323 203.92100000000005 97
1622724872303 207.78700000000006 98
1622724876261 211.63200000000006 99
1622724880297 215.55200000000005 100
1622724884368 219.50700000000006 101
1622724888487 223.50900000000007 102
1622724892647 227.55200000000008 103
1622724896852 231.63900000000007 104
1622724901069 235.74100000000007 105
1622724905334 239.89200000000008 106
1622724909617 244.0610000000001 107
1622724913929 248.2590000000001 108
1622724918286 252.5020000000001 109
1622724922733 256.8370000000001 110
1622724927147 261.1360000000001 111
1622724931596 265.4700000000001 112
1622724936130 269.88900000000007 113
1622724940694 274.33900000000006 114
1622724945285 278.81500000000005 115
1622724949930 283.3430000000001 116
1622724954601 287.9000000000001 117
1622724959253 292.43700000000007 118
1622724963930 297.0010000000001 119
1622724968701 301.6570000000001 120
1622724973503 306.3450000000001 121
1622724978347 311.0750000000001 122
1622724983189 315.8020000000001 123
1622724988115 320.61300000000006 124
1622724993069 325.45000000000005 125
1622724998049 330.31500000000005 126
1622725003055 335.20700000000005 127
1622725008150 340.18700000000007 128
1622725013300 345.2220000000001 129
1622725018443 350.2500000000001 130
1622725023722 355.4140000000001 131
1622725028867 360.4450000000001 132
1622725034089 365.5530000000001 133
1622725039356 370.7040000000001 134
1622725044638 375.86900000000014 135
1622725050017 381.13500000000016 136
1622725055411 386.41600000000017 137
1622725060854 391.74300000000017 138
1622725066305 397.0790000000002 139
1622725071782 402.4410000000002 140
1622725077335 407.8780000000002 141
1622725082874 413.3020000000002 142
1622725088480 418.7930000000002 143
1622725094086 424.2830000000002 144
1622725099717 429.7990000000002 145
1622725105392 435.3610000000002 146
1622725111089 440.9430000000002 147
1622725116829 446.5650000000002 148
1622725122576 452.19600000000025 149
1622725128402 457.91100000000023 150
1622725134307 463.70100000000025 151
1622725140222 469.5000000000002 152
1622725146207 475.3710000000002 153
1622725152219 481.2700000000002 154
1622725158243 487.1810000000002 155
1622725164282 493.1060000000002 156
1622725170406 499.11500000000024 157
1622725176526 505.11900000000026 158
1622725182713 511.18700000000024 159
1622725189017 517.3730000000003 160
1622725195227 523.4690000000003 161
1622725201517 529.6440000000002 162
1622725207878 535.8890000000002 163
1622725214244 542.1400000000002 164
1622725220625 548.4030000000002 165
1622725227053 554.7160000000002 166
1622725233465 561.0160000000002 167
1622725239934 567.3720000000002 168
1622725246499 573.8210000000001 169
1622725253030 580.2320000000001 170
1622725259667 586.7540000000001 171
1622725266302 593.2720000000002 172
1622725273009 599.8620000000002 173
1622725279692 606.4250000000002 174
1622725286426 613.0400000000002 175
1622725293168 619.6670000000001 176
1622725299984 626.3700000000001 177
1622725306771 633.0440000000001 178
1622725313606 639.7650000000001 179
1622725320483 646.5290000000001 180
1622725327437 653.3710000000001 181
1622725334438 660.2570000000001 182
1622725341465 667.1730000000001 183
1622725348493 674.0900000000001 184
1622725355590 681.0760000000001 185
1622725362678 688.0500000000002 186
1622725369825 695.0840000000002 187
1622725376971 702.1160000000002 188
1622725384172 709.2030000000002 189
1622725391470 716.3880000000001 190
1622725398929 723.7310000000001 191
1622725406273 730.9600000000002 192
1622725413699 738.2730000000001 193
1622725421125 745.5860000000001 194
1622725428617 752.9640000000002 195
1622725436095 760.3300000000002 196
1622725443602 767.7220000000002 197
1622725451197 775.2010000000002 198
1622725458822 782.7130000000002 199
1622725466442 790.2180000000002 200
1622725474135 797.7980000000002 201
1622725481903 805.4520000000002 202
1622725489634 813.0670000000002 203
1622725497403 820.7190000000003 204
1622725505224 828.4250000000003 205
1622725513073 836.1580000000002 206
1622725521016 843.9880000000003 207
1622725528885 851.7420000000003 208
1622725536790 859.5300000000003 209
1622725544786 867.4110000000003 210
1622725552801 875.3110000000003 211
1622725560947 883.3430000000003 212
1622725569039 891.3190000000003 213
1622725577209 899.3750000000003 214
1622725585345 907.3930000000004 215
1622725593683 915.6140000000004 216
1622725602045 923.8600000000004 217
1622725610351 932.0480000000003 218
1622725618649 940.2320000000003 219
1622725627029 948.4970000000003 220
1622725635430 956.7820000000003 221
1622725643893 965.1290000000002 222
1622725652351 973.4720000000002 223
1622725660842 981.8480000000002 224
1622725669409 990.3000000000002 225
1622725677967 998.7410000000002 226
1622725686490 1007.1490000000002 227
1622725695124 1015.6680000000002 228
1622725703847 1024.2760000000003 229
1622725712588 1032.9010000000003 230
1622725721389 1041.5880000000002 231
1622725730206 1050.2900000000002 232
1622725738975 1058.9450000000002 233
1622725747852 1067.7050000000002 234
1622725756861 1076.6000000000001 235
1622725765766 1085.391 236
1622725774782 1094.2930000000001 237
1622725783744 1103.1380000000001 238
1622725792835 1112.1150000000002 239
1622725801926 1121.0910000000003 240
1622725811059 1130.1110000000003 241
1622725820220 1139.1600000000003 242
1622725829368 1148.1940000000004 243
1622725838589 1157.3020000000004 244
1622725847903 1166.5010000000004 245
1622725857089 1175.5740000000005 246
1622725866454 1184.8260000000005 247
1622725875793 1194.0500000000004 248
1622725885219 1203.3610000000003 249
1622725894748 1212.7780000000002 250
1622725904275 1222.1940000000002 251
1622725913856 1231.6580000000001 252
1622725923406 1241.094 253
1622725933030 1250.605 254
1622725942662 1260.123 255
1622725952311 1269.66 256
1622725961935 1279.172 257
1622725971701 1288.827 258
1622725981458 1298.473 259
1622725991214 1308.118 260
1622726001009 1317.802 261
1622726010819 1327.5 262
1622726020720 1337.289 263
1622726030696 1347.153 264
1622726040666 1357.009 265
1622726050754 1366.982 266
1622726060795 1376.9089999999999 267
1622726070867 1386.866 268
1622726080992 1396.873 269
1622726091273 1407.039 270
1622726101438 1417.088 271
1622726111657 1427.191 272
1622726122018 1437.4370000000001 273
1622726132292 1447.595 274
1622726142670 1457.862 275
1622726153084 1468.1660000000002 276
1622726163536 1478.5020000000002 277
1622726174055 1488.9070000000002 278
1622726184583 1499.323 279
1622726195071 1509.6970000000001 280
1622726205686 1520.199 281
1622726216273 1530.671 282
1622726226992 1541.277 283
1622726237652 1551.8220000000001 284
1622726248427 1562.4830000000002 285
1622726259151 1573.0940000000003 286
1622726269938 1583.7670000000003 287
1622726280729 1594.4480000000003 288
1622726291542 1605.1490000000003 289
1622726302355 1615.8510000000003 290
1622726313202 1626.5850000000003 291
1622726324374 1637.6360000000002 292
1622726335880 1648.9640000000002 293
1622726346933 1659.8980000000001 294
1622726357953 1670.8000000000002 295
1622726369025 1681.755 296
1622726380264 1692.8760000000002 297
1622726391381 1703.8750000000002 298
1622726402615 1714.9960000000003 299
1622726413851 1726.1160000000002 300
1622726425051 1737.2030000000002 301
1622726436334 1748.3720000000003 302
1622726447600 1759.5240000000003 303
1622726458966 1770.7760000000003 304
1622726470351 1782.0450000000003 305
1622726481826 1793.4030000000002 306
1622726493297 1804.7580000000003 307
1622726504817 1816.1590000000003 308
1622726516651 1827.8740000000003 309
1622726528265 1839.3720000000003 310
1622726539896 1850.8870000000004 311
1622726551581 1862.4590000000003 312
1622726563267 1874.0310000000002 313
1622726575106 1885.755 314
1622726586965 1897.5 315
1622726598790 1909.21 316
1622726610636 1920.94 317
1622726622588 1932.777 318
1622726634498 1944.574 319
1622726646486 1956.449 320
1622726658405 1968.2540000000001 321
1622726670466 1980.2 322
1622726682557 1992.1770000000001 323
1622726694628 2004.133 324
1622726706783 2016.174 325
1622726718938 2028.213 326
1622726731148 2040.306 327
1622726743344 2052.385 328
1622726755673 2064.5980000000004 329
1622726767951 2076.7620000000006 330
1622726780376 2089.071000000001 331
1622726792809 2101.357000000001 332
1622726805175 2113.592000000001 333
1622726817628 2125.925000000001 334
1622726830128 2138.308000000001 335
1622726842687 2150.739000000001 336
1622726855312 2163.225000000001 337
1622726867881 2175.645000000001 338
1622726880509 2188.147000000001 339
1622726893113 2200.6350000000007 340
1622726905832 2213.2400000000007 341
1622726918645 2225.937000000001 342
1622726931463 2238.638000000001 343
1622726944277 2251.3380000000006 344
1622726957113 2264.0590000000007 345
1622726970027 2276.8570000000004 346
1622726982930 2289.6470000000004 347
1622726995904 2302.5050000000006 348
1622727008898 2315.3890000000006 349
1622727021891 2328.2660000000005 350
1622727034949 2341.2100000000005 351
1622727048108 2354.2550000000006 352
1622727061199 2367.2300000000005 353
1622727074304 2380.2180000000003 354
1622727087472 2393.271 355
1622727100692 2406.375 356
1622727113930 2419.499 357
1622727127203 2432.6549999999997 358
1622727140481 2445.8149999999996 359
1622727153846 2459.0669999999996 360
1622727167296 2472.4019999999996 361
1622727180722 2485.7139999999995 362
1622727194276 2499.1549999999993 363
1622727207763 2512.5299999999993 364
1622727221294 2525.9459999999995 365
1622727234923 2539.4599999999996 366
1622727248613 2553.0359999999996 367
1622727262312 2566.6219999999994 368
1622727276067 2580.2629999999995 369
1622727289760 2593.8409999999994 370
1622727303554 2607.5199999999995 371
1622727317377 2621.2269999999994 372
1622727331238 2634.9739999999993 373
1622727345230 2648.850999999999 374
1622727359122 2662.6279999999992 375
1622727373023 2676.414999999999 376
1622727387037 2690.311999999999 377
1622727401107 2704.268999999999 378
1622727415168 2718.214999999999 379
1622727429275 2732.2079999999987 380
1622727443417 2746.2349999999988 381
1622727457677 2760.380999999999 382
1622727471837 2774.425999999999 383
1622727486173 2788.646999999999 384
1622727500382 2802.740999999999 385
1622727514759 2817.003999999999 386
1622727529147 2831.278999999999 387
1622727543524 2845.539999999999 388
1622727558027 2859.929999999999 389
1622727572514 2874.302999999999 390
1622727587033 2888.707999999999 391
1622727601622 2903.1819999999993 392
1622727616143 2917.5879999999993 393
1622727630717 2932.044999999999 394
1622727645371 2946.584999999999 395
1622727660019 2961.1149999999993 396
1622727674794 2975.776999999999 397
1622727689558 2990.427999999999 398
1622727704320 3005.075999999999 399
1622727719133 3019.7779999999993 400
1622727733959 3034.4909999999995 401
1622727748838 3049.2549999999997 402
1622727763768 3064.0689999999995 403
1622727778720 3078.9109999999996 404
1622727793713 3093.7859999999996 405
1622727808809 3108.769 406
1622727823825 3123.6679999999997 407
1622727838909 3138.633 408
1622727854022 3153.629 409
1622727869217 3168.706 410
1622727884434 3183.804 411
1622727899632 3198.886 412
1622727914879 3214.015 413
1622727930126 3229.1459999999997 414
1622727945615 3244.517 415
1622727961046 3259.834 416
1622727976430 3275.102 417
1622727991854 3290.4069999999997 418
1622728007337 3305.7729999999997 419
1622728022838 3321.158 420
1622728038326 3336.533 421
1622728053884 3351.975 422
1622728069543 3367.519 423
1622728085149 3383.0119999999997 424
1622728100772 3398.5199999999995 425
1622728116427 3414.0639999999994 426
1622728132092 3429.6169999999993 427
1622728147858 3445.2669999999994 428
1622728163692 3460.9829999999993 429
1622728179569 3476.7429999999995 430
1622728195576 3492.6349999999993 431
1622728211571 3508.513999999999 432
1622728227586 3524.4159999999993 433
1622728243619 3540.3359999999993 434
1622728259649 3556.2539999999995 435
1622728275659 3572.1519999999996 436
1622728291833 3588.2139999999995 437
1622728307893 3604.1609999999996 438
1622728324129 3620.2839999999997 439
1622728340392 3636.4359999999997 440
1622728356705 3652.6369999999997 441
1622728373069 3668.8869999999997 442
1622728390438 3686.142 443
1622728406873 3702.4629999999997 444
1622728423274 3718.7509999999997 445
1622728439759 3735.122 446
1622728456221 3751.469 447
1622728472758 3767.891 448
1622728489394 3784.411 449
1622728506032 3800.936 450
1622728522733 3817.523 451
1622728539410 3834.0930000000003 452
1622728556236 3850.8080000000004 453
1622728573062 3867.5250000000005 454
1622728589820 3884.1710000000007 455
1622728606750 3900.9880000000007 456
1622728623681 3917.808000000001 457
1622728640515 3934.530000000001 458
1622728657556 3951.459000000001 459
1622728674526 3968.3190000000013 460
1622728691578 3985.256000000001 461
1622728708673 4002.235000000001 462
1622728725879 4019.324000000001 463
1622728743120 4036.448000000001 464
1622728760397 4053.612000000001 465
1622728777437 4070.539000000001 466
1622728794683 4087.670000000001 467
1622728811897 4104.769000000001 468
1622728829183 4121.941000000001 469
1622728846431 4139.076000000001 470
1622728863770 4156.303000000001 471
1622728881100 4173.52 472
1622728898483 4190.790000000001 473
1622728915875 4208.071000000001 474
1622728933377 4225.461000000001 475
1622728950956 4242.923000000002 476
1622728968536 4260.390000000001 477
1622728986060 4277.801000000001 478
1622729003764 4295.394000000001 479
1622729021380 4312.899000000001 480
1622729039037 4330.439000000001 481
1622729056771 4348.058000000001 482
1622729074482 4365.655000000001 483
1622729092270 4383.331000000001 484
1622729110167 4401.116000000001 485
1622729128204 4419.042000000001 486
1622729146038 4436.765000000001 487
1622729163930 4454.544000000002 488
1622729181776 4472.276000000002 489
1622729199778 4490.164000000002 490
1622729217892 4508.165000000002 491
1622729235988 4526.147000000002 492
1622729254203 4544.250000000002 493
1622729272281 4562.214000000002 494
1622729290543 4580.364000000001 495
1622729308680 4598.388000000002 496
1622729326867 4616.462000000001 497
1622729345239 4634.719000000001 498
1622729363514 4652.878000000001 499
1622729381889 4671.138000000001 500
