1622740506031 1.236 0
1622740508135 1.482 1
1622740510437 1.7269999999999999 2
1622740512872 1.972 3
1622740515447 2.216 4
1622740518195 2.4640000000000004 5
1622740521097 2.7090000000000005 6
1622740524222 2.9540000000000006 7
1622740527439 3.1990000000000007 8
1622740530765 3.4420000000000006 9
1622740534221 3.6850000000000005 10
1622740537955 3.9280000000000004 11
1622740541888 4.174 12
1622740545902 4.42 13
1622740550046 4.666 14
1622740554342 4.9110000000000005 15
1622740558876 5.158 16
1622740563509 5.402 17
1622740568347 5.648 18
1622740573271 5.89 19
1622740578330 6.133 20
1622740583516 6.379 21
1622740588863 6.624 22
1622740594465 6.867999999999999 23
1622740600126 7.113999999999999 24
1622740606034 7.358999999999999 25
1622740612002 7.604999999999999 26
1622740618179 7.8519999999999985 27
1622740624598 8.096999999999998 28
1622740631195 8.342999999999998 29
1622740637951 8.586999999999998 30
1622740644827 8.831999999999997 31
1622740651860 9.076999999999996 32
1622740658928 9.321999999999996 33
1622740666265 9.565999999999995 34
1622740673651 9.810999999999995 35
1622740681289 10.054999999999994 36
1622740689127 10.300999999999995 37
1622740696977 10.544999999999995 38
1622740705035 10.788999999999994 39
1622740713185 11.031999999999995 40
1622740721538 11.274999999999995 41
1622740729928 11.520999999999995 42
1622740738435 11.765999999999995 43
1622740747389 12.010999999999994 44
1622740756228 12.254999999999994 45
1622740765378 12.501999999999994 46
1622740774657 12.745999999999993 47
1622740784065 12.990999999999993 48
1622740793722 13.239999999999993 49
1622740803483 13.484999999999992 50
1622740813518 13.730999999999993 51
1622740823705 13.978999999999992 52
1622740834217 14.222999999999992 53
1622740844674 14.468999999999992 54
1622740855131 14.712999999999992 55
1622740865907 14.957999999999991 56
1622740876722 15.20299999999999 57
1622740887711 15.44699999999999 58
1622740898873 15.69299999999999 59
1622740910174 15.93799999999999 60
1622740921642 16.17999999999999 61
1622740933291 16.422999999999988 62
1622740945125 16.666999999999987 63
1622740957030 16.91199999999999 64
1622740969022 17.155999999999988 65
1622740981318 17.398999999999987 66
1622740993802 17.642999999999986 67
1622741006367 17.889999999999986 68
1622741019119 18.136999999999986 69
1622741032058 18.380999999999986 70
1622741045303 18.624999999999986 71
1622741058590 18.868999999999986 72
1622741072019 19.114999999999984 73
1622741085492 19.357999999999983 74
1622741099217 19.60399999999998 75
1622741113006 19.84799999999998 76
1622741127231 20.09199999999998 77
1622741141392 20.33799999999998 78
1622741155830 20.58199999999998 79
1622741170222 20.827999999999978 80
1622741184846 21.07299999999998 81
1622741199567 21.31799999999998 82
1622741214598 21.56099999999998 83
1622741229741 21.803999999999977 84
1622741245104 22.046999999999976 85
1622741260685 22.291999999999977 86
1622741276161 22.534999999999975 87
1622741291923 22.780999999999974 88
1622741307934 23.026999999999973 89
1622741323854 23.271999999999974 90
1622741340098 23.516999999999975 91
1622741356444 23.762999999999973 92
1622741373163 24.009999999999973 93
1622741389744 24.253999999999973 94
1622741406672 24.497999999999973 95
1622741423660 24.741999999999972 96
1622741440670 24.985999999999972 97
1622741457960 25.230999999999973 98
1622741475333 25.475999999999974 99
1622741492764 25.720999999999975 100
1622741510549 25.965999999999976 101
1622741528667 26.209999999999976 102
1622741546721 26.454999999999977 103
1622741565109 26.700999999999976 104
1622741583505 26.944999999999975 105
1622741601961 27.188999999999975 106
1622741620748 27.434999999999974 107
1622741639762 27.679999999999975 108
1622741658915 27.922999999999973 109
1622741677954 28.166999999999973 110
1622741697019 28.410999999999973 111
1622741716574 28.654999999999973 112
1622741736517 28.89799999999997 113
1622741756310 29.14499999999997 114
1622741776233 29.389999999999972 115
1622741796191 29.63299999999997 116
1622741816509 29.87799999999997 117
1622741837114 30.12199999999997 118
1622741857894 30.366999999999972 119
1622741878830 30.61299999999997 120
1622741899580 30.85999999999997 121
1622741920598 31.10399999999997 122
1622741941726 31.34799999999997 123
1622741963202 31.58999999999997 124
1622741984850 31.83699999999997 125
1622742006524 32.08199999999997 126
1622742028386 32.32599999999997 127
1622742050083 32.57099999999997 128
1622742072035 32.81999999999997 129
1622742094272 33.06399999999997 130
1622742116522 33.30799999999997 131
1622742139082 33.55199999999997 132
1622742161924 33.79799999999997 133
1622742184894 34.04199999999997 134
1622742208144 34.28399999999997 135
1622742231374 34.52699999999997 136
1622742254919 34.77199999999997 137
1622742278253 35.01599999999997 138
1622742301950 35.26199999999997 139
1622742325944 35.507999999999974 140
1622742349962 35.75399999999998 141
1622742374313 35.99699999999998 142
1622742398684 36.24599999999998 143
1622742423245 36.48899999999998 144
1622742448325 36.73599999999998 145
1622742473369 36.98299999999998 146
1622742498606 37.22799999999998 147
1622742523626 37.47299999999998 148
1622742548906 37.71899999999998 149
1622742574375 37.96199999999998 150
1622742599942 38.204999999999984 151
1622742625604 38.448999999999984 152
1622742651424 38.695999999999984 153
1622742677082 38.938999999999986 154
1622742703232 39.18399999999998 155
1622742729613 39.42799999999998 156
1622742756242 39.67499999999998 157
1622742782823 39.91899999999998 158
1622742809580 40.16399999999998 159
1622742836266 40.40799999999998 160
1622742863241 40.65299999999998 161
1622742890635 40.89599999999998 162
1622742918308 41.13899999999998 163
1622742945941 41.38399999999998 164
1622742973668 41.62699999999998 165
1622743001888 41.87199999999998 166
1622743030121 42.11799999999998 167
1622743058560 42.36499999999998 168
1622743087162 42.60999999999998 169
1622743115826 42.851999999999975 170
1622743144611 43.09799999999998 171
1622743173422 43.34499999999998 172
1622743202346 43.58799999999998 173
1622743231593 43.83199999999998 174
1622743261341 44.08199999999998 175
1622743290747 44.32499999999998 176
1622743320596 44.56899999999998 177
1622743350373 44.81399999999998 178
1622743380529 45.055999999999976 179
1622743410798 45.303999999999974 180
1622743441167 45.546999999999976 181
1622743471773 45.79199999999997 182
1622743502551 46.03899999999997 183
1622743533156 46.28399999999997 184
1622743564004 46.52899999999997 185
1622743595469 46.77299999999997 186
1622743626730 47.01899999999997 187
1622743658185 47.26699999999997 188
1622743689852 47.51099999999997 189
1622743721584 47.761999999999965 190
1622743753820 48.01099999999997 191
1622743786186 48.255999999999965 192
1622743818405 48.50099999999996 193
1622743851052 48.74599999999996 194
1622743883650 48.99099999999996 195
1622743916420 49.23499999999996 196
1622743949016 49.48099999999996 197
1622743982011 49.72799999999996 198
1622744015135 49.972999999999956 199
1622744048458 50.21899999999996 200
1622744082001 50.463999999999956 201
1622744115584 50.70699999999996 202
1622744149537 50.95299999999996 203
1622744183414 51.19699999999996 204
1622744217610 51.44399999999996 205
1622744251530 51.68999999999996 206
1622744285950 51.93399999999996 207
1622744320449 52.18099999999996 208
1622744355438 52.42499999999996 209
1622744390435 52.670999999999964 210
1622744425549 52.91599999999996 211
1622744460961 53.16199999999996 212
1622744496526 53.416999999999966 213
1622744532139 53.673999999999964 214
1622744567920 53.917999999999964 215
1622744603755 54.160999999999966 216
1622744640007 54.40699999999997 217
1622744676370 54.654999999999966 218
1622744712767 54.898999999999965 219
1622744749371 55.145999999999965 220
1622744786208 55.39099999999996 221
1622744823096 55.63599999999996 222
1622744860210 55.88199999999996 223
1622744897537 56.124999999999964 224
1622744934755 56.36999999999996 225
1622744972352 56.61799999999996 226
1622745009978 56.86299999999996 227
1622745047579 57.10899999999996 228
1622745085346 57.35599999999996 229
1622745123574 57.60399999999996 230
1622745161254 57.848999999999954 231
1622745199587 58.094999999999956 232
1622745237952 58.33799999999996 233
1622745276385 58.58199999999996 234
1622745315079 58.82599999999996 235
1622745353914 59.070999999999955 236
1622745393149 59.314999999999955 237
1622745432405 59.558999999999955 238
1622745471841 59.80399999999995 239
1622745511355 60.04799999999995 240
1622745550991 60.29299999999995 241
1622745590652 60.53699999999995 242
1622745630877 60.78299999999995 243
1622745670935 61.025999999999954 244
1622745711039 61.26999999999995 245
1622745751508 61.512999999999955 246
1622745792168 61.75899999999996 247
1622745832970 62.00199999999996 248
1622745873910 62.25199999999996 249
1622745914991 62.49699999999996 250
1622745956324 62.741999999999955 251
1622745997656 62.98799999999996 252
1622746039099 63.23199999999996 253
1622746080861 63.47499999999996 254
1622746122696 63.71899999999996 255
1622746164675 63.96299999999996 256
1622746207001 64.20799999999996 257
1622746249147 64.45199999999996 258
1622746291579 64.69799999999995 259
1622746334150 64.94399999999995 260
1622746377028 65.18999999999994 261
1622746419767 65.43599999999994 262
1622746462741 65.67999999999994 263
1622746505700 65.92399999999994 264
1622746549416 66.16899999999994 265
1622746592668 66.41399999999994 266
1622746636075 66.65799999999994 267
1622746679889 66.90199999999994 268
1622746724065 67.14599999999994 269
1622746768429 67.39099999999995 270
1622746812965 67.63499999999995 271
1622746857290 67.87999999999995 272
1622746902183 68.12499999999996 273
1622746947157 68.37099999999995 274
1622746992133 68.61699999999995 275
1622747037313 68.86099999999995 276
1622747082721 69.10599999999995 277
1622747128029 69.34999999999995 278
1622747173546 69.59299999999995 279
1622747219513 69.83799999999995 280
1622747265565 70.08399999999995 281
1622747311464 70.32899999999995 282
1622747357850 70.57199999999995 283
1622747404314 70.81399999999995 284
1622747450809 71.05799999999995 285
1622747497533 71.30299999999995 286
1622747544302 71.54799999999996 287
1622747591120 71.79399999999995 288
1622747638090 72.04099999999995 289
1622747685494 72.28399999999995 290
1622747733000 72.52999999999994 291
1622747780274 72.77299999999994 292
1622747827789 73.01599999999993 293
1622747875676 73.25999999999993 294
1622747923482 73.50499999999994 295
1622747971651 73.75199999999994 296
1622748020095 73.99799999999993 297
1622748068345 74.24099999999993 298
1622748117006 74.48699999999992 299
1622748165949 74.73099999999992 300
1622748215057 74.97499999999992 301
1622748264471 75.22099999999992 302
1622748314022 75.46599999999992 303
1622748363591 75.70899999999992 304
1622748413713 75.95099999999992 305
1622748463547 76.19599999999993 306
1622748513786 76.44199999999992 307
1622748563900 76.68499999999992 308
1622748614127 76.93099999999991 309
1622748664503 77.17599999999992 310
1622748715288 77.42099999999992 311
1622748766044 77.66499999999992 312
1622748817099 77.91099999999992 313
1622748868088 78.15599999999992 314
1622748919173 78.39999999999992 315
1622748970545 78.64499999999992 316
1622749022316 78.89099999999992 317
1622749074192 79.13699999999992 318
1622749125867 79.38099999999991 319
1622749177748 79.62499999999991 320
1622749229951 79.86999999999992 321
1622749282401 80.11599999999991 322
1622749334789 80.36299999999991 323
1622749387443 80.60699999999991 324
1622749440347 80.84999999999991 325
1622749493367 81.0959999999999 326
1622749546293 81.34399999999991 327
1622749599427 81.59099999999991 328
1622749652564 81.83499999999991 329
1622749706157 82.08199999999991 330
1622749759913 82.32599999999991 331
1622749813522 82.5689999999999 332
1622749867044 82.81399999999991 333
1622749920952 83.05799999999991 334
1622749975568 83.30199999999991 335
1622750030378 83.5459999999999 336
1622750085002 83.79099999999991 337
1622750139742 84.0339999999999 338
1622750194818 84.2809999999999 339
1622750249812 84.5239999999999 340
1622750304848 84.7679999999999 341
1622750360234 85.0129999999999 342
1622750415681 85.2559999999999 343
1622750471642 85.5009999999999 344
1622750527321 85.74599999999991 345
1622750583291 85.9919999999999 346
1622750639506 86.2349999999999 347
1622750695963 86.4819999999999 348
1622750752345 86.7269999999999 349
1622750809250 86.97199999999991 350
1622750866331 87.2179999999999 351
1622750923694 87.4649999999999 352
1622750981097 87.7089999999999 353
1622751038396 87.9529999999999 354
1622751095779 88.1989999999999 355
1622751153280 88.4439999999999 356
1622751211052 88.6869999999999 357
1622751269085 88.9299999999999 358
1622751327281 89.1749999999999 359
1622751385459 89.4239999999999 360
1622751444074 89.66799999999989 361
1622751502650 89.91399999999989 362
1622751561498 90.15799999999989 363
1622751620559 90.40099999999988 364
1622751679714 90.64499999999988 365
1622751738733 90.88799999999988 366
1622751798049 91.13199999999988 367
1622751857486 91.37599999999988 368
1622751917040 91.61999999999988 369
1622751976955 91.86499999999988 370
1622752036973 92.10999999999989 371
1622752097125 92.35199999999989 372
1622752157391 92.59599999999989 373
1622752217847 92.8409999999999 374
1622752278337 93.0879999999999 375
1622752338956 93.3319999999999 376
1622752399631 93.57499999999989 377
1622752460600 93.81899999999989 378
1622752521653 94.0639999999999 379
1622752582872 94.3089999999999 380
1622752644165 94.5529999999999 381
1622752705720 94.7979999999999 382
1622752767079 95.0459999999999 383
1622752829020 95.2899999999999 384
1622752891033 95.53499999999991 385
1622752953186 95.7779999999999 386
1622753015666 96.02299999999991 387
1622753078297 96.2689999999999 388
1622753141222 96.5149999999999 389
1622753204054 96.7609999999999 390
1622753267055 97.0089999999999 391
1622753329810 97.2549999999999 392
1622753393353 97.4989999999999 393
1622753456916 97.7439999999999 394
1622753520532 97.9879999999999 395
1622753584481 98.2339999999999 396
1622753648454 98.4779999999999 397
1622753712055 98.7219999999999 398
1622753776435 98.96499999999989 399
1622753840790 99.21199999999989 400
1622753905189 99.4569999999999 401
1622753969878 99.7009999999999 402
1622754034392 99.94399999999989 403
1622754099198 100.1889999999999 404
1622754164197 100.4329999999999 405
1622754229273 100.67899999999989 406
1622754294742 100.92099999999989 407
1622754360075 101.16499999999989 408
1622754426092 101.40899999999989 409
1622754492017 101.65199999999989 410
1622754558150 101.89699999999989 411
1622754624432 102.1419999999999 412
1622754690573 102.3869999999999 413
1622754757096 102.6309999999999 414
1622754823561 102.8719999999999 415
1622754889767 103.1179999999999 416
1622754956801 103.3599999999999 417
1622755023639 103.6069999999999 418
1622755090476 103.8489999999999 419
1622755157577 104.09399999999991 420
1622755224902 104.33799999999991 421
1622755292500 104.5809999999999 422
1622755359892 104.82599999999991 423
1622755427270 105.0689999999999 424
1622755495029 105.31099999999991 425
1622755563185 105.55199999999991 426
1622755631796 105.7949999999999 427
1622755700079 106.0409999999999 428
1622755768588 106.2849999999999 429
1622755837143 106.5289999999999 430
1622755906108 106.7709999999999 431
1622755975295 107.0149999999999 432
1622756044093 107.2569999999999 433
1622756113275 107.4999999999999 434
1622756182756 107.7439999999999 435
1622756252322 107.9869999999999 436
1622756321955 108.23299999999989 437
1622756391919 108.4749999999999 438
1622756462107 108.7189999999999 439
1622756532755 108.96199999999989 440
1622756603429 109.2069999999999 441
1622756674185 109.44999999999989 442
1622756745580 109.69599999999988 443
1622756816951 109.93899999999988 444
1622756888372 110.18399999999988 445
1622756959510 110.43099999999988 446
1622757030844 110.67799999999988 447
1622757102775 110.92299999999989 448
1622757174702 111.16699999999989 449
1622757246700 111.40899999999989 450
1622757318907 111.64999999999989 451
1622757391322 111.8949999999999 452
1622757463818 112.13799999999989 453
1622757536219 112.3829999999999 454
1622757608519 112.6279999999999 455
1622757681278 112.8709999999999 456
1622757754399 113.11399999999989 457
1622757827899 113.35699999999989 458
1622757901410 113.59999999999988 459
1622757975126 113.84199999999989 460
1622758048579 114.08799999999988 461
1622758122207 114.33199999999988 462
1622758195897 114.57699999999988 463
1622758270046 114.82299999999988 464
1622758344184 115.06699999999988 465
1622758418498 115.31199999999988 466
1622758493385 115.55499999999988 467
1622758568741 115.79899999999988 468
1622758644046 116.04099999999988 469
1622758719180 116.28599999999989 470
1622758794516 116.52899999999988 471
1622758870147 116.77599999999988 472
1622758946194 117.01999999999988 473
1622759021932 117.26499999999989 474
1622759096974 117.50799999999988 475
1622759173385 117.74799999999988 476
1622759249479 117.98799999999987 477
1622759326991 118.22899999999987 478
1622759403342 118.47199999999987 479
1622759481064 118.71599999999987 480
1622759558121 118.96199999999986 481
1622759635464 119.20599999999986 482
1622759713116 119.44999999999986 483
1622759790709 119.69799999999987 484
1622759868616 119.94199999999987 485
1622759946237 120.18699999999987 486
1622760024698 120.42999999999986 487
1622760103205 120.67899999999986 488
1622760181852 120.92499999999986 489
1622760260467 121.16899999999985 490
1622760339597 121.41499999999985 491
1622760419302 121.65799999999984 492
1622760498846 121.90299999999985 493
1622760578807 122.14499999999985 494
1622760658928 122.38999999999986 495
1622760738817 122.63499999999986 496
1622760818978 122.87899999999986 497
1622760899082 123.12199999999986 498
1622760979537 123.36499999999985 499
1622761059880 123.60799999999985 500
