1622800412125 0.02 0
1622800414272 1.895 1
1622800416464 3.817 2
1622800418781 5.8629999999999995 3
1622800421319 8.128 4
1622800424000 10.538 5
1622800426743 13.01 6
1622800429682 15.674 7
1622800432827 18.544999999999998 8
1622800436051 21.499 9
1622800439431 24.608999999999998 10
1622800443046 27.95 11
1622800446716 31.349 12
1622800450576 34.939 13
1622800454565 38.657 14
1622800458744 42.562999999999995 15
1622800463041 46.586 16
1622800467532 50.804 17
1622800472162 55.163000000000004 18
1622800476922 59.650000000000006 19
1622800481781 64.238 20
1622800486973 69.161 21
1622800492305 74.221 22
1622800497793 79.437 23
1622800503261 84.632 24
1622800508968 90.06800000000001 25
1622800514891 95.71700000000001 26
1622800520905 101.45900000000002 27
1622800527146 107.42900000000002 28
1622800533535 113.54400000000001 29
1622800540090 119.83100000000002 30
1622800546742 126.21000000000002 31
1622800553552 132.74900000000002 32
1622800560603 139.53000000000003 33
1622800567826 146.48400000000004 34
1622800575158 153.54500000000004 35
1622800582632 160.74800000000005 36
1622800590238 168.08400000000006 37
1622800598009 175.58600000000007 38
1622800605919 183.22400000000007 39
1622800613836 190.87000000000006 40
1622800622052 198.81600000000006 41
1622800630374 206.86700000000005 42
1622800638865 215.08600000000004 43
1622800647468 223.41700000000003 44
1622800656211 231.89000000000004 45
1622800665123 240.53100000000003 46
1622800674319 249.45600000000005 47
1622800683585 258.45000000000005 48
1622800693032 267.62800000000004 49
1622800702605 276.927 50
1622800712493 286.545 51
1622800722255 296.03700000000003 52
1622800732319 305.83200000000005 53
1622800742587 315.82800000000003 54
1622800753087 326.057 55
1622800763609 336.309 56
1622800774235 346.66600000000005 57
1622800785026 357.18600000000004 58
1622800796023 367.913 59
1622800807326 378.945 60
1622800818560 389.907 61
1622800830062 401.13599999999997 62
1622800841865 412.669 63
1622800853567 424.101 64
1622800865516 435.779 65
1622800877740 447.731 66
1622800889987 459.709 67
1622800902412 471.862 68
1622800914867 484.048 69
1622800927640 496.552 70
1622800940441 509.08000000000004 71
1622800953509 521.879 72
1622800966807 534.907 73
1622800980147 547.9780000000001 74
1622800993526 561.085 75
1622801006964 574.254 76
1622801020890 587.9110000000001 77
1622801034827 601.576 78
1622801049103 615.582 79
1622801063403 629.6129999999999 80
1622801077763 643.702 81
1622801092179 657.847 82
1622801107010 672.4069999999999 83
1622801121877 686.9989999999999 84
1622801137068 701.9189999999999 85
1622801152318 716.8949999999999 86
1622801167615 731.9149999999998 87
1622801183197 747.2239999999998 88
1622801198787 762.5439999999999 89
1622801214639 778.1259999999999 90
1622801230591 793.8069999999999 91
1622801246820 809.7649999999999 92
1622801263008 825.6839999999999 93
1622801279560 841.9649999999998 94
1622801296138 858.2699999999998 95
1622801312968 874.8309999999998 96
1622801329778 891.3709999999998 97
1622801346696 908.0179999999998 98
1622801363986 925.0369999999998 99
1622801381302 942.0829999999999 100
1622801398877 959.3879999999998 101
1622801416518 976.7579999999998 102
1622801434458 994.4269999999998 103
1622801452499 1012.1949999999998 104
1622801470622 1030.0479999999998 105
1622801488999 1048.1519999999998 106
1622801507511 1066.3949999999998 107
1622801526277 1084.8899999999996 108
1622801544991 1103.3319999999997 109
1622801563950 1122.0159999999996 110
1622801583036 1140.8299999999997 111
1622801602371 1159.8929999999998 112
1622801621667 1178.918 113
1622801641251 1198.2269999999999 114
1622801661046 1217.753 115
1622801681071 1237.508 116
1622801701143 1257.31 117
1622801721340 1277.2359999999999 118
1622801741615 1297.2379999999998 119
1622801762071 1317.4229999999998 120
1622801782791 1337.8739999999998 121
1622801803804 1358.6159999999998 122
1622801824756 1379.2979999999998 123
1622801845741 1400.0119999999997 124
1622801867104 1421.1019999999996 125
1622801888552 1442.2789999999995 126
1622801910088 1463.5439999999996 127
1622801931839 1485.0259999999996 128
1622801953672 1506.5889999999997 129
1622801975707 1528.3539999999998 130
1622801998074 1550.4489999999998 131
1622802020263 1572.3659999999998 132
1622802042988 1594.8199999999997 133
1622802065520 1617.0819999999997 134
1622802088397 1639.6899999999996 135
1622802111371 1662.3919999999996 136
1622802134529 1685.2789999999995 137
1622802157921 1708.3979999999995 138
1622802181612 1731.8179999999995 139
1622802205085 1755.0209999999995 140
1622802228829 1778.4939999999995 141
1622802252815 1802.2099999999994 142
1622802276769 1825.8959999999993 143
1622802300996 1849.8519999999992 144
1622802325436 1874.0239999999992 145
1622802350015 1898.3289999999993 146
1622802374575 1922.6189999999992 147
1622802399248 1947.0189999999993 148
1622802424229 1971.7279999999994 149
1622802449239 1996.4669999999994 150
1622802474585 2021.5419999999995 151
1622802500166 2046.8509999999994 152
1622802525846 2072.2609999999995 153
1622802551630 2097.7749999999996 154
1622802577588 2123.461 155
1622802603697 2149.2999999999997 156
1622802629943 2175.2769999999996 157
1622802656470 2201.5329999999994 158
1622802682912 2227.7049999999995 159
1622802709879 2254.3989999999994 160
1622802736736 2280.9869999999996 161
1622802763978 2307.9579999999996 162
1622802791030 2334.738 163
1622802818330 2361.769 164
1622802845842 2389.0069999999996 165
1622802873730 2416.6259999999997 166
1622802901566 2444.1929999999998 167
1622802929473 2471.8309999999997 168
1622802957842 2499.9289999999996 169
1622802986160 2527.9749999999995 170
1622803014570 2556.1109999999994 171
1622803043014 2584.2829999999994 172
1622803071858 2612.8569999999995 173
1622803100803 2641.5299999999993 174
1622803129802 2670.2579999999994 175
1622803158992 2699.1759999999995 176
1622803188280 2728.1929999999993 177
1622803217945 2757.5859999999993 178
1622803247666 2787.033999999999 179
1622803277429 2816.526999999999 180
1622803307560 2846.383999999999 181
1622803337857 2876.410999999999 182
1622803368217 2906.4989999999993 183
1622803398809 2936.8199999999993 184
1622803429556 2967.2979999999993 185
1622803460431 2997.901999999999 186
1622803491253 3028.454999999999 187
1622803522340 3059.270999999999 188
1622803553708 3090.366999999999 189
1622803584947 3121.333999999999 190
1622803616511 3152.626999999999 191
1622803648315 3184.157999999999 192
1622803680105 3215.6769999999988 193
1622803712045 3247.346999999999 194
1622803744286 3279.315999999999 195
1622803776781 3311.538999999999 196
1622803809251 3343.737999999999 197
1622803841961 3376.175999999999 198
1622803874691 3408.633999999999 199
1622803907521 3441.193999999999 200
1622803940573 3473.9739999999993 201
1622803973919 3507.0509999999995 202
1622804007125 3539.9869999999996 203
1622804040893 3573.4839999999995 204
1622804074386 3606.7039999999993 205
1622804108161 3640.207999999999 206
1622804142337 3674.108999999999 207
1622804176501 3708.000999999999 208
1622804210890 3742.118999999999 209
1622804245454 3776.4129999999986 210
1622804280092 3810.779999999999 211
1622804314915 3845.3309999999988 212
1622804350008 3880.1539999999986 213
1622804385262 3915.1359999999986 214
1622804420713 3950.3169999999986 215
1622804456058 3985.3909999999987 216
1622804491489 4020.5509999999986 217
1622804527229 4056.0209999999984 218
1622804563193 4091.7149999999983 219
1622804599381 4127.629999999998 220
1622804635950 4163.924999999998 221
1622804672370 4200.073999999999 222
1622804709594 4237.026999999999 223
1622804746106 4273.264999999999 224
1622804783165 4310.052 225
1622804820278 4346.893999999999 226
1622804857290 4383.6359999999995 227
1622804894644 4420.719999999999 228
1622804932250 4458.0509999999995 229
1622804969846 4495.3769999999995 230
1622805007538 4532.798 231
1622805045340 4570.327 232
1622805083310 4608.024 233
1622805121569 4646.012000000001 234
1622805159581 4683.755000000001 235
1622805198444 4722.348000000001 236
1622805237195 4760.829000000001 237
1622805276071 4799.436000000001 238
1622805315220 4838.3150000000005 239
1622805354309 4877.133000000001 240
1622805393563 4916.1140000000005 241
1622805433000 4955.281000000001 242
1622805472863 4994.874000000001 243
1622805512445 5034.187000000001 244
1622805552362 5073.835000000001 245
1622805592493 5113.696000000001 246
1622805632580 5153.5070000000005 247
1622805672966 5193.622 248
1622805713447 5233.829000000001 249
1622805754046 5274.157000000001 250
1622805794938 5314.779000000001 251
1622805835402 5354.969000000001 252
1622805876930 5396.227000000001 253
1622805918018 5437.045000000001 254
1622805959448 5478.205000000001 255
1622806001022 5519.5070000000005 256
1622806043192 5561.398 257
1622806085111 5603.039 258
1622806127204 5644.858 259
1622806169620 5687.004 260
1622806211897 5729.01 261
1622806254382 5771.222000000001 262
1622806297337 5813.907000000001 263
1622806340344 5856.642000000001 264
1622806383331 5899.360000000001 265
1622806426595 5942.352000000001 266
1622806469848 5985.3330000000005 267
1622806513495 6028.7080000000005 268
1622806557228 6072.170000000001 269
1622806600860 6115.533000000001 270
1622806644846 6159.249000000002 271
1622806688989 6203.120000000002 272
1622806733157 6247.017000000002 273
1622806777428 6291.018000000002 274
1622806822125 6335.4450000000015 275
1622806866852 6379.902000000002 276
1622806911753 6424.533000000002 277
1622806956837 6469.346000000002 278
1622807002070 6514.3070000000025 279
1622807047415 6559.381000000002 280
1622807092840 6604.531000000002 281
1622807138452 6649.871000000002 282
1622807184519 6695.664000000002 283
1622807230442 6741.316000000002 284
1622807276633 6787.236000000002 285
1622807322922 6833.256000000002 286
1622807369666 6879.727000000002 287
1622807416382 6926.172000000001 288
1622807463233 6972.751000000001 289
1622807510061 7019.308000000001 290
1622807556730 7065.709000000001 291
1622807604259 7112.967000000001 292
1622807651611 7160.045000000001 293
1622807699079 7207.243000000001 294
1622807746894 7254.787000000001 295
1622807794935 7302.556000000001 296
1622807843164 7350.5120000000015 297
1622807891504 7398.580000000002 298
1622807939775 7446.581000000002 299
1622807988303 7494.838000000002 300
1622808037044 7543.309000000001 301
1622808085916 7591.910000000001 302
1622808135016 7640.740000000001 303
1622808184131 7689.585000000001 304
1622808233405 7738.588000000001 305
1622808282827 7787.741000000001 306
1622808332350 7836.991000000001 307
1622808382098 7886.469000000001 308
1622808432032 7936.131000000001 309
1622808482092 7985.919000000001 310
1622808532413 8035.968000000001 311
1622808582957 8086.238000000001 312
1622808633659 8136.664000000002 313
1622808684272 8187.007000000001 314
1622808734890 8237.354000000001 315
1622808785857 8288.049 316
1622808836741 8338.661 317
1622808888334 8389.98 318
1622808939685 8441.06 319
1622808991520 8492.624 320
1622809045981 8546.81 321
1622809102553 8603.100999999999 322
1622809154681 8654.955999999998 323
1622809206933 8706.935999999998 324
1622809260194 8759.921999999999 325
1622809312961 8812.400999999998 326
1622809365311 8864.479999999998 327
1622809418111 8917.009999999998 328
1622809470866 8969.492999999999 329
1622809524001 9022.356999999998 330
1622809577072 9075.155999999999 331
1622809630233 9128.044 332
1622809683668 9181.208 333
1622809737261 9234.53 334
1622809791350 9288.348 335
1622809845450 9342.173 336
1622809899642 9396.094000000001 337
1622809954429 9450.607000000002 338
1622810009415 9505.319000000001 339
1622810064082 9559.717 340
1622810119074 9614.436 341
1622810174097 9669.188 342
1622810229211 9724.029 343
1622810284224 9778.772 344
1622810339808 9834.085000000001 345
1622810395679 9889.686000000002 346
1622810451899 9945.636000000002 347
1622810508015 10001.479000000003 348
1622810563894 10057.088000000003 349
1622810619724 10112.648000000003 350
1622810676346 10168.999000000003 351
1622810732721 10225.102000000003 352
1622810789318 10281.429000000002 353
1622810846373 10338.213000000002 354
1622810903347 10394.916000000001 355
1622810960816 10452.114000000001 356
1622811017729 10508.756000000001 357
1622811075088 10565.846000000001 358
1622811132605 10623.091000000002 359
1622811190521 10680.735000000002 360
1622811248339 10738.282000000003 361
1622811306434 10796.107000000004 362
1622811364668 10854.071000000004 363
1622811423179 10912.309000000003 364
1622811481577 10970.436000000003 365
1622811540015 11028.604000000003 366
1622811598886 11087.203000000003 367
1622811657435 11145.483000000004 368
1622811716204 11203.981000000003 369
1622811775815 11263.321000000004 370
1622811835221 11322.455000000004 371
1622811894687 11381.650000000003 372
1622811954270 11440.963000000003 373
1622812014619 11501.042000000003 374
1622812074494 11560.646000000002 375
1622812135146 11621.026000000002 376
1622812195761 11681.37 377
1622812256295 11741.631000000001 378
1622812316992 11802.058 379
1622812377828 11862.623000000001 380
1622812438777 11923.301000000001 381
1622812499874 11984.127 382
1622812560922 12044.903 383
1622812622586 12106.297 384
1622812684395 12167.833 385
1622812746261 12229.424 386
1622812808220 12291.112000000001 387
1622812870381 12353.002 388
1622812932514 12414.863000000001 389
1622812994859 12476.936000000002 390
1622813057565 12539.37 391
1622813120170 12601.704000000002 392
1622813183058 12664.317000000001 393
1622813246268 12727.255000000001 394
1622813309959 12790.675000000001 395
1622813373250 12853.696000000002 396
1622813436940 12917.116000000002 397
1622813500561 12980.465000000002 398
1622813564226 13043.858000000002 399
1622813628332 13107.692000000003 400
1622813692086 13171.173000000003 401
1622813756073 13234.888000000003 402
1622813820417 13298.961000000003 403
1622813884869 13363.143000000004 404
1622813949270 13427.272000000004 405
1622814013861 13491.592000000004 406
1622814078601 13556.059000000005 407
1622814143784 13620.969000000005 408
1622814209298 13686.213000000005 409
1622814274701 13751.347000000005 410
1622814340173 13816.547000000006 411
1622814405608 13881.712000000007 412
1622814471462 13947.294000000007 413
1622814537589 14013.153000000008 414
1622814603848 14079.141000000007 415
1622814670317 14145.339000000007 416
1622814736859 14211.607000000007 417
1622814803532 14278.007000000007 418
1622814869982 14344.188000000007 419
1622814936700 14410.633000000007 420
1622815004047 14477.709000000006 421
1622815071061 14544.450000000006 422
1622815138368 14611.487000000006 423
1622815205608 14678.454000000007 424
1622815273487 14746.063000000007 425
1622815341534 14813.838000000007 426
1622815409912 14881.944000000007 427
1622815477941 14949.701000000006 428
1622815580750 15052.238000000007 429
1622815649784 15120.998000000007 430
1622815719570 15190.513000000006 431
1622815789492 15260.164000000006 432
1622815859189 15329.591000000006 433
1622815928573 15398.701000000006 434
1622815998207 15468.065000000006 435
1622816068060 15537.648000000007 436
1622816137807 15607.123000000007 437
1622816207307 15676.352000000006 438
1622816277629 15746.399000000007 439
1622816347872 15816.367000000007 440
1622816418143 15886.365000000007 441
1622816488459 15956.410000000007 442
1622816558557 16026.237000000006 443
1622816629156 16096.563000000006 444
1622816699727 16166.863000000005 445
1622816770320 16237.186000000005 446
1622816841151 16307.747000000005 447
1622816912603 16378.928000000005 448
1622816983655 16449.711000000007 449
1622817055241 16521.025000000005 450
1622817127268 16592.782000000007 451
1622817199414 16664.655000000006 452
1622817271807 16736.776000000005 453
1622817344075 16808.773000000005 454
1622817417078 16881.505000000005 455
1622817489691 16953.847000000005 456
1622817562501 17026.386000000006 457
1622817635365 17098.978000000006 458
1622817708526 17171.869000000006 459
1622817781776 17244.843000000004 460
1622817855452 17318.247000000003 461
1622817929322 17391.845000000005 462
1622818003200 17465.451000000005 463
1622818077193 17539.171000000006 464
1622818151218 17612.926000000007 465
1622818225258 17686.695000000007 466
1622818299619 17760.785000000007 467
1622818374032 17834.926000000007 468
1622818449469 17910.088000000007 469
1622818525008 17985.349000000006 470
1622818600330 18060.397000000004 471
1622818675198 18134.994000000006 472
1622818750456 18209.981000000007 473
1622818826024 18285.277000000006 474
1622818901675 18360.656000000006 475
1622818977527 18436.233000000007 476
1622819054625 18513.057000000008 477
1622819130975 18589.13700000001 478
1622819207421 18665.31200000001 479
1622819283963 18741.58200000001 480
1622819360484 18817.83200000001 481
1622819437138 18894.21400000001 482
1622819514226 18971.03100000001 483
1622819591382 19047.915000000008 484
1622819668274 19124.535000000007 485
1622819745515 19201.504000000008 486
1622819823173 19278.888000000006 487
1622819901678 19357.119000000006 488
1622819978817 19433.986000000004 489
1622820056265 19511.160000000003 490
1622820134190 19588.815000000002 491
1622820211883 19666.235 492
1622820289357 19743.435 493
1622820367400 19821.209000000003 494
1622820446103 19899.644000000004 495
1622820525076 19978.349000000006 496
1622820604423 20057.424000000006 497
1622820683355 20136.087000000007 498
1622820762206 20214.669000000005 499
1622820841355 20293.548000000006 500
