1622591835512 50 0
1622591836112 60 1
1622591836702 70 2
1622591837292 80 3
1622591837923 90 4
1622591838596 100 5
1622591839292 110 6
1622591840036 120 7
1622591840818 130 8
1622591841621 140 9
1622591842456 150 10
1622591843369 160 11
1622591844278 170 12
1622591845254 180 13
1622591846251 190 14
1622591847285 200 15
1622591848412 210 16
1622591849590 220 17
1622591850802 230 18
1622591852041 240 19
1622591853290 250 20
1622591854634 260 21
1622591856012 270 22
1622591857402 280 23
1622591858775 290 24
1622591860210 300 25
1622591861658 310 26
1622591863123 320 27
1622591864631 330 28
1622591866188 340 29
1622591867824 350 30
1622591870404 360 31
1622591872062 370 32
1622591873717 380 33
1622591875429 390 34
1622591877175 400 35
1622591878967 410 36
1622591880764 420 37
1622591882600 430 38
1622591884487 440 39
1622591886385 450 40
1622591888348 460 41
1622591890347 470 42
1622591892404 480 43
1622591894454 490 44
1622591896535 500 45
1622591898665 510 46
1622591900824 520 47
1622591903036 530 48
1622591905293 540 49
1622591907534 550 50
1622591909837 560 51
1622591912191 570 52
1622591914539 580 53
1622591916909 590 54
1622591919358 600 55
1622591921867 610 56
1622591924411 620 57
1622591926993 630 58
1622591929586 640 59
1622591932219 650 60
1622591934907 660 61
1622591937771 670 62
1622591940633 680 63
1622591943491 690 64
1622591946526 700 65
1622591949434 710 66
1622591952348 720 67
1622591955480 730 68
1622591959364 740 69
1622591962543 750 70
1622591965854 760 71
1622591969038 770 72
1622591972104 780 73
1622591975386 790 74
1622591978865 800 75
1622591982159 810 76
1622591986334 820 77
1622591989613 830 78
1622591992899 840 79
1622591996313 850 80
1622591999702 860 81
1622592003078 870 82
1622592006570 880 83
1622592010082 890 84
1622592013626 900 85
1622592017160 910 86
1622592020767 920 87
1622592024408 930 88
1622592028043 940 89
1622592031737 950 90
1622592035450 960 91
1622592039217 970 92
1622592043026 980 93
1622592046908 990 94
1622592050842 1000 95
1622592055189 1010 96
1622592059422 1020 97
1622592063528 1030 98
1622592067514 1040 99
1622592071562 1050 100
1622592076436 1060 101
1622592080562 1070 102
1622592084741 1080 103
1622592089246 1090 104
1622592093552 1100 105
1622592098095 1110 106
1622592102451 1120 107
1622592107038 1130 108
1622592111721 1140 109
1622592116472 1150 110
1622592121256 1160 111
1622592126177 1170 112
1622592131088 1180 113
1622592136093 1190 114
1622592141071 1200 115
1622592145866 1210 116
1622592150787 1220 117
1622592155591 1230 118
1622592160342 1240 119
1622592165148 1250 120
1622592169953 1260 121
1622592174860 1270 122
1622592179777 1280 123
1622592184716 1290 124
1622592189677 1300 125
1622592194743 1310 126
1622592199785 1320 127
1622592204815 1330 128
1622592209924 1340 129
1622592215160 1350 130
1622592220620 1360 131
1622592226237 1370 132
1622592231583 1380 133
1622592236829 1390 134
1622592242203 1400 135
1622592247679 1410 136
1622592253059 1420 137
1622592258632 1430 138
1622592264116 1440 139
1622592269660 1450 140
1622592275456 1460 141
1622592281578 1470 142
1622592287490 1480 143
1622592293256 1490 144
1622592299059 1500 145
1622592304780 1510 146
1622592310533 1520 147
1622592316329 1530 148
1622592322193 1540 149
1622592328079 1550 150
1622592333960 1560 151
1622592339913 1570 152
1622592346040 1580 153
1622592352015 1590 154
1622592358000 1600 155
1622592364107 1610 156
1622592370194 1620 157
1622592376685 1630 158
1622592382845 1640 159
1622592389215 1650 160
1622592395831 1660 161
1622592402498 1670 162
1622592408982 1680 163
1622592415410 1690 164
1622592421918 1700 165
1622592428361 1710 166
1622592435246 1720 167
1622592441766 1730 168
1622592448241 1740 169
1622592454769 1750 170
1622592461335 1760 171
1622592467977 1770 172
1622592474616 1780 173
1622592481339 1790 174
1622592488276 1800 175
1622592495511 1810 176
1622592502531 1820 177
1622592509357 1830 178
1622592516199 1840 179
1622592523022 1850 180
1622592529904 1860 181
1622592536790 1870 182
1622592543786 1880 183
1622592550826 1890 184
1622592557809 1900 185
1622592564847 1910 186
1622592571921 1920 187
1622592579121 1930 188
1622592586257 1940 189
1622592593473 1950 190
1622592600747 1960 191
1622592608378 1970 192
1622592616214 1980 193
1622592623751 1990 194
1622592631199 2000 195
1622592638671 2010 196
1622592646142 2020 197
1622592654001 2030 198
1622592661902 2040 199
1622592669505 2050 200
1622592677065 2060 201
1622592684624 2070 202
1622592692362 2080 203
1622592700184 2090 204
1622592708050 2100 205
1622592715927 2110 206
1622592723988 2120 207
1622592732353 2130 208
1622592740773 2140 209
1622592748697 2150 210
1622592756853 2160 211
1622592764863 2170 212
1622592773406 2180 213
1622592782032 2190 214
1622592790327 2200 215
1622592798813 2210 216
1622592807445 2220 217
1622592816102 2230 218
1622592824547 2240 219
1622592833241 2250 220
1622592842122 2260 221
1622592850776 2270 222
1622592859331 2280 223
1622592867706 2290 224
1622592876197 2300 225
1622592885027 2310 226
1622592894181 2320 227
1622592903515 2330 228
1622592912796 2340 229
1622592921773 2350 230
1622592930965 2360 231
1622592940145 2370 232
1622592949231 2380 233
1622592958371 2390 234
1622592967653 2400 235
1622592977223 2410 236
1622592986938 2420 237
1622592996647 2430 238
1622593006376 2440 239
1622593015708 2450 240
1622593024943 2460 241
1622593034617 2470 242
1622593044317 2480 243
1622593053582 2490 244
1622593062868 2500 245
1622593072125 2510 246
1622593082358 2520 247
1622593092457 2530 248
1622593103512 2540 249
1622593113876 2550 250
1622593123882 2560 251
1622593133721 2570 252
1622593143454 2580 253
1622593152908 2590 254
1622593162474 2600 255
1622593172229 2610 256
1622593181907 2620 257
1622593191532 2630 258
1622593201332 2640 259
1622593212098 2650 260
1622593221889 2660 261
1622593233000 2670 262
1622593243931 2680 263
1622593254543 2690 264
1622593265184 2700 265
1622593275196 2710 266
1622593285257 2720 267
1622593295313 2730 268
1622593305449 2740 269
1622593315573 2750 270
1622593325817 2760 271
1622593336276 2770 272
1622593346994 2780 273
1622593357831 2790 274
1622593368148 2800 275
1622593378487 2810 276
1622593388959 2820 277
1622593400033 2830 278
1622593410571 2840 279
1622593421100 2850 280
1622593431671 2860 281
1622593442393 2870 282
1622593453474 2880 283
1622593464438 2890 284
1622593475271 2900 285
1622593486109 2910 286
1622593496837 2920 287
1622593507600 2930 288
1622593519040 2940 289
1622593529998 2950 290
1622593540889 2960 291
1622593551774 2970 292
1622593562789 2980 293
1622593573784 2990 294
1622593584813 3000 295
1622593595952 3010 296
1622593607112 3020 297
1622593618201 3030 298
1622593629372 3040 299
1622593640590 3050 300
1622593651896 3060 301
1622593663619 3070 302
1622593674957 3080 303
1622593686332 3090 304
1622593697654 3100 305
1622593709102 3110 306
1622593720623 3120 307
1622593732174 3130 308
1622593743772 3140 309
1622593755414 3150 310
1622593767035 3160 311
1622593779110 3170 312
1622593791501 3180 313
1622593803790 3190 314
1622593816073 3200 315
1622593828366 3210 316
1622593840314 3220 317
1622593852154 3230 318
1622593864078 3240 319
1622593876162 3250 320
1622593888183 3260 321
1622593900285 3270 322
1622593913811 3280 323
1622593926164 3290 324
1622593938374 3300 325
1622593950895 3310 326
1622593963109 3320 327
1622593975380 3330 328
1622593987680 3340 329
1622593999880 3350 330
1622594013034 3360 331
1622594025539 3370 332
1622594038362 3380 333
1622594051533 3390 334
1622594064424 3400 335
1622594077618 3410 336
1622594090821 3420 337
1622594103514 3430 338
1622594116066 3440 339
1622594129108 3450 340
1622594141837 3460 341
1622594154663 3470 342
1622594167447 3480 343
1622594180368 3490 344
1622594193586 3500 345
1622594206417 3510 346
1622594219752 3520 347
1622594233432 3530 348
1622594246384 3540 349
1622594260075 3550 350
1622594273900 3560 351
1622594288353 3570 352
1622594302070 3580 353
1622594316215 3590 354
1622594329725 3600 355
1622594343020 3610 356
1622594356186 3620 357
1622594369444 3630 358
1622594383025 3640 359
1622594396402 3650 360
1622594410135 3660 361
1622594423738 3670 362
1622594437210 3680 363
1622594450674 3690 364
1622594464167 3700 365
1622594477714 3710 366
1622594491295 3720 367
1622594505290 3730 368
1622594519946 3740 369
1622594533587 3750 370
1622594547324 3760 371
1622594561025 3770 372
1622594574864 3780 373
1622594588697 3790 374
1622594602471 3800 375
1622594616356 3810 376
1622594630277 3820 377
1622594644209 3830 378
1622594658227 3840 379
1622594672386 3850 380
1622594686630 3860 381
1622594701090 3870 382
1622594715951 3880 383
1622594730176 3890 384
1622594744401 3900 385
1622594758592 3910 386
1622594772848 3920 387
1622594787219 3930 388
1622594801555 3940 389
1622594815981 3950 390
1622594830437 3960 391
1622594845192 3970 392
1622594859671 3980 393
1622594874167 3990 394
1622594889636 4000 395
1622594904806 4010 396
1622594920348 4020 397
1622594935192 4030 398
1622594950072 4040 399
1622594965280 4050 400
1622594980072 4060 401
1622594995403 4070 402
1622595010962 4080 403
1622595026670 4090 404
1622595042735 4100 405
1622595058477 4110 406
1622595073759 4120 407
1622595088888 4130 408
1622595103963 4140 409
1622595119074 4150 410
1622595134275 4160 411
1622595149877 4170 412
1622595165576 4180 413
1622595181276 4190 414
1622595196516 4200 415
1622595212212 4210 416
1622595228243 4220 417
1622595243826 4230 418
1622595259338 4240 419
1622595275737 4250 420
1622595292478 4260 421
1622595308423 4270 422
1622595324135 4280 423
1622595339844 4290 424
1622595355589 4300 425
1622595371684 4310 426
1622595388065 4320 427
1622595404299 4330 428
1622595421675 4340 429
1622595437622 4350 430
1622595454416 4360 431
1622595471568 4370 432
1622595488253 4380 433
1622595504287 4390 434
1622595520699 4400 435
1622595537578 4410 436
1622595554788 4420 437
1622595570848 4430 438
1622595586886 4440 439
1622595603055 4450 440
1622595619272 4460 441
1622595635525 4470 442
1622595651824 4480 443
1622595668139 4490 444
1622595684419 4500 445
1622595700700 4510 446
1622595717206 4520 447
1622595733771 4530 448
1622595750604 4540 449
1622595767171 4550 450
1622595784101 4560 451
1622595800900 4570 452
1622595818356 4580 453
1622595836048 4590 454
1622595853689 4600 455
1622595870521 4610 456
1622595887377 4620 457
1622595904121 4630 458
1622595920943 4640 459
1622595937706 4650 460
1622595954595 4660 461
1622595971509 4670 462
1622595990555 4680 463
1622596007673 4690 464
1622596024701 4700 465
1622596042034 4710 466
1622596059168 4720 467
1622596076302 4730 468
1622596094309 4740 469
1622596112765 4750 470
1622596130067 4760 471
1622596147336 4770 472
1622596164702 4780 473
1622596182084 4790 474
1622596199431 4800 475
1622596217026 4810 476
1622596234516 4820 477
1622596252791 4830 478
1622596270361 4840 479
1622596288898 4850 480
1622596306498 4860 481
1622596324459 4870 482
1622596342139 4880 483
1622596359875 4890 484
1622596377861 4900 485
1622596396036 4910 486
1622596414397 4920 487
1622596432445 4930 488
1622596450304 4940 489
1622596468656 4950 490
1622596486862 4960 491
1622596505192 4970 492
1622596523479 4980 493
1622596541556 4990 494
1622596559727 5000 495
1622596577779 5010 496
1622596595932 5020 497
1622596614162 5030 498
1622596633178 5040 499
1622596651832 5050 500
