1622591835529 0.385 0
1622591836126 0.459 1
1622591836715 0.537 2
1622591837306 0.613 3
1622591837937 0.69 4
1622591838610 0.7659999999999999 5
1622591839304 0.8419999999999999 6
1622591840050 0.9169999999999998 7
1622591840831 0.9939999999999998 8
1622591841634 1.0699999999999998 9
1622591842470 1.1449999999999998 10
1622591843381 1.2199999999999998 11
1622591844291 1.2949999999999997 12
1622591845268 1.3729999999999998 13
1622591846263 1.4479999999999997 14
1622591847298 1.5249999999999997 15
1622591848425 1.6019999999999996 16
1622591849604 1.6809999999999996 17
1622591850818 1.7609999999999997 18
1622591852055 1.8399999999999996 19
1622591853302 1.9169999999999996 20
1622591854647 1.9939999999999996 21
1622591856025 2.0739999999999994 22
1622591857416 2.1539999999999995 23
1622591858789 2.2319999999999993 24
1622591860222 2.305999999999999 25
1622591861671 2.3819999999999992 26
1622591863136 2.4569999999999994 27
1622591864645 2.5329999999999995 28
1622591866200 2.6129999999999995 29
1622591867836 2.6889999999999996 30
1622591870418 2.7689999999999997 31
1622591872076 2.8609999999999998 32
1622591873730 2.937 33
1622591875442 3.013 34
1622591877188 3.09 35
1622591878980 3.1679999999999997 36
1622591880777 3.2439999999999998 37
1622591882613 3.32 38
1622591884500 3.397 39
1622591886398 3.472 40
1622591888361 3.549 41
1622591890361 3.626 42
1622591892417 3.703 43
1622591894467 3.7809999999999997 44
1622591896547 3.8569999999999998 45
1622591898678 3.933 46
1622591900836 4.0089999999999995 47
1622591903049 4.084 48
1622591905307 4.159999999999999 49
1622591907547 4.236999999999999 50
1622591909850 4.311999999999999 51
1622591912204 4.387 52
1622591914551 4.460999999999999 53
1622591916921 4.536 54
1622591919371 4.611999999999999 55
1622591921879 4.688999999999999 56
1622591924423 4.764999999999999 57
1622591927006 4.840999999999998 58
1622591929598 4.917999999999998 59
1622591932231 4.994999999999998 60
1622591934920 5.0699999999999985 61
1622591937783 5.148999999999998 62
1622591940646 5.2269999999999985 63
1622591943503 5.307999999999999 64
1622591946539 5.385999999999999 65
1622591949447 5.468999999999999 66
1622591952361 5.544999999999999 67
1622591955492 5.626999999999999 68
1622591959377 5.7109999999999985 69
1622591962556 5.790999999999999 70
1622591965867 5.875999999999999 71
1622591969050 5.958999999999999 72
1622591972116 6.033999999999999 73
1622591975400 6.108999999999999 74
1622591978878 6.191999999999999 75
1622591982173 6.270999999999999 76
1622591986347 6.414999999999999 77
1622591989627 6.491999999999999 78
1622591992912 6.567999999999999 79
1622591996325 6.649999999999999 80
1622591999714 6.724999999999999 81
1622592003091 6.800999999999998 82
1622592006584 6.877999999999998 83
1622592010095 6.9529999999999985 84
1622592013640 7.027999999999999 85
1622592017173 7.102999999999999 86
1622592020780 7.1789999999999985 87
1622592024419 7.2559999999999985 88
1622592028056 7.330999999999999 89
1622592031751 7.407999999999999 90
1622592035463 7.483999999999998 91
1622592039230 7.560999999999998 92
1622592043040 7.635999999999998 93
1622592046922 7.711999999999998 94
1622592050855 7.788999999999998 95
1622592055202 7.871999999999998 96
1622592059436 7.950999999999998 97
1622592063542 8.030999999999997 98
1622592067527 8.105999999999996 99
1622592071576 8.180999999999996 100
1622592076449 8.256999999999996 101
1622592080576 8.331999999999995 102
1622592084755 8.408999999999995 103
1622592089259 8.484999999999996 104
1622592093566 8.558999999999996 105
1622592098107 8.639999999999995 106
1622592102465 8.715999999999996 107
1622592107051 8.790999999999995 108
1622592111734 8.869999999999996 109
1622592116484 8.947999999999995 110
1622592121268 9.027999999999995 111
1622592126190 9.105999999999995 112
1622592131101 9.184999999999995 113
1622592136106 9.265999999999995 114
1622592141084 9.345999999999995 115
1622592145879 9.425999999999995 116
1622592150801 9.502999999999995 117
1622592155604 9.582999999999995 118
1622592160357 9.658999999999995 119
1622592165162 9.734999999999996 120
1622592169966 9.808999999999996 121
1622592174874 9.883999999999995 122
1622592179792 9.959999999999996 123
1622592184729 10.035999999999996 124
1622592189690 10.111999999999997 125
1622592194756 10.186999999999996 126
1622592199798 10.263999999999996 127
1622592204827 10.339999999999996 128
1622592209936 10.414999999999996 129
1622592215174 10.489999999999995 130
1622592220634 10.580999999999994 131
1622592226251 10.658999999999994 132
1622592231596 10.736999999999993 133
1622592236845 10.811999999999992 134
1622592242216 10.916999999999993 135
1622592247692 10.993999999999993 136
1622592253071 11.069999999999993 137
1622592258644 11.144999999999992 138
1622592264129 11.223999999999993 139
1622592269672 11.299999999999994 140
1622592275480 11.374999999999993 141
1622592281591 11.458999999999993 142
1622592287506 11.537999999999993 143
1622592293269 11.620999999999993 144
1622592299075 11.696999999999994 145
1622592304793 11.771999999999993 146
1622592310545 11.846999999999992 147
1622592316342 11.922999999999993 148
1622592322206 11.997999999999992 149
1622592328091 12.073999999999993 150
1622592333972 12.149999999999993 151
1622592339926 12.225999999999994 152
1622592346052 12.304999999999994 153
1622592352029 12.381999999999994 154
1622592358012 12.457999999999995 155
1622592364118 12.533999999999995 156
1622592370207 12.609999999999996 157
1622592376699 12.684999999999995 158
1622592382859 12.764999999999995 159
1622592389228 12.843999999999996 160
1622592395845 12.919999999999996 161
1622592402513 12.998999999999997 162
1622592408996 13.081999999999997 163
1622592415426 13.158999999999997 164
1622592421932 13.239999999999997 165
1622592428375 13.314999999999996 166
1622592435259 13.394999999999996 167
1622592441778 13.475999999999996 168
1622592448254 13.550999999999995 169
1622592454782 13.627999999999995 170
1622592461348 13.703999999999995 171
1622592467990 13.778999999999995 172
1622592474630 13.854999999999995 173
1622592481352 13.929999999999994 174
1622592488289 14.004999999999994 175
1622592495523 14.079999999999993 176
1622592502544 14.154999999999992 177
1622592509369 14.229999999999992 178
1622592516211 14.305999999999992 179
1622592523036 14.379999999999992 180
1622592529917 14.454999999999991 181
1622592536803 14.52999999999999 182
1622592543800 14.605999999999991 183
1622592550839 14.68099999999999 184
1622592557822 14.75699999999999 185
1622592564860 14.83099999999999 186
1622592571935 14.906999999999991 187
1622592579134 14.98199999999999 188
1622592586270 15.05699999999999 189
1622592593486 15.131999999999989 190
1622592600760 15.205999999999989 191
1622592608392 15.280999999999988 192
1622592616226 15.360999999999988 193
1622592623765 15.441999999999988 194
1622592631213 15.518999999999988 195
1622592638684 15.593999999999987 196
1622592646156 15.668999999999986 197
1622592654014 15.743999999999986 198
1622592661915 15.822999999999986 199
1622592669517 15.897999999999985 200
1622592677076 15.972999999999985 201
1622592684635 16.047999999999984 202
1622592692374 16.121999999999986 203
1622592700197 16.196999999999985 204
1622592708065 16.273999999999987 205
1622592715940 16.349999999999987 206
1622592724001 16.428999999999988 207
1622592732367 16.50499999999999 208
1622592740787 16.58199999999999 209
1622592748709 16.65799999999999 210
1622592756865 16.731999999999992 211
1622592764875 16.80699999999999 212
1622592773419 16.882999999999992 213
1622592782045 16.964999999999993 214
1622592790343 17.046999999999993 215
1622592798827 17.122999999999994 216
1622592807459 17.199999999999996 217
1622592816116 17.283999999999995 218
1622592824562 17.359999999999996 219
1622592833254 17.443999999999996 220
1622592842136 17.518999999999995 221
1622592850790 17.597999999999995 222
1622592859345 17.676999999999996 223
1622592867718 17.753999999999998 224
1622592876210 17.828999999999997 225
1622592885041 17.904999999999998 226
1622592894194 17.987 227
1622592903528 18.069 228
1622592912808 18.148999999999997 229
1622592921785 18.226 230
1622592930977 18.303 231
1622592940157 18.382 232
1622592949243 18.462 233
1622592958383 18.537 234
1622592967667 18.612 235
1622592977240 18.691999999999997 236
1622592986951 18.779999999999998 237
1622592996661 18.857999999999997 238
1622593006390 18.932999999999996 239
1622593015721 19.010999999999996 240
1622593024957 19.085999999999995 241
1622593034630 19.162999999999997 242
1622593044330 19.243999999999996 243
1622593053595 19.318999999999996 244
1622593062882 19.393999999999995 245
1622593072138 19.469999999999995 246
1622593082375 19.544999999999995 247
1622593092470 19.662999999999993 248
1622593103525 19.739999999999995 249
1622593113890 19.818999999999996 250
1622593123895 19.901999999999994 251
1622593133734 19.980999999999995 252
1622593143467 20.060999999999993 253
1622593152928 20.135999999999992 254
1622593162487 20.212999999999994 255
1622593172243 20.288999999999994 256
1622593181919 20.364999999999995 257
1622593191545 20.438999999999997 258
1622593201346 20.516999999999996 259
1622593212110 20.591999999999995 260
1622593221902 20.669999999999995 261
1622593233013 20.744999999999994 262
1622593243944 20.824999999999992 263
1622593254556 20.900999999999993 264
1622593265197 20.98099999999999 265
1622593275210 21.05699999999999 266
1622593285269 21.132999999999992 267
1622593295325 21.208999999999993 268
1622593305461 21.284999999999993 269
1622593315585 21.360999999999994 270
1622593325830 21.436999999999994 271
1622593336288 21.513999999999996 272
1622593347007 21.595999999999997 273
1622593357843 21.676999999999996 274
1622593368160 21.752999999999997 275
1622593378499 21.827999999999996 276
1622593388971 21.902999999999995 277
1622593400046 21.977999999999994 278
1622593410585 22.053999999999995 279
1622593421114 22.128999999999994 280
1622593431683 22.204999999999995 281
1622593442407 22.279999999999994 282
1622593453489 22.356999999999996 283
1622593464452 22.436999999999994 284
1622593475284 22.514999999999993 285
1622593486121 22.59499999999999 286
1622593496850 22.66999999999999 287
1622593507613 22.746999999999993 288
1622593519052 22.822999999999993 289
1622593530011 22.897999999999993 290
1622593540902 22.972999999999992 291
1622593551787 23.048999999999992 292
1622593562802 23.124999999999993 293
1622593573797 23.202999999999992 294
1622593584826 23.27799999999999 295
1622593595966 23.353999999999992 296
1622593607125 23.42899999999999 297
1622593618215 23.50699999999999 298
1622593629385 23.583999999999993 299
1622593640602 23.659999999999993 300
1622593651908 23.735999999999994 301
1622593663631 23.810999999999993 302
1622593674969 23.887999999999995 303
1622593686345 23.962999999999994 304
1622593697667 24.038999999999994 305
1622593709115 24.114999999999995 306
1622593720636 24.190999999999995 307
1622593732187 24.266999999999996 308
1622593743784 24.343999999999998 309
1622593755426 24.419999999999998 310
1622593767047 24.497 311
1622593779122 24.572 312
1622593791513 24.654999999999998 313
1622593803803 24.730999999999998 314
1622593816088 24.810999999999996 315
1622593828381 24.889999999999997 316
1622593840329 24.967 317
1622593852167 25.041999999999998 318
1622593864091 25.116999999999997 319
1622593876176 25.192999999999998 320
1622593888196 25.267999999999997 321
1622593900298 25.343999999999998 322
1622593913825 25.421 323
1622593926177 25.495 324
1622593938388 25.578 325
1622593950909 25.657999999999998 326
1622593963121 25.733999999999998 327
1622593975393 25.808999999999997 328
1622593987692 25.883999999999997 329
1622593999892 25.958999999999996 330
1622594013046 26.033999999999995 331
1622594025551 26.113999999999994 332
1622594038374 26.187999999999995 333
1622594051546 26.265999999999995 334
1622594064436 26.344999999999995 335
1622594077631 26.419999999999995 336
1622594090833 26.498999999999995 337
1622594103527 26.575999999999997 338
1622594116080 26.650999999999996 339
1622594129122 26.745999999999995 340
1622594141850 26.820999999999994 341
1622594154677 26.896999999999995 342
1622594167460 26.974999999999994 343
1622594180381 27.050999999999995 344
1622594193598 27.126999999999995 345
1622594206430 27.201999999999995 346
1622594219765 27.278999999999996 347
1622594233446 27.357999999999997 348
1622594246396 27.435 349
1622594260086 27.511 350
1622594273911 27.588 351
1622594288366 27.664 352
1622594302083 27.740000000000002 353
1622594316228 27.821 354
1622594329738 27.901 355
1622594343034 27.975 356
1622594356198 28.052000000000003 357
1622594369456 28.127000000000002 358
1622594383037 28.204000000000004 359
1622594396414 28.279000000000003 360
1622594410148 28.354000000000003 361
1622594423751 28.430000000000003 362
1622594437223 28.506000000000004 363
1622594450687 28.582000000000004 364
1622594464180 28.658000000000005 365
1622594477727 28.733000000000004 366
1622594491308 28.809000000000005 367
1622594505302 28.884000000000004 368
1622594519959 28.964000000000002 369
1622594533601 29.040000000000003 370
1622594547338 29.115000000000002 371
1622594561038 29.191000000000003 372
1622594574879 29.267000000000003 373
1622594588710 29.343000000000004 374
1622594602483 29.418000000000003 375
1622594616367 29.493000000000002 376
1622594630290 29.568 377
1622594644220 29.644000000000002 378
1622594658240 29.719 379
1622594672399 29.794 380
1622594686644 29.869 381
1622594701104 29.944 382
1622594715963 30.023 383
1622594730188 30.099 384
1622594744413 30.174 385
1622594758604 30.25 386
1622594772861 30.326 387
1622594787231 30.402 388
1622594801568 30.478 389
1622594815994 30.554000000000002 390
1622594830450 30.630000000000003 391
1622594845204 30.705000000000002 392
1622594859683 30.78 393
1622594874180 30.856 394
1622594889648 30.931 395
1622594904820 31.009 396
1622594920361 31.11 397
1622594935205 31.191 398
1622594950087 31.267 399
1622594965293 31.345 400
1622594980085 31.422 401
1622594995416 31.498 402
1622595010974 31.578 403
1622595026683 31.655 404
1622595042749 31.735 405
1622595058489 31.81 406
1622595073772 31.884999999999998 407
1622595088902 31.959999999999997 408
1622595103976 32.035999999999994 409
1622595119089 32.11299999999999 410
1622595134288 32.18899999999999 411
1622595149890 32.263999999999996 412
1622595165588 32.343999999999994 413
1622595181288 32.419 414
1622595196527 32.494 415
1622595212225 32.57 416
1622595228256 32.649 417
1622595243838 32.724000000000004 418
1622595259349 32.800000000000004 419
1622595275750 32.87800000000001 420
1622595292492 32.95700000000001 421
1622595308436 33.034000000000006 422
1622595324148 33.10900000000001 423
1622595339856 33.18500000000001 424
1622595355602 33.26100000000001 425
1622595371699 33.33600000000001 426
1622595388077 33.41200000000001 427
1622595404311 33.485000000000014 428
1622595421687 33.56000000000002 429
1622595437634 33.63300000000002 430
1622595454429 33.70800000000002 431
1622595471583 33.78600000000002 432
1622595488266 33.870000000000026 433
1622595504300 33.94500000000003 434
1622595520712 34.02000000000003 435
1622595537591 34.09700000000003 436
1622595554800 34.17400000000003 437
1622595570861 34.25000000000003 438
1622595586900 34.32600000000003 439
1622595603066 34.40200000000003 440
1622595619290 34.47700000000003 441
1622595635538 34.55300000000003 442
1622595651837 34.628000000000036 443
1622595668152 34.70300000000004 444
1622595684432 34.77900000000004 445
1622595700711 34.85400000000004 446
1622595717219 34.929000000000045 447
1622595733784 35.00400000000005 448
1622595750616 35.08000000000005 449
1622595767185 35.15500000000005 450
1622595784113 35.230000000000054 451
1622595800913 35.309000000000054 452
1622595818369 35.38300000000005 453
1622595836063 35.46300000000005 454
1622595853703 35.53900000000005 455
1622595870535 35.61500000000005 456
1622595887391 35.69100000000005 457
1622595904134 35.76500000000005 458
1622595920955 35.83900000000005 459
1622595937719 35.913000000000046 460
1622595954607 35.98800000000005 461
1622595971525 36.06400000000005 462
1622595990568 36.21000000000005 463
1622596007686 36.28600000000005 464
1622596024715 36.36000000000005 465
1622596042047 36.43400000000005 466
1622596059180 36.50900000000005 467
1622596076314 36.58300000000005 468
1622596094321 36.65600000000005 469
1622596112777 36.73300000000005 470
1622596130079 36.80800000000005 471
1622596147347 36.88300000000005 472
1622596164716 36.95600000000005 473
1622596182096 37.031000000000056 474
1622596199444 37.108000000000054 475
1622596217041 37.18800000000005 476
1622596234530 37.28800000000005 477
1622596252804 37.363000000000056 478
1622596270375 37.44200000000006 479
1622596288911 37.519000000000055 480
1622596306511 37.59400000000006 481
1622596324471 37.66900000000006 482
1622596342151 37.74500000000006 483
1622596359887 37.820000000000064 484
1622596377873 37.89500000000007 485
1622596396050 37.97000000000007 486
1622596414409 38.04600000000007 487
1622596432457 38.12000000000007 488
1622596450317 38.19600000000007 489
1622596468670 38.27200000000007 490
1622596486875 38.34800000000007 491
1622596505206 38.42600000000007 492
1622596523492 38.50200000000007 493
1622596541573 38.57600000000007 494
1622596559740 38.65000000000007 495
1622596577792 38.72500000000007 496
1622596595945 38.800000000000075 497
1622596614175 38.87700000000007 498
1622596633191 38.953000000000074 499
1622596651846 39.029000000000075 500
