1622905866483 100 0
1622905872122 200 1
1622905879418 300 2
1622905888276 400 3
1622905898605 500 4
1622905910506 600 5
1622905923885 700 6
1622905938824 800 7
1622905955332 900 8
1622905973443 1000 9
1622905993027 1100 10
1622906014344 1200 11
1622906037151 1300 12
1622906061608 1400 13
1622906087550 1500 14
1622906115161 1600 15
1622906144133 1700 16
1622906174432 1800 17
1622906206576 1900 18
1622906240161 2000 19
1622906275625 2100 20
1622906312253 2200 21
1622906350857 2300 22
1622906390736 2400 23
1622906432297 2500 24
1622906475306 2600 25
1622906519878 2700 26
1622906566139 2800 27
1622906613725 2900 28
1622906663157 3000 29
1622906713989 3100 30
1622906766618 3200 31
1622906820404 3300 32
1622906875530 3400 33
1622906932313 3500 34
1622906991042 3600 35
1622907051604 3700 36
1622907113170 3800 37
1622907176500 3900 38
1622907241259 4000 39
1622907307574 4100 40
1622907375339 4200 41
1622907444840 4300 42
1622907515842 4400 43
1622907588138 4500 44
1622907662280 4600 45
1622907738245 4700 46
1622907815461 4800 47
1622907894614 4900 48
1622907975438 5000 49
1622908057888 5100 50
1622908142377 5200 51
1622908227689 5300 52
1622908314128 5400 53
1622908402194 5500 54
1622908493030 5600 55
1622908584884 5700 56
1622908676639 5800 57
1622908771717 5900 58
1622908868232 6000 59
1622908969631 6100 60
1622909071690 6200 61
1622909173747 6300 62
1622909279543 6400 63
1622909387522 6500 64
1622909493307 6600 65
1622909600992 6700 66
1622909711010 6800 67
1622909821385 6900 68
1622909931988 7000 69
1622910046664 7100 70
1622910162402 7200 71
1622910280500 7300 72
1622910400002 7400 73
1622910522504 7500 74
1622910645125 7600 75
1622910768443 7700 76
1622910893712 7800 77
1622911020072 7900 78
1622911147874 8000 79
1622911276516 8100 80
1622911405985 8200 81
1622911538689 8300 82
1622911672432 8400 83
1622911809315 8500 84
1622911945548 8600 85
1622912084430 8700 86
1622912224559 8800 87
1622912367060 8900 88
1622912511054 9000 89
1622912655916 9100 90
1622912803818 9200 91
1622912952831 9300 92
1622913101457 9400 93
1622913253553 9500 94
1622913406738 9600 95
1622913562775 9700 96
1622913719260 9800 97
1622913879245 9900 98
1622914038189 10000 99
1622914199583 10100 100
1622914363078 10200 101
1622914527705 10300 102
1622914693425 10400 103
1622914863055 10500 104
1622915033759 10600 105
1622915207928 10700 106
1622915383583 10800 107
1622915555447 10900 108
1622915734396 11000 109
1622915911923 11100 110
1622916092810 11200 111
1622916276316 11300 112
1622916457702 11400 113
1622916640900 11500 114
1622916826639 11600 115
1622917013580 11700 116
1622917201656 11800 117
1622917392707 11900 118
1622917584020 12000 119
1622917778233 12100 120
1622917971586 12200 121
1622918167111 12300 122
1622918365902 12400 123
1622918565672 12500 124
1622918763905 12600 125
1622918963164 12700 126
1622919164965 12800 127
1622919367456 12900 128
1622919572737 13000 129
1622919783025 13100 130
1622919993925 13200 131
1622920208606 13300 132
1622920423343 13400 133
1622920640762 13500 134
1622920857976 13600 135
1622921076096 13700 136
1622921294153 13800 137
1622921512663 13900 138
1622921732608 14000 139
1622921954539 14100 140
1622922173233 14200 141
1622922400035 14300 142
1622922628256 14400 143
1622922857273 14500 144
1622923088874 14600 145
1622923322850 14700 146
1622923556676 14800 147
1622923791289 14900 148
1622924026924 15000 149
1622924263014 15100 150
1622924503668 15200 151
1622924744334 15300 152
1622924988543 15400 153
1622925234238 15500 154
1622925481695 15600 155
1622925732826 15700 156
1622925983504 15800 157
1622926237537 15900 158
1622926491422 16000 159
1622926745503 16100 160
1622927004965 16200 161
1622927263953 16300 162
1622927522105 16400 163
1622927784699 16500 164
1622928048815 16600 165
1622928314624 16700 166
1622928582464 16800 167
1622928851107 16900 168
1622929119792 17000 169
1622929383508 17100 170
1622929658170 17200 171
1622929932843 17300 172
1622930209131 17400 173
1622930486238 17500 174
1622930760660 17600 175
1622931041447 17700 176
1622931324849 17800 177
1622931608747 17900 178
1622931896141 18000 179
1622932183412 18100 180
1622932472460 18200 181
1622932762936 18300 182
1622933052107 18400 183
1622933347888 18500 184
1622933643502 18600 185
1622933939905 18700 186
1622934237973 18800 187
1622934538449 18900 188
1622934839198 19000 189
1622935140294 19100 190
1622935441986 19200 191
1622935742308 19300 192
1622936045899 19400 193
1622936351446 19500 194
1622936659348 19600 195
1622936968168 19700 196
1622937281416 19800 197
1622937593349 19900 198
1622937907037 20000 199
1622938225441 20100 200
1622938547589 20200 201
1622938867513 20300 202
1622939192006 20400 203
1622939514499 20500 204
1622939841778 20600 205
1622940169416 20700 206
1622940499436 20800 207
1622940828694 20900 208
1622941160062 21000 209
1622941494078 21100 210
1622941821209 21200 211
1622942157823 21300 212
1622942496053 21400 213
1622942838239 21500 214
1622943181911 21600 215
1622943521298 21700 216
1622943865769 21800 217
1622944211378 21900 218
1622944560912 22000 219
1622944912026 22100 220
1622945265233 22200 221
1622945619875 22300 222
1622945965698 22400 223
1622946322054 22500 224
1622946678846 22600 225
1622947036663 22700 226
1622947398674 22800 227
1622947762993 22900 228
1622948123090 23000 229
1622948486680 23100 230
1622948857096 23200 231
1622949229530 23300 232
1622949600826 23400 233
1622949973796 23500 234
1622950348498 23600 235
1622950729538 23700 236
1622951109024 23800 237
1622951488352 23900 238
1622951869227 24000 239
1622952250041 24100 240
1622952634024 24200 241
1622953019456 24300 242
1622953406549 24400 243
1622953794954 24500 244
1622954185877 24600 245
1622954578062 24700 246
1622954969865 24800 247
1622955367299 24900 248
1622955756720 25000 249
1622956145077 25100 250
1622956540085 25200 251
1622956930306 25300 252
1622957335962 25400 253
1622957744917 25500 254
1622958152633 25600 255
1622958561475 25700 256
1622958969834 25800 257
1622959378985 25900 258
1622959789345 26000 259
1622960205073 26100 260
1622960623475 26200 261
1622961039793 26300 262
1622961458726 26400 263
1622961878543 26500 264
1622962295611 26600 265
1622962712673 26700 266
1622963140182 26800 267
1622963562357 26900 268
1622963992197 27000 269
1622964421553 27100 270
1622964853107 27200 271
1622965291780 27300 272
1622965734822 27400 273
1622966164684 27500 274
1622966597870 27600 275
1622967029559 27700 276
1622967471173 27800 277
1622967912989 27900 278
1622968355172 28000 279
1622968801289 28100 280
1622969272999 28200 281
1622969717980 28300 282
1622970163727 28400 283
1622970607531 28500 284
1622971051120 28600 285
1622971506264 28700 286
1622971962218 28800 287
1622972421694 28900 288
1622972875807 29000 289
1622973334714 29100 290
1622973793466 29200 291
1622974248628 29300 292
1622974693427 29400 293
1622975152675 29500 294
1622975610740 29600 295
1622976078826 29700 296
1622976548702 29800 297
1622977014425 29900 298
1622977479334 30000 299
1622977950211 30100 300
1622978411599 30200 301
1622978869418 30300 302
