1622905866477 0.9316132549671788 0
1622905872117 0.9316132549671788 1
1622905879413 0.9316132549671788 2
1622905888271 0.9316132549671788 3
1622905898600 0.9316132549671788 4
1622905910501 0.9316132549671788 5
1622905923880 0.9316132549671788 6
1622905938819 0.9316132549671788 7
1622905955327 0.9316132549671788 8
1622905973438 0.9316132549671788 9
1622905993022 0.9316132549671788 10
1622906014339 0.9316132549671788 11
1622906037146 0.9316132549671788 12
1622906061603 0.9316132549671788 13
1622906087545 0.9316132549671788 14
1622906115156 0.9316132549671788 15
1622906144128 0.9316132549671788 16
1622906174427 0.9316132549671788 17
1622906206571 0.9316132549671788 18
1622906240156 0.9316132549671788 19
1622906275620 0.9316132549671788 20
1622906312248 0.9316132549671788 21
1622906350852 0.9316132549671788 22
1622906390731 0.9316132549671788 23
1622906432292 0.9316132549671788 24
1622906475301 0.9316132549671788 25
1622906519874 0.9316132549671788 26
1622906566134 0.9316132549671788 27
1622906613720 0.9316132549671788 28
1622906663152 0.9316132549671788 29
1622906713984 0.9316132549671788 30
1622906766613 0.9316132549671788 31
1622906820399 0.9316132549671788 32
1622906875525 0.9316132549671788 33
1622906932308 0.9316132549671788 34
1622906991037 0.9316132549671788 35
1622907051599 0.9316132549671788 36
1622907113165 0.9316132549671788 37
1622907176495 0.9316132549671788 38
1622907241254 0.9316132549671788 39
1622907307569 0.9316132549671788 40
1622907375334 0.9316132549671788 41
1622907444835 0.9316132549671788 42
1622907515837 0.9316132549671788 43
1622907588133 0.9316132549671788 44
1622907662275 0.9316132549671788 45
1622907738240 0.9316132549671788 46
1622907815456 0.9316132549671788 47
1622907894609 0.9316132549671788 48
1622907975433 0.9316132549671788 49
1622908057883 0.9316132549671788 50
1622908142372 0.9316132549671788 51
1622908227684 0.9316132549671788 52
1622908314123 0.9316132549671788 53
1622908402189 0.9316132549671788 54
1622908493025 0.9316132549671788 55
1622908584879 0.9316132549671788 56
1622908676634 0.9316132549671788 57
1622908771712 0.9316132549671788 58
1622908868227 0.9316132549671788 59
1622908969626 0.9316132549671788 60
1622909071685 0.9316132549671788 61
1622909173742 0.9316132549671788 62
1622909279539 0.9316132549671788 63
1622909387517 0.9316132549671788 64
1622909493302 0.9316132549671788 65
1622909600987 0.9316132549671788 66
1622909711005 0.9316132549671788 67
1622909821380 0.9316132549671788 68
1622909931983 0.9316132549671788 69
1622910046659 0.9316132549671788 70
1622910162397 0.9316132549671788 71
1622910280495 0.9316132549671788 72
1622910399997 0.9316132549671788 73
1622910522499 0.9316132549671788 74
1622910645120 0.9316132549671788 75
1622910768438 0.9316132549671788 76
1622910893707 0.9316132549671788 77
1622911020067 0.9316132549671788 78
1622911147869 0.9316132549671788 79
1622911276511 0.9316132549671788 80
1622911405980 0.9316132549671788 81
1622911538684 0.9316132549671788 82
1622911672427 0.9316132549671788 83
1622911809310 0.9316132549671788 84
1622911945543 0.9316132549671788 85
1622912084425 0.9316132549671788 86
1622912224553 0.9316132549671788 87
1622912367055 0.9316132549671788 88
1622912511049 0.9316132549671788 89
1622912655911 0.9316132549671788 90
1622912803813 0.9316132549671788 91
1622912952826 0.9316132549671788 92
1622913101452 0.9316132549671788 93
1622913253548 0.9316132549671788 94
1622913406733 0.9316132549671788 95
1622913562770 0.9316132549671788 96
1622913719256 0.9316132549671788 97
1622913879240 0.9316132549671788 98
1622914038184 0.9316132549671788 99
1622914199578 0.9316132549671788 100
1622914363074 0.9316132549671788 101
1622914527700 0.9316132549671788 102
1622914693420 0.9316132549671788 103
1622914863050 0.9316132549671788 104
1622915033754 0.9316132549671788 105
1622915207923 0.9316132549671788 106
1622915383578 0.9316132549671788 107
1622915555442 0.9316132549671788 108
1622915734391 0.9316132549671788 109
1622915911918 0.9316132549671788 110
1622916092805 0.9316132549671788 111
1622916276311 0.9316132549671788 112
1622916457697 0.9316132549671788 113
1622916640895 0.9316132549671788 114
1622916826634 0.9316132549671788 115
1622917013575 0.9316132549671788 116
1622917201651 0.9316132549671788 117
1622917392702 0.9316132549671788 118
1622917584015 0.9316132549671788 119
1622917778228 0.9316132549671788 120
1622917971581 0.9316132549671788 121
1622918167106 0.9316132549671788 122
1622918365897 0.9316132549671788 123
1622918565667 0.9316132549671788 124
1622918763901 0.9316132549671788 125
1622918963159 0.9316132549671788 126
1622919164960 0.9316132549671788 127
1622919367452 0.9316132549671788 128
1622919572732 0.9316132549671788 129
1622919783020 0.9316132549671788 130
1622919993920 0.9316132549671788 131
1622920208601 0.9316132549671788 132
1622920423338 0.9316132549671788 133
1622920640757 0.9316132549671788 134
1622920857971 0.9316132549671788 135
1622921076091 0.9316132549671788 136
1622921294148 0.9316132549671788 137
1622921512658 0.9316132549671788 138
1622921732603 0.9316132549671788 139
1622921954534 0.9316132549671788 140
1622922173228 0.9316132549671788 141
1622922400030 0.9316132549671788 142
1622922628251 0.9316132549671788 143
1622922857268 0.9316132549671788 144
1622923088869 0.9316132549671788 145
1622923322845 0.9316132549671788 146
1622923556671 0.9316132549671788 147
1622923791284 0.9316132549671788 148
1622924026919 0.9316132549671788 149
1622924263009 0.9316132549671788 150
1622924503663 0.9316132549671788 151
1622924744329 0.9316132549671788 152
1622924988538 0.9316132549671788 153
1622925234233 0.9316132549671788 154
1622925481690 0.9316132549671788 155
1622925732821 0.9316132549671788 156
1622925983499 0.9316132549671788 157
1622926237532 0.9316132549671788 158
1622926491417 0.9316132549671788 159
1622926745498 0.9316132549671788 160
1622927004960 0.9316132549671788 161
1622927263948 0.9316132549671788 162
1622927522101 0.9316132549671788 163
1622927784694 0.9316132549671788 164
1622928048810 0.9316132549671788 165
1622928314619 0.9316132549671788 166
1622928582459 0.9316132549671788 167
1622928851102 0.9316132549671788 168
1622929119787 0.9316132549671788 169
1622929383503 0.9316132549671788 170
1622929658165 0.9316132549671788 171
1622929932838 0.9316132549671788 172
1622930209125 0.9316132549671788 173
1622930486233 0.9316132549671788 174
1622930760655 0.9316132549671788 175
1622931041442 0.9316132549671788 176
1622931324844 0.9316132549671788 177
1622931608742 0.9316132549671788 178
1622931896136 0.9316132549671788 179
1622932183407 0.9316132549671788 180
1622932472455 0.9316132549671788 181
1622932762931 0.9316132549671788 182
1622933052102 0.9316132549671788 183
1622933347883 0.9316132549671788 184
1622933643497 0.9316132549671788 185
1622933939900 0.9316132549671788 186
1622934237968 0.9316132549671788 187
1622934538444 0.9316132549671788 188
1622934839193 0.9316132549671788 189
1622935140289 0.9316132549671788 190
1622935441981 0.9316132549671788 191
1622935742303 0.9316132549671788 192
1622936045894 0.9316132549671788 193
1622936351442 0.9316132549671788 194
1622936659343 0.9316132549671788 195
1622936968163 0.9316132549671788 196
1622937281411 0.9316132549671788 197
1622937593345 0.9316132549671788 198
1622937907032 0.9316132549671788 199
1622938225435 0.9316132549671788 200
1622938547584 0.9316132549671788 201
1622938867508 0.9316132549671788 202
1622939192001 0.9316132549671788 203
1622939514494 0.9316132549671788 204
1622939841773 0.9316132549671788 205
1622940169411 0.9316132549671788 206
1622940499431 0.9316132549671788 207
1622940828689 0.9316132549671788 208
1622941160057 0.9316132549671788 209
1622941494073 0.9316132549671788 210
1622941821204 0.9316132549671788 211
1622942157818 0.9316132549671788 212
1622942496048 0.9316132549671788 213
1622942838234 0.9316132549671788 214
1622943181906 0.9316132549671788 215
1622943521293 0.9316132549671788 216
1622943865764 0.9316132549671788 217
1622944211373 0.9316132549671788 218
1622944560907 0.9316132549671788 219
1622944912021 0.9316132549671788 220
1622945265228 0.9316132549671788 221
1622945619870 0.9316132549671788 222
1622945965692 0.9316132549671788 223
1622946322049 0.9316132549671788 224
1622946678841 0.9316132549671788 225
1622947036658 0.9316132549671788 226
1622947398668 0.9316132549671788 227
1622947762987 0.9316132549671788 228
1622948123085 0.9316132549671788 229
1622948486675 0.9316132549671788 230
1622948857091 0.9316132549671788 231
1622949229525 0.9316132549671788 232
1622949600820 0.9316132549671788 233
1622949973791 0.9316132549671788 234
1622950348493 0.9316132549671788 235
1622950729532 0.9316132549671788 236
1622951109019 0.9316132549671788 237
1622951488347 0.9316132549671788 238
1622951869222 0.9316132549671788 239
1622952250036 0.9316132549671788 240
1622952634019 0.9316132549671788 241
1622953019450 0.9316132549671788 242
1622953406544 0.9316132549671788 243
1622953794949 0.9316132549671788 244
1622954185872 0.9316132549671788 245
1622954578057 0.9316132549671788 246
1622954969859 0.9316132549671788 247
1622955367294 0.9316132549671788 248
1622955756715 0.9316132549671788 249
1622956145072 0.9316132549671788 250
1622956540080 0.9316132549671788 251
1622956930301 0.9316132549671788 252
1622957335957 0.9316132549671788 253
1622957744912 0.9316132549671788 254
1622958152628 0.9316132549671788 255
1622958561470 0.9316132549671788 256
1622958969829 0.9316132549671788 257
1622959378980 0.9316132549671788 258
1622959789340 0.9316132549671788 259
1622960205068 0.9316132549671788 260
1622960623469 0.9316132549671788 261
1622961039788 0.9316132549671788 262
1622961458721 0.9316132549671788 263
1622961878537 0.9316132549671788 264
1622962295606 0.9316132549671788 265
1622962712668 0.9316132549671788 266
1622963140177 0.9316132549671788 267
1622963562352 0.9316132549671788 268
1622963992191 0.9316132549671788 269
1622964421548 0.9316132549671788 270
1622964853102 0.9316132549671788 271
1622965291775 0.9316132549671788 272
1622965734817 0.9316132549671788 273
1622966164679 0.9316132549671788 274
1622966597865 0.9316132549671788 275
1622967029554 0.9316132549671788 276
1622967471168 0.9316132549671788 277
1622967912984 0.9316132549671788 278
1622968355167 0.9316132549671788 279
1622968801284 0.9316132549671788 280
1622969272993 0.9316132549671788 281
1622969717975 0.9316132549671788 282
1622970163722 0.9316132549671788 283
1622970607526 0.9316132549671788 284
1622971051115 0.9316132549671788 285
1622971506259 0.9316132549671788 286
1622971962213 0.9316132549671788 287
1622972421689 0.9316132549671788 288
1622972875803 0.9316132549671788 289
1622973334709 0.9316132549671788 290
1622973793461 0.9316132549671788 291
1622974248623 0.9316132549671788 292
1622974693421 0.9316132549671788 293
1622975152670 0.9316132549671788 294
1622975610735 0.9316132549671788 295
1622976078821 0.9316132549671788 296
1622976548697 0.9316132549671788 297
1622977014420 0.9316132549671788 298
1622977479329 0.9316132549671788 299
1622977950206 0.9316132549671788 300
1622978411594 0.9316132549671788 301
1622978869413 0.9316132549671788 302
