1622631041675 0.097 0
1622631042496 0.195 1
1622631043502 0.28700000000000003 2
1622631044676 0.38 3
1622631046014 0.473 4
1622631047526 0.563 5
1622631049225 0.6559999999999999 6
1622631051112 0.7459999999999999 7
1622631053192 0.8379999999999999 8
1622631055407 0.9299999999999998 9
1622631057820 1.023 10
1622631060440 1.1139999999999999 11
1622631063238 1.2049999999999998 12
1622631066200 1.2959999999999998 13
1622631069370 1.39 14
1622631072716 1.4809999999999999 15
1622631076211 1.5739999999999998 16
1622631079866 1.6649999999999998 17
1622631083729 1.7559999999999998 18
1622631087743 1.8479999999999999 19
1622631091969 1.94 20
1622631096383 2.031 21
1622631100963 2.123 22
1622631105672 2.2150000000000003 23
1622631110595 2.3070000000000004 24
1622631115708 2.3990000000000005 25
1622631120989 2.4910000000000005 26
1622631126475 2.5830000000000006 27
1622631132158 2.6770000000000005 28
1622631138015 2.7710000000000004 29
1622631144026 2.8640000000000003 30
1622631150258 2.9570000000000003 31
1622631156661 3.0480000000000005 32
1622631163167 3.1420000000000003 33
1622631169878 3.2340000000000004 34
1622631176745 3.3260000000000005 35
1622631183760 3.4180000000000006 36
1622631191009 3.5110000000000006 37
1622631198484 3.6040000000000005 38
1622631206056 3.6960000000000006 39
1622631213835 3.7890000000000006 40
1622631221838 3.880000000000001 41
1622631230107 3.9740000000000006 42
1622631238427 4.067000000000001 43
1622631246974 4.160000000000001 44
1622631255728 4.253000000000001 45
1622631264599 4.347000000000001 46
1622631273672 4.439000000000001 47
1622631282883 4.530000000000001 48
1622631292344 4.623000000000001 49
1622631301989 4.717000000000001 50
1622631313708 4.810000000000001 51
1622631323756 4.902000000000001 52
1622631333901 4.994000000000001 53
1622631344305 5.086 54
1622631354845 5.178 55
1622631365587 5.27 56
1622631376437 5.3629999999999995 57
1622631387539 5.457999999999999 58
1622631398875 5.552 59
1622631410317 5.645 60
1622631421914 5.739 61
1622631433776 5.83 62
1622631445686 5.923 63
1622631457893 6.014 64
1622631470355 6.106 65
1622631482935 6.197 66
1622631495600 6.289 67
1622631508403 6.38 68
1622631521429 6.473 69
1622631534613 6.564 70
1622631547883 6.656 71
1622631561366 6.747 72
1622631575075 6.838 73
1622631589078 6.93 74
1622631603142 7.023 75
1622631617343 7.116 76
1622631631754 7.209 77
1622631646390 7.300999999999999 78
1622631661178 7.392999999999999 79
1622631676187 7.483999999999999 80
1622631691328 7.573999999999999 81
1622631706728 7.666999999999999 82
1622631722258 7.759999999999999 83
1622631737949 7.849999999999999 84
1622631753863 7.940999999999999 85
1622631769901 8.030999999999999 86
1622631786168 8.123 87
1622631802581 8.216 88
1622631819224 8.308 89
1622631836076 8.403 90
1622631853054 8.494 91
1622631870087 8.586 92
1622631887367 8.677 93
1622631904754 8.769 94
1622631922411 8.945 95
1622631940091 9.036 96
1622631957887 9.129999999999999 97
1622631976043 9.219999999999999 98
1622631994405 9.312 99
1622632012945 9.402999999999999 100
1622632031768 9.495999999999999 101
1622632050656 9.588999999999999 102
1622632069694 9.681 103
1622632088905 9.773 104
1622632108359 9.865 105
1622632128868 9.959 106
1622632148708 10.049999999999999 107
1622632168715 10.139999999999999 108
1622632188885 10.229999999999999 109
1622632209285 10.322 110
1622632229926 10.411999999999999 111
1622632250608 10.504 112
1622632271600 10.594 113
1622632292677 10.686 114
1622632313920 10.778 115
1622632335358 10.871 116
1622632356885 10.963000000000001 117
1622632378658 11.053 118
1622632400579 11.148000000000001 119
1622632422780 11.236 120
1622632445229 11.326 121
1622632467928 11.417 122
1622632490780 11.508 123
1622632513709 11.6 124
1622632536921 11.693999999999999 125
1622632560566 11.789 126
1622632584043 11.882 127
1622632607738 11.974 128
1622632631565 12.065 129
1622632655432 12.158 130
1622632679485 12.248999999999999 131
1622632704637 12.341 132
1622632729213 12.431 133
1622632754133 12.521999999999998 134
1622632779267 12.610999999999999 135
1622632804636 12.703 136
1622632830845 12.798 137
1622632856391 12.892 138
1622632882068 12.991999999999999 139
1622632907817 13.084999999999999 140
1622632933647 13.175999999999998 141
1622632959812 13.268999999999998 142
1622632986286 13.360999999999999 143
1622633012755 13.451999999999998 144
1622633039479 13.542999999999997 145
1622633066358 13.633999999999997 146
1622633093394 13.725999999999997 147
1622633120613 13.816999999999997 148
1622633147960 13.906999999999996 149
1622633175491 13.998999999999997 150
1622633203500 14.091999999999997 151
1622633231580 14.183999999999997 152
1622633259756 14.273999999999997 153
1622633287973 14.367999999999997 154
1622633316397 14.457999999999997 155
1622633345157 14.551999999999996 156
1622633373917 14.645999999999995 157
1622633403803 14.735999999999995 158
1622633433456 14.903999999999995 159
1622633462932 14.997999999999994 160
1622633492934 15.092999999999995 161
1622633523534 15.261999999999995 162
1622633553371 15.354999999999995 163
1622633583329 15.446999999999996 164
1622633613410 15.538999999999996 165
1622633643560 15.628999999999996 166
1622633675041 15.717999999999996 167
1622633706773 15.811999999999996 168
1622633737691 15.933999999999996 169
1622633768697 16.023999999999997 170
1622633799824 16.115 171
1622633831051 16.208 172
1622633862686 16.302 173
1622633894323 16.392 174
1622633926265 16.483999999999998 175
1622633958461 16.575999999999997 176
1622633990709 16.665999999999997 177
1622634023268 16.756999999999998 178
1622634055908 16.846999999999998 179
1622634088576 16.938 180
1622634121471 17.029 181
1622634154668 17.119 182
1622634188185 17.212 183
1622634221829 17.302 184
1622634255465 17.392 185
1622634289304 17.483999999999998 186
1622634323291 17.575 187
1622634357395 17.665 188
1622634391545 17.756999999999998 189
1622634425801 17.848999999999997 190
1622634460430 17.937999999999995 191
1622634495590 18.027999999999995 192
1622634530611 18.120999999999995 193
1622634565964 18.209999999999994 194
1622634601430 18.300999999999995 195
1622634638722 18.392999999999994 196
1622634674559 18.485999999999994 197
1622634710529 18.579999999999995 198
1622634746816 18.670999999999996 199
1622634783264 18.763999999999996 200
1622634820824 18.856999999999996 201
1622634857572 18.948999999999995 202
1622634894417 19.039999999999996 203
1622634931484 19.129999999999995 204
1622634968476 19.219999999999995 205
1622635005965 19.309999999999995 206
1622635043748 19.399999999999995 207
1622635081489 19.491999999999994 208
1622635119592 19.585999999999995 209
1622635157962 19.675999999999995 210
1622635196516 19.766999999999996 211
1622635235236 19.855999999999995 212
1622635274050 19.947999999999993 213
1622635313222 20.038999999999994 214
1622635352640 20.127999999999993 215
1622635392038 20.218999999999994 216
1622635431604 20.310999999999993 217
1622635471257 20.400999999999993 218
1622635511094 20.48999999999999 219
1622635551209 20.58199999999999 220
1622635591472 20.67499999999999 221
1622635631777 20.76999999999999 222
1622635672383 20.86099999999999 223
1622635712994 20.95099999999999 224
1622635753850 21.04299999999999 225
1622635795032 21.13399999999999 226
1622635836274 21.22699999999999 227
1622635877695 21.31799999999999 228
1622635919439 21.40999999999999 229
1622635961096 21.50099999999999 230
1622636002998 21.59199999999999 231
1622636045223 21.682999999999993 232
1622636087426 21.772999999999993 233
1622636129999 21.86199999999999 234
1622636172595 21.95399999999999 235
1622636215647 22.04699999999999 236
1622636258326 22.13699999999999 237
1622636301365 22.22599999999999 238
1622636344671 22.317999999999987 239
1622636388169 22.418999999999986 240
1622636432052 22.510999999999985 241
1622636475889 22.604999999999986 242
1622636519970 22.696999999999985 243
1622636563936 22.787999999999986 244
1622636608272 22.878999999999987 245
1622636652900 22.966999999999988 246
1622636697448 23.05799999999999 247
1622636742303 23.14799999999999 248
1622636787259 23.239999999999988 249
1622636832427 23.329999999999988 250
1622636877938 23.42399999999999 251
1622636923507 23.51499999999999 252
1622636970166 23.60599999999999 253
1622637016549 23.69799999999999 254
1622637062657 23.78999999999999 255
1622637108629 23.87999999999999 256
1622637154963 23.97099999999999 257
1622637201491 24.06099999999999 258
1622637248316 24.15099999999999 259
1622637295260 24.24099999999999 260
1622637342444 24.33199999999999 261
1622637389689 24.42099999999999 262
1622637437077 24.509999999999987 263
1622637484814 24.599999999999987 264
1622637532753 24.69099999999999 265
1622637581655 24.78199999999999 266
1622637629967 24.87699999999999 267
1622637678303 24.969999999999988 268
1622637726999 25.061999999999987 269
1622637775713 25.153999999999986 270
1622637824867 25.246999999999986 271
1622637874044 25.336999999999986 272
1622637923440 25.426999999999985 273
1622637973065 25.517999999999986 274
1622638022743 25.607999999999986 275
1622638072776 25.695999999999987 276
1622638122792 25.784999999999986 277
1622638173819 25.874999999999986 278
1622638225286 25.966999999999985 279
1622638278169 26.058999999999983 280
1622638329058 26.150999999999982 281
1622638380188 26.241999999999983 282
1622638431534 26.331999999999983 283
1622638483014 26.422999999999984 284
1622638534556 26.513999999999985 285
1622638587201 26.605999999999984 286
1622638638784 26.703999999999983 287
1622638690547 26.79299999999998 288
1622638742914 26.883999999999983 289
1622638795272 26.97299999999998 290
1622638848845 27.063999999999982 291
1622638901645 27.15299999999998 292
1622638954582 27.24199999999998 293
1622639007849 27.33199999999998 294
1622639061104 27.42299999999998 295
1622639114527 27.51299999999998 296
1622639168280 27.60399999999998 297
1622639222026 27.69599999999998 298
1622639275705 27.78699999999998 299
1622639330047 27.87899999999998 300
1622639384217 27.96799999999998 301
1622639438485 28.06099999999998 302
1622639493282 28.14899999999998 303
1622639548199 28.23699999999998 304
1622639603276 28.32599999999998 305
1622639658488 28.41699999999998 306
1622639713668 28.50999999999998 307
1622639769623 28.60199999999998 308
1622639825532 28.69499999999998 309
1622639881539 28.78499999999998 310
1622639938595 28.87499999999998 311
1622639994881 28.963999999999977 312
1622640051606 29.053999999999977 313
1622640108382 29.143999999999977 314
1622640165662 29.25299999999998 315
1622640222511 29.344999999999978 316
1622640279508 29.43599999999998 317
1622640336837 29.527999999999977 318
1622640395378 29.616999999999976 319
1622640453110 29.706999999999976 320
1622640510963 29.797999999999977 321
1622640569203 29.888999999999978 322
1622640629977 29.977999999999977 323
1622640694137 30.068999999999978 324
1622640760329 30.160999999999976 325
1622640822401 30.253999999999976 326
1622640881961 30.345999999999975 327
1622640941539 30.438999999999975 328
1622641006274 30.530999999999974 329
1622641066485 30.620999999999974 330
1622641126837 30.710999999999974 331
1622641188474 30.800999999999974 332
1622641250349 30.891999999999975 333
1622641316604 30.981999999999974 334
1622641379515 31.071999999999974 335
1622641443682 31.162999999999975 336
1622641508467 31.341999999999974 337
1622641569988 31.430999999999973 338
1622641636583 31.520999999999972 339
1622641701114 31.61299999999997 340
1622641766122 31.70799999999997 341
1622641831937 31.79999999999997 342
1622641898263 31.89099999999997 343
1622641960873 31.98199999999997 344
1622642024453 32.07299999999997 345
1622642092568 32.165999999999976 346
1622642162313 32.25699999999998 347
1622642225971 32.348999999999975 348
1622642291873 32.440999999999974 349
1622642356890 32.534999999999975 350
1622642422684 32.70699999999997 351
1622642544878 32.79899999999997 352
1622642612114 32.97299999999997 353
1622642676648 33.065999999999974 354
1622642741183 33.15599999999998 355
1622642806486 33.24399999999998 356
1622642875340 33.33199999999998 357
1622642942512 33.42399999999998 358
1622643009625 33.51499999999998 359
1622643075631 33.60799999999998 360
1622643143822 33.69699999999998 361
1622643209344 33.78799999999998 362
1622643277242 33.878999999999984 363
1622643343858 34.05099999999998 364
1622643410108 34.14299999999998 365
1622643478333 34.23499999999998 366
1622643545748 34.32599999999998 367
1622643612809 34.41899999999998 368
1622643683491 34.58999999999998 369
1622643754518 34.682999999999986 370
1622643823645 34.774999999999984 371
1622643900843 34.86799999999999 372
1622643969637 34.96099999999999 373
1622644037515 35.05199999999999 374
1622644108560 35.14399999999999 375
1622644179593 35.236999999999995 376
1622644250288 35.327 377
1622644320324 35.421 378
1622644390523 35.511 379
1622644464286 35.602000000000004 380
1622644536662 35.693000000000005 381
1622644609061 35.785000000000004 382
1622644681284 35.877 383
1622644754043 35.970000000000006 384
1622644829044 36.065000000000005 385
1622644902523 36.157000000000004 386
1622644972622 36.25000000000001 387
1622645042503 36.339000000000006 388
1622645116183 36.43000000000001 389
1622645189877 36.52100000000001 390
1622645261652 36.61400000000001 391
1622645334726 36.707000000000015 392
1622645407341 36.80000000000002 393
1622645480211 36.89300000000002 394
1622645555734 36.99000000000002 395
1622645629320 37.08200000000002 396
1622645704902 37.175000000000026 397
1622645778789 37.276000000000025 398
1622645853916 37.367000000000026 399
1622645932091 37.459000000000024 400
1622646005915 37.54900000000003 401
1622646079106 37.64100000000003 402
1622646159699 37.73500000000003 403
1622646233818 37.83000000000003 404
1622646310486 37.922000000000025 405
1622646389786 38.014000000000024 406
1622646465249 38.10600000000002 407
1622646540986 38.197000000000024 408
1622646614929 38.28900000000002 409
1622646691075 38.379000000000026 410
1622646767222 38.47200000000003 411
1622646843726 38.56200000000003 412
1622646923146 38.65400000000003 413
1622647000017 38.74500000000003 414
1622647076030 38.84100000000003 415
1622647153346 38.93300000000003 416
1622647230954 39.02700000000003 417
1622647309895 39.11700000000003 418
1622647388542 39.210000000000036 419
1622647464763 39.30300000000004 420
1622647546848 39.39400000000004 421
1622647629473 39.48600000000004 422
1622647709595 39.57700000000004 423
1622647786184 39.667000000000044 424
1622647864096 39.75600000000004 425
1622647946555 39.846000000000046 426
1622648026630 39.935000000000045 427
1622648111654 40.02500000000005 428
1622648191991 40.11400000000005 429
1622648273239 40.20400000000005 430
1622648355436 40.294000000000054 431
1622648433719 40.38600000000005 432
1622648512310 40.47800000000005 433
1622648595206 40.57200000000005 434
1622648675755 40.665000000000056 435
1622648763934 40.75600000000006 436
1622648844338 40.84700000000006 437
1622648924911 40.93900000000006 438
1622649005669 41.031000000000056 439
1622649089768 41.12200000000006 440
1622649174227 41.21600000000006 441
1622649254990 41.312000000000054 442
1622649338495 41.403000000000056 443
1622649420651 41.495000000000054 444
1622649502921 41.589000000000055 445
1622649583754 41.681000000000054 446
1622649668225 41.772000000000055 447
1622649750078 41.864000000000054 448
1622649835440 41.96000000000005 449
1622649922219 42.053000000000054 450
1622650004803 42.14600000000006 451
1622650087470 42.23600000000006 452
1622650172700 42.32700000000006 453
1622650255884 42.41900000000006 454
1622650342855 42.50700000000006 455
1622650430177 42.600000000000065 456
1622650515182 42.69400000000007 457
1622650604683 42.786000000000065 458
1622650690029 42.87900000000007 459
1622650776302 42.97200000000007 460
1622650864981 43.06800000000007 461
1622650948795 43.15800000000007 462
1622651032461 43.25000000000007 463
1622651121612 43.34100000000007 464
1622651208268 43.43300000000007 465
1622651295133 43.52800000000007 466
1622651381125 43.62000000000007 467
1622651469644 43.71200000000007 468
1622651559267 43.80200000000007 469
1622651645361 43.89400000000007 470
1622651731774 43.98700000000007 471
1622651822941 44.078000000000074 472
1622651914796 44.172000000000075 473
1622652002992 44.264000000000074 474
1622652093704 44.43600000000007 475
1622652181858 44.53500000000007 476
1622652272974 44.62900000000007 477
1622652361815 44.72100000000007 478
1622652448960 44.81400000000007 479
1622652539206 44.904000000000075 480
1622652628534 44.995000000000076 481
1622652718295 45.08600000000008 482
1622652807238 45.17700000000008 483
1622652896717 45.266000000000076 484
1622652990457 45.358000000000075 485
1622653081353 45.450000000000074 486
1622653169520 45.541000000000075 487
1622653258284 45.632000000000076 488
1622653347064 45.72300000000008 489
1622653443650 45.81300000000008 490
1622653533425 45.906000000000084 491
1622653624164 45.997000000000085 492
1622653715049 46.09000000000009 493
1622653804345 46.18100000000009 494
1622653893827 46.27100000000009 495
1622653985000 46.365000000000094 496
1622654076048 46.456000000000095 497
1622654168174 46.548000000000094 498
1622654259465 46.639000000000095 499
1622654349932 46.734000000000094 500
