1622631041666 0.097 0
1622631042488 0.098 1
1622631043496 0.092 2
1622631044670 0.093 3
1622631046009 0.093 4
1622631047522 0.09 5
1622631049220 0.093 6
1622631051107 0.09 7
1622631053187 0.092 8
1622631055402 0.092 9
1622631057815 0.093 10
1622631060435 0.091 11
1622631063234 0.091 12
1622631066194 0.091 13
1622631069365 0.094 14
1622631072711 0.091 15
1622631076205 0.093 16
1622631079860 0.091 17
1622631083724 0.091 18
1622631087738 0.092 19
1622631091964 0.092 20
1622631096377 0.091 21
1622631100957 0.092 22
1622631105666 0.092 23
1622631110589 0.092 24
1622631115702 0.092 25
1622631120983 0.092 26
1622631126468 0.092 27
1622631132152 0.094 28
1622631138009 0.094 29
1622631144020 0.093 30
1622631150252 0.093 31
1622631156654 0.091 32
1622631163160 0.094 33
1622631169872 0.092 34
1622631176739 0.092 35
1622631183754 0.092 36
1622631191002 0.093 37
1622631198478 0.093 38
1622631206049 0.092 39
1622631213828 0.093 40
1622631221831 0.091 41
1622631230100 0.094 42
1622631238420 0.093 43
1622631246968 0.093 44
1622631255721 0.093 45
1622631264592 0.094 46
1622631273665 0.092 47
1622631282876 0.091 48
1622631292337 0.093 49
1622631301983 0.094 50
1622631313700 0.093 51
1622631323749 0.092 52
1622631333894 0.092 53
1622631344299 0.092 54
1622631354839 0.092 55
1622631365581 0.092 56
1622631376431 0.093 57
1622631387533 0.095 58
1622631398869 0.094 59
1622631410311 0.093 60
1622631421907 0.094 61
1622631433769 0.091 62
1622631445678 0.093 63
1622631457887 0.091 64
1622631470348 0.092 65
1622631482929 0.091 66
1622631495594 0.092 67
1622631508397 0.091 68
1622631521423 0.093 69
1622631534607 0.091 70
1622631547877 0.092 71
1622631561360 0.091 72
1622631575068 0.091 73
1622631589070 0.092 74
1622631603136 0.093 75
1622631617337 0.093 76
1622631631748 0.093 77
1622631646383 0.092 78
1622631661170 0.092 79
1622631676180 0.091 80
1622631691323 0.09 81
1622631706721 0.093 82
1622631722250 0.093 83
1622631737942 0.09 84
1622631753856 0.091 85
1622631769894 0.09 86
1622631786162 0.092 87
1622631802575 0.093 88
1622631819218 0.092 89
1622631836070 0.095 90
1622631853048 0.091 91
1622631870080 0.092 92
1622631887355 0.091 93
1622631904748 0.092 94
1622631922405 0.176 95
1622631940085 0.091 96
1622631957881 0.094 97
1622631976037 0.09 98
1622631994399 0.092 99
1622632012939 0.091 100
1622632031760 0.093 101
1622632050649 0.093 102
1622632069687 0.092 103
1622632088899 0.092 104
1622632108352 0.092 105
1622632128862 0.094 106
1622632148701 0.091 107
1622632168707 0.09 108
1622632188876 0.09 109
1622632209279 0.092 110
1622632229920 0.09 111
1622632250601 0.092 112
1622632271594 0.09 113
1622632292669 0.092 114
1622632313914 0.092 115
1622632335351 0.093 116
1622632356877 0.092 117
1622632378650 0.09 118
1622632400573 0.095 119
1622632422773 0.088 120
1622632445222 0.09 121
1622632467922 0.091 122
1622632490774 0.091 123
1622632513703 0.092 124
1622632536915 0.094 125
1622632560560 0.095 126
1622632584037 0.093 127
1622632607732 0.092 128
1622632631559 0.091 129
1622632655425 0.093 130
1622632679479 0.091 131
1622632704631 0.092 132
1622632729207 0.09 133
1622632754127 0.091 134
1622632779261 0.089 135
1622632804630 0.092 136
1622632830840 0.095 137
1622632856386 0.094 138
1622632882062 0.1 139
1622632907811 0.093 140
1622632933641 0.091 141
1622632959805 0.093 142
1622632986280 0.092 143
1622633012748 0.091 144
1622633039473 0.091 145
1622633066353 0.091 146
1622633093387 0.092 147
1622633120608 0.091 148
1622633147952 0.09 149
1622633175483 0.092 150
1622633203494 0.093 151
1622633231575 0.092 152
1622633259750 0.09 153
1622633287966 0.094 154
1622633316390 0.09 155
1622633345151 0.094 156
1622633373911 0.094 157
1622633403795 0.09 158
1622633433450 0.168 159
1622633462924 0.094 160
1622633492860 0.095 161
1622633523528 0.169 162
1622633553366 0.093 163
1622633583323 0.092 164
1622633613404 0.092 165
1622633643554 0.09 166
1622633675034 0.089 167
1622633706767 0.094 168
1622633737685 0.122 169
1622633768691 0.09 170
1622633799818 0.091 171
1622633831045 0.093 172
1622633862680 0.094 173
1622633894317 0.09 174
1622633926259 0.092 175
1622633958453 0.092 176
1622633990703 0.09 177
1622634023262 0.091 178
1622634055902 0.09 179
1622634088570 0.091 180
1622634121464 0.091 181
1622634154662 0.09 182
1622634188179 0.093 183
1622634221822 0.09 184
1622634255458 0.09 185
1622634289297 0.092 186
1622634323285 0.091 187
1622634357389 0.09 188
1622634391539 0.092 189
1622634425795 0.092 190
1622634460425 0.089 191
1622634495583 0.09 192
1622634530606 0.093 193
1622634565958 0.089 194
1622634601425 0.091 195
1622634638716 0.092 196
1622634674553 0.093 197
1622634710523 0.094 198
1622634746810 0.091 199
1622634783248 0.093 200
1622634820818 0.093 201
1622634857566 0.092 202
1622634894412 0.091 203
1622634931478 0.09 204
1622634968470 0.09 205
1622635005960 0.09 206
1622635043742 0.09 207
1622635081484 0.092 208
1622635119586 0.094 209
1622635157957 0.09 210
1622635196510 0.091 211
1622635235230 0.089 212
1622635274044 0.092 213
1622635313216 0.091 214
1622635352634 0.089 215
1622635392031 0.091 216
1622635431598 0.092 217
1622635471251 0.09 218
1622635511088 0.089 219
1622635551203 0.092 220
1622635591466 0.093 221
1622635631770 0.095 222
1622635672377 0.091 223
1622635712988 0.09 224
1622635753843 0.092 225
1622635795025 0.091 226
1622635836268 0.093 227
1622635877689 0.091 228
1622635919433 0.092 229
1622635961090 0.091 230
1622636002992 0.091 231
1622636045217 0.091 232
1622636087420 0.09 233
1622636129994 0.089 234
1622636172589 0.092 235
1622636215641 0.093 236
1622636258320 0.09 237
1622636301359 0.089 238
1622636344665 0.092 239
1622636388163 0.101 240
1622636432047 0.092 241
1622636475883 0.094 242
1622636519963 0.092 243
1622636563930 0.091 244
1622636608265 0.091 245
1622636652894 0.088 246
1622636697442 0.091 247
1622636742298 0.09 248
1622636787253 0.092 249
1622636832420 0.09 250
1622636877931 0.094 251
1622636923501 0.091 252
1622636970161 0.091 253
1622637016543 0.092 254
1622637062651 0.092 255
1622637108623 0.09 256
1622637154957 0.091 257
1622637201484 0.09 258
1622637248307 0.09 259
1622637295254 0.09 260
1622637342438 0.091 261
1622637389682 0.089 262
1622637437071 0.089 263
1622637484809 0.09 264
1622637532748 0.091 265
1622637581649 0.091 266
1622637629961 0.095 267
1622637678296 0.093 268
1622637726992 0.092 269
1622637775707 0.092 270
1622637824859 0.093 271
1622637874038 0.09 272
1622637923435 0.09 273
1622637973059 0.091 274
1622638022736 0.09 275
1622638072770 0.088 276
1622638122785 0.089 277
1622638173813 0.09 278
1622638225280 0.092 279
1622638278163 0.092 280
1622638329052 0.092 281
1622638380182 0.091 282
1622638431528 0.09 283
1622638483009 0.091 284
1622638534551 0.091 285
1622638587194 0.092 286
1622638638778 0.098 287
1622638690541 0.089 288
1622638742908 0.091 289
1622638795266 0.089 290
1622638848839 0.091 291
1622638901640 0.089 292
1622638954575 0.089 293
1622639007843 0.09 294
1622639061097 0.091 295
1622639114521 0.09 296
1622639168274 0.091 297
1622639222019 0.092 298
1622639275699 0.091 299
1622639330041 0.092 300
1622639384211 0.089 301
1622639438478 0.093 302
1622639493276 0.088 303
1622639548193 0.088 304
1622639603269 0.089 305
1622639658482 0.091 306
1622639713662 0.093 307
1622639769616 0.092 308
1622639825526 0.093 309
1622639881532 0.09 310
1622639938588 0.09 311
1622639994874 0.089 312
1622640051600 0.09 313
1622640108375 0.09 314
1622640165655 0.109 315
1622640222504 0.092 316
1622640279502 0.091 317
1622640336830 0.092 318
1622640395371 0.089 319
1622640453104 0.09 320
1622640510957 0.091 321
1622640569197 0.091 322
1622640629971 0.089 323
1622640694132 0.091 324
1622640760323 0.092 325
1622640822394 0.093 326
1622640881955 0.092 327
1622640941533 0.093 328
1622641006268 0.092 329
1622641066479 0.09 330
1622641126832 0.09 331
1622641188468 0.09 332
1622641250343 0.091 333
1622641316599 0.09 334
1622641379509 0.09 335
1622641443675 0.091 336
1622641508461 0.179 337
1622641569982 0.089 338
1622641636577 0.09 339
1622641701108 0.092 340
1622641766115 0.095 341
1622641831931 0.092 342
1622641898257 0.091 343
1622641960867 0.091 344
1622642024447 0.091 345
1622642092563 0.093 346
1622642162307 0.091 347
1622642225962 0.092 348
1622642291868 0.092 349
1622642356884 0.094 350
1622642422678 0.172 351
1622642544870 0.092 352
1622642612107 0.174 353
1622642676643 0.093 354
1622642741178 0.09 355
1622642806480 0.088 356
1622642875334 0.088 357
1622642942506 0.092 358
1622643009620 0.091 359
1622643075624 0.093 360
1622643143816 0.089 361
1622643209338 0.091 362
1622643277235 0.091 363
1622643343850 0.172 364
1622643410101 0.092 365
1622643478327 0.092 366
1622643545742 0.091 367
1622643612775 0.093 368
1622643683486 0.171 369
1622643754512 0.093 370
1622643823639 0.092 371
1622643900837 0.093 372
1622643969632 0.093 373
1622644037510 0.091 374
1622644108553 0.092 375
1622644179587 0.093 376
1622644250281 0.09 377
1622644320318 0.094 378
1622644390517 0.09 379
1622644464281 0.091 380
1622644536656 0.091 381
1622644609055 0.092 382
1622644681280 0.092 383
1622644754038 0.093 384
1622644829036 0.095 385
1622644902517 0.092 386
1622644972616 0.093 387
1622645042496 0.089 388
1622645116176 0.091 389
1622645189869 0.091 390
1622645261645 0.093 391
1622645334718 0.093 392
1622645407335 0.093 393
1622645480204 0.093 394
1622645555727 0.097 395
1622645629311 0.092 396
1622645704896 0.093 397
1622645778781 0.101 398
1622645853910 0.091 399
1622645932083 0.092 400
1622646005908 0.09 401
1622646079100 0.092 402
1622646159693 0.094 403
1622646233812 0.095 404
1622646310479 0.092 405
1622646389779 0.092 406
1622646465242 0.092 407
1622646540979 0.091 408
1622646614922 0.092 409
1622646691068 0.09 410
1622646767215 0.093 411
1622646843719 0.09 412
1622646923139 0.092 413
1622647000010 0.091 414
1622647076023 0.096 415
1622647153339 0.092 416
1622647230948 0.094 417
1622647309888 0.09 418
1622647388535 0.093 419
1622647464756 0.093 420
1622647546842 0.091 421
1622647629465 0.092 422
1622647709588 0.091 423
1622647786178 0.09 424
1622647864090 0.089 425
1622647946549 0.09 426
1622648026624 0.089 427
1622648111647 0.09 428
1622648191985 0.089 429
1622648273234 0.09 430
1622648355429 0.09 431
1622648433714 0.092 432
1622648512304 0.092 433
1622648595195 0.094 434
1622648675749 0.093 435
1622648763928 0.091 436
1622648844332 0.091 437
1622648924904 0.092 438
1622649005663 0.092 439
1622649089761 0.091 440
1622649174220 0.094 441
1622649254983 0.096 442
1622649338490 0.091 443
1622649420645 0.092 444
1622649502916 0.094 445
1622649583748 0.092 446
1622649668219 0.091 447
1622649750071 0.092 448
1622649835433 0.096 449
1622649922213 0.093 450
1622650004796 0.093 451
1622650087465 0.09 452
1622650172694 0.091 453
1622650255877 0.092 454
1622650342849 0.088 455
1622650430170 0.093 456
1622650515175 0.094 457
1622650604677 0.092 458
1622650690022 0.093 459
1622650776295 0.093 460
1622650864974 0.096 461
1622650948788 0.09 462
1622651032453 0.092 463
1622651121605 0.091 464
1622651208261 0.092 465
1622651295126 0.095 466
1622651381118 0.092 467
1622651469637 0.092 468
1622651559260 0.09 469
1622651645354 0.092 470
1622651731767 0.093 471
1622651822934 0.091 472
1622651914791 0.094 473
1622652002985 0.092 474
1622652093697 0.172 475
1622652181851 0.099 476
1622652272967 0.094 477
1622652361809 0.092 478
1622652448954 0.093 479
1622652539199 0.09 480
1622652628528 0.091 481
1622652718283 0.091 482
1622652807232 0.091 483
1622652896711 0.089 484
1622652990451 0.092 485
1622653081347 0.092 486
1622653169513 0.091 487
1622653258277 0.091 488
1622653347057 0.091 489
1622653443644 0.09 490
1622653533419 0.093 491
1622653624157 0.091 492
1622653715043 0.093 493
1622653804339 0.091 494
1622653893820 0.09 495
1622653984993 0.094 496
1622654076041 0.091 497
1622654168168 0.092 498
1622654259458 0.091 499
1622654349926 0.095 500
