1622676957527 0.188 0
1622676958906 0.361 1
1622676959960 0.46699999999999997 2
1622676961245 0.616 3
1622676963654 0.828 4
1622676965218 0.9229999999999999 5
1622676966975 1.017 6
1622676968916 1.1119999999999999 7
1622676971058 1.204 8
1622676973359 1.298 9
1622676975863 1.393 10
1622676979463 1.572 11
1622676982332 1.665 12
1622676985362 1.7590000000000001 13
1622676988599 1.854 14
1622676992030 1.9480000000000002 15
1622676995601 2.0410000000000004 16
1622676999396 2.1370000000000005 17
1622677003294 2.2320000000000007 18
1622677007447 2.3260000000000005 19
1622677011769 2.4220000000000006 20
1622677016330 2.6040000000000005 21
1622677021090 2.6990000000000007 22
1622677025985 2.794000000000001 23
1622677031083 2.888000000000001 24
1622677036399 2.9820000000000007 25
1622677041772 3.0750000000000006 26
1622677047308 3.1690000000000005 27
1622677053032 3.2640000000000007 28
1622677058987 3.3580000000000005 29
1622677065113 3.4540000000000006 30
1622677071456 3.5480000000000005 31
1622677077968 3.6420000000000003 32
1622677084670 3.736 33
1622677091522 3.8280000000000003 34
1622677098578 3.922 35
1622677105757 4.014 36
1622677113164 4.106 37
1622677120754 4.199 38
1622677128459 4.292 39
1622677136357 4.385 40
1622677144474 4.476 41
1622677152827 4.57 42
1622677161222 4.666 43
1622677169846 4.759 44
1622677178609 4.852 45
1622677188812 5.032 46
1622677198666 5.126 47
1622677209129 5.219 48
1622677218700 5.314 49
1622677229698 5.499 50
1622677239817 5.593 51
1622677250103 5.687 52
1622677260606 5.779 53
1622677271213 5.872 54
1622677282014 5.966 55
1622677293044 6.061 56
1622677304246 6.154 57
1622677315577 6.248 58
1622677327180 6.343 59
1622677338970 6.437 60
1622677351289 6.631 61
1622677363146 6.726 62
1622677375137 6.82 63
1622677387340 6.912 64
1622677399665 7.005 65
1622677412261 7.0969999999999995 66
1622677425007 7.188 67
1622677437850 7.278 68
1622677450950 7.369999999999999 69
1622677464219 7.460999999999999 70
1622677477625 7.555 71
1622677491189 7.646 72
1622677505021 7.737 73
1622677519018 7.83 74
1622677533316 7.922 75
1622677547672 8.013 76
1622677562242 8.106 77
1622677577024 8.199 78
1622677592024 8.293 79
1622677607330 8.386 80
1622677622600 8.478 81
1622677638017 8.571 82
1622677653754 8.663 83
1622677669535 8.755 84
1622677685485 8.848 85
1622677701603 8.941 86
1622677717930 9.033000000000001 87
1622677734460 9.125000000000002 88
1622677751164 9.218000000000002 89
1622677768110 9.310000000000002 90
1622677785172 9.402000000000003 91
1622677802411 9.493000000000002 92
1622677819920 9.585000000000003 93
1622677837536 9.681000000000003 94
1622677855377 9.774000000000003 95
1622677873273 9.870000000000003 96
1622677891474 9.962000000000003 97
1622677909667 10.054000000000004 98
1622677928166 10.147000000000004 99
1622677946858 10.239000000000004 100
1622677965717 10.331000000000005 101
1622677984678 10.423000000000005 102
1622678003806 10.514000000000005 103
1622678023080 10.607000000000005 104
1622678042603 10.699000000000005 105
1622678062266 10.790000000000004 106
1622678082152 10.883000000000004 107
1622678102162 10.974000000000004 108
1622678122377 11.066000000000004 109
1622678142931 11.158000000000005 110
1622678163448 11.251000000000005 111
1622678184077 11.342000000000004 112
1622678205016 11.434000000000005 113
1622678226202 11.525000000000004 114
1622678247266 11.616000000000003 115
1622678268621 11.706000000000003 116
1622678290064 11.796000000000003 117
1622678311972 11.884000000000002 118
1622678333831 11.974000000000002 119
1622678356156 12.068000000000001 120
1622678378708 12.161000000000001 121
1622678401434 12.253000000000002 122
1622678424432 12.345000000000002 123
1622678447486 12.440000000000003 124
1622678470758 12.533000000000003 125
1622678494149 12.625000000000004 126
1622678517737 12.718000000000004 127
1622678541528 12.810000000000004 128
1622678565552 12.902000000000005 129
1622678589694 12.995000000000005 130
1622678613953 13.086000000000004 131
1622678638516 13.178000000000004 132
1622678663212 13.270000000000005 133
1622678688181 13.362000000000005 134
1622678713277 13.452000000000005 135
1622678738585 13.544000000000006 136
1622678765050 13.722000000000007 137
1622678791182 13.816000000000006 138
1622678816756 13.904000000000005 139
1622678842417 13.992000000000004 140
1622678868399 14.084000000000005 141
1622678894560 14.175000000000004 142
1622678920907 14.265000000000004 143
1622678947443 14.354000000000005 144
1622678973996 14.446000000000005 145
1622679000926 14.536000000000005 146
1622679028030 14.625000000000005 147
1622679055222 14.718000000000005 148
1622679082787 14.811000000000005 149
1622679110793 14.902000000000005 150
1622679138829 14.994000000000005 151
1622679167030 15.086000000000006 152
1622679195412 15.179000000000006 153
1622679223816 15.269000000000005 154
1622679252352 15.360000000000005 155
1622679281098 15.454000000000004 156
1622679310751 15.545000000000003 157
1622679342217 15.729000000000003 158
1622679372498 15.824000000000003 159
1622679403021 15.918000000000003 160
1622679433257 16.012000000000004 161
1622679463797 16.104000000000003 162
1622679494448 16.197000000000003 163
1622679525293 16.290000000000003 164
1622679556538 16.383000000000003 165
1622679587500 16.477000000000004 166
1622679618488 16.570000000000004 167
1622679649796 16.664000000000005 168
1622679681553 16.755000000000006 169
1622679713551 16.847000000000005 170
1622679745517 16.939000000000004 171
1622679777965 17.033000000000005 172
1622679811183 17.127000000000006 173
1622679843176 17.221000000000007 174
1622679876088 17.314000000000007 175
1622679908719 17.407000000000007 176
1622679941180 17.50100000000001 177
1622679973861 17.59400000000001 178
1622680006698 17.686000000000007 179
1622680039990 17.778000000000006 180
1622680073625 17.872000000000007 181
1622680107161 17.966000000000008 182
1622680140903 18.06200000000001 183
1622680174781 18.15300000000001 184
1622680209091 18.245000000000008 185
1622680243952 18.338000000000008 186
1622680279800 18.53000000000001 187
1622680314498 18.62400000000001 188
1622680349558 18.71400000000001 189
1622680384921 18.80700000000001 190
1622680420381 18.90100000000001 191
1622680456006 18.99400000000001 192
1622680491656 19.08900000000001 193
1622680527573 19.18300000000001 194
1622680563622 19.27600000000001 195
1622680600722 19.36700000000001 196
1622680637066 19.45700000000001 197
1622680673609 19.54600000000001 198
1622680710226 19.63400000000001 199
1622680747073 19.72300000000001 200
1622680783862 19.81300000000001 201
1622680820925 19.90600000000001 202
1622680857915 19.998000000000008 203
1622680895304 20.090000000000007 204
1622680932711 20.179000000000006 205
1622680970291 20.268000000000004 206
1622681007989 20.359000000000005 207
1622681048197 20.567000000000004 208
1622681086153 20.658000000000005 209
1622681124368 20.751000000000005 210
1622681162355 20.843000000000004 211
1622681201712 20.937000000000005 212
1622681241390 21.113000000000003 213
1622681280578 21.205000000000002 214
1622681319807 21.296000000000003 215
1622681359254 21.387000000000004 216
1622681398657 21.479000000000003 217
1622681438726 21.573000000000004 218
1622681478810 21.664000000000005 219
1622681518965 21.756000000000004 220
1622681559035 21.848000000000003 221
1622681599204 21.941000000000003 222
1622681639634 22.032000000000004 223
1622681680164 22.122000000000003 224
1622681720994 22.213000000000005 225
1622681762198 22.302000000000003 226
1622681803385 22.391000000000002 227
1622681844663 22.483 228
1622681886130 22.574 229
1622681927580 22.666 230
1622681969065 22.758 231
1622682011068 22.848 232
1622682052829 22.938 233
1622682096353 23.029 234
1622682138535 23.121 235
1622682181094 23.214 236
1622682223928 23.305999999999997 237
1622682269502 23.398999999999997 238
1622682312847 23.490999999999996 239
1622682356633 23.583999999999996 240
1622682400540 23.673999999999996 241
1622682444543 23.766999999999996 242
1622682488710 23.857999999999997 243
1622682532965 23.952999999999996 244
1622682577148 24.043999999999997 245
1622682621589 24.135999999999996 246
1622682666223 24.226999999999997 247
1622682711104 24.317999999999998 248
1622682756124 24.410999999999998 249
1622682801576 24.502 250
1622682847312 24.593 251
1622682893161 24.686 252
1622682939226 24.779 253
1622682985469 24.87 254
1622683031577 24.963 255
1622683078001 25.057000000000002 256
1622683124493 25.150000000000002 257
1622683171393 25.243000000000002 258
1622683218410 25.336000000000002 259
1622683265388 25.428 260
1622683312833 25.521 261
1622683360429 25.612000000000002 262
1622683408293 25.704 263
1622683457109 25.798000000000002 264
1622683504838 25.89 265
1622683553204 25.982 266
1622683601436 26.073999999999998 267
1622683650053 26.165 268
1622683698458 26.256 269
1622683747454 26.346 270
1622683796178 26.439 271
1622683848155 26.62 272
1622683898101 26.712 273
1622683948114 26.802 274
1622683998591 26.895 275
1622684050542 26.989 276
1622684101848 27.085 277
1622684152973 27.176000000000002 278
1622684204844 27.269000000000002 279
1622684258432 27.377000000000002 280
1622684310974 27.559 281
1622684362812 27.651 282
1622684414657 27.741 283
1622684466525 27.836 284
1622684518656 27.927999999999997 285
1622684571847 28.019 286
1622684624110 28.110999999999997 287
1622684676515 28.201999999999998 288
1622684729355 28.296 289
1622684782150 28.386 290
1622684835129 28.476 291
1622684888341 28.567 292
1622684941742 28.661 293
1622684995048 28.751 294
1622685048783 28.842000000000002 295
1622685102563 28.934 296
1622685156775 29.025000000000002 297
1622685210829 29.115000000000002 298
1622685264927 29.207 299
1622685321048 29.384 300
1622685376171 29.476 301
1622685431573 29.570999999999998 302
1622685487262 29.662999999999997 303
1622685542934 29.755999999999997 304
1622685598661 29.849999999999998 305
1622685654942 29.941999999999997 306
1622685711367 30.033999999999995 307
1622685767905 30.126999999999995 308
1622685824544 30.217999999999996 309
1622685881578 30.310999999999996 310
1622685938896 30.403999999999996 311
1622685996491 30.512999999999998 312
1622686053850 30.605999999999998 313
1622686111383 30.700999999999997 314
1622686169014 30.792999999999996 315
1622686226687 30.885999999999996 316
1622686284675 30.978999999999996 317
1622686342814 31.071999999999996 318
1622686401001 31.164999999999996 319
1622686459702 31.260999999999996 320
1622686518428 31.354999999999997 321
1622686579478 31.564999999999998 322
1622686639539 31.662 323
1622686698654 31.755 324
1622686757854 31.848 325
1622686817742 31.939999999999998 326
1622686877373 32.035 327
1622686937379 32.126999999999995 328
1622686997686 32.221 329
1622687058150 32.315999999999995 330
1622687118752 32.407 331
1622687179453 32.495999999999995 332
1622687240293 32.589999999999996 333
1622687301313 32.681 334
1622687362612 32.772999999999996 335
1622687424439 32.866 336
1622687490968 33.051 337
1622687553277 33.143 338
1622687616092 33.236000000000004 339
1622687679678 33.330000000000005 340
1622687743256 33.429 341
1622687806673 33.52 342
1622687870082 33.611000000000004 343
1622687933529 33.703 344
1622687997298 33.791000000000004 345
1622688061502 33.883 346
1622688125689 33.975 347
1622688189941 34.064 348
1622688255606 34.156 349
1622688320239 34.249 350
1622688387594 34.341 351
1622688453481 34.434000000000005 352
1622688518717 34.534000000000006 353
1622688584340 34.626000000000005 354
1622688651224 34.717000000000006 355
1622688717958 34.81000000000001 356
1622688784316 34.90300000000001 357
1622688849142 34.996000000000016 358
1622688915420 35.088000000000015 359
1622688981994 35.18100000000002 360
1622689048301 35.27100000000002 361
1622689113533 35.36200000000002 362
1622689179181 35.45200000000003 363
1622689245255 35.54200000000003 364
1622689310894 35.63200000000003 365
1622689376479 35.720000000000034 366
1622689441823 35.897000000000034 367
1622689507367 35.988000000000035 368
1622689573975 36.07800000000004 369
1622689640856 36.17300000000004 370
1622689707551 36.26600000000004 371
1622689772466 36.359000000000044 372
1622689837830 36.45400000000004 373
1622689905152 36.548000000000044 374
1622689970694 36.63700000000004 375
1622690036099 36.728000000000044 376
1622690102123 36.81800000000005 377
1622690168345 36.90600000000005 378
1622690234811 36.99600000000005 379
1622690301612 37.089000000000055 380
1622690368544 37.181000000000054 381
1622690435723 37.27300000000005 382
1622690502994 37.363000000000056 383
1622690570668 37.45400000000006 384
1622690638555 37.54700000000006 385
1622690707233 37.640000000000065 386
1622690777445 37.731000000000066 387
1622690846635 37.82400000000007 388
1622690915321 37.91600000000007 389
1622690984297 38.01000000000007 390
1622691053872 38.10100000000007 391
1622691123908 38.19500000000007 392
1622691194263 38.28700000000007 393
1622691264016 38.38100000000007 394
1622691334324 38.56300000000007 395
1622691403884 38.660000000000075 396
1622691473789 38.754000000000076 397
1622691543799 38.846000000000075 398
1622691614215 38.93900000000008 399
1622691686235 39.04300000000008 400
1622691757335 39.13600000000008 401
1622691828229 39.22700000000008 402
1622691899315 39.31800000000008 403
1622691971935 39.41100000000009 404
1622692044579 39.50400000000009 405
1622692117599 39.59600000000009 406
1622692190759 39.69100000000009 407
1622692264924 39.78200000000009 408
1622692337869 39.87700000000009 409
1622692409996 39.97000000000009 410
1622692483019 40.06200000000009 411
1622692555660 40.15200000000009 412
1622692628534 40.24400000000009 413
1622692701562 40.33800000000009 414
1622692774833 40.429000000000094 415
1622692848509 40.5190000000001 416
1622692922257 40.6130000000001 417
1622692996084 40.7050000000001 418
1622693070040 40.7950000000001 419
1622693144334 40.8910000000001 420
1622693218769 40.9820000000001 421
1622693293033 41.0720000000001 422
1622693367469 41.1640000000001 423
1622693442228 41.254000000000104 424
1622693517060 41.345000000000105 425
1622693591662 41.437000000000104 426
1622693666866 41.5290000000001 427
1622693742234 41.623000000000104 428
1622693817637 41.7150000000001 429
1622693893508 41.8070000000001 430
1622693969762 41.900000000000105 431
1622694047223 41.994000000000106 432
1622694123406 42.08400000000011 433
1622694200002 42.17800000000011 434
1622694276786 42.27300000000011 435
1622694353660 42.36500000000011 436
1622694430694 42.45700000000011 437
1622694507809 42.54800000000011 438
1622694584981 42.64300000000011 439
1622694662261 42.73600000000011 440
1622694739929 42.83100000000011 441
1622694817526 42.92300000000011 442
1622694895331 43.01600000000011 443
1622694973260 43.10800000000011 444
1622695051368 43.20300000000011 445
1622695130393 43.29400000000011 446
1622695209450 43.48400000000011 447
1622695287925 43.57300000000011 448
1622695366891 43.66400000000011 449
1622695446004 43.75700000000011 450
1622695525155 43.85100000000011 451
1622695604515 43.942000000000114 452
1622695684337 44.036000000000115 453
1622695764167 44.130000000000116 454
1622695844543 44.22100000000012 455
1622695925455 44.31400000000012 456
1622696006763 44.40900000000012 457
1622696088157 44.50300000000012 458
1622696169210 44.59700000000012 459
1622696250313 44.68900000000012 460
1622696331486 44.782000000000124 461
1622696413251 44.87700000000012 462
1622696494458 44.97000000000013 463
1622696575897 45.06400000000013 464
1622696657775 45.15700000000013 465
1622696739515 45.250000000000135 466
1622696821314 45.34300000000014 467
1622696903695 45.43700000000014 468
1622696985992 45.52900000000014 469
1622697068994 45.62300000000014 470
1622697151743 45.71500000000014 471
1622697236507 45.89400000000014 472
1622697319866 45.987000000000144 473
1622697403885 46.08200000000014 474
1622697488883 46.175000000000146 475
1622697572248 46.267000000000145 476
1622697655768 46.361000000000146 477
1622697739149 46.45400000000015 478
1622697822998 46.54600000000015 479
1622697907131 46.63700000000015 480
1622697991780 46.72800000000015 481
1622698076681 46.82000000000015 482
1622698161748 46.91200000000015 483
1622698246978 47.00200000000015 484
1622698332081 47.09300000000015 485
1622698417315 47.183000000000156 486
1622698503047 47.27600000000016 487
1622698589289 47.36800000000016 488
1622698675441 47.45800000000016 489
1622698762116 47.55000000000016 490
1622698848647 47.64200000000016 491
1622698935509 47.73400000000016 492
1622699024146 47.82400000000016 493
1622699112933 47.92000000000016 494
1622699202140 48.01200000000016 495
1622699291282 48.10300000000016 496
1622699380376 48.19400000000016 497
1622699471828 48.28500000000016 498
1622699563610 48.37700000000016 499
1622699654992 48.46900000000016 500
