1622900808896 0.018 0
1622900810682 1.504 1
1622900812506 1.646 2
1622900815539 2.847 3
1622900818728 2.919 4
1622900821609 2.71 5
1622900824872 3.088 6
1622900828494 3.454 7
1622900832455 3.787 8
1622900836790 4.163 9
1622900841474 4.511 10
1622900846487 4.838 11
1622900851926 5.265 12
1622900857694 5.596 13
1622900863829 5.963 14
1622900870271 6.271 15
1622900877093 6.647 16
1622900884293 7.027 17
1622900891887 7.422 18
1622900899870 7.816 19
1622900908202 8.159 20
1622900916862 8.488 21
1622900925960 8.921 22
1622900936983 10.848 23
1622900946749 9.598 24
1622900956771 9.853 25
1622900967252 10.313 26
1622900979095 11.669 27
1622900990309 11.039 28
1622901001854 11.372 29
1622901015413 13.391 30
1622901027645 12.066 31
1622901041076 13.263 32
1622901054067 12.827 33
1622901067406 13.176 34
1622901081117 13.543 35
1622901096003 14.722 36
1622901111303 15.136 37
1622901126079 14.609 38
1622901141212 14.968 39
1622901156757 15.382 40
1622901172631 15.706 41
1622901188909 16.117 42
1622901205566 16.491 43
1622901222599 16.864 44
1622901239971 17.206 45
1622901257597 17.462 46
1622901275894 18.137 47
1622901294898 18.84 48
1622901314819 19.754 49
1622901334091 19.108 50
1622901354477 20.216 51
1622901374360 19.723 52
1622901395047 20.507 53
1622901416096 20.789 54
1622901437022 20.767 55
1622901458946 21.759 56
1622901480571 21.46 57
1622901502434 21.695 58
1622901524780 22.178 59
1622901547440 22.499 60
1622901570404 22.798 61
1622901593727 23.16 62
1622901617301 23.413 63
1622901641276 23.808 64
1622901665613 24.168 65
1622901690204 24.422 66
1622901716208 25.841 67
1622901742837 26.464 68
1622901768527 25.525 69
1622901795101 26.394 70
1622901823360 27.988 71
1622901851971 28.446 72
1622901879089 26.954 73
1622901908404 29.148 74
1622901936306 27.738 75
1622901965745 29.267 76
1622901998531 32.613 77
1622902027517 28.818 78
1622902061051 33.366 79
1622902090705 29.486 80
1622902120699 29.829 81
1622902151231 30.366 82
1622902183369 31.979 83
1622902216993 33.456 84
1622902250329 33.173 85
1622902282221 31.731 86
1622902314486 32.101 87
1622902347047 32.392 88
1622902379768 32.554 89
1622902413747 33.811 90
1622902448991 35.08 91
1622902482796 33.64 92
1622902516958 33.997 93
1622902551385 34.262 94
1622902586361 34.771 95
1622902621431 34.903 96
1622902656776 35.177 97
1622902695041 38.087 98
1622902731546 36.249 99
1622902768021 36.305 100
1622902806503 38.312 101
1622902843761 37.078 102
1622902882387 38.352 103
1622902921932 39.378 104
1622902960890 38.793 105
1622902999540 38.487 106
1622903038320 38.617 107
1622903077874 39.391 108
1622903117301 39.264 109
1622903158316 40.852 110
1622903201276 42.779 111
1622903242465 40.926 112
1622903283826 41.198 113
1622903325524 41.527 114
1622903367469 41.779 115
1622903409869 42.231 116
1622903452458 42.424 117
1622903497307 44.685 118
1622903540795 43.323 119
1622903585608 44.647 120
1622903632124 46.341 121
1622903677415 45.029 122
1622903722211 44.631 123
1622903767505 45.129 124
1622903812926 45.249 125
1622903858913 45.814 126
1622903904639 45.557 127
1622903951822 47.012 128
1622903997926 45.932 129
1622904046251 48.162 130
1622904093691 47.278 131
1622904143465 49.612 132
1622904192404 48.759 133
1622904240933 48.263 134
1622904290701 49.591 135
1622904341615 50.692 136
1622904390578 48.795 137
1622904439755 49.015 138
1622904489268 49.348 139
1622904539426 49.994 140
1622904591662 52.07 141
1622904642321 50.483 142
1622904694007 51.508 143
1622904745161 50.981 144
1622904796834 51.501 145
1622904848579 51.574 146
1622904902442 53.684 147
1622904956481 53.803 148
1622905012253 55.604 149
1622905065830 53.409 150
1622905119489 53.489 151
1622905173886 54.23 152
1622905228324 54.274 153
1622905282994 54.506 154
1622905338149 54.99 155
1622905393764 55.451 156
1622905449911 55.986 157
1622905506648 56.561 158
1622905564203 57.346 159
1622905622746 58.377 160
1622905680249 57.336 161
1622905739566 59.151 162
1622905799869 60.134 163
1622905862289 62.258 164
1622905925293 62.837 165
1622905986028 60.563 166
1622906048324 62.113 167
1622906110747 62.15 168
1622906173986 63.068 169
1622906236222 62.065 170
1622906299672 63.278 171
1622906364043 64.201 172
1622906427053 62.845 173
1622906491533 64.311 174
1622906555473 63.777 175
1622906619935 64.294 176
1622906685840 65.738 177
1622906752171 66.17 178
1622906818291 65.953 179
1622906884801 66.343 180
1622906951577 66.612 181
1622907018860 67.116 182
1622907086329 67.301 183
1622907155455 68.964 184
1622907224309 68.684 185
1622907292964 68.489 186
1622907361712 68.581 187
1622907432602 70.721 188
1622907502682 69.912 189
1622907572417 69.571 190
1622907644194 71.612 191
1622907714576 70.22 192
1622907785699 70.957 193
1622907856764 70.899 194
1622907928500 71.574 195
1622908000765 72.091 196
1622908073342 72.31 197
1622908146795 73.291 198
1622908219689 72.731 199
1622908294862 75.006 200
1622908371118 76.094 201
1622908444233 72.948 202
1622908520322 75.92 203
1622908594751 74.263 204
1622908668830 73.92 205
1622908743499 74.506 206
1622908820418 76.753 207
1622908896411 75.83 208
1622908973157 76.577 209
1622909049018 75.691 210
1622909125354 76.153 211
1622909205004 79.359 212
1622909281516 76.342 213
1622909358047 76.361 214
1622909434893 76.68 215
1622909511838 76.781 216
1622909589027 77.026 217
1622909666278 77.087 218
1622909747628 81.183 219
1622909827764 79.972 220
1622909906083 78.153 221
1622909985484 79.235 222
1622910064627 78.98 223
1622910146095 81.299 224
1622910226105 79.839 225
1622910310411 84.138 226
1622910392583 82.003 227
1622910475213 82.461 228
1622910557335 81.957 229
1622910639564 82.064 230
1622910722226 82.496 231
1622910806767 84.372 232
1622910894173 87.245 233
1622910982239 87.902 234
1622911066250 83.847 235
1622911151351 84.932 236
1622911238661 87.144 237
1622911326506 87.684 238
1622911412879 86.207 239
1622911498453 85.407 240
1622911584580 85.96 241
1622911670790 86.045 242
1622911759089 88.137 243
1622911846107 86.855 244
1622911934455 88.182 245
1622912022465 87.844 246
1622912111081 88.455 247
1622912199932 88.683 248
1622912290020 89.921 249
1622912380605 90.415 250
1622912470433 89.66 251
1622912560729 90.13 252
1622912651938 91.04 253
1622912744950 92.843 254
1622912837096 91.975 255
1622912929696 92.429 256
1622913023784 93.921 257
1622913116775 92.828 258
1622913209786 92.849 259
1622913303807 93.861 260
1622913397639 93.668 261
1622913494189 96.383 262
1622913588882 94.524 263
1622913683959 94.908 264
1622913782591 98.464 265
1622913879419 96.663 266
1622913979956 100.365 267
1622914078246 98.12 268
1622914177279 98.865 269
1622914275295 97.846 270
1622914374919 99.459 271
1622914474078 98.993 272
1622914574800 100.55 273
1622914679081 104.115 274
1622914780689 101.437 275
1622914881217 100.359 276
1622914982119 100.734 277
1622915083370 101.085 278
1622915184581 101.043 279
1622915286522 101.772 280
1622915389745 103.049 281
1622915492404 102.493 282
1622915599399 106.83 283
1622915704530 104.963 284
1622915812807 108.11 285
1622915917182 104.208 286
1622916023484 106.135 287
1622916129325 105.675 288
1622916234926 105.427 289
1622916340353 105.263 290
1622916446538 106.019 291
1622916555110 108.407 292
1622916662647 107.371 293
1622916769735 106.916 294
1622916879899 109.998 295
1622916989908 109.845 296
1622917098965 108.879 297
1622917209737 110.535 298
1622917323587 113.682 299
1622917433026 109.274 300
1622917545284 112.094 301
1622917660428 114.982 302
1622917774983 114.39 303
1622917887682 112.531 304
1622917997906 110.058 305
1622918110122 112.048 306
1622918221572 111.282 307
1622918335873 114.138 308
1622918447892 111.852 309
1622918563313 115.251 310
1622918675881 112.3 311
1622918789346 113.295 312
1622918903089 113.577 313
1622919019286 116.028 314
1622919136507 117.049 315
1622919253153 116.48 316
1622919371898 118.575 317
1622919487420 115.351 318
1622919603310 115.718 319
1622919719514 116.027 320
1622919838291 118.607 321
1622919956284 117.823 322
1622920074201 117.748 323
1622920193314 118.944 324
1622920311111 117.625 325
1622920433221 121.938 326
1622920552367 118.978 327
1622920673127 120.596 328
1622920794342 121.046 329
1622920919249 124.737 330
1622921041600 122.183 331
1622921162248 120.478 332
1622921286605 124.187 333
1622921412670 125.886 334
1622921537164 124.322 335
1622921661827 124.491 336
1622921785811 123.813 337
1622921909665 123.68 338
1622922034885 125.041 339
1622922162182 127.063 340
1622922291207 128.858 341
1622922415292 123.926 342
1622922540088 124.633 343
1622922665266 125.014 344
1622922791920 126.489 345
1622922924179 132.091 346
1622923053383 129.035 347
1622923181989 128.44 348
1622923308827 126.668 349
1622923435474 126.486 350
1622923564541 128.902 351
1622923695790 131.083 352
1622923824841 128.885 353
1622923954453 129.444 354
1622924084740 130.123 355
1622924219624 134.609 356
1622924350268 130.465 357
1622924474633 124.199 358
1622924603471 128.665 359
1622924728590 124.954 360
1622924859428 130.673 361
1622924989555 129.958 362
1622925116063 126.336 363
1622925246316 130.077 364
1622925376725 130.24 365
1622925509324 132.428 366
1622925641220 131.723 367
1622925768803 127.412 368
1622925897228 128.26 369
1622926026286 128.891 370
1622926156001 129.548 371
1622926285247 129.081 372
1622926414603 129.189 373
1622926548551 133.779 374
1622926677976 129.25 375
1622926808340 130.196 376
1622926939597 131.091 377
1622927071137 131.373 378
1622927208196 136.889 379
1622927341036 132.673 380
1622927473597 132.395 381
1622927606093 132.328 382
1622927739329 133.071 383
1622927874771 135.272 384
1622928008153 133.217 385
1622928145415 137.087 386
1622928283933 138.345 387
1622928422684 138.583 388
1622928560815 137.948 389
1622928704426 143.339 390
1622928842692 138.099 391
1622928978967 136.106 392
1622929117672 138.53 393
1622929255062 137.215 394
1622929391804 136.57 395
1622929529065 137.093 396
1622929676346 147.11 397
1622929815446 138.932 398
1622929958855 143.238 399
1622930098969 139.934 400
1622930239845 140.702 401
1622930383230 143.21 402
1622930526252 142.849 403
1622930667233 140.808 404
1622930810314 142.912 405
1622930952574 142.09 406
1622931096069 143.328 407
1622931237574 141.341 408
1622931381847 144.102 409
1622931526924 144.907 410
1622931672925 145.836 411
1622931816857 143.768 412
1622931962250 145.227 413
1622932106427 144.009 414
1622932250627 144.035 415
1622932397833 147.041 416
1622932545741 147.738 417
1622932692500 146.594 418
1622932844545 151.88 419
1622932992310 147.6 420
1622933141527 149.049 421
1622933291387 149.693 422
1622933439268 147.713 423
1622933590184 150.75 424
1622933741492 151.12 425
1622933891905 150.129 426
1622934044522 152.448 427
1622934192771 148.079 428
1622934344349 151.408 429
1622934499014 154.497 430
1622934651250 152.061 431
1622934801909 150.49 432
1622934956218 154.132 433
1622935109063 152.678 434
1622935262822 153.593 435
1622935416763 153.776 436
1622935571730 154.802 437
1622935724729 152.83 438
1622935879468 154.569 439
1622936035013 155.372 440
1622936189638 154.454 441
1622936347680 157.872 442
1622936501680 153.827 443
1622936658094 156.243 444
1622936813716 155.457 445
1622936971486 157.608 446
1622937132982 161.326 447
1622937290950 157.801 448
1622937451776 160.661 449
1622937608955 157.01 450
1622937768749 159.621 451
1622937930817 161.899 452
1622938090356 159.373 453
1622938248951 158.427 454
1622938409618 160.497 455
1622938572665 162.876 456
1622938735787 162.957 457
1622938895054 159.099 458
1622939056808 161.588 459
1622939220044 163.072 460
1622939386488 166.278 461
1622939552709 166.057 462
1622939718176 165.3 463
1622939885480 167.136 464
1622940051936 166.289 465
1622940217592 165.487 466
1622940381309 163.553 467
1622940547684 166.208 468
1622940711523 163.672 469
1622940875923 164.232 470
1622941040630 164.544 471
1622941208059 167.256 472
1622941377785 169.558 473
1622941550210 172.258 474
1622941718638 168.256 475
1622941889114 170.307 476
1622942059434 170.153 477
1622942229622 170.005 478
1622942400365 170.568 479
1622942570704 170.176 480
1622942739651 168.774 481
1622942911256 171.438 482
1622943084460 173.035 483
1622943255181 170.553 484
1622943426716 171.366 485
1622943603740 176.85 486
1622943783092 179.163 487
1622943955483 172.121 488
1622944133806 178.152 489
1622944309186 175.205 490
1622944483699 174.345 491
1622944660432 176.562 492
1622944833445 172.841 493
1622945005315 171.699 494
1622945181875 176.386 495
1622945363617 181.563 496
1622945543304 179.516 497
1622945722060 178.582 498
1622945905446 183.218 499
1622946091140 185.526 500
