1622630522563 0.9397440046164913 0
1622630523396 0.9409531992237312 1
1622630524347 0.9409531992237312 2
1622630525481 0.9409531992237312 3
1622630526787 0.9409531992237312 4
1622630528283 0.9409531992237312 5
1622630529957 0.9409531992237312 6
1622630531829 0.9409531992237312 7
1622630533871 0.9409531992237312 8
1622630536108 0.9409531992237312 9
1622630538530 0.9409531992237312 10
1622630541143 0.9409531992237312 11
1622630543914 0.9409531992237312 12
1622630546863 0.9409531992237312 13
1622630550008 0.9409531992237312 14
1622630553338 0.9409531992237312 15
1622630556803 0.9409531992237312 16
1622630560399 0.9409531992237312 17
1622630564235 0.9409531992237312 18
1622630568249 0.9409531992237312 19
1622630572462 0.9409531992237312 20
1622630576846 0.9409531992237312 21
1622630581395 0.9409531992237312 22
1622630586148 0.9409531992237312 23
1622630591066 0.9409531992237312 24
1622630596167 0.9409531992237312 25
1622630601459 0.9409531992237312 26
1622630606894 0.9409531992237312 27
1622630612488 0.9409531992237312 28
1622630618285 0.9409531992237312 29
1622630624350 0.9409531992237312 30
1622630630502 0.9409531992237312 31
1622630636830 0.9409531992237312 32
1622630643369 0.9409531992237312 33
1622630650087 0.9409531992237312 34
1622630657058 0.9409531992237312 35
1622630664137 0.9409531992237312 36
1622630671390 0.9409531992237312 37
1622630678862 0.9409531992237312 38
1622630686485 0.9409531992237312 39
1622630694296 0.9409531992237312 40
1622630702317 0.9409531992237312 41
1622630710526 0.9409531992237312 42
1622630718963 0.9409531992237312 43
1622630727541 0.9409531992237312 44
1622630736297 0.9409531992237312 45
1622630745286 0.9409531992237312 46
1622630754349 0.9409531992237312 47
1622630763652 0.9409531992237312 48
1622630773045 0.9409531992237312 49
1622630782605 0.9409531992237312 50
1622630792499 0.9409531992237312 51
1622630802517 0.9409531992237312 52
1622630812700 0.9409531992237312 53
1622630823045 0.9409531992237312 54
1622630833565 0.9409531992237312 55
1622630844280 0.9409531992237312 56
1622630855228 0.9409531992237312 57
1622630866293 0.9409531992237312 58
1622630877531 0.9409531992237312 59
1622630888928 0.9409531992237312 60
1622630900633 0.9409531992237312 61
1622630912365 0.9409531992237312 62
1622630924276 0.9409531992237312 63
1622630936440 0.9409531992237312 64
1622630948878 0.9409531992237312 65
1622630961485 0.9409531992237312 66
1622630974248 0.9409531992237312 67
1622630987220 0.9409531992237312 68
1622631000312 0.9409531992237312 69
1622631013527 0.9409531992237312 70
1622631026953 0.9409531992237312 71
1622631040524 0.9409531992237312 72
1622631054376 0.9409531992237312 73
1622631068297 0.9409531992237312 74
1622631082422 0.9409531992237312 75
1622631096690 0.9409531992237312 76
1622631111151 0.9409531992237312 77
1622631125811 0.9409531992237312 78
1622631140741 0.9409531992237312 79
1622631155726 0.9409531992237312 80
1622631170915 0.9409531992237312 81
1622631186276 0.9409531992237312 82
1622631201911 0.9409531992237312 83
1622631217716 0.9409531992237312 84
1622631233655 0.9409531992237312 85
1622631249738 0.9409531992237312 86
1622631266066 0.9409531992237312 87
1622631282537 0.9409531992237312 88
1622631299218 0.9409531992237312 89
1622631316031 0.9409531992237312 90
1622631332952 0.9409531992237312 91
1622631350285 0.9409531992237312 92
1622631367784 0.9409531992237312 93
1622631385318 0.9409531992237312 94
1622631403113 0.9409531992237312 95
1622631421019 0.9409531992237312 96
1622631439171 0.9409531992237312 97
1622631457483 0.9409531992237312 98
1622631476048 0.9409531992237312 99
1622631494632 0.9409531992237312 100
1622631513545 0.9409531992237312 101
1622631532602 0.9409531992237312 102
1622631551769 0.9409531992237312 103
1622631571232 0.9409531992237312 104
1622631590828 0.9409531992237312 105
1622631610492 0.9409531992237312 106
1622631630357 0.9409531992237312 107
1622631650421 0.9409531992237312 108
1622631670827 0.9409531992237312 109
1622631691314 0.9409531992237312 110
1622631711958 0.9409531992237312 111
1622631732874 0.9409531992237312 112
1622631754021 0.9409531992237312 113
1622631775388 0.9409531992237312 114
1622631796999 0.9409531992237312 115
1622631818734 0.9409531992237312 116
1622631840659 0.9409531992237312 117
1622631862727 0.9409531992237312 118
1622631884836 0.9409531992237312 119
1622631907207 0.9409531992237312 120
1622631929866 0.9409531992237312 121
1622631952741 0.9409531992237312 122
1622631975742 0.9409531992237312 123
1622631998788 0.9409531992237312 124
1622632022082 0.9409531992237312 125
1622632045574 0.9409531992237312 126
1622632069237 0.9409531992237312 127
1622632093152 0.9409531992237312 128
1622632117425 0.9409531992237312 129
1622632141648 0.9409531992237312 130
1622632166013 0.9409531992237312 131
1622632190646 0.9409531992237312 132
1622632215688 0.9409531992237312 133
1622632240912 0.9409531992237312 134
1622632266103 0.9409531992237312 135
1622632291405 0.9409531992237312 136
1622632317038 0.9409531992237312 137
1622632342668 0.9409531992237312 138
1622632368624 0.9409531992237312 139
1622632394707 0.9409531992237312 140
1622632420953 0.9409531992237312 141
1622632447478 0.9409531992237312 142
1622632474176 0.9409531992237312 143
1622632500984 0.9409531992237312 144
1622632528067 0.9409531992237312 145
1622632555293 0.9409531992237312 146
1622632582724 0.9409531992237312 147
1622632610167 0.9409531992237312 148
1622632637924 0.9409531992237312 149
1622632665794 0.9409531992237312 150
1622632693872 0.9409531992237312 151
1622632721957 0.9409531992237312 152
1622632750374 0.9409531992237312 153
1622632779021 0.9409531992237312 154
1622632807868 0.9409531992237312 155
1622632836803 0.9409531992237312 156
1622632865964 0.9409531992237312 157
1622632895245 0.9409531992237312 158
1622632924823 0.9409531992237312 159
1622632954500 0.9409531992237312 160
1622632984412 0.9409531992237312 161
1622633014379 0.9409531992237312 162
1622633044489 0.9409531992237312 163
1622633074813 0.9409531992237312 164
1622633105470 0.9409531992237312 165
1622633136169 0.9409531992237312 166
1622633167236 0.9409531992237312 167
1622633198492 0.9409531992237312 168
1622633229876 0.9409531992237312 169
1622633261389 0.9409531992237312 170
1622633293173 0.9409531992237312 171
1622633324981 0.9409531992237312 172
1622633357335 0.9409531992237312 173
1622633389535 0.9409531992237312 174
1622633422031 0.9409531992237312 175
1622633454732 0.9409531992237312 176
1622633487701 0.9409531992237312 177
1622633520641 0.9409531992237312 178
1622633553713 0.9409531992237312 179
1622633587109 0.9409531992237312 180
1622633620289 0.9409531992237312 181
1622633653791 0.9409531992237312 182
1622633687633 0.9409531992237312 183
1622633721602 0.9409531992237312 184
1622633755868 0.9409531992237312 185
1622633790020 0.9409531992237312 186
1622633824635 0.9409531992237312 187
1622633859357 0.9409531992237312 188
1622633894364 0.9409531992237312 189
1622633929474 0.9409531992237312 190
1622633964848 0.9409531992237312 191
1622634000255 0.9409531992237312 192
1622634035869 0.9409531992237312 193
1622634071683 0.9409531992237312 194
1622634107918 0.9409531992237312 195
1622634143987 0.9409531992237312 196
1622634180442 0.9409531992237312 197
1622634217276 0.9409531992237312 198
1622634254223 0.9409531992237312 199
1622634291057 0.9409531992237312 200
1622634328310 0.9409531992237312 201
1622634365794 0.9409531992237312 202
1622634403343 0.9409531992237312 203
1622634441027 0.9409531992237312 204
1622634479217 0.9409531992237312 205
1622634517142 0.9409531992237312 206
1622634555462 0.9409531992237312 207
1622634593926 0.9409531992237312 208
1622634632474 0.9409531992237312 209
1622634671247 0.9409531992237312 210
1622634710368 0.9409531992237312 211
1622634749708 0.9409531992237312 212
1622634788967 0.9409531992237312 213
1622634828530 0.9409531992237312 214
1622634868463 0.9409531992237312 215
1622634908410 0.9409531992237312 216
1622634948872 0.9409531992237312 217
1622634989336 0.9409531992237312 218
1622635030200 0.9409531992237312 219
1622635070790 0.9409531992237312 220
1622635111549 0.9409531992237312 221
1622635152495 0.9409531992237312 222
1622635193439 0.9409531992237312 223
1622635234657 0.9409531992237312 224
1622635275901 0.9409531992237312 225
1622635317620 0.9409531992237312 226
1622635359564 0.9409531992237312 227
1622635401631 0.9409531992237312 228
1622635443917 0.9409531992237312 229
1622635486280 0.9409531992237312 230
1622635528712 0.9409531992237312 231
1622635571330 0.9409531992237312 232
1622635613916 0.9409531992237312 233
1622635656821 0.9409531992237312 234
1622635700182 0.9409531992237312 235
1622635743762 0.9409531992237312 236
1622635787270 0.9409531992237312 237
1622635831218 0.9409531992237312 238
1622635875203 0.9409531992237312 239
1622635919371 0.9409531992237312 240
1622635963636 0.9409531992237312 241
1622636008015 0.9409531992237312 242
1622636052633 0.9409531992237312 243
1622636097403 0.9409531992237312 244
1622636142626 0.9409531992237312 245
1622636187754 0.9409531992237312 246
1622636233173 0.9409531992237312 247
1622636278765 0.9409531992237312 248
1622636324603 0.9409531992237312 249
1622636371087 0.9409531992237312 250
1622636417479 0.9409531992237312 251
1622636464213 0.9409531992237312 252
1622636511082 0.9409531992237312 253
1622636558629 0.9409531992237312 254
1622636605692 0.9409531992237312 255
1622636652821 0.9409531992237312 256
1622636700264 0.9409531992237312 257
1622636747670 0.9409531992237312 258
1622636795408 0.9409531992237312 259
1622636843275 0.9409531992237312 260
1622636891170 0.9409531992237312 261
1622636939258 0.9409531992237312 262
1622636986854 0.9409531992237312 263
1622637034988 0.9409531992237312 264
1622637083572 0.9409531992237312 265
1622637132264 0.9409531992237312 266
1622637181019 0.9409531992237312 267
1622637230234 0.9409531992237312 268
1622637279623 0.9409531992237312 269
1622637328889 0.9409531992237312 270
1622637378600 0.9409531992237312 271
1622637428391 0.9409531992237312 272
1622637478607 0.9409531992237312 273
1622637528924 0.9409531992237312 274
1622637579128 0.9409531992237312 275
1622637629671 0.9409531992237312 276
1622637680677 0.9409531992237312 277
1622637731464 0.9409531992237312 278
1622637782375 0.9409531992237312 279
1622637833661 0.9409531992237312 280
1622637885354 0.9409531992237312 281
1622637937072 0.9409531992237312 282
1622637988742 0.9409531992237312 283
1622638040757 0.9409531992237312 284
1622638092938 0.9409531992237312 285
1622638145503 0.9409531992237312 286
1622638198190 0.9409531992237312 287
1622638251285 0.9409531992237312 288
1622638304152 0.9409531992237312 289
1622638357364 0.9409531992237312 290
1622638410813 0.9409531992237312 291
1622638464286 0.9409531992237312 292
1622638517989 0.9409531992237312 293
1622638571949 0.9409531992237312 294
1622638626018 0.9409531992237312 295
1622638680285 0.9409531992237312 296
1622638734646 0.9409531992237312 297
1622638789426 0.9409531992237312 298
1622638844424 0.9409531992237312 299
1622638899464 0.9409531992237312 300
1622638954902 0.9409531992237312 301
1622639010232 0.9409531992237312 302
1622639065862 0.9409531992237312 303
1622639121709 0.9409531992237312 304
1622639177686 0.9409531992237312 305
1622639233951 0.9409531992237312 306
1622639289936 0.9409531992237312 307
1622639346170 0.9409531992237312 308
1622639402742 0.9409531992237312 309
1622639459284 0.9409531992237312 310
1622639516153 0.9409531992237312 311
1622639573169 0.9409531992237312 312
1622639630716 0.9409531992237312 313
1622639688271 0.9409531992237312 314
1622639745952 0.9409531992237312 315
1622639804168 0.9409531992237312 316
1622639862603 0.9409531992237312 317
1622639921095 0.9409531992237312 318
1622639979562 0.9409531992237312 319
1622640038319 0.9409531992237312 320
1622640097219 0.9409531992237312 321
1622640156379 0.9409531992237312 322
1622640215442 0.9409531992237312 323
1622640274754 0.9409531992237312 324
1622640334152 0.9409531992237312 325
1622640393763 0.9409531992237312 326
1622640452995 0.9409531992237312 327
1622640513271 0.9409531992237312 328
1622640573658 0.9409531992237312 329
1622640635305 0.9409531992237312 330
1622640695805 0.9409531992237312 331
1622640757407 0.9409531992237312 332
1622640819334 0.9409531992237312 333
1622640881448 0.9409531992237312 334
1622640943678 0.9409531992237312 335
1622641005482 0.9409531992237312 336
1622641067370 0.9409531992237312 337
1622641129828 0.9409531992237312 338
1622641193168 0.9409531992237312 339
1622641256092 0.9409531992237312 340
1622641319485 0.9409531992237312 341
1622641383554 0.9409531992237312 342
1622641446437 0.9409531992237312 343
1622641509175 0.9409531992237312 344
1622641572146 0.9409531992237312 345
1622641635413 0.9409531992237312 346
1622641699213 0.9409531992237312 347
1622641762633 0.9409531992237312 348
1622641826594 0.9409531992237312 349
1622641890654 0.9409531992237312 350
1622641954216 0.9409531992237312 351
1622642018386 0.9409531992237312 352
1622642082919 0.9409531992237312 353
1622642147614 0.9409531992237312 354
1622642212173 0.9409531992237312 355
1622642277120 0.9409531992237312 356
1622642342341 0.9409531992237312 357
1622642407778 0.9409531992237312 358
1622642545862 0.9409531992237312 359
1622642613287 0.9409531992237312 360
1622642679942 0.9409531992237312 361
1622642746804 0.9409531992237312 362
1622642814073 0.9409531992237312 363
1622642881128 0.9409531992237312 364
1622642948282 0.9409531992237312 365
1622643015253 0.9409531992237312 366
1622643082390 0.9409531992237312 367
1622643149749 0.9409531992237312 368
1622643217169 0.9409531992237312 369
1622643284759 0.9409531992237312 370
1622643352742 0.9409531992237312 371
1622643420840 0.9409531992237312 372
1622643488901 0.9409531992237312 373
1622643557111 0.9409531992237312 374
1622643625920 0.9409531992237312 375
1622643694537 0.9409531992237312 376
1622643763205 0.9409531992237312 377
1622643832604 0.9409531992237312 378
1622643902078 0.9409531992237312 379
1622643971425 0.9409531992237312 380
1622644041412 0.9409531992237312 381
1622644111398 0.9409531992237312 382
1622644181699 0.9409531992237312 383
1622644251858 0.9409531992237312 384
1622644323873 0.9409531992237312 385
1622644396074 0.9409531992237312 386
1622644466968 0.9409531992237312 387
1622644538524 0.9409531992237312 388
1622644609857 0.9409531992237312 389
1622644681253 0.9409531992237312 390
1622644753488 0.9409531992237312 391
1622644825620 0.9409531992237312 392
1622644897820 0.9409531992237312 393
1622644970488 0.9409531992237312 394
1622645043312 0.9409531992237312 395
1622645117276 0.9409531992237312 396
1622645190501 0.9409531992237312 397
1622645263777 0.9409531992237312 398
1622645339624 0.9409531992237312 399
1622645414346 0.9409531992237312 400
1622645487457 0.9409531992237312 401
1622645561262 0.9409531992237312 402
1622645635331 0.9409531992237312 403
1622645709609 0.9409531992237312 404
1622645783774 0.9409531992237312 405
1622645858235 0.9409531992237312 406
1622645932893 0.9409531992237312 407
1622646007815 0.9409531992237312 408
1622646082636 0.9409531992237312 409
1622646157816 0.9409531992237312 410
1622646232772 0.9409531992237312 411
1622646308001 0.9409531992237312 412
1622646383540 0.9409531992237312 413
1622646459024 0.9409531992237312 414
1622646534861 0.9409531992237312 415
1622646610787 0.9409531992237312 416
1622646687088 0.9409531992237312 417
1622646762940 0.9409531992237312 418
1622646839199 0.9409531992237312 419
1622646915465 0.9409531992237312 420
1622646992307 0.9409531992237312 421
1622647069574 0.9409531992237312 422
1622647146299 0.9409531992237312 423
1622647223433 0.9409531992237312 424
1622647301161 0.9409531992237312 425
1622647378583 0.9409531992237312 426
1622647456409 0.9409531992237312 427
1622647534388 0.9409531992237312 428
1622647612392 0.9409531992237312 429
1622647690532 0.9409531992237312 430
1622647769946 0.9409531992237312 431
1622647848922 0.9409531992237312 432
1622647927629 0.9409531992237312 433
1622648006430 0.9409531992237312 434
1622648085818 0.9409531992237312 435
1622648165190 0.9409531992237312 436
1622648244605 0.9409531992237312 437
1622648324535 0.9409531992237312 438
1622648404322 0.9409531992237312 439
1622648484662 0.9409531992237312 440
1622648564738 0.9409531992237312 441
1622648644806 0.9409531992237312 442
1622648725138 0.9409531992237312 443
1622648805886 0.9409531992237312 444
1622648886681 0.9409531992237312 445
1622648968165 0.9409531992237312 446
1622649049388 0.9409531992237312 447
1622649130765 0.9409531992237312 448
1622649213066 0.9409531992237312 449
1622649295031 0.9409531992237312 450
1622649377114 0.9409531992237312 451
1622649459700 0.9409531992237312 452
1622649542303 0.9409531992237312 453
1622649624793 0.9409531992237312 454
1622649710637 0.9409531992237312 455
1622649794534 0.9409531992237312 456
1622649878474 0.9409531992237312 457
1622649962929 0.9409531992237312 458
1622650046577 0.9409531992237312 459
1622650130574 0.9409531992237312 460
1622650214920 0.9409531992237312 461
1622650298972 0.9409531992237312 462
1622650384307 0.9409531992237312 463
1622650471676 0.9409531992237312 464
1622650557791 0.9409531992237312 465
1622650643437 0.9409531992237312 466
1622650729150 0.9409531992237312 467
1622650816436 0.9409531992237312 468
1622650902394 0.9409531992237312 469
1622650988822 0.9409531992237312 470
1622651075325 0.9409531992237312 471
1622651161381 0.9409531992237312 472
1622651247240 0.9409531992237312 473
1622651333509 0.9409531992237312 474
1622651419988 0.9409531992237312 475
1622651506802 0.9409531992237312 476
1622651593551 0.9409531992237312 477
1622651680165 0.9409531992237312 478
1622651767124 0.9409531992237312 479
1622651854139 0.9409531992237312 480
1622651941502 0.9409531992237312 481
1622652028709 0.9409531992237312 482
1622652116582 0.9409531992237312 483
1622652204538 0.9409531992237312 484
1622652292724 0.9409531992237312 485
1622652381565 0.9409531992237312 486
1622652470220 0.9409531992237312 487
1622652559030 0.9409531992237312 488
1622652648350 0.9409531992237312 489
1622652737713 0.9409531992237312 490
1622652827951 0.9409531992237312 491
1622652918371 0.9409531992237312 492
1622653008625 0.9409531992237312 493
1622653098844 0.9409531992237312 494
1622653188893 0.9409531992237312 495
1622653280905 0.9409531992237312 496
1622653371933 0.9409531992237312 497
1622653462784 0.9409531992237312 498
1622653554175 0.9409531992237312 499
1622653645573 0.9409531992237312 500
