1622719882587 0.9393747376091662 0
1622719884788 0.9376031907593556 1
1622719887188 0.9376031907593556 2
1622719889719 0.9376031907593556 3
1622719892414 0.9376031907593556 4
1622719895289 0.9376031907593556 5
1622719898484 0.9376031907593556 6
1622719901768 0.9376031907593556 7
1622719905260 0.9376031907593556 8
1622719908676 0.9376031907593556 9
1622719912186 0.9376031907593556 10
1622719915985 0.9376031907593556 11
1622719919972 0.9376031907593556 12
1622719924017 0.9376031907593556 13
1622719928205 0.9376031907593556 14
1622719932533 0.9376031907593556 15
1622719937107 0.9376031907593556 16
1622719941780 0.9376031907593556 17
1622719946647 0.9376031907593556 18
1622719951606 0.9376031907593556 19
1622719956694 0.9376031907593556 20
1622719961912 0.9376031907593556 21
1622719967299 0.9376031907593556 22
1622719973000 0.9376031907593556 23
1622719978750 0.9376031907593556 24
1622719984738 0.9376031907593556 25
1622719990814 0.9376031907593556 26
1622719997100 0.9376031907593556 27
1622720003564 0.9376031907593556 28
1622720010263 0.9376031907593556 29
1622720016970 0.9376031907593556 30
1622720023939 0.9376031907593556 31
1622720030975 0.9376031907593556 32
1622720038139 0.9376031907593556 33
1622720045595 0.9376031907593556 34
1622720053086 0.9376031907593556 35
1622720060816 0.9376031907593556 36
1622720068745 0.9376031907593556 37
1622720076687 0.9376031907593556 38
1622720084877 0.9376031907593556 39
1622720093143 0.9376031907593556 40
1622720101595 0.9376031907593556 41
1622720110084 0.9376031907593556 42
1622720118668 0.9376031907593556 43
1622720127723 0.9376031907593556 44
1622720136676 0.9376031907593556 45
1622720145716 0.9376031907593556 46
1622720154925 0.9376031907593556 47
1622720164246 0.9376031907593556 48
1622720173825 0.9376031907593556 49
1622720183502 0.9376031907593556 50
1622720193598 0.9376031907593556 51
1622720203753 0.9376031907593556 52
1622720214329 0.9376031907593556 53
1622720224720 0.9376031907593556 54
1622720235276 0.9376031907593556 55
1622720245993 0.9376031907593556 56
1622720256730 0.9376031907593556 57
1622720267653 0.9376031907593556 58
1622720278759 0.9376031907593556 59
1622720289980 0.9376031907593556 60
1622720301388 0.9376031907593556 61
1622720312992 0.9376031907593556 62
1622720324756 0.9376031907593556 63
1622720336598 0.9376031907593556 64
1622720348485 0.9376031907593556 65
1622720360681 0.9376031907593556 66
1622720373069 0.9376031907593556 67
1622720385519 0.9376031907593556 68
1622720398314 0.9376031907593556 69
1622720411238 0.9376031907593556 70
1622720424457 0.9376031907593556 71
1622720437722 0.9376031907593556 72
1622720451156 0.9376031907593556 73
1622720464678 0.9376031907593556 74
1622720478316 0.9376031907593556 75
1622720492109 0.9376031907593556 76
1622720506218 0.9376031907593556 77
1622720520325 0.9376031907593556 78
1622720534610 0.9376031907593556 79
1622720548879 0.9376031907593556 80
1622720563363 0.9376031907593556 81
1622720577950 0.9376031907593556 82
1622720592802 0.9376031907593556 83
1622720607776 0.9376031907593556 84
1622720623017 0.9376031907593556 85
1622720638512 0.9376031907593556 86
1622720653914 0.9376031907593556 87
1622720669545 0.9376031907593556 88
1622720685445 0.9376031907593556 89
1622720701205 0.9376031907593556 90
1622720717289 0.9376031907593556 91
1622720733594 0.9376031907593556 92
1622720750261 0.9376031907593556 93
1622720766813 0.9376031907593556 94
1622720783696 0.9376031907593556 95
1622720800533 0.9376031907593556 96
1622720817486 0.9376031907593556 97
1622720834704 0.9376031907593556 98
1622720852049 0.9376031907593556 99
1622720869408 0.9376031907593556 100
1622720887075 0.9376031907593556 101
1622720905145 0.9376031907593556 102
1622720923111 0.9376031907593556 103
1622720941446 0.9376031907593556 104
1622720959793 0.9376031907593556 105
1622720978163 0.9376031907593556 106
1622720996898 0.9376031907593556 107
1622721015816 0.9376031907593556 108
1622721034940 0.9376031907593556 109
1622721053964 0.9376031907593556 110
1622721072984 0.9376031907593556 111
1622721092485 0.9376031907593556 112
1622721112405 0.9376031907593556 113
1622721132215 0.9376031907593556 114
1622721152061 0.9376031907593556 115
1622721171920 0.9376031907593556 116
1622721192097 0.9376031907593556 117
1622721212561 0.9376031907593556 118
1622721233318 0.9376031907593556 119
1622721254238 0.9376031907593556 120
1622721274897 0.9376031907593556 121
1622721296110 0.9376031907593556 122
1622721317225 0.9376031907593556 123
1622721338833 0.9376031907593556 124
1622721360476 0.9376031907593556 125
1622721382165 0.9376031907593556 126
1622721403993 0.9376031907593556 127
1622721425659 0.9376031907593556 128
1622721447571 0.9376031907593556 129
1622721469799 0.9376031907593556 130
1622721491997 0.9376031907593556 131
1622721514554 0.9376031907593556 132
1622721537371 0.9376031907593556 133
1622721560295 0.9376031907593556 134
1622721583454 0.9376031907593556 135
1622721606597 0.9376031907593556 136
1622721630084 0.9376031907593556 137
1622721653500 0.9376031907593556 138
1622721677273 0.9376031907593556 139
1622721701321 0.9376031907593556 140
1622721725483 0.9376031907593556 141
1622721749757 0.9376031907593556 142
1622721774393 0.9376031907593556 143
1622721799092 0.9376031907593556 144
1622721824159 0.9376031907593556 145
1622721849382 0.9376031907593556 146
1622721874628 0.9376031907593556 147
1622721899789 0.9376031907593556 148
1622721925234 0.9376031907593556 149
1622721950863 0.9376031907593556 150
1622721976643 0.9376031907593556 151
1622722002480 0.9376031907593556 152
1622722028474 0.9376031907593556 153
1622722054316 0.9376031907593556 154
1622722080660 0.9376031907593556 155
1622722107183 0.9376031907593556 156
1622722133874 0.9376031907593556 157
1622722160543 0.9376031907593556 158
1622722187574 0.9376031907593556 159
1622722214323 0.9376031907593556 160
1622722241319 0.9376031907593556 161
1622722268861 0.9376031907593556 162
1622722296572 0.9376031907593556 163
1622722324268 0.9376031907593556 164
1622722352017 0.9376031907593556 165
1622722380444 0.9376031907593556 166
1622722408928 0.9376031907593556 167
1622722437583 0.9376031907593556 168
1622722466469 0.9376031907593556 169
1622722495316 0.9376031907593556 170
1622722524469 0.9376031907593556 171
1622722553484 0.9376031907593556 172
1622722582576 0.9376031907593556 173
1622722611944 0.9376031907593556 174
1622722641641 0.9376031907593556 175
1622722671021 0.9376031907593556 176
1622722700971 0.9376031907593556 177
1622722730899 0.9376031907593556 178
1622722761209 0.9376031907593556 179
1622722791450 0.9376031907593556 180
1622722821663 0.9376031907593556 181
1622722851998 0.9376031907593556 182
1622722882695 0.9376031907593556 183
1622722912972 0.9376031907593556 184
1622722943495 0.9376031907593556 185
1622722974768 0.9376031907593556 186
1622723005783 0.9376031907593556 187
1622723037151 0.9376031907593556 188
1622723068374 0.9376031907593556 189
1622723099831 0.9376031907593556 190
1622723131685 0.9376031907593556 191
1622723163986 0.9376031907593556 192
1622723195977 0.9376031907593556 193
1622723228593 0.9376031907593556 194
1622723261102 0.9376031907593556 195
1622723293896 0.9376031907593556 196
1622723326549 0.9376031907593556 197
1622723359577 0.9376031907593556 198
1622723392730 0.9376031907593556 199
1622723426070 0.9376031907593556 200
1622723459587 0.9376031907593556 201
1622723493108 0.9376031907593556 202
1622723526941 0.9376031907593556 203
1622723560918 0.9376031907593556 204
1622723595258 0.9376031907593556 205
1622723628950 0.9376031907593556 206
1622723663214 0.9376031907593556 207
1622723697537 0.9376031907593556 208
1622723732368 0.9376031907593556 209
1622723767082 0.9376031907593556 210
1622723802213 0.9376031907593556 211
1622723837403 0.9376031907593556 212
1622723872738 0.9376031907593556 213
1622723908368 0.9376031907593556 214
1622723943805 0.9376031907593556 215
1622723979581 0.9376031907593556 216
1622724015518 0.9376031907593556 217
1622724051471 0.9376031907593556 218
1622724087637 0.9376031907593556 219
1622724123907 0.9376031907593556 220
1622724160514 0.9376031907593556 221
1622724196923 0.9376031907593556 222
1622724233879 0.9376031907593556 223
1622724270995 0.9376031907593556 224
1622724308031 0.9376031907593556 225
1622724345116 0.9376031907593556 226
1622724382904 0.9376031907593556 227
1622724420311 0.9376031907593556 228
1622724458112 0.9376031907593556 229
1622724496286 0.9376031907593556 230
1622724533984 0.9376031907593556 231
1622724572370 0.9376031907593556 232
1622724610925 0.9376031907593556 233
1622724649315 0.9376031907593556 234
1622724688219 0.9376031907593556 235
1622724726774 0.9376031907593556 236
1622724766043 0.9376031907593556 237
1622724805348 0.9376031907593556 238
1622724844885 0.9376031907593556 239
1622724884248 0.9376031907593556 240
1622724923706 0.9376031907593556 241
1622724963223 0.9376031907593556 242
1622725003091 0.9376031907593556 243
1622725042959 0.9376031907593556 244
1622725082866 0.9376031907593556 245
1622725123344 0.9376031907593556 246
1622725163804 0.9376031907593556 247
1622725204607 0.9376031907593556 248
1622725245420 0.9376031907593556 249
1622725286584 0.9376031907593556 250
1622725327900 0.9376031907593556 251
1622725369364 0.9376031907593556 252
1622725411008 0.9376031907593556 253
1622725452997 0.9376031907593556 254
1622725495180 0.9376031907593556 255
1622725537457 0.9376031907593556 256
1622725579924 0.9376031907593556 257
1622725622161 0.9376031907593556 258
1622725664530 0.9376031907593556 259
1622725707093 0.9376031907593556 260
1622725750551 0.9376031907593556 261
1622725793410 0.9376031907593556 262
1622725836556 0.9376031907593556 263
1622725879776 0.9376031907593556 264
1622725923639 0.9376031907593556 265
1622725967171 0.9376031907593556 266
1622726010823 0.9376031907593556 267
1622726054876 0.9376031907593556 268
1622726099271 0.9376031907593556 269
1622726143832 0.9376031907593556 270
1622726188497 0.9376031907593556 271
1622726233092 0.9376031907593556 272
1622726278382 0.9376031907593556 273
1622726323828 0.9376031907593556 274
1622726368818 0.9376031907593556 275
1622726414074 0.9376031907593556 276
1622726459551 0.9376031907593556 277
1622726505166 0.9376031907593556 278
1622726551020 0.9376031907593556 279
1622726597084 0.9376031907593556 280
1622726643248 0.9376031907593556 281
1622726689685 0.9376031907593556 282
1622726736379 0.9376031907593556 283
1622726783145 0.9376031907593556 284
1622726830042 0.9376031907593556 285
1622726877088 0.9376031907593556 286
1622726924096 0.9376031907593556 287
1622726971134 0.9376031907593556 288
1622727018267 0.9376031907593556 289
1622727065952 0.9376031907593556 290
1622727113704 0.9376031907593556 291
1622727161348 0.9376031907593556 292
1622727209203 0.9376031907593556 293
1622727257529 0.9376031907593556 294
1622727305604 0.9376031907593556 295
1622727354148 0.9376031907593556 296
1622727402883 0.9376031907593556 297
1622727451449 0.9376031907593556 298
1622727500472 0.9376031907593556 299
1622727549774 0.9376031907593556 300
1622727599276 0.9376031907593556 301
1622727648991 0.9376031907593556 302
1622727698418 0.9376031907593556 303
1622727747833 0.9376031907593556 304
1622727797560 0.9376031907593556 305
1622727847588 0.9376031907593556 306
1622727897717 0.9376031907593556 307
1622727947785 0.9376031907593556 308
1622727998290 0.9376031907593556 309
1622728048586 0.9376031907593556 310
1622728099191 0.9376031907593556 311
1622728150048 0.9376031907593556 312
1622728201165 0.9376031907593556 313
1622728252242 0.9376031907593556 314
1622728303327 0.9376031907593556 315
1622728354700 0.9376031907593556 316
1622728406504 0.9376031907593556 317
1622728458310 0.9376031907593556 318
1622728510199 0.9376031907593556 319
1622728562365 0.9376031907593556 320
1622728614388 0.9376031907593556 321
1622728666725 0.9376031907593556 322
1622728719185 0.9376031907593556 323
1622728771860 0.9376031907593556 324
1622728824771 0.9376031907593556 325
1622728877825 0.9376031907593556 326
1622728930857 0.9376031907593556 327
1622728984397 0.9376031907593556 328
1622729037687 0.9376031907593556 329
1622729091237 0.9376031907593556 330
1622729145116 0.9376031907593556 331
1622729198527 0.9376031907593556 332
1622729251766 0.9376031907593556 333
1622729305525 0.9376031907593556 334
1622729360183 0.9376031907593556 335
1622729415250 0.9376031907593556 336
1622729470067 0.9376031907593556 337
1622729525095 0.9376031907593556 338
1622729580316 0.9376031907593556 339
1622729635477 0.9376031907593556 340
1622729690731 0.9376031907593556 341
1622729746327 0.9376031907593556 342
1622729802070 0.9376031907593556 343
1622729858828 0.9376031907593556 344
1622729915425 0.9376031907593556 345
1622729972073 0.9376031907593556 346
1622730029176 0.9376031907593556 347
1622730086376 0.9376031907593556 348
1622730143526 0.9376031907593556 349
1622730200778 0.9376031907593556 350
1622730258207 0.9376031907593556 351
1622730316154 0.9376031907593556 352
1622730374048 0.9376031907593556 353
1622730432142 0.9376031907593556 354
1622730490153 0.9376031907593556 355
1622730548246 0.9376031907593556 356
1622730606703 0.9376031907593556 357
1622730665356 0.9376031907593556 358
1622730723985 0.9376031907593556 359
1622730782706 0.9376031907593556 360
1622730842327 0.9376031907593556 361
1622730901556 0.9376031907593556 362
1622730960997 0.9376031907593556 363
1622731020593 0.9376031907593556 364
1622731080235 0.9376031907593556 365
1622731139873 0.9376031907593556 366
1622731199548 0.9376031907593556 367
1622731259376 0.9376031907593556 368
1622731319301 0.9376031907593556 369
1622731379680 0.9376031907593556 370
1622731440138 0.9376031907593556 371
1622731500697 0.9376031907593556 372
1622731561444 0.9376031907593556 373
1622731622265 0.9376031907593556 374
1622731683278 0.9376031907593556 375
1622731744280 0.9376031907593556 376
1622731805406 0.9376031907593556 377
1622731866701 0.9376031907593556 378
1622731928317 0.9376031907593556 379
1622731990033 0.9376031907593556 380
1622732051731 0.9376031907593556 381
1622732113840 0.9376031907593556 382
1622732175810 0.9376031907593556 383
1622732238233 0.9376031907593556 384
1622732300681 0.9376031907593556 385
1622732363186 0.9376031907593556 386
1622732426109 0.9376031907593556 387
1622732489394 0.9376031907593556 388
1622732552921 0.9376031907593556 389
1622732616070 0.9376031907593556 390
1622732678817 0.9376031907593556 391
1622732741037 0.9376031907593556 392
1622732804143 0.9376031907593556 393
1622732867188 0.9376031907593556 394
1622732932630 0.9376031907593556 395
1622732996127 0.9376031907593556 396
1622733059716 0.9376031907593556 397
1622733124433 0.9376031907593556 398
1622733189363 0.9376031907593556 399
1622733254529 0.9376031907593556 400
1622733319289 0.9376031907593556 401
1622733384817 0.9376031907593556 402
1622733450343 0.9376031907593556 403
1622733515946 0.9376031907593556 404
1622733581768 0.9376031907593556 405
1622733647723 0.9376031907593556 406
1622733714137 0.9376031907593556 407
1622733780200 0.9376031907593556 408
1622733846893 0.9376031907593556 409
1622733913379 0.9376031907593556 410
1622733980452 0.9376031907593556 411
1622734047713 0.9376031907593556 412
1622734114947 0.9376031907593556 413
1622734182955 0.9376031907593556 414
1622734250920 0.9376031907593556 415
1622734318275 0.9376031907593556 416
1622734386101 0.9376031907593556 417
1622734453810 0.9376031907593556 418
1622734521645 0.9376031907593556 419
1622734589461 0.9376031907593556 420
1622734657116 0.9376031907593556 421
1622734725611 0.9376031907593556 422
1622734793467 0.9376031907593556 423
1622734861827 0.9376031907593556 424
1622734930014 0.9376031907593556 425
1622734998491 0.9376031907593556 426
1622735067416 0.9376031907593556 427
1622735136292 0.9376031907593556 428
1622735205199 0.9376031907593556 429
1622735274182 0.9376031907593556 430
1622735343509 0.9376031907593556 431
1622735413195 0.9376031907593556 432
1622735482622 0.9376031907593556 433
1622735552256 0.9376031907593556 434
1622735622136 0.9376031907593556 435
1622735691938 0.9376031907593556 436
1622735762026 0.9376031907593556 437
1622735832621 0.9376031907593556 438
1622735903556 0.9376031907593556 439
1622735974505 0.9376031907593556 440
1622736045393 0.9376031907593556 441
1622736115829 0.9376031907593556 442
1622736186990 0.9376031907593556 443
1622736258041 0.9376031907593556 444
1622736329426 0.9376031907593556 445
1622736400433 0.9376031907593556 446
1622736471496 0.9376031907593556 447
1622736543413 0.9376031907593556 448
1622736615451 0.9376031907593556 449
1622736687634 0.9376031907593556 450
1622736759827 0.9376031907593556 451
1622736832470 0.9376031907593556 452
1622736905162 0.9376031907593556 453
1622736977783 0.9376031907593556 454
1622737050257 0.9376031907593556 455
1622737123289 0.9376031907593556 456
1622737196824 0.9376031907593556 457
1622737270514 0.9376031907593556 458
1622737344408 0.9376031907593556 459
1622737418280 0.9376031907593556 460
1622737492108 0.9376031907593556 461
1622737569622 0.9376031907593556 462
1622737643835 0.9376031907593556 463
1622737718470 0.9376031907593556 464
1622737792987 0.9376031907593556 465
1622737867340 0.9376031907593556 466
1622737942402 0.9376031907593556 467
1622738017851 0.9376031907593556 468
1622738092861 0.9376031907593556 469
1622738168123 0.9376031907593556 470
1622738243384 0.9376031907593556 471
1622738319081 0.9376031907593556 472
1622738394876 0.9376031907593556 473
1622738470529 0.9376031907593556 474
1622738546130 0.9376031907593556 475
1622738622506 0.9376031907593556 476
1622738698589 0.9376031907593556 477
1622738775099 0.9376031907593556 478
1622738851480 0.9376031907593556 479
1622738927946 0.9376031907593556 480
1622739004493 0.9376031907593556 481
1622739081898 0.9376031907593556 482
1622739159410 0.9376031907593556 483
1622739237054 0.9376031907593556 484
1622739315217 0.9376031907593556 485
1622739392970 0.9376031907593556 486
1622739471512 0.9376031907593556 487
1622739549263 0.9376031907593556 488
1622739627667 0.9376031907593556 489
1622739705970 0.9376031907593556 490
1622739785353 0.9376031907593556 491
1622739864191 0.9376031907593556 492
1622739944138 0.9376031907593556 493
1622740023716 0.9376031907593556 494
1622740106420 0.9376031907593556 495
1622740185607 0.9376031907593556 496
1622740265088 0.9376031907593556 497
1622740344305 0.9376031907593556 498
1622740424258 0.9376031907593556 499
1622740504668 0.9376031907593556 500
