1622719882612 1.335 0
1622719884806 0.26 1
1622719887206 0.261 2
1622719889737 0.257 3
1622719892432 0.255 4
1622719895308 0.264 5
1622719898505 0.262 6
1622719901788 0.288 7
1622719905278 0.272 8
1622719908694 0.254 9
1622719912204 0.245 10
1622719916003 0.249 11
1622719919990 0.25 12
1622719924035 0.251 13
1622719928223 0.249 14
1622719932551 0.248 15
1622719937125 0.25 16
1622719941797 0.249 17
1622719946666 0.249 18
1622719951623 0.243 19
1622719956712 0.245 20
1622719961930 0.25 21
1622719967316 0.247 22
1622719973018 0.248 23
1622719978768 0.247 24
1622719984756 0.248 25
1622719990832 0.256 26
1622719997117 0.25 27
1622720003582 0.248 28
1622720010281 0.247 29
1622720016988 0.243 30
1622720023957 0.245 31
1622720030992 0.246 32
1622720038157 0.245 33
1622720045612 0.251 34
1622720053104 0.25 35
1622720060834 0.249 36
1622720068763 0.251 37
1622720076705 0.248 38
1622720084895 0.248 39
1622720093161 0.25 40
1622720101613 0.246 41
1622720110102 0.249 42
1622720118686 0.248 43
1622720127741 0.248 44
1622720136693 0.247 45
1622720145734 0.249 46
1622720154943 0.247 47
1622720164264 0.248 48
1622720173843 0.251 49
1622720183520 0.248 50
1622720193616 0.245 51
1622720203771 0.247 52
1622720214347 0.243 53
1622720224737 0.245 54
1622720235294 0.243 55
1622720246011 0.244 56
1622720256748 0.245 57
1622720267671 0.251 58
1622720278776 0.268 59
1622720289997 0.251 60
1622720301406 0.243 61
1622720313010 0.243 62
1622720324773 0.244 63
1622720336616 0.245 64
1622720348502 0.244 65
1622720360699 0.244 66
1622720373086 0.244 67
1622720385537 0.246 68
1622720398331 0.247 69
1622720411255 0.244 70
1622720424474 0.244 71
1622720437739 0.244 72
1622720451174 0.243 73
1622720464696 0.241 74
1622720478333 0.243 75
1622720492126 0.241 76
1622720506236 0.241 77
1622720520342 0.243 78
1622720534628 0.243 79
1622720548896 0.245 80
1622720563381 0.244 81
1622720577967 0.244 82
1622720592820 0.243 83
1622720607794 0.243 84
1622720623035 0.243 85
1622720638530 0.245 86
1622720653932 0.243 87
1622720669562 0.245 88
1622720685463 0.245 89
1622720701223 0.243 90
1622720717307 0.243 91
1622720733612 0.254 92
1622720750278 0.249 93
1622720766831 0.245 94
1622720783714 0.243 95
1622720800551 0.24 96
1622720817504 0.24 97
1622720834722 0.241 98
1622720852067 0.241 99
1622720869425 0.241 100
1622720887092 0.242 101
1622720905162 0.243 102
1622720923129 0.245 103
1622720941465 0.245 104
1622720959811 0.245 105
1622720978181 0.245 106
1622720996915 0.245 107
1622721015834 0.245 108
1622721034958 0.244 109
1622721053983 0.244 110
1622721073002 0.244 111
1622721092503 0.244 112
1622721112422 0.244 113
1622721132233 0.246 114
1622721152079 0.244 115
1622721171937 0.244 116
1622721192114 0.245 117
1622721212578 0.245 118
1622721233336 0.242 119
1622721254255 0.243 120
1622721274914 0.244 121
1622721296128 0.241 122
1622721317244 0.241 123
1622721338850 0.24 124
1622721360494 0.249 125
1622721382183 0.26 126
1622721404011 0.244 127
1622721425676 0.245 128
1622721447589 0.249 129
1622721469817 0.245 130
1622721492015 0.245 131
1622721514572 0.244 132
1622721537389 0.245 133
1622721560313 0.244 134
1622721583472 0.242 135
1622721606614 0.243 136
1622721630101 0.246 137
1622721653517 0.244 138
1622721677290 0.246 139
1622721701339 0.245 140
1622721725500 0.245 141
1622721749774 0.241 142
1622721774411 0.246 143
1622721799109 0.241 144
1622721824177 0.244 145
1622721849399 0.243 146
1622721874646 0.244 147
1622721899806 0.247 148
1622721925252 0.247 149
1622721950881 0.245 150
1622721976661 0.245 151
1622722002497 0.245 152
1622722028492 0.248 153
1622722054333 0.244 154
1622722080677 0.247 155
1622722107200 0.244 156
1622722133892 0.252 157
1622722160561 0.267 158
1622722187591 0.25 159
1622722214341 0.245 160
1622722241337 0.246 161
1622722268878 0.244 162
1622722296590 0.245 163
1622722324286 0.248 164
1622722352034 0.245 165
1622722380461 0.242 166
1622722408946 0.245 167
1622722437601 0.245 168
1622722466487 0.244 169
1622722495333 0.241 170
1622722524487 0.244 171
1622722553501 0.247 172
1622722582593 0.245 173
1622722611962 0.246 174
1622722641658 0.245 175
1622722671039 0.243 176
1622722700989 0.245 177
1622722730917 0.245 178
1622722761227 0.244 179
1622722791467 0.248 180
1622722821681 0.244 181
1622722852015 0.245 182
1622722882713 0.243 183
1622722912990 0.245 184
1622722943513 0.244 185
1622722974785 0.244 186
1622723005801 0.245 187
1622723037168 0.247 188
1622723068392 0.242 189
1622723099849 0.244 190
1622723131703 0.245 191
1622723164004 0.268 192
1622723195995 0.245 193
1622723228611 0.246 194
1622723261120 0.247 195
1622723293914 0.244 196
1622723326566 0.247 197
1622723359596 0.246 198
1622723392748 0.245 199
1622723426088 0.246 200
1622723459605 0.246 201
1622723493126 0.244 202
1622723526959 0.245 203
1622723560936 0.244 204
1622723595275 0.247 205
1622723628968 0.246 206
1622723663232 0.244 207
1622723697554 0.246 208
1622723732386 0.245 209
1622723767100 0.245 210
1622723802230 0.242 211
1622723837420 0.242 212
1622723872756 0.243 213
1622723908386 0.244 214
1622723943822 0.244 215
1622723979599 0.24 216
1622724015536 0.246 217
1622724051488 0.244 218
1622724087654 0.243 219
1622724123925 0.245 220
1622724160531 0.243 221
1622724196941 0.245 222
1622724233897 0.244 223
1622724271013 0.245 224
1622724308048 0.255 225
1622724345134 0.252 226
1622724382922 0.25 227
1622724420329 0.247 228
1622724458130 0.247 229
1622724496304 0.245 230
1622724534002 0.244 231
1622724572388 0.244 232
1622724610943 0.245 233
1622724649332 0.241 234
1622724688236 0.242 235
1622724726792 0.245 236
1622724766061 0.241 237
1622724805366 0.241 238
1622724844903 0.243 239
1622724884266 0.244 240
1622724923723 0.246 241
1622724963240 0.243 242
1622725003108 0.245 243
1622725042978 0.244 244
1622725082884 0.244 245
1622725123362 0.242 246
1622725163822 0.243 247
1622725204625 0.243 248
1622725245438 0.243 249
1622725286602 0.244 250
1622725327918 0.244 251
1622725369382 0.245 252
1622725411026 0.244 253
1622725453015 0.244 254
1622725495198 0.245 255
1622725537476 0.245 256
1622725579942 0.242 257
1622725622179 0.24 258
1622725664548 0.263 259
1622725707111 0.246 260
1622725750569 0.244 261
1622725793428 0.243 262
1622725836575 0.245 263
1622725879794 0.245 264
1622725923657 0.246 265
1622725967188 0.246 266
1622726010841 0.246 267
1622726054894 0.246 268
1622726099289 0.245 269
1622726143850 0.246 270
1622726188515 0.246 271
1622726233112 0.246 272
1622726278400 0.251 273
1622726323846 0.253 274
1622726368836 0.257 275
1622726414092 0.246 276
1622726459569 0.245 277
1622726505184 0.246 278
1622726551038 0.244 279
1622726597102 0.243 280
1622726643266 0.245 281
1622726689703 0.241 282
1622726736397 0.241 283
1622726783163 0.24 284
1622726830060 0.242 285
1622726877105 0.248 286
1622726924114 0.247 287
1622726971152 0.248 288
1622727018285 0.249 289
1622727065970 0.244 290
1622727113722 0.247 291
1622727161366 0.258 292
1622727209221 0.247 293
1622727257547 0.246 294
1622727305622 0.248 295
1622727354166 0.248 296
1622727402901 0.246 297
1622727451467 0.245 298
1622727500490 0.247 299
1622727549792 0.244 300
1622727599293 0.244 301
1622727649009 0.249 302
1622727698436 0.243 303
1622727747851 0.241 304
1622727797578 0.24 305
1622727847606 0.241 306
1622727897736 0.243 307
1622727947802 0.241 308
1622727998308 0.245 309
1622728048604 0.245 310
1622728099209 0.244 311
1622728150066 0.247 312
1622728201183 0.244 313
1622728252260 0.245 314
1622728303345 0.244 315
1622728354718 0.246 316
1622728406522 0.245 317
1622728458328 0.244 318
1622728510217 0.243 319
1622728562383 0.244 320
1622728614406 0.245 321
1622728666743 0.245 322
1622728719203 0.245 323
1622728771878 0.245 324
1622728824789 0.243 325
1622728877843 0.255 326
1622728930875 0.252 327
1622728984415 0.245 328
1622729037705 0.242 329
1622729091255 0.243 330
1622729145134 0.241 331
1622729198545 0.24 332
1622729251784 0.245 333
1622729305543 0.243 334
1622729360200 0.243 335
1622729415268 0.246 336
1622729470085 0.247 337
1622729525113 0.244 338
1622729580334 0.251 339
1622729635495 0.246 340
1622729690749 0.244 341
1622729746345 0.248 342
1622729802088 0.246 343
1622729858846 0.248 344
1622729915443 0.248 345
1622729972091 0.247 346
1622730029194 0.247 347
1622730086395 0.248 348
1622730143544 0.246 349
1622730200796 0.244 350
1622730258225 0.246 351
1622730316172 0.244 352
1622730374066 0.241 353
1622730432160 0.244 354
1622730490171 0.246 355
1622730548264 0.248 356
1622730606721 0.245 357
1622730665374 0.246 358
1622730724004 0.253 359
1622730782724 0.254 360
1622730842345 0.249 361
1622730901574 0.248 362
1622730961016 0.246 363
1622731020611 0.245 364
1622731080253 0.246 365
1622731139891 0.245 366
1622731199566 0.244 367
1622731259394 0.246 368
1622731319319 0.247 369
1622731379698 0.247 370
1622731440157 0.249 371
1622731500715 0.242 372
1622731561462 0.244 373
1622731622283 0.246 374
1622731683297 0.247 375
1622731744299 0.245 376
1622731805424 0.246 377
1622731866719 0.242 378
1622731928335 0.246 379
1622731990051 0.248 380
1622732051749 0.246 381
1622732113858 0.249 382
1622732175829 0.251 383
1622732238251 0.247 384
1622732300699 0.247 385
1622732363204 0.244 386
1622732426127 0.246 387
1622732489413 0.245 388
1622732552939 0.248 389
1622732616088 0.247 390
1622732678835 0.247 391
1622732741055 0.246 392
1622732804161 0.257 393
1622732867206 0.25 394
1622732932648 0.247 395
1622732996145 0.245 396
1622733059734 0.243 397
1622733124451 0.243 398
1622733189381 0.243 399
1622733254547 0.243 400
1622733319307 0.244 401
1622733384836 0.248 402
1622733450361 0.248 403
1622733515964 0.246 404
1622733581786 0.248 405
1622733647741 0.247 406
1622733714155 0.247 407
1622733780218 0.248 408
1622733846912 0.248 409
1622733913397 0.243 410
1622733980470 0.248 411
1622734047731 0.247 412
1622734114965 0.249 413
1622734182973 0.245 414
1622734250939 0.246 415
1622734318294 0.251 416
1622734386120 0.243 417
1622734453828 0.248 418
1622734521663 0.241 419
1622734589479 0.243 420
1622734657134 0.242 421
1622734725629 0.242 422
1622734793485 0.243 423
1622734861845 0.241 424
1622734930033 0.243 425
1622734998510 0.257 426
1622735067434 0.245 427
1622735136310 0.247 428
1622735205217 0.245 429
1622735274200 0.246 430
1622735343527 0.244 431
1622735413213 0.245 432
1622735482640 0.242 433
1622735552275 0.244 434
1622735622154 0.244 435
1622735691956 0.244 436
1622735762044 0.247 437
1622735832639 0.242 438
1622735903575 0.245 439
1622735974523 0.244 440
1622736045411 0.244 441
1622736115847 0.24 442
1622736187008 0.243 443
1622736258060 0.24 444
1622736329444 0.242 445
1622736400451 0.244 446
1622736471514 0.243 447
1622736543431 0.245 448
1622736615469 0.245 449
1622736687652 0.243 450
1622736759845 0.241 451
1622736832488 0.245 452
1622736905181 0.244 453
1622736977801 0.246 454
1622737050275 0.246 455
1622737123307 0.244 456
1622737196842 0.245 457
1622737270532 0.243 458
1622737344426 0.243 459
1622737418298 0.245 460
1622737492128 0.25 461
1622737569640 0.245 462
1622737643854 0.246 463
1622737718489 0.247 464
1622737793005 0.243 465
1622737867358 0.242 466
1622737942420 0.241 467
1622738017869 0.243 468
1622738092879 0.24 469
1622738168141 0.243 470
1622738243402 0.241 471
1622738319099 0.247 472
1622738394894 0.245 473
1622738470547 0.244 474
1622738546148 0.244 475
1622738622524 0.242 476
1622738698607 0.243 477
1622738775117 0.243 478
1622738851498 0.245 479
1622738927964 0.245 480
1622739004511 0.245 481
1622739081916 0.243 482
1622739159428 0.245 483
1622739237072 0.246 484
1622739315236 0.242 485
1622739392988 0.242 486
1622739471531 0.241 487
1622739549282 0.244 488
1622739627685 0.241 489
1622739705989 0.241 490
1622739785372 0.242 491
1622739864209 0.24 492
1622739944157 0.249 493
1622740023734 0.254 494
1622740106438 0.246 495
1622740185626 0.245 496
1622740265106 0.244 497
1622740344324 0.244 498
1622740424277 0.245 499
1622740504687 0.245 500
