1622719882615 0.022 0
1622719884809 1.909 1
1622719887209 2.114 2
1622719889740 2.249 3
1622719892435 2.414 4
1622719895311 2.587 5
1622719898508 2.906 6
1622719901791 2.967 7
1622719905281 3.193 8
1622719908696 3.136 9
1622719912207 3.24 10
1622719916006 3.524 11
1622719919993 3.713 12
1622719924038 3.769 13
1622719928225 3.914 14
1622719932554 4.056 15
1622719937128 4.299 16
1622719941800 4.399 17
1622719946669 4.594 18
1622719951626 4.69 19
1622719956714 4.818 20
1622719961933 4.944 21
1622719967319 5.115 22
1622719973021 5.428 23
1622719978770 5.478 24
1622719984759 5.716 25
1622719990835 5.795 26
1622719997120 6.01 27
1622720003585 6.191 28
1622720010284 6.426 29
1622720016991 6.439 30
1622720023960 6.699 31
1622720030995 6.764 32
1622720038159 6.894 33
1622720045615 7.18 34
1622720053107 7.216 35
1622720060837 7.456 36
1622720068765 7.652 37
1622720076708 7.669 38
1622720084898 7.917 39
1622720093164 7.991 40
1622720101616 8.18 41
1622720110105 8.215 42
1622720118689 8.311 43
1622720127743 8.782 44
1622720136696 8.681 45
1622720145737 8.767 46
1622720154945 8.937 47
1622720164266 9.048 48
1622720173846 9.304 49
1622720183522 9.404 50
1622720193618 9.826 51
1622720203773 9.883 52
1622720214349 10.308 53
1622720224740 10.121 54
1622720235296 10.289 55
1622720246014 10.448 56
1622720256751 10.468 57
1622720267673 10.647 58
1622720278779 10.812 59
1622720290000 10.945 60
1622720301408 11.141 61
1622720313012 11.337 62
1622720324776 11.495 63
1622720336618 11.573 64
1622720348505 11.618 65
1622720360702 11.928 66
1622720373089 12.119 67
1622720385539 12.18 68
1622720398334 12.524 69
1622720411258 12.656 70
1622720424477 12.951 71
1622720437742 12.996 72
1622720451177 13.167 73
1622720464698 13.256 74
1622720478336 13.37 75
1622720492129 13.528 76
1622720506238 13.844 77
1622720520345 13.84 78
1622720534630 14.018 79
1622720548899 13.999 80
1622720563383 14.216 81
1622720577970 14.318 82
1622720592822 14.585 83
1622720607796 14.707 84
1622720623037 14.974 85
1622720638533 15.226 86
1622720653934 15.134 87
1622720669565 15.361 88
1622720685466 15.631 89
1622720701225 15.492 90
1622720717310 15.816 91
1622720733614 16.026 92
1622720750281 16.393 93
1622720766834 16.283 94
1622720783717 16.615 95
1622720800553 16.572 96
1622720817507 16.689 97
1622720834725 16.952 98
1622720852069 17.079 99
1622720869428 17.092 100
1622720887095 17.401 101
1622720905165 17.802 102
1622720923131 17.696 103
1622720941467 18.065 104
1622720959814 18.077 105
1622720978183 18.1 106
1622720996918 18.465 107
1622721015836 18.649 108
1622721034960 18.855 109
1622721053985 18.756 110
1622721073005 18.75 111
1622721092505 19.232 112
1622721112425 19.651 113
1622721132236 19.54 114
1622721152082 19.576 115
1622721171940 19.59 116
1622721192117 19.907 117
1622721212581 20.194 118
1622721233338 20.49 119
1622721254258 20.652 120
1622721274917 20.39 121
1622721296130 20.947 122
1622721317246 20.849 123
1622721338853 21.342 124
1622721360497 21.37 125
1622721382185 21.404 126
1622721404014 21.56 127
1622721425679 21.396 128
1622721447592 21.639 129
1622721469819 21.959 130
1622721492017 21.929 131
1622721514574 22.288 132
1622721537392 22.548 133
1622721560316 22.656 134
1622721583474 22.892 135
1622721606617 22.876 136
1622721630104 23.217 137
1622721653520 23.147 138
1622721677293 23.503 139
1622721701342 23.779 140
1622721725504 23.891 141
1622721749777 24.008 142
1622721774413 24.366 143
1622721799112 24.433 144
1622721824179 24.799 145
1622721849402 24.955 146
1622721874649 24.978 147
1622721899809 24.889 148
1622721925255 25.174 149
1622721950883 25.359 150
1622721976663 25.51 151
1622722002500 25.567 152
1622722028494 25.722 153
1622722054336 25.573 154
1622722080680 26.073 155
1622722107203 26.254 156
1622722133894 26.414 157
1622722160563 26.378 158
1622722187594 26.756 159
1622722214343 26.479 160
1622722241340 26.725 161
1622722268881 27.272 162
1622722296593 27.442 163
1622722324289 27.422 164
1622722352038 27.478 165
1622722380464 28.16 166
1622722408949 28.216 167
1622722437603 28.385 168
1622722466489 28.617 169
1622722495336 28.581 170
1622722524490 28.884 171
1622722553504 28.743 172
1622722582596 28.823 173
1622722611965 29.099 174
1622722641661 29.427 175
1622722671042 29.113 176
1622722700991 29.68 177
1622722730919 29.658 178
1622722761229 30.041 179
1622722791470 29.968 180
1622722821684 29.945 181
1622722852018 30.064 182
1622722882716 30.43 183
1622722912993 30.007 184
1622722943515 30.254 185
1622722974788 31.004 186
1622723005804 30.746 187
1622723037171 31.096 188
1622723068394 30.957 189
1622723099851 31.188 190
1622723131705 31.584 191
1622723164007 32.009 192
1622723195997 31.721 193
1622723228614 32.346 194
1622723261123 32.237 195
1622723293917 32.525 196
1622723326569 32.38 197
1622723359598 32.758 198
1622723392750 32.882 199
1622723426090 33.069 200
1622723459608 33.246 201
1622723493129 33.252 202
1622723526962 33.563 203
1622723560938 33.708 204
1622723595278 34.068 205
1622723628970 33.422 206
1622723663235 33.996 207
1622723697557 34.052 208
1622723732389 34.562 209
1622723767102 34.444 210
1622723802233 34.864 211
1622723837423 34.923 212
1622723872759 35.067 213
1622723908389 35.361 214
1622723943825 35.167 215
1622723979601 35.511 216
1622724015539 35.666 217
1622724051491 35.683 218
1622724087657 35.898 219
1622724123927 36.0 220
1622724160534 36.339 221
1622724196944 36.14 222
1622724233900 36.687 223
1622724271015 36.846 224
1622724308051 36.756 225
1622724345137 36.809 226
1622724382924 37.513 227
1622724420331 37.136 228
1622724458133 37.53 229
1622724496307 37.904 230
1622724534005 37.429 231
1622724572390 38.118 232
1622724610946 38.285 233
1622724649335 38.123 234
1622724688239 38.637 235
1622724726795 38.286 236
1622724766064 39.003 237
1622724805369 39.038 238
1622724844906 39.269 239
1622724884269 39.094 240
1622724923726 39.186 241
1622724963243 39.249 242
1622725003111 39.598 243
1622725042980 39.6 244
1622725082887 39.637 245
1622725123365 40.211 246
1622725163825 40.192 247
1622725204628 40.535 248
1622725245441 40.545 249
1622725286605 40.895 250
1622725327920 41.047 251
1622725369384 41.194 252
1622725411029 41.375 253
1622725453018 41.72 254
1622725495200 41.912 255
1622725537478 42.007 256
1622725579945 42.2 257
1622725622181 41.971 258
1622725664550 42.08 259
1622725707113 42.292 260
1622725750572 43.189 261
1622725793431 42.591 262
1622725836578 42.876 263
1622725879796 42.949 264
1622725923660 43.592 265
1622725967191 43.261 266
1622726010843 43.38 267
1622726054897 43.783 268
1622726099292 44.125 269
1622726143853 44.29 270
1622726188518 44.394 271
1622726233115 44.324 272
1622726278403 45.012 273
1622726323849 45.167 274
1622726368839 44.708 275
1622726414094 44.984 276
1622726459571 45.207 277
1622726505187 45.344 278
1622726551041 45.585 279
1622726597104 45.795 280
1622726643270 45.895 281
1622726689705 46.17 282
1622726736400 46.429 283
1622726783165 46.5 284
1622726830063 46.63 285
1622726877108 46.773 286
1622726924117 46.737 287
1622726971154 46.765 288
1622727018288 46.859 289
1622727065973 47.415 290
1622727113724 47.479 291
1622727161369 47.361 292
1622727209224 47.584 293
1622727257550 48.055 294
1622727305624 47.801 295
1622727354169 48.271 296
1622727402904 48.464 297
1622727451469 48.296 298
1622727500493 48.752 299
1622727549795 49.033 300
1622727599296 49.232 301
1622727649012 49.442 302
1622727698439 49.159 303
1622727747854 49.148 304
1622727797580 49.461 305
1622727847609 49.761 306
1622727897739 49.861 307
1622727947805 49.8 308
1622727998311 50.236 309
1622728048607 50.026 310
1622728099212 50.336 311
1622728150069 50.585 312
1622728201186 50.848 313
1622728252263 50.806 314
1622728303348 50.816 315
1622728354721 51.102 316
1622728406525 51.534 317
1622728458331 51.536 318
1622728510219 51.621 319
1622728562386 51.898 320
1622728614409 51.753 321
1622728666746 52.067 322
1622728719206 52.189 323
1622728771880 52.405 324
1622728824792 52.643 325
1622728877845 52.774 326
1622728930878 52.755 327
1622728984418 53.269 328
1622729037708 53.022 329
1622729091257 53.281 330
1622729145137 53.613 331
1622729198548 53.146 332
1622729251787 52.969 333
1622729305545 53.49 334
1622729360203 54.39 335
1622729415271 54.797 336
1622729470088 54.544 337
1622729525116 54.758 338
1622729580337 54.945 339
1622729635498 54.889 340
1622729690752 54.985 341
1622729746348 55.322 342
1622729802091 55.472 343
1622729858849 56.484 344
1622729915446 56.323 345
1622729972094 56.374 346
1622730029197 56.831 347
1622730086398 56.927 348
1622730143547 56.877 349
1622730200799 56.982 350
1622730258228 57.156 351
1622730316174 57.677 352
1622730374069 57.628 353
1622730432163 57.824 354
1622730490174 57.74 355
1622730548267 57.818 356
1622730606724 58.186 357
1622730665377 58.381 358
1622730724006 58.35 359
1622730782727 58.441 360
1622730842348 59.346 361
1622730901577 58.955 362
1622730961019 59.17 363
1622731020614 59.325 364
1622731080256 59.37 365
1622731139894 59.368 366
1622731199569 59.405 367
1622731259397 59.556 368
1622731319322 59.652 369
1622731379701 60.106 370
1622731440160 60.184 371
1622731500718 60.291 372
1622731561465 60.477 373
1622731622286 60.55 374
1622731683300 60.74 375
1622731744301 60.731 376
1622731805427 60.854 377
1622731866722 61.027 378
1622731928338 61.344 379
1622731990054 61.443 380
1622732051752 61.426 381
1622732113861 61.835 382
1622732175832 61.694 383
1622732238254 62.149 384
1622732300702 62.175 385
1622732363207 62.236 386
1622732426130 62.652 387
1622732489416 63.014 388
1622732552942 63.252 389
1622732616091 62.877 390
1622732678838 62.473 391
1622732741058 61.949 392
1622732804164 62.823 393
1622732867209 62.769 394
1622732932651 65.169 395
1622732996148 63.227 396
1622733059737 63.32 397
1622733124454 64.448 398
1622733189384 64.66 399
1622733254550 64.897 400
1622733319310 64.491 401
1622733384838 65.254 402
1622733450364 65.251 403
1622733515967 65.332 404
1622733581789 65.548 405
1622733647744 65.682 406
1622733714158 66.141 407
1622733780221 65.789 408
1622733846915 66.418 409
1622733913400 66.216 410
1622733980473 66.798 411
1622734047734 66.988 412
1622734114968 66.958 413
1622734182976 67.737 414
1622734250942 67.693 415
1622734318297 67.076 416
1622734386123 67.557 417
1622734453831 67.434 418
1622734521666 67.568 419
1622734589482 67.547 420
1622734657137 67.386 421
1622734725632 68.228 422
1622734793488 67.587 423
1622734861848 68.092 424
1622734930035 67.918 425
1622734998513 68.194 426
1622735067437 68.653 427
1622735136313 68.603 428
1622735205220 68.637 429
1622735274203 68.711 430
1622735343530 69.056 431
1622735413216 69.414 432
1622735482643 69.16 433
1622735552278 69.364 434
1622735622157 69.609 435
1622735691959 69.533 436
1622735762048 69.815 437
1622735832642 70.327 438
1622735903578 70.664 439
1622735974526 70.679 440
1622736045414 70.616 441
1622736115850 70.17 442
1622736187011 70.892 443
1622736258063 70.785 444
1622736329447 71.116 445
1622736400454 70.736 446
1622736471517 70.793 447
1622736543434 71.647 448
1622736615472 71.767 449
1622736687655 71.913 450
1622736759848 71.925 451
1622736832491 72.373 452
1622736905183 72.423 453
1622736977804 72.349 454
1622737050278 72.203 455
1622737123310 72.762 456
1622737196846 73.264 457
1622737270535 73.42 458
1622737344429 73.625 459
1622737418301 73.601 460
1622737492131 73.553 461
1622737569644 77.241 462
1622737643857 73.941 463
1622737718492 74.362 464
1622737793008 74.248 465
1622737867361 74.084 466
1622737942423 74.795 467
1622738017872 75.18 468
1622738092882 74.744 469
1622738168144 74.993 470
1622738243405 74.992 471
1622738319102 75.423 472
1622738394897 75.525 473
1622738470550 75.383 474
1622738546151 75.331 475
1622738622527 76.108 476
1622738698610 75.815 477
1622738775120 76.24 478
1622738851501 76.11 479
1622738927967 76.195 480
1622739004514 76.276 481
1622739081919 77.136 482
1622739159431 77.241 483
1622739237075 77.372 484
1622739315239 77.895 485
1622739392991 77.484 486
1622739471534 78.275 487
1622739549285 77.48 488
1622739627688 78.136 489
1622739705992 78.036 490
1622739785375 79.115 491
1622739864213 78.571 492
1622739944160 79.671 493
1622740023737 79.297 494
1622740106441 82.431 495
1622740185629 78.916 496
1622740265109 79.21 497
1622740344327 78.947 498
1622740424280 79.682 499
1622740504690 80.138 500
