1622844070929 1.252 0
1622844073066 1.502 1
1622844075354 1.755 2
1622844077814 2.006 3
1622844080367 2.258 4
1622844083060 2.511 5
1622844085903 2.762 6
1622844088983 3.013 7
1622844092191 3.266 8
1622844095493 3.516 9
1622844099007 3.766 10
1622844102731 4.017 11
1622844106577 4.267 12
1622844110553 4.519 13
1622844114669 4.769 14
1622844118959 5.019 15
1622844123336 5.2700000000000005 16
1622844127992 5.524000000000001 17
1622844132744 5.775000000000001 18
1622844137699 6.026000000000002 19
1622844142813 6.275000000000001 20
1622844148026 6.527000000000001 21
1622844153463 6.777000000000001 22
1622844159008 7.027000000000001 23
1622844164817 7.278000000000001 24
1622844170684 7.528000000000001 25
1622844176732 7.778000000000001 26
1622844182841 8.028000000000002 27
1622844189259 8.279000000000002 28
1622844195845 8.533000000000001 29
1622844202436 8.783000000000001 30
1622844209204 9.032000000000002 31
1622844216160 9.282000000000002 32
1622844223252 9.532000000000002 33
1622844230529 9.783000000000001 34
1622844237962 10.032000000000002 35
1622844245637 10.282000000000002 36
1622844253497 10.534000000000002 37
1622844261459 10.783000000000003 38
1622844269497 11.032000000000004 39
1622844277694 11.282000000000004 40
1622844286164 11.535000000000004 41
1622844294639 11.784000000000004 42
1622844303497 12.036000000000005 43
1622844312399 12.286000000000005 44
1622844321471 12.535000000000005 45
1622844330620 12.784000000000006 46
1622844339999 13.036000000000007 47
1622844349605 13.285000000000007 48
1622844359359 13.535000000000007 49
1622844369129 13.787000000000008 50
1622844379076 14.038000000000007 51
1622844389139 14.289000000000007 52
1622844399426 14.538000000000007 53
1622844409821 14.787000000000008 54
1622844420408 15.040000000000008 55
1622844431180 15.290000000000008 56
1622844442098 15.541000000000007 57
1622844453247 15.792000000000007 58
1622844464515 16.041000000000007 59
1622844475928 16.29500000000001 60
1622844487562 16.54300000000001 61
1622844499188 16.79200000000001 62
1622844511063 17.04300000000001 63
1622844523076 17.29300000000001 64
1622844535247 17.54400000000001 65
1622844547612 17.79400000000001 66
1622844560179 18.04400000000001 67
1622844572705 18.29600000000001 68
1622844585501 18.54800000000001 69
1622844598382 18.79900000000001 70
1622844611463 19.04800000000001 71
1622844624807 19.297000000000008 72
1622844638276 19.547000000000008 73
1622844651805 19.79800000000001 74
1622844665663 20.04800000000001 75
1622844679561 20.297000000000008 76
1622844693693 20.549000000000007 77
1622844707909 20.796000000000006 78
1622844722396 21.046000000000006 79
1622844737057 21.296000000000006 80
1622844751566 21.549000000000007 81
1622844766293 21.799000000000007 82
1622844781306 22.053000000000008 83
1622844796520 22.303000000000008 84
1622844811975 22.55400000000001 85
1622844827408 22.803000000000008 86
1622844842953 23.052000000000007 87
1622844858727 23.301000000000005 88
1622844874671 23.551000000000005 89
1622844890722 23.801000000000005 90
1622844906953 24.051000000000005 91
1622844923370 24.302000000000007 92
1622844939908 24.551000000000005 93
1622844956660 24.800000000000004 94
1622844973478 25.048000000000005 95
1622844990550 25.297000000000004 96
1622845007756 25.551000000000005 97
1622845025206 25.804000000000006 98
1622845042795 26.054000000000006 99
1622845060489 26.304000000000006 100
1622845078176 26.554000000000006 101
1622845096132 26.804000000000006 102
1622845114363 27.052000000000007 103
1622845132617 27.301000000000005 104
1622845150987 27.551000000000005 105
1622845169544 27.800000000000004 106
1622845188322 28.048000000000005 107
1622845207137 28.298000000000005 108
1622845226078 28.547000000000004 109
1622845245265 28.798000000000005 110
1622845264448 29.049000000000007 111
1622845283995 29.298000000000005 112
1622845303584 29.547000000000004 113
1622845323254 29.794000000000004 114
1622845342988 30.044000000000004 115
1622845362935 30.293000000000003 116
1622845383115 30.539 117
1622845403536 30.786 118
1622845423918 31.036 119
1622845444672 31.291 120
1622845465484 31.54 121
1622845486586 31.788999999999998 122
1622845507818 32.041999999999994 123
1622845529204 32.291 124
1622845550747 32.541999999999994 125
1622845572605 32.791 126
1622845594457 33.038999999999994 127
1622845616265 33.288 128
1622845638521 33.538999999999994 129
1622845660763 33.791 130
1622845683057 34.044 131
1622845705681 34.296 132
1622845728633 34.547 133
1622845751480 34.796 134
1622845774586 35.044 135
1622845797838 35.293 136
1622845821114 35.541 137
1622845844660 35.791 138
1622845868291 36.041999999999994 139
1622845892180 36.29299999999999 140
1622845916225 36.541999999999994 141
1622845940392 36.791999999999994 142
1622845964727 37.041999999999994 143
1622845989228 37.291999999999994 144
1622846013770 37.541999999999994 145
1622846038617 37.791999999999994 146
1622846063330 38.041 147
1622846088391 38.291 148
1622846113418 38.54 149
1622846138804 38.791 150
1622846164291 39.04 151
1622846190056 39.288 152
1622846215809 39.535 153
1622846241776 39.784 154
1622846267973 40.032 155
1622846294247 40.281 156
1622846320662 40.534 157
1622846347464 40.784 158
1622846374161 41.035 159
1622846401160 41.285 160
1622846428450 41.537 161
1622846455535 41.785 162
1622846482810 42.035 163
1622846510397 42.282999999999994 164
1622846538314 42.532 165
1622846566329 42.782 166
1622846594441 43.031 167
1622846622711 43.287 168
1622846651106 43.534 169
1622846679641 43.783 170
1622846708442 44.032000000000004 171
1622846737413 44.281000000000006 172
1622846766449 44.531000000000006 173
1622846795528 44.77700000000001 174
1622846824638 45.02400000000001 175
1622846854106 45.27300000000001 176
1622846883573 45.52100000000001 177
1622846913247 45.77300000000001 178
1622846943379 46.02200000000001 179
1622846973586 46.27300000000001 180
1622847004180 46.52200000000001 181
1622847034555 46.77000000000001 182
1622847065043 47.01900000000001 183
1622847095800 47.26700000000001 184
1622847126818 47.52100000000001 185
1622847157793 47.77000000000001 186
1622847188976 48.01700000000001 187
1622847220267 48.26800000000001 188
1622847252057 48.51500000000001 189
1622847283942 48.763000000000005 190
1622847315843 49.019000000000005 191
1622847347909 49.267 192
1622847380134 49.517 193
1622847412422 49.765 194
1622847444801 50.014 195
1622847477517 50.264 196
1622847510399 50.512 197
1622847543540 50.76 198
1622847576874 51.01 199
1622847610025 51.259 200
1622847643356 51.508 201
1622847676964 51.757000000000005 202
1622847710934 52.00600000000001 203
1622847744462 52.25500000000001 204
1622847778666 52.50500000000001 205
1622847812659 52.75500000000001 206
1622847846955 53.00300000000001 207
1622847881399 53.251000000000005 208
1622847916022 53.501000000000005 209
1622847950778 53.749 210
1622847986000 53.998000000000005 211
1622848021059 54.248000000000005 212
1622848056425 54.496 213
1622848091525 54.744 214
1622848126742 54.995 215
1622848162586 55.245999999999995 216
1622848198351 55.495999999999995 217
1622848234399 55.745 218
1622848270715 55.992999999999995 219
1622848306788 56.245 220
1622848343219 56.494 221
1622848380181 56.744 222
1622848417270 56.992 223
1622848453863 57.242 224
1622848490961 57.497 225
1622848528300 57.748 226
1622848565829 57.998999999999995 227
1622848603528 58.251 228
1622848641093 58.5 229
1622848679091 58.748 230
1622848717262 58.998 231
1622848755650 59.247 232
1622848794173 59.499 233
1622848832627 59.75 234
1622848871081 59.999 235
1622848910335 60.247 236
1622848949246 60.496 237
1622848988579 60.747 238
1622849028048 60.996 239
1622849067684 61.245000000000005 240
1622849107317 61.496 241
1622849147508 61.746 242
1622849187661 61.998000000000005 243
1622849227876 62.24700000000001 244
1622849268563 62.49600000000001 245
1622849309341 62.74800000000001 246
1622849349858 62.997000000000014 247
1622849390611 63.246000000000016 248
1622849431395 63.496000000000016 249
1622849472201 63.74500000000002 250
1622849513475 63.996000000000016 251
1622849555134 64.24500000000002 252
1622849596695 64.49500000000002 253
1622849638598 64.74600000000002 254
1622849680508 64.99400000000003 255
1622849722418 65.24800000000003 256
1622849764331 65.49700000000003 257
1622849806705 65.74600000000002 258
1622849848950 65.99700000000003 259
1622849891587 66.24800000000003 260
1622849934304 66.49700000000003 261
1622849977257 66.74800000000003 262
1622850020291 67.00000000000003 263
1622850063405 67.24800000000003 264
1622850106947 67.49700000000003 265
1622850150493 67.74700000000003 266
1622850194057 67.99800000000003 267
1622850237798 68.24900000000004 268
1622850281649 68.49900000000004 269
1622850326177 68.74800000000003 270
1622850370377 68.99700000000003 271
1622850414840 69.24800000000003 272
1622850459466 69.49800000000003 273
1622850504541 69.74700000000003 274
1622850549427 69.99700000000003 275
1622850594670 70.25000000000003 276
1622850639834 70.50000000000003 277
1622850685232 70.74800000000003 278
1622850730597 71.00200000000004 279
1622850776475 71.25200000000004 280
1622850822747 71.50200000000004 281
1622850868775 71.75200000000004 282
1622850914800 72.00300000000004 283
1622850961263 72.25500000000004 284
1622851007736 72.49900000000004 285
1622851054601 72.74700000000004 286
1622851101108 72.99600000000004 287
1622851147979 73.24300000000004 288
1622851195292 73.49100000000004 289
1622851242343 73.73900000000005 290
1622851289677 73.98900000000005 291
1622851337199 74.23700000000005 292
1622851384769 74.48600000000005 293
1622851432860 74.73400000000005 294
1622851481016 74.98700000000005 295
1622851529408 75.23800000000006 296
1622851577933 75.48600000000006 297
1622851626567 75.73400000000007 298
1622851675405 75.98400000000007 299
1622851724220 76.23300000000006 300
1622851773191 76.48400000000007 301
1622851822481 76.73200000000007 302
1622851871735 76.98100000000007 303
1622851921047 77.23300000000006 304
1622851970602 77.48300000000006 305
1622852020566 77.73000000000006 306
1622852070650 77.97900000000006 307
1622852120709 78.22900000000006 308
1622852171170 78.48000000000006 309
1622852221335 78.72900000000006 310
1622852272191 78.98000000000006 311
1622852323150 79.22900000000006 312
1622852373772 79.47800000000005 313
1622852424888 79.72700000000005 314
1622852476287 79.97500000000005 315
1622852527700 80.22400000000005 316
1622852579311 80.47300000000004 317
1622852631305 80.72200000000004 318
1622852683345 80.97300000000004 319
1622852735741 81.22000000000004 320
1622852787997 81.46900000000004 321
1622852840485 81.71900000000004 322
1622852892675 81.96900000000004 323
1622852945546 82.21800000000003 324
1622852998196 82.46600000000004 325
1622853051120 82.71400000000004 326
1622853104355 82.96400000000004 327
1622853157303 83.22300000000004 328
1622853210886 83.47400000000005 329
1622853264312 83.72300000000004 330
1622853317917 83.97300000000004 331
1622853371736 84.22200000000004 332
1622853425791 84.47100000000003 333
1622853480032 84.72100000000003 334
1622853534275 84.97400000000003 335
1622853588927 85.22400000000003 336
1622853643496 85.47700000000003 337
1622853698367 85.72700000000003 338
1622853753255 85.97600000000003 339
1622853808260 86.22600000000003 340
1622853863228 86.47500000000002 341
1622853918971 86.72300000000003 342
1622853974425 86.97100000000003 343
1622854030375 87.22700000000003 344
1622854086369 87.47800000000004 345
1622854142355 87.72700000000003 346
1622854198527 87.97700000000003 347
1622854254711 88.23100000000004 348
1622854311166 88.48200000000004 349
1622854367601 88.73300000000005 350
1622854424545 88.98100000000005 351
1622854481270 89.23100000000005 352
1622854538444 89.47900000000006 353
1622854595747 89.72900000000006 354
1622854652855 89.97600000000006 355
1622854710092 90.22700000000006 356
1622854767609 90.47500000000007 357
1622854825200 90.72300000000007 358
1622854883387 90.97300000000007 359
1622854941756 91.22100000000007 360
1622855000271 91.47000000000007 361
1622855059023 91.72000000000007 362
1622855117671 91.97000000000007 363
1622855176572 92.21900000000007 364
1622855235721 92.46900000000007 365
1622855294655 92.71700000000007 366
1622855354090 92.96700000000007 367
1622855413798 93.21400000000007 368
1622855473052 93.46800000000007 369
1622855533147 93.71800000000007 370
1622855593213 93.96700000000007 371
1622855653466 94.21400000000007 372
1622855714030 94.46200000000007 373
1622855774420 94.71500000000007 374
1622855835360 94.97000000000007 375
1622855896076 95.21800000000007 376
1622855957137 95.46700000000007 377
1622856017937 95.71800000000007 378
1622856079167 95.96800000000007 379
1622856140840 96.22100000000007 380
1622856202263 96.47200000000008 381
1622856264368 96.72300000000008 382
1622856326181 96.97400000000009 383
1622856388453 97.22300000000008 384
1622856450584 97.47200000000008 385
1622856513043 97.72100000000007 386
1622856575286 97.97200000000008 387
1622856637883 98.22200000000008 388
1622856701052 98.47000000000008 389
1622856764261 98.72100000000009 390
1622856827377 98.97300000000008 391
1622856890503 99.22100000000009 392
1622856953874 99.4720000000001 393
1622857017283 99.72400000000009 394
1622857080989 99.97300000000008 395
1622857144737 100.22200000000008 396
1622857208858 100.47000000000008 397
1622857272903 100.71900000000008 398
1622857336949 100.96800000000007 399
1622857401612 101.21600000000008 400
1622857466465 101.46500000000007 401
1622857530890 101.71500000000007 402
1622857595837 101.96400000000007 403
1622857660657 102.21200000000007 404
1622857726244 102.46300000000008 405
1622857791495 102.71300000000008 406
1622857857094 102.96300000000008 407
1622857923081 103.21400000000008 408
1622857988551 103.46300000000008 409
1622858054355 103.71300000000008 410
1622858120600 103.97000000000008 411
1622858186718 104.22000000000008 412
1622858253358 104.47300000000008 413
1622858319798 104.72300000000008 414
1622858386627 104.97600000000008 415
1622858453650 105.22500000000008 416
1622858520918 105.47500000000008 417
1622858588101 105.72400000000007 418
1622858655162 105.97300000000007 419
1622858722623 106.22000000000007 420
1622858790141 106.46700000000007 421
1622858857967 106.71600000000007 422
1622858926001 106.96600000000007 423
1622858994407 107.21600000000007 424
1622859062627 107.46900000000007 425
1622859131374 107.71700000000007 426
1622859200255 107.96800000000007 427
1622859269238 108.21800000000007 428
1622859338461 108.46700000000007 429
1622859407827 108.71800000000007 430
1622859477620 108.96800000000007 431
1622859547405 109.21800000000007 432
1622859617293 109.46900000000008 433
1622859687443 109.71700000000008 434
1622859757752 109.96700000000008 435
1622859828107 110.21500000000009 436
1622859898278 110.4630000000001 437
1622859969015 110.7140000000001 438
1622860039763 110.9620000000001 439
1622860110812 111.2110000000001 440
1622860182375 111.4590000000001 441
1622860253878 111.7090000000001 442
1622860325426 111.9590000000001 443
1622860397260 112.2080000000001 444
1622860469425 112.4570000000001 445
1622860540999 112.7070000000001 446
1622860613032 112.9580000000001 447
1622860685224 113.2090000000001 448
1622860757583 113.4590000000001 449
1622860830046 113.7080000000001 450
1622860902597 113.9580000000001 451
1622860975190 114.2070000000001 452
1622861048257 114.4570000000001 453
1622861121529 114.70600000000009 454
1622861194810 114.9540000000001 455
1622861268070 115.2020000000001 456
1622861341491 115.45100000000009 457
1622861414841 115.70100000000009 458
1622861488563 115.95000000000009 459
1622861562366 116.20000000000009 460
1622861636927 116.45000000000009 461
1622861711090 116.69900000000008 462
1622861785651 116.94800000000008 463
1622861860089 117.19900000000008 464
1622861935239 117.45000000000009 465
1622862010474 117.69900000000008 466
1622862085469 117.94900000000008 467
1622862160825 118.19800000000008 468
1622862236261 118.45000000000007 469
1622862312156 118.70100000000008 470
1622862388112 118.95000000000007 471
1622862464011 119.20200000000007 472
1622862539835 119.45500000000007 473
1622862616050 119.70300000000007 474
1622862692296 119.95400000000008 475
1622862769015 120.20300000000007 476
1622862846182 120.45200000000007 477
1622862923311 120.70100000000006 478
1622863000094 120.94900000000007 479
1622863077143 121.19800000000006 480
1622863154028 121.44600000000007 481
1622863231649 121.69900000000007 482
1622863309032 121.94600000000007 483
1622863386420 122.19600000000007 484
1622863463698 122.44400000000007 485
1622863543071 122.69300000000007 486
1622863622330 122.94300000000007 487
1622863701865 123.19300000000007 488
1622863780937 123.44500000000006 489
1622863860382 123.69400000000006 490
1622863940136 123.94300000000005 491
1622864020057 124.19200000000005 492
1622864100135 124.44100000000005 493
1622864179674 124.68600000000005 494
1622864259387 124.93000000000005 495
1622864338391 125.17700000000005 496
1622864418306 125.42400000000005 497
1622864498624 125.67800000000005 498
1622864579295 125.92400000000005 499
1622864659381 126.16900000000005 500
