1622861243660 50 0
1622861245823 60 1
1622861248029 70 2
1622861250357 80 3
1622861252908 90 4
1622861255612 100 5
1622861258362 110 6
1622861261325 120 7
1622861264495 130 8
1622861267738 140 9
1622861271147 150 10
1622861274790 160 11
1622861278487 170 12
1622861282375 180 13
1622861286391 190 14
1622861290593 200 15
1622861294915 210 16
1622861299432 220 17
1622861304091 230 18
1622861308883 240 19
1622861313772 250 20
1622861318985 260 21
1622861324338 270 22
1622861329863 280 23
1622861335372 290 24
1622861341113 300 25
1622861347068 310 26
1622861353116 320 27
1622861359403 330 28
1622861365810 340 29
1622861372422 350 30
1622861379105 360 31
1622861385933 370 32
1622861393033 380 33
1622861400303 390 34
1622861407686 400 35
1622861415200 410 36
1622861422858 420 37
1622861430674 430 38
1622861438624 440 39
1622861446604 450 40
1622861454898 460 41
1622861463274 470 42
1622861471823 480 43
1622861480495 490 44
1622861489278 500 45
1622861498243 510 46
1622861507501 520 47
1622861516837 530 48
1622861526336 540 49
1622861535967 550 50
1622861545921 560 51
1622861555730 570 52
1622861565836 580 53
1622861576175 590 54
1622861586725 600 55
1622861597301 610 56
1622861607974 620 57
1622861618807 630 58
1622861629850 640 59
1622861641185 650 60
1622861652463 660 61
1622861664004 670 62
1622861675833 680 63
1622861687563 690 64
1622861699540 700 65
1622861711796 710 66
1622861724065 720 67
1622861736514 730 68
1622861749001 740 69
1622861761808 750 70
1622861774631 760 71
1622861787748 770 72
1622861801060 780 73
1622861814436 790 74
1622861827846 800 75
1622861841309 810 76
1622861855278 820 77
1622861869241 830 78
1622861883527 840 79
1622861897845 850 80
1622861912240 860 81
1622861926690 870 82
1622861941563 880 83
1622861956465 890 84
1622861971671 900 85
1622861986975 910 86
1622862002304 920 87
1622862017910 930 88
1622862033543 940 89
1622862049425 950 90
1622862065401 960 91
1622862081690 970 92
1622862097916 980 93
1622862114505 990 94
1622862131128 1000 95
1622862147994 1010 96
1622862164834 1020 97
1622862181826 1030 98
1622862199160 1040 99
1622862216532 1050 100
1622862234134 1060 101
1622862251812 1070 102
1622862269793 1080 103
1622862287864 1090 104
1622862306036 1100 105
1622862324460 1110 106
1622862343003 1120 107
1622862361812 1130 108
1622862380586 1140 109
1622862399551 1150 110
1622862418682 1160 111
1622862438072 1170 112
1622862457410 1180 113
1622862477063 1190 114
1622862496893 1200 115
1622862516977 1210 116
1622862537107 1220 117
1622862557355 1230 118
1622862577670 1240 119
1622862598195 1250 120
1622862618981 1260 121
1622862640040 1270 122
1622862661035 1280 123
1622862682088 1290 124
1622862703508 1300 125
1622862725015 1310 126
1622862746585 1320 127
1622862768399 1330 128
1622862790299 1340 129
1622862812391 1350 130
1622862834797 1360 131
1622862857049 1370 132
1622862879810 1380 133
1622862902375 1390 134
1622862925287 1400 135
1622862948335 1410 136
1622862971589 1420 137
1622862995057 1430 138
1622863018820 1440 139
1622863042386 1450 140
1622863066178 1460 141
1622863090229 1470 142
1622863114252 1480 143
1622863138545 1490 144
1622863163066 1500 145
1622863187737 1510 146
1622863212376 1520 147
1622863237117 1530 148
1622863262174 1540 149
1622863287258 1550 150
1622863312667 1560 151
1622863338311 1570 152
1622863364079 1580 153
1622863389944 1590 154
1622863415947 1600 155
1622863442164 1610 156
1622863468461 1620 157
1622863495064 1630 158
1622863521551 1640 159
1622863548590 1650 160
1622863575532 1660 161
1622863602819 1670 162
1622863629946 1680 163
1622863657313 1690 164
1622863684890 1700 165
1622863712826 1710 166
1622863740726 1720 167
1622863768673 1730 168
1622863797135 1740 169
1622863825580 1750 170
1622863854062 1760 171
1622863882556 1770 172
1622863911488 1780 173
1622863940515 1790 174
1622863969563 1800 175
1622863998804 1810 176
1622864028154 1820 177
1622864057875 1830 178
1622864087691 1840 179
1622864117541 1850 180
1622864147794 1860 181
1622864178213 1870 182
1622864208642 1880 183
1622864239402 1890 184
1622864270320 1900 185
1622864301343 1910 186
1622864332264 1920 187
1622864363449 1930 188
1622864394897 1940 189
1622864426250 1950 190
1622864457879 1960 191
1622864489760 1970 192
1622864521608 1980 193
1622864553606 1990 194
1622864585885 2000 195
1622864618412 2010 196
1622864650922 2020 197
1622864683679 2030 198
1622864716480 2040 199
1622864749389 2050 200
1622864782489 2060 201
1622864815913 2070 202
1622864849196 2080 203
1622864883051 2090 204
1622864916607 2100 205
1622864950491 2110 206
1622864984742 2120 207
1622865019000 2130 208
1622865053491 2140 209
1622865088146 2150 210
1622865122848 2160 211
1622865157767 2170 212
1622865192956 2180 213
1622865228324 2190 214
1622865263902 2200 215
1622865299390 2210 216
1622865334938 2220 217
1622865370821 2230 218
1622865406884 2240 219
1622865443363 2250 220
1622865480036 2260 221
1622865516574 2270 222
1622865553804 2280 223
1622865590410 2290 224
1622865627542 2300 225
1622865664722 2310 226
1622865701828 2320 227
1622865739284 2330 228
1622865777019 2340 229
1622865814744 2350 230
1622865852507 2360 231
1622865890444 2370 232
1622865928539 2380 233
1622865966933 2390 234
1622866005076 2400 235
1622866044034 2410 236
1622866082933 2420 237
1622866121916 2430 238
1622866161184 2440 239
1622866200388 2450 240
1622866239775 2460 241
1622866279336 2470 242
1622866319308 2480 243
1622866359194 2490 244
1622866399248 2500 245
1622866439655 2510 246
1622866479997 2520 247
1622866520587 2530 248
1622866561244 2540 249
1622866602000 2550 250
1622866643071 2560 251
1622866683677 2570 252
1622866725378 2580 253
1622866766790 2590 254
1622866808408 2600 255
1622866850169 2610 256
1622866892452 2620 257
1622866934581 2630 258
1622866976798 2640 259
1622867019303 2650 260
1622867061710 2660 261
1622867104317 2670 262
1622867147434 2680 263
1622867190579 2690 264
1622867233654 2700 265
1622867277046 2710 266
1622867320405 2720 267
1622867364110 2730 268
1622867407952 2740 269
1622867451687 2750 270
1622867495777 2760 271
1622867540056 2770 272
1622867584309 2780 273
1622867628692 2790 274
1622867673497 2800 275
1622867718360 2810 276
1622867763348 2820 277
1622867808557 2830 278
1622867853930 2840 279
1622867899441 2850 280
1622867945085 2860 281
1622867990860 2870 282
1622868037125 2880 283
1622868083291 2890 284
1622868129655 2900 285
1622868176173 2910 286
1622868223096 2920 287
1622868270035 2930 288
1622868317085 2940 289
1622868364054 2950 290
1622868410871 2960 291
1622868458515 2970 292
1622868506024 2980 293
1622868553641 2990 294
1622868601598 3000 295
1622868649805 3010 296
1622868698196 3020 297
1622868746663 3030 298
1622868795029 3040 299
1622868843690 3050 300
1622868892554 3060 301
1622868941570 3070 302
1622868990711 3080 303
1622869039944 3090 304
1622869089328 3100 305
1622869138874 3110 306
1622869188495 3120 307
1622869238387 3130 308
1622869288519 3140 309
1622869338742 3150 310
1622869389030 3160 311
1622869439570 3170 312
1622869490274 3180 313
1622869540881 3190 314
1622869591605 3200 315
1622869642714 3210 316
1622869693744 3220 317
1622869745467 3230 318
1622869796929 3240 319
1622869848594 3250 320
1622869900450 3260 321
1622869952490 3270 322
1622870004729 3280 323
1622870057156 3290 324
1622870109374 3300 325
1622870161789 3310 326
1622870214298 3320 327
1622870267259 3330 328
1622870320228 3340 329
1622870373569 3350 330
1622870426897 3360 331
1622870480280 3370 332
1622870533913 3380 333
1622870587655 3390 334
1622870641990 3400 335
1622870696357 3410 336
1622870750777 3420 337
1622870805755 3430 338
1622870860946 3440 339
1622870915805 3450 340
1622870971043 3460 341
1622871026307 3470 342
1622871081628 3480 343
1622871136883 3490 344
1622871192680 3500 345
1622871248730 3510 346
1622871305107 3520 347
1622871361439 3530 348
1622871417564 3540 349
1622871473532 3550 350
1622871530278 3560 351
1622871586821 3570 352
1622871643590 3580 353
1622871700842 3590 354
1622871757992 3600 355
1622871815601 3610 356
1622871872649 3620 357
1622871930217 3630 358
1622871987937 3640 359
1622872046075 3650 360
1622872104118 3660 361
1622872162394 3670 362
1622872220850 3680 363
1622872279600 3690 364
1622872338223 3700 365
1622872396919 3710 366
1622872456033 3720 367
1622872514819 3730 368
1622872573825 3740 369
1622872633670 3750 370
1622872693297 3760 371
1622872752946 3770 372
1622872812711 3780 373
1622872873266 3790 374
1622872933365 3800 375
1622872994242 3810 376
1622873055073 3820 377
1622873115794 3830 378
1622873176735 3840 379
1622873237828 3850 380
1622873299029 3860 381
1622873360398 3870 382
1622873421768 3880 383
1622873483769 3890 384
1622873545860 3900 385
1622873607949 3910 386
1622873670172 3920 387
1622873732629 3930 388
1622873795121 3940 389
1622873857764 3950 390
1622873920773 3960 391
1622873983661 3970 392
1622874046796 3980 393
1622874110316 3990 394
1622874174146 4000 395
1622874237640 4010 396
1622874301505 4020 397
1622874365437 4030 398
1622874429413 4040 399
1622874493838 4050 400
1622874558021 4060 401
1622874622406 4070 402
1622874687040 4080 403
1622874751770 4090 404
1622874816538 4100 405
1622874881527 4110 406
1622874946620 4120 407
1622875012097 4130 408
1622875077903 4140 409
1622875143590 4150 410
1622875209379 4160 411
1622875275125 4170 412
1622875341297 4180 413
1622875407778 4190 414
1622875474230 4200 415
1622875541040 4210 416
1622875607885 4220 417
1622875675062 4230 418
1622875742063 4240 419
1622875809276 4250 420
1622875877029 4260 421
1622875944463 4270 422
1622876011988 4280 423
1622876079553 4290 424
1622876147761 4300 425
1622876216085 4310 426
1622876284502 4320 427
1622876352734 4330 428
1622876421250 4340 429
1622876490323 4350 430
1622876559480 4360 431
1622876628739 4370 432
1622876698620 4380 433
1622876768177 4390 434
1622876837907 4400 435
1622876907994 4410 436
1622876977949 4420 437
1622877047692 4430 438
1622877118145 4440 439
1622877188555 4450 440
1622877258960 4460 441
1622877329580 4470 442
1622877400075 4480 443
1622877471334 4490 444
1622877542524 4500 445
1622877613794 4510 446
1622877685317 4520 447
1622877757226 4530 448
1622877828935 4540 449
1622877900783 4550 450
1622877973083 4560 451
1622878045594 4570 452
1622878118212 4580 453
1622878190927 4590 454
1622878264182 4600 455
1622878337043 4610 456
1622878410081 4620 457
1622878483208 4630 458
1622878556526 4640 459
1622878629929 4650 460
1622878703866 4660 461
1622878777913 4670 462
1622878851993 4680 463
1622878926273 4690 464
1622879000624 4700 465
1622879075251 4710 466
1622879149882 4720 467
1622879224497 4730 468
1622879299668 4740 469
1622879374899 4750 470
1622879450350 4760 471
1622879525875 4770 472
1622879601355 4780 473
1622879677116 4790 474
1622879752797 4800 475
1622879828709 4810 476
1622879904839 4820 477
1622879981267 4830 478
1622880057817 4840 479
1622880134367 4850 480
1622880210989 4860 481
1622880287935 4870 482
1622880365061 4880 483
1622880442357 4890 484
1622880519425 4900 485
1622880594849 4910 486
1622880670384 4920 487
1622880746961 4930 488
1622880825099 4940 489
1622880903534 4950 490
1622880982262 4960 491
1622881060932 4970 492
1622881139406 4980 493
1622881218683 4990 494
1622881297143 5000 495
1622881376033 5010 496
1622881455043 5020 497
1622881534142 5030 498
1622881613356 5040 499
1622881693197 5050 500
