1622861243653 -104.67019102665105 0
1622861245817 -45.104945888651415 1
1622861248023 -45.104945888651415 2
1622861250350 -45.104945888651415 3
1622861252902 -45.104945888651415 4
1622861255606 -45.104945888651415 5
1622861258356 -45.104945888651415 6
1622861261319 -45.104945888651415 7
1622861264489 -45.104945888651415 8
1622861267732 -45.104945888651415 9
1622861271141 -45.104945888651415 10
1622861274784 -45.104945888651415 11
1622861278480 -45.104945888651415 12
1622861282368 -45.104945888651415 13
1622861286384 -45.104945888651415 14
1622861290587 -45.104945888651415 15
1622861294909 -45.104945888651415 16
1622861299425 -45.104945888651415 17
1622861304085 -45.104945888651415 18
1622861308877 -45.104945888651415 19
1622861313766 -45.104945888651415 20
1622861318979 -45.104945888651415 21
1622861324332 -45.104945888651415 22
1622861329856 -45.104945888651415 23
1622861335366 -45.104945888651415 24
1622861341106 -45.104945888651415 25
1622861347061 -45.104945888651415 26
1622861353110 -45.104945888651415 27
1622861359396 -45.104945888651415 28
1622861365804 -45.104945888651415 29
1622861372415 -45.104945888651415 30
1622861379098 -45.104945888651415 31
1622861385927 -45.104945888651415 32
1622861393026 -45.104945888651415 33
1622861400297 -45.104945888651415 34
1622861407680 -45.104945888651415 35
1622861415193 -45.104945888651415 36
1622861422851 -45.104945888651415 37
1622861430668 -45.104945888651415 38
1622861438618 -45.104945888651415 39
1622861446598 -45.104945888651415 40
1622861454891 -45.104945888651415 41
1622861463268 -45.104945888651415 42
1622861471816 -45.104945888651415 43
1622861480489 -45.104945888651415 44
1622861489272 -45.104945888651415 45
1622861498236 -45.104945888651415 46
1622861507495 -45.104945888651415 47
1622861516830 -45.104945888651415 48
1622861526330 -45.104945888651415 49
1622861535960 -45.104945888651415 50
1622861545914 -45.104945888651415 51
1622861555724 -45.104945888651415 52
1622861565829 -45.104945888651415 53
1622861576169 -45.104945888651415 54
1622861586719 -45.104945888651415 55
1622861597295 -45.104945888651415 56
1622861607968 -45.104945888651415 57
1622861618800 -45.104945888651415 58
1622861629843 -45.104945888651415 59
1622861641178 -45.104945888651415 60
1622861652457 -45.104945888651415 61
1622861663997 -45.104945888651415 62
1622861675826 -45.104945888651415 63
1622861687556 -45.104945888651415 64
1622861699534 -45.104945888651415 65
1622861711790 -45.104945888651415 66
1622861724059 -45.104945888651415 67
1622861736507 -45.104945888651415 68
1622861748995 -45.104945888651415 69
1622861761802 -45.104945888651415 70
1622861774624 -45.104945888651415 71
1622861787741 -45.104945888651415 72
1622861801053 -45.104945888651415 73
1622861814430 -45.104945888651415 74
1622861827839 -45.104945888651415 75
1622861841303 -45.104945888651415 76
1622861855272 -45.104945888651415 77
1622861869234 -45.104945888651415 78
1622861883521 -45.104945888651415 79
1622861897838 -45.104945888651415 80
1622861912233 -45.104945888651415 81
1622861926684 -45.104945888651415 82
1622861941556 -45.104945888651415 83
1622861956459 -45.104945888651415 84
1622861971665 -45.104945888651415 85
1622861986968 -45.104945888651415 86
1622862002297 -45.104945888651415 87
1622862017904 -45.104945888651415 88
1622862033537 -45.104945888651415 89
1622862049419 -45.104945888651415 90
1622862065394 -45.104945888651415 91
1622862081684 -45.104945888651415 92
1622862097910 -45.104945888651415 93
1622862114498 -45.104945888651415 94
1622862131122 -45.104945888651415 95
1622862147988 -45.104945888651415 96
1622862164827 -45.104945888651415 97
1622862181820 -45.104945888651415 98
1622862199154 -45.104945888651415 99
1622862216526 -45.104945888651415 100
1622862234128 -45.104945888651415 101
1622862251806 -45.104945888651415 102
1622862269787 -45.104945888651415 103
1622862287857 -45.104945888651415 104
1622862306030 -45.104945888651415 105
1622862324453 -45.104945888651415 106
1622862342996 -45.104945888651415 107
1622862361805 -45.104945888651415 108
1622862380579 -45.104945888651415 109
1622862399545 -45.104945888651415 110
1622862418675 -45.104945888651415 111
1622862438065 -45.104945888651415 112
1622862457404 -45.104945888651415 113
1622862477057 -45.104945888651415 114
1622862496887 -45.104945888651415 115
1622862516970 -45.104945888651415 116
1622862537100 -45.104945888651415 117
1622862557348 -45.104945888651415 118
1622862577664 -45.104945888651415 119
1622862598189 -45.104945888651415 120
1622862618975 -45.104945888651415 121
1622862640034 -45.104945888651415 122
1622862661029 -45.104945888651415 123
1622862682082 -45.104945888651415 124
1622862703502 -45.104945888651415 125
1622862725009 -45.104945888651415 126
1622862746579 -45.104945888651415 127
1622862768393 -45.104945888651415 128
1622862790293 -45.104945888651415 129
1622862812384 -45.104945888651415 130
1622862834790 -45.104945888651415 131
1622862857043 -45.104945888651415 132
1622862879803 -45.104945888651415 133
1622862902369 -45.104945888651415 134
1622862925280 -45.104945888651415 135
1622862948329 -45.104945888651415 136
1622862971582 -45.104945888651415 137
1622862995051 -45.104945888651415 138
1622863018814 -45.104945888651415 139
1622863042379 -45.104945888651415 140
1622863066172 -45.104945888651415 141
1622863090222 -45.104945888651415 142
1622863114246 -45.104945888651415 143
1622863138539 -45.104945888651415 144
1622863163060 -45.104945888651415 145
1622863187730 -45.104945888651415 146
1622863212369 -45.104945888651415 147
1622863237111 -45.104945888651415 148
1622863262168 -45.104945888651415 149
1622863287251 -45.104945888651415 150
1622863312660 -45.104945888651415 151
1622863338305 -45.104945888651415 152
1622863364072 -45.104945888651415 153
1622863389937 -45.104945888651415 154
1622863415941 -45.104945888651415 155
1622863442157 -45.104945888651415 156
1622863468455 -45.104945888651415 157
1622863495057 -45.104945888651415 158
1622863521545 -45.104945888651415 159
1622863548583 -45.104945888651415 160
1622863575526 -45.104945888651415 161
1622863602813 -45.104945888651415 162
1622863629939 -45.104945888651415 163
1622863657306 -45.104945888651415 164
1622863684884 -45.104945888651415 165
1622863712820 -45.104945888651415 166
1622863740720 -45.104945888651415 167
1622863768666 -45.104945888651415 168
1622863797129 -45.104945888651415 169
1622863825574 -45.104945888651415 170
1622863854056 -45.104945888651415 171
1622863882549 -45.104945888651415 172
1622863911482 -45.104945888651415 173
1622863940509 -45.104945888651415 174
1622863969557 -45.104945888651415 175
1622863998797 -45.104945888651415 176
1622864028147 -45.104945888651415 177
1622864057869 -45.104945888651415 178
1622864087685 -45.104945888651415 179
1622864117535 -45.104945888651415 180
1622864147788 -45.104945888651415 181
1622864178207 -45.104945888651415 182
1622864208636 -45.104945888651415 183
1622864239396 -45.104945888651415 184
1622864270313 -45.104945888651415 185
1622864301336 -45.104945888651415 186
1622864332258 -45.104945888651415 187
1622864363442 -45.104945888651415 188
1622864394890 -45.104945888651415 189
1622864426244 -45.104945888651415 190
1622864457873 -45.104945888651415 191
1622864489753 -45.104945888651415 192
1622864521602 -45.104945888651415 193
1622864553600 -45.104945888651415 194
1622864585879 -45.104945888651415 195
1622864618405 -45.104945888651415 196
1622864650916 -45.104945888651415 197
1622864683672 -45.104945888651415 198
1622864716474 -45.104945888651415 199
1622864749383 -45.104945888651415 200
1622864782483 -45.104945888651415 201
1622864815907 -45.104945888651415 202
1622864849190 -45.104945888651415 203
1622864883045 -45.104945888651415 204
1622864916601 -45.104945888651415 205
1622864950485 -45.104945888651415 206
1622864984736 -45.104945888651415 207
1622865018994 -45.104945888651415 208
1622865053485 -45.104945888651415 209
1622865088140 -45.104945888651415 210
1622865122842 -45.104945888651415 211
1622865157760 -45.104945888651415 212
1622865192950 -45.104945888651415 213
1622865228317 -45.104945888651415 214
1622865263896 -45.104945888651415 215
1622865299384 -45.104945888651415 216
1622865334932 -45.104945888651415 217
1622865370814 -45.104945888651415 218
1622865406878 -45.104945888651415 219
1622865443357 -45.104945888651415 220
1622865480029 -45.104945888651415 221
1622865516567 -45.104945888651415 222
1622865553798 -45.104945888651415 223
1622865590404 -45.104945888651415 224
1622865627536 -45.104945888651415 225
1622865664715 -45.104945888651415 226
1622865701822 -45.104945888651415 227
1622865739277 -45.104945888651415 228
1622865777012 -45.104945888651415 229
1622865814737 -45.104945888651415 230
1622865852501 -45.104945888651415 231
1622865890438 -45.104945888651415 232
1622865928533 -45.104945888651415 233
1622865966926 -45.104945888651415 234
1622866005070 -45.104945888651415 235
1622866044027 -45.104945888651415 236
1622866082926 -45.104945888651415 237
1622866121909 -45.104945888651415 238
1622866161177 -45.104945888651415 239
1622866200382 -45.104945888651415 240
1622866239768 -45.104945888651415 241
1622866279330 -45.104945888651415 242
1622866319302 -45.104945888651415 243
1622866359188 -45.104945888651415 244
1622866399242 -45.104945888651415 245
1622866439648 -45.104945888651415 246
1622866479990 -45.104945888651415 247
1622866520581 -45.104945888651415 248
1622866561238 -45.104945888651415 249
1622866601994 -45.104945888651415 250
1622866643064 -45.104945888651415 251
1622866683670 -45.104945888651415 252
1622866725371 -45.104945888651415 253
1622866766784 -45.104945888651415 254
1622866808401 -45.104945888651415 255
1622866850163 -45.104945888651415 256
1622866892446 -45.104945888651415 257
1622866934574 -45.104945888651415 258
1622866976792 -45.104945888651415 259
1622867019297 -45.104945888651415 260
1622867061703 -45.104945888651415 261
1622867104310 -45.104945888651415 262
1622867147427 -45.104945888651415 263
1622867190573 -45.104945888651415 264
1622867233648 -45.104945888651415 265
1622867277040 -45.104945888651415 266
1622867320399 -45.104945888651415 267
1622867364104 -45.104945888651415 268
1622867407946 -45.104945888651415 269
1622867451680 -45.104945888651415 270
1622867495771 -45.104945888651415 271
1622867540049 -45.104945888651415 272
1622867584302 -45.104945888651415 273
1622867628685 -45.104945888651415 274
1622867673490 -45.104945888651415 275
1622867718352 -45.104945888651415 276
1622867763342 -45.104945888651415 277
1622867808551 -45.104945888651415 278
1622867853924 -45.104945888651415 279
1622867899434 -45.104945888651415 280
1622867945079 -45.104945888651415 281
1622867990853 -45.104945888651415 282
1622868037118 -45.104945888651415 283
1622868083284 -45.104945888651415 284
1622868129649 -45.104945888651415 285
1622868176166 -45.104945888651415 286
1622868223089 -45.104945888651415 287
1622868270028 -45.104945888651415 288
1622868317079 -45.104945888651415 289
1622868364048 -45.104945888651415 290
1622868410864 -45.104945888651415 291
1622868458508 -45.104945888651415 292
1622868506017 -45.104945888651415 293
1622868553635 -45.104945888651415 294
1622868601591 -45.104945888651415 295
1622868649798 -45.104945888651415 296
1622868698190 -45.104945888651415 297
1622868746657 -45.104945888651415 298
1622868795022 -45.104945888651415 299
1622868843684 -45.104945888651415 300
1622868892548 -45.104945888651415 301
1622868941563 -45.104945888651415 302
1622868990704 -45.104945888651415 303
1622869039938 -45.104945888651415 304
1622869089322 -45.104945888651415 305
1622869138868 -45.104945888651415 306
1622869188488 -45.104945888651415 307
1622869238381 -45.104945888651415 308
1622869288512 -45.104945888651415 309
1622869338736 -45.104945888651415 310
1622869389023 -45.104945888651415 311
1622869439563 -45.104945888651415 312
1622869490268 -45.104945888651415 313
1622869540875 -45.104945888651415 314
1622869591599 -45.104945888651415 315
1622869642707 -45.104945888651415 316
1622869693738 -45.104945888651415 317
1622869745460 -45.104945888651415 318
1622869796922 -45.104945888651415 319
1622869848588 -45.104945888651415 320
1622869900443 -45.104945888651415 321
1622869952484 -45.104945888651415 322
1622870004722 -45.104945888651415 323
1622870057149 -45.104945888651415 324
1622870109368 -45.104945888651415 325
1622870161782 -45.104945888651415 326
1622870214291 -45.104945888651415 327
1622870267252 -45.104945888651415 328
1622870320222 -45.104945888651415 329
1622870373563 -45.104945888651415 330
1622870426891 -45.104945888651415 331
1622870480274 -45.104945888651415 332
1622870533906 -45.104945888651415 333
1622870587649 -45.104945888651415 334
1622870641983 -45.104945888651415 335
1622870696351 -45.104945888651415 336
1622870750770 -45.104945888651415 337
1622870805748 -45.104945888651415 338
1622870860939 -45.104945888651415 339
1622870915798 -45.104945888651415 340
1622870971036 -45.104945888651415 341
1622871026301 -45.104945888651415 342
1622871081622 -45.104945888651415 343
1622871136877 -45.104945888651415 344
1622871192673 -45.104945888651415 345
1622871248723 -45.104945888651415 346
1622871305100 -45.104945888651415 347
1622871361433 -45.104945888651415 348
1622871417557 -45.104945888651415 349
1622871473525 -45.104945888651415 350
1622871530272 -45.104945888651415 351
1622871586815 -45.104945888651415 352
1622871643584 -45.104945888651415 353
1622871700835 -45.104945888651415 354
1622871757985 -45.104945888651415 355
1622871815595 -45.104945888651415 356
1622871872643 -45.104945888651415 357
1622871930210 -45.104945888651415 358
1622871987930 -45.104945888651415 359
1622872046069 -45.104945888651415 360
1622872104111 -45.104945888651415 361
1622872162387 -45.104945888651415 362
1622872220844 -45.104945888651415 363
1622872279594 -45.104945888651415 364
1622872338216 -45.104945888651415 365
1622872396913 -45.104945888651415 366
1622872456027 -45.104945888651415 367
1622872514813 -45.104945888651415 368
1622872573818 -45.104945888651415 369
1622872633663 -45.104945888651415 370
1622872693291 -45.104945888651415 371
1622872752940 -45.104945888651415 372
1622872812704 -45.104945888651415 373
1622872873260 -45.104945888651415 374
1622872933358 -45.104945888651415 375
1622872994236 -45.104945888651415 376
1622873055067 -45.104945888651415 377
1622873115788 -45.104945888651415 378
1622873176728 -45.104945888651415 379
1622873237821 -45.104945888651415 380
1622873299023 -45.104945888651415 381
1622873360392 -45.104945888651415 382
1622873421762 -45.104945888651415 383
1622873483763 -45.104945888651415 384
1622873545853 -45.104945888651415 385
1622873607943 -45.104945888651415 386
1622873670166 -45.104945888651415 387
1622873732623 -45.104945888651415 388
1622873795114 -45.104945888651415 389
1622873857758 -45.104945888651415 390
1622873920766 -45.104945888651415 391
1622873983655 -45.104945888651415 392
1622874046790 -45.104945888651415 393
1622874110310 -45.104945888651415 394
1622874174139 -45.104945888651415 395
1622874237634 -45.104945888651415 396
1622874301498 -45.104945888651415 397
1622874365431 -45.104945888651415 398
1622874429407 -45.104945888651415 399
1622874493832 -45.104945888651415 400
1622874558015 -45.104945888651415 401
1622874622399 -45.104945888651415 402
1622874687034 -45.104945888651415 403
1622874751764 -45.104945888651415 404
1622874816532 -45.104945888651415 405
1622874881520 -45.104945888651415 406
1622874946614 -45.104945888651415 407
1622875012091 -45.104945888651415 408
1622875077897 -45.104945888651415 409
1622875143583 -45.104945888651415 410
1622875209373 -45.104945888651415 411
1622875275118 -45.104945888651415 412
1622875341291 -45.104945888651415 413
1622875407771 -45.104945888651415 414
1622875474224 -45.104945888651415 415
1622875541033 -45.104945888651415 416
1622875607878 -45.104945888651415 417
1622875675055 -45.104945888651415 418
1622875742056 -45.104945888651415 419
1622875809269 -45.104945888651415 420
1622875877023 -45.104945888651415 421
1622875944457 -45.104945888651415 422
1622876011982 -45.104945888651415 423
1622876079547 -45.104945888651415 424
1622876147754 -45.104945888651415 425
1622876216078 -45.104945888651415 426
1622876284495 -45.104945888651415 427
1622876352728 -45.104945888651415 428
1622876421243 -45.104945888651415 429
1622876490316 -45.104945888651415 430
1622876559473 -45.104945888651415 431
1622876628733 -45.104945888651415 432
1622876698613 -45.104945888651415 433
1622876768171 -45.104945888651415 434
1622876837900 -45.104945888651415 435
1622876907987 -45.104945888651415 436
1622876977943 -45.104945888651415 437
1622877047686 -45.104945888651415 438
1622877118139 -45.104945888651415 439
1622877188549 -45.104945888651415 440
1622877258954 -45.104945888651415 441
1622877329573 -45.104945888651415 442
1622877400069 -45.104945888651415 443
1622877471328 -45.104945888651415 444
1622877542517 -45.104945888651415 445
1622877613788 -45.104945888651415 446
1622877685310 -45.104945888651415 447
1622877757219 -45.104945888651415 448
1622877828928 -45.104945888651415 449
1622877900776 -45.104945888651415 450
1622877973077 -45.104945888651415 451
1622878045588 -45.104945888651415 452
1622878118206 -45.104945888651415 453
1622878190921 -45.104945888651415 454
1622878264176 -45.104945888651415 455
1622878337036 -45.104945888651415 456
1622878410074 -45.104945888651415 457
1622878483202 -45.104945888651415 458
1622878556520 -45.104945888651415 459
1622878629922 -45.104945888651415 460
1622878703860 -45.104945888651415 461
1622878777907 -45.104945888651415 462
1622878851987 -45.104945888651415 463
1622878926267 -45.104945888651415 464
1622879000618 -45.104945888651415 465
1622879075244 -45.104945888651415 466
1622879149876 -45.104945888651415 467
1622879224490 -45.104945888651415 468
1622879299662 -45.104945888651415 469
1622879374893 -45.104945888651415 470
1622879450344 -45.104945888651415 471
1622879525868 -45.104945888651415 472
1622879601349 -45.104945888651415 473
1622879677110 -45.104945888651415 474
1622879752790 -45.104945888651415 475
1622879828703 -45.104945888651415 476
1622879904833 -45.104945888651415 477
1622879981260 -45.104945888651415 478
1622880057810 -45.104945888651415 479
1622880134361 -45.104945888651415 480
1622880210982 -45.104945888651415 481
1622880287928 -45.104945888651415 482
1622880365055 -45.104945888651415 483
1622880442351 -45.104945888651415 484
1622880519419 -45.104945888651415 485
1622880594843 -45.104945888651415 486
1622880670377 -45.104945888651415 487
1622880746955 -45.104945888651415 488
1622880825092 -45.104945888651415 489
1622880903528 -45.104945888651415 490
1622880982254 -45.104945888651415 491
1622881060925 -45.104945888651415 492
1622881139399 -45.104945888651415 493
1622881218676 -45.104945888651415 494
1622881297136 -45.104945888651415 495
1622881376026 -45.104945888651415 496
1622881455037 -45.104945888651415 497
1622881534136 -45.104945888651415 498
1622881613349 -45.104945888651415 499
1622881693190 -45.104945888651415 500
