1622630798762 50 0
1622630799580 100 1
1622630800580 150 2
1622630801744 200 3
1622630803096 250 4
1622630804642 300 5
1622630806347 350 6
1622630808232 400 7
1622630810268 450 8
1622630812544 500 9
1622630814993 550 10
1622630817586 600 11
1622630820377 650 12
1622630823390 700 13
1622630826506 750 14
1622630829810 800 15
1622630833294 850 16
1622630836995 900 17
1622630840825 950 18
1622630844852 1000 19
1622630849069 1050 20
1622630853451 1100 21
1622630858013 1150 22
1622630862727 1200 23
1622630867604 1250 24
1622630872676 1300 25
1622630877974 1350 26
1622630883422 1400 27
1622630889052 1450 28
1622630894840 1500 29
1622630900808 1550 30
1622630906948 1600 31
1622630913277 1650 32
1622630919842 1700 33
1622630926604 1750 34
1622630933483 1800 35
1622630940477 1850 36
1622630947719 1900 37
1622630955145 1950 38
1622630962762 2000 39
1622630970538 2050 40
1622630978509 2100 41
1622630986713 2150 42
1622630995078 2200 43
1622631003575 2250 44
1622631012325 2300 45
1622631021199 2350 46
1622631030273 2400 47
1622631039471 2450 48
1622631048864 2500 49
1622631058436 2550 50
1622631068158 2600 51
1622631078146 2650 52
1622631088265 2700 53
1622631098566 2750 54
1622631109058 2800 55
1622631119681 2850 56
1622631130596 2900 57
1622631141701 2950 58
1622631152915 3000 59
1622631164310 3050 60
1622631175857 3100 61
1622631187599 3150 62
1622631199479 3200 63
1622631211609 3250 64
1622631223893 3300 65
1622631236286 3350 66
1622631248944 3400 67
1622631261805 3450 68
1622631274803 3500 69
1622631288001 3550 70
1622631301443 3600 71
1622631315008 3650 72
1622631328731 3700 73
1622631342620 3750 74
1622631356823 3800 75
1622631371091 3850 76
1622631385550 3900 77
1622631400188 3950 78
1622631414998 4000 79
1622631429959 4050 80
1622631445206 4100 81
1622631460523 4150 82
1622631476001 4200 83
1622631491748 4250 84
1622631507671 4300 85
1622631523819 4350 86
1622631540000 4400 87
1622631556354 4450 88
1622631573003 4500 89
1622631589884 4550 90
1622631606817 4600 91
1622631623923 4650 92
1622631641332 4700 93
1622631658888 4750 94
1622631676568 4800 95
1622631694464 4850 96
1622631712489 4900 97
1622631730787 4950 98
1622631749204 5000 99
1622631767807 5050 100
1622631786714 5100 101
1622631805635 5150 102
1622631824839 5200 103
1622631844191 5250 104
1622631863697 5300 105
1622631883351 5350 106
1622631903164 5400 107
1622631923205 5450 108
1622631943395 5500 109
1622631963895 5550 110
1622631984600 5600 111
1622632005385 5650 112
1622632033950 5700 113
1622632055179 5750 114
1622632076741 5800 115
1622632098852 5850 116
1622632124856 5900 117
1622632148117 5950 118
1622632175509 6000 119
1622632208660 6050 120
1622632242106 6100 121
1622632265568 6150 122
1622632289343 6200 123
1622632313147 6250 124
1622632336448 6300 125
1622632359865 6350 126
1622632383384 6400 127
1622632407585 6450 128
1622632431574 6500 129
1622632455537 6550 130
1622632479625 6600 131
1622632504350 6650 132
1622632529045 6700 133
1622632554093 6750 134
1622632579187 6800 135
1622632604323 6850 136
1622632629710 6900 137
1622632655221 6950 138
1622632680764 7000 139
1622632706537 7050 140
1622632732677 7100 141
1622632758796 7150 142
1622632785189 7200 143
1622632811737 7250 144
1622632838321 7300 145
1622632866412 7350 146
1622632893837 7400 147
1622632921244 7450 148
1622632948680 7500 149
1622632976374 7550 150
1622633004490 7600 151
1622633032897 7650 152
1622633061617 7700 153
1622633090471 7750 154
1622633119442 7800 155
1622633148474 7850 156
1622633177972 7900 157
1622633207743 7950 158
1622633237561 8000 159
1622633267466 8050 160
1622633297603 8100 161
1622633327823 8150 162
1622633358243 8200 163
1622633388858 8250 164
1622633419584 8300 165
1622633451209 8350 166
1622633482204 8400 167
1622633513457 8450 168
1622633544564 8500 169
1622633576026 8550 170
1622633607653 8600 171
1622633639383 8650 172
1622633671327 8700 173
1622633703357 8750 174
1622633735610 8800 175
1622633768145 8850 176
1622633800828 8900 177
1622633833550 8950 178
1622633866469 9000 179
1622633899738 9050 180
1622633933263 9100 181
1622633966827 9150 182
1622634000545 9200 183
1622634034241 9250 184
1622634068259 9300 185
1622634102798 9350 186
1622634137314 9400 187
1622634171892 9450 188
1622634206684 9500 189
1622634241910 9550 190
1622634277295 9600 191
1622634313018 9650 192
1622634348698 9700 193
1622634384629 9750 194
1622634420481 9800 195
1622634456566 9850 196
1622634493155 9900 197
1622634529640 9950 198
1622634566324 10000 199
1622634603035 10050 200
1622634639844 10100 201
1622634677029 10150 202
1622634714338 10200 203
1622634751636 10250 204
1622634789498 10300 205
1622634827447 10350 206
1622634865599 10400 207
1622634903945 10450 208
1622634942285 10500 209
1622634980945 10550 210
1622635019761 10600 211
1622635058988 10650 212
1622635098163 10700 213
1622635137422 10750 214
1622635176856 10800 215
1622635216441 10850 216
1622635256342 10900 217
1622635296184 10950 218
1622635336211 11000 219
1622635376491 11050 220
1622635417067 11100 221
1622635457698 11150 222
1622635498620 11200 223
1622635539732 11250 224
1622635581284 11300 225
1622635622689 11350 226
1622635664255 11400 227
1622635706188 11450 228
1622635748359 11500 229
1622635790706 11550 230
1622635834445 11600 231
1622635877575 11650 232
1622635920977 11700 233
1622635964228 11750 234
1622636007838 11800 235
1622636051556 11850 236
1622636095267 11900 237
1622636139057 11950 238
1622636183178 12000 239
1622636227420 12050 240
1622636271717 12100 241
1622636316090 12150 242
1622636360981 12200 243
1622636406212 12250 244
1622636451605 12300 245
1622636497418 12350 246
1622636543205 12400 247
1622636588765 12450 248
1622636634535 12500 249
1622636680601 12550 250
1622636726956 12600 251
1622636773440 12650 252
1622636820141 12700 253
1622636866814 12750 254
1622636914004 12800 255
1622636961430 12850 256
1622637008996 12900 257
1622637056406 12950 258
1622637104027 13000 259
1622637152132 13050 260
1622637200294 13100 261
1622637248704 13150 262
1622637297387 13200 263
1622637345833 13250 264
1622637394355 13300 265
1622637443225 13350 266
1622637492400 13400 267
1622637541733 13450 268
1622637591065 13500 269
1622637640581 13550 270
1622637690283 13600 271
1622637740032 13650 272
1622637790180 13700 273
1622637840649 13750 274
1622637891185 13800 275
1622637942233 13850 276
1622637993265 13900 277
1622638044280 13950 278
1622638095595 14000 279
1622638147082 14050 280
1622638198741 14100 281
1622638250577 14150 282
1622638302533 14200 283
1622638354611 14250 284
1622638407019 14300 285
1622638459528 14350 286
1622638512182 14400 287
1622638565794 14450 288
1622638618968 14500 289
1622638672216 14550 290
1622638725735 14600 291
1622638779333 14650 292
1622638833173 14700 293
1622638887137 14750 294
1622638941208 14800 295
1622638995660 14850 296
1622639050229 14900 297
1622639105026 14950 298
1622639159756 15000 299
1622639214818 15050 300
1622639270056 15100 301
1622639325501 15150 302
1622639381317 15200 303
1622639436937 15250 304
1622639492802 15300 305
1622639548854 15350 306
1622639605108 15400 307
1622639661707 15450 308
1622639718476 15500 309
1622639775483 15550 310
1622639832690 15600 311
1622639890268 15650 312
1622639947942 15700 313
1622640005468 15750 314
1622640063281 15800 315
1622640121604 15850 316
1622640180283 15900 317
1622640238956 15950 318
1622640297835 16000 319
1622640356520 16050 320
1622640415396 16100 321
1622640474897 16150 322
1622640534316 16200 323
1622640594194 16250 324
1622640655192 16300 325
1622640714840 16350 326
1622640774459 16400 327
1622640834347 16450 328
1622640894643 16500 329
1622640957554 16550 330
1622641018732 16600 331
1622641081410 16650 332
1622641143363 16700 333
1622641204210 16750 334
1622641268163 16800 335
1622641329640 16850 336
1622641393082 16900 337
1622641454850 16950 338
1622641516513 17000 339
1622641578865 17050 340
1622641641095 17100 341
1622641703447 17150 342
1622641767793 17200 343
1622641830363 17250 344
1622641893193 17300 345
1622641956672 17350 346
1622642019985 17400 347
1622642086043 17450 348
1622642149957 17500 349
1622642213663 17550 350
1622642277569 17600 351
1622642341828 17650 352
1622642406454 17700 353
1622642543829 17750 354
1622642609923 17800 355
1622642675501 17850 356
1622642743140 17900 357
1622642809833 17950 358
1622642876384 18000 359
1622642942919 18050 360
1622643009358 18100 361
1622643076265 18150 362
1622643143550 18200 363
1622643210695 18250 364
1622643280418 18300 365
1622643347601 18350 366
1622643414833 18400 367
1622643482035 18450 368
1622643549898 18500 369
1622643618466 18550 370
1622643686142 18600 371
1622643754485 18650 372
1622643822387 18700 373
1622643890514 18750 374
1622643958970 18800 375
1622644027946 18850 376
1622644099983 18900 377
1622644169222 18950 378
1622644240540 19000 379
1622644310225 19050 380
1622644382546 19100 381
1622644452568 19150 382
1622644525238 19200 383
1622644595706 19250 384
1622644667610 19300 385
1622644739168 19350 386
1622644812295 19400 387
1622644883906 19450 388
1622644957162 19500 389
1622645030011 19550 390
1622645102112 19600 391
1622645174470 19650 392
1622645246966 19700 393
1622645321276 19750 394
1622645393946 19800 395
1622645466737 19850 396
1622645539686 19900 397
1622645614303 19950 398
1622645687998 20000 399
1622645762267 20050 400
1622645836911 20100 401
1622645919739 20150 402
1622645994793 20200 403
1622646068839 20250 404
1622646143083 20300 405
1622646217111 20350 406
1622646291176 20400 407
1622646365488 20450 408
1622646439962 20500 409
1622646514928 20550 410
1622646590856 20600 411
1622646667266 20650 412
1622646743399 20700 413
1622646820683 20750 414
1622646896923 20800 415
1622646973587 20850 416
1622647050499 20900 417
1622647127223 20950 418
1622647203884 21000 419
1622647280778 21050 420
1622647358012 21100 421
1622647435436 21150 422
1622647512969 21200 423
1622647590821 21250 424
1622647668733 21300 425
1622647746642 21350 426
1622647824573 21400 427
1622647902492 21450 428
1622647981258 21500 429
1622648059617 21550 430
1622648138231 21600 431
1622648216933 21650 432
1622648296437 21700 433
1622648375735 21750 434
1622648455100 21800 435
1622648537460 21850 436
1622648617859 21900 437
1622648699433 21950 438
1622648781860 22000 439
1622648863682 22050 440
1622648944402 22100 441
1622649024556 22150 442
1622649106315 22200 443
1622649187222 22250 444
1622649268469 22300 445
1622649349987 22350 446
1622649431441 22400 447
1622649513538 22450 448
1622649595396 22500 449
1622649677510 22550 450
1622649760056 22600 451
1622649842679 22650 452
1622649925909 22700 453
1622650008698 22750 454
1622650091999 22800 455
1622650175824 22850 456
1622650259026 22900 457
1622650343217 22950 458
1622650427222 23000 459
1622650511402 23050 460
1622650596457 23100 461
1622650681229 23150 462
1622650766865 23200 463
1622650852531 23250 464
1622650938208 23300 465
1622651024700 23350 466
1622651110316 23400 467
1622651197007 23450 468
1622651283758 23500 469
1622651370216 23550 470
1622651457013 23600 471
1622651543630 23650 472
1622651630795 23700 473
1622651718188 23750 474
1622651805907 23800 475
1622651892448 23850 476
1622651979325 23900 477
1622652066612 23950 478
1622652154591 24000 479
1622652242688 24050 480
1622652331016 24100 481
1622652419316 24150 482
1622652507616 24200 483
1622652597959 24250 484
1622652686413 24300 485
1622652775030 24350 486
1622652864274 24400 487
1622652953678 24450 488
1622653043433 24500 489
1622653132560 24550 490
1622653222284 24600 491
1622653312194 24650 492
1622653402334 24700 493
1622653492590 24750 494
1622653583062 24800 495
1622653673735 24850 496
1622653764468 24900 497
1622653855608 24950 498
1622653946303 25000 499
1622654038150 25050 500
