1622697817648 0.095 0
1622697818466 0.188 1
1622697819438 0.281 2
1622697820611 0.375 3
1622697821969 0.46799999999999997 4
1622697823480 0.5609999999999999 5
1622697825177 0.6529999999999999 6
1622697827092 0.7479999999999999 7
1622697829141 0.8429999999999999 8
1622697831350 0.9359999999999998 9
1622697833769 1.0279999999999998 10
1622697836347 1.1209999999999998 11
1622697839103 1.2119999999999997 12
1622697842057 1.3049999999999997 13
1622697845196 1.3969999999999998 14
1622697848506 1.4909999999999999 15
1622697851987 1.583 16
1622697855661 1.676 17
1622697859464 1.769 18
1622697863479 1.8619999999999999 19
1622697867671 1.9549999999999998 20
1622697872077 2.05 21
1622697876637 2.142 22
1622697881404 2.234 23
1622697886284 2.328 24
1622697891375 2.4179999999999997 25
1622697896681 2.5119999999999996 26
1622697902154 2.6039999999999996 27
1622697907787 2.6969999999999996 28
1622697913659 2.7899999999999996 29
1622697919636 2.8819999999999997 30
1622697925798 2.977 31
1622697932203 3.0709999999999997 32
1622697938753 3.163 33
1622697945421 3.255 34
1622697952313 3.348 35
1622697959437 3.441 36
1622697966700 3.532 37
1622697974109 3.625 38
1622697981773 3.716 39
1622697989578 3.809 40
1622697997540 3.9010000000000002 41
1622698005710 3.995 42
1622698014069 4.088 43
1622698022577 4.181 44
1622698031271 4.274 45
1622698040134 4.367 46
1622698049254 4.46 47
1622698058539 4.552 48
1622698067974 4.645 49
1622698077643 4.736 50
1622698087462 4.829 51
1622698097413 4.923 52
1622698107554 5.016 53
1622698117928 5.108 54
1622698128471 5.199999999999999 55
1622698139188 5.2909999999999995 56
1622698150063 5.382999999999999 57
1622698161092 5.474999999999999 58
1622698172321 5.567999999999999 59
1622698183757 5.661999999999999 60
1622698195360 5.754999999999999 61
1622698207173 5.847999999999999 62
1622698219118 5.941999999999999 63
1622698231233 6.036 64
1622698243561 6.127999999999999 65
1622698256121 6.220999999999999 66
1622698268692 6.312999999999999 67
1622698281444 6.406999999999999 68
1622698294494 6.5009999999999994 69
1622698307662 6.592 70
1622698321082 6.686 71
1622698334574 6.778 72
1622698348310 6.8709999999999996 73
1622698362156 6.962 74
1622698376399 7.055 75
1622698390705 7.148 76
1622698405207 7.237 77
1622698419865 7.33 78
1622698434666 7.421 79
1622698449642 7.514 80
1622698464850 7.6080000000000005 81
1622698480168 7.7010000000000005 82
1622698495638 7.790000000000001 83
1622698511354 7.883000000000001 84
1622698527368 7.976000000000001 85
1622698543443 8.07 86
1622698559649 8.164 87
1622698576179 8.258 88
1622698592809 8.35 89
1622698609554 8.443 90
1622698626590 8.533999999999999 91
1622698643677 8.626999999999999 92
1622698661000 8.720999999999998 93
1622698678594 8.813999999999998 94
1622698696255 8.908999999999999 95
1622698714175 9.002999999999998 96
1622698732146 9.093999999999998 97
1622698750303 9.187999999999997 98
1622698768701 9.281999999999996 99
1622698787329 9.373999999999997 100
1622698806118 9.465999999999998 101
1622698825016 9.555999999999997 102
1622698844151 9.649999999999997 103
1622698863429 9.738999999999997 104
1622698882971 9.829999999999997 105
1622698902571 9.920999999999996 106
1622698922255 10.011999999999995 107
1622698942184 10.101999999999995 108
1622698962387 10.193999999999996 109
1622698982779 10.285999999999996 110
1622699003232 10.376999999999995 111
1622699024006 10.468999999999996 112
1622699044898 10.561999999999996 113
1622699066021 10.654999999999996 114
1622699087247 10.746999999999996 115
1622699108651 10.839999999999996 116
1622699130280 10.932999999999996 117
1622699152109 11.024999999999997 118
1622699174041 11.117999999999997 119
1622699196224 11.209999999999997 120
1622699218490 11.302999999999997 121
1622699241121 11.391999999999998 122
1622699263796 11.480999999999998 123
1622699286678 11.569999999999999 124
1622699309762 11.658999999999999 125
1622699332904 11.748 126
1622699356260 11.835999999999999 127
1622699379671 11.926999999999998 128
1622699403360 12.017999999999997 129
1622699427137 12.112999999999998 130
1622699451171 12.203999999999997 131
1622699475474 12.297999999999996 132
1622699499907 12.390999999999996 133
1622699524513 12.482999999999997 134
1622699549161 12.571999999999997 135
1622699573893 12.663999999999998 136
1622699598985 12.755999999999998 137
1622699624197 12.845999999999998 138
1622699649458 12.934999999999999 139
1622699674987 13.024999999999999 140
1622699700670 13.113999999999999 141
1622699726488 13.203999999999999 142
1622699752349 13.294999999999998 143
1622699778521 13.382999999999997 144
1622699804727 13.471999999999998 145
1622699831136 13.561999999999998 146
1622699857562 13.652999999999997 147
1622699884251 13.742999999999997 148
1622699911053 13.833999999999996 149
1622699937900 13.925999999999997 150
1622699965007 14.013999999999996 151
1622699992943 14.102999999999996 152
1622700020262 14.191999999999997 153
1622700047687 14.280999999999997 154
1622700075173 14.370999999999997 155
1622700103037 14.460999999999997 156
1622700131214 14.548999999999996 157
1622700159795 14.637999999999996 158
1622700188218 14.728999999999996 159
1622700216913 14.819999999999995 160
1622700245905 14.910999999999994 161
1622700275109 15.000999999999994 162
1622700304638 15.090999999999994 163
1622700334240 15.180999999999994 164
1622700363932 15.268999999999993 165
1622700393767 15.357999999999993 166
1622700423720 15.446999999999994 167
1622700453945 15.536999999999994 168
1622700484390 15.629999999999994 169
1622700514928 15.721999999999994 170
1622700545656 15.812999999999994 171
1622700576405 15.906999999999993 172
1622700607330 15.995999999999993 173
1622700638353 16.087999999999994 174
1622700669582 16.176999999999992 175
1622700701235 16.267999999999994 176
1622700732641 16.358999999999995 177
1622700764414 16.446999999999996 178
1622700796195 16.534999999999997 179
1622700828056 16.626999999999995 180
1622700860234 16.716999999999995 181
1622700892519 16.807999999999996 182
1622700925098 16.899999999999995 183
1622700957842 16.991999999999994 184
1622700990870 17.085999999999995 185
1622701023869 17.178999999999995 186
1622701057038 17.270999999999994 187
1622701090559 17.361999999999995 188
1622701124170 17.451999999999995 189
1622701158055 17.541999999999994 190
1622701191933 17.633999999999993 191
1622701225998 17.725999999999992 192
1622701260327 17.815999999999992 193
1622701294930 17.90799999999999 194
1622701329446 17.99899999999999 195
1622701364328 18.08899999999999 196
1622701399349 18.17799999999999 197
1622701434522 18.26999999999999 198
1622701470441 18.364999999999988 199
1622701506363 18.456999999999987 200
1622701542619 18.546999999999986 201
1622701578859 18.638999999999985 202
1622701615345 18.729999999999986 203
1622701652424 18.820999999999987 204
1622701689567 18.910999999999987 205
1622701726670 19.000999999999987 206
1622701763717 19.091999999999988 207
1622701800985 19.181999999999988 208
1622701838646 19.27299999999999 209
1622701876348 19.36399999999999 210
1622701914497 19.45299999999999 211
1622701953035 19.544999999999987 212
1622701991719 19.636999999999986 213
1622702030700 19.728999999999985 214
1622702069768 19.820999999999984 215
1622702108872 19.913999999999984 216
1622702148294 20.006999999999984 217
1622702187637 20.100999999999985 218
1622702227161 20.192999999999984 219
1622702267118 20.284999999999982 220
1622702306949 20.378999999999984 221
1622702347090 20.469999999999985 222
1622702387446 20.560999999999986 223
1622702427943 20.651999999999987 224
1622702468803 20.742999999999988 225
1622702509520 20.83399999999999 226
1622702550649 20.925999999999988 227
1622702591782 21.018999999999988 228
1622702633132 21.107999999999986 229
1622702674680 21.199999999999985 230
1622702716297 21.292999999999985 231
1622702758327 21.385999999999985 232
1622702800483 21.478999999999985 233
1622702842756 21.571999999999985 234
1622702885449 21.662999999999986 235
1622702928163 21.753999999999987 236
1622702971031 21.845999999999986 237
1622703014069 21.937999999999985 238
1622703057294 22.031999999999986 239
1622703100786 22.123999999999985 240
1622703144550 22.215999999999983 241
1622703188299 22.308999999999983 242
1622703232105 22.402999999999984 243
1622703276261 22.495999999999984 244
1622703320585 22.588999999999984 245
1622703365215 22.682999999999986 246
1622703410161 22.776999999999987 247
1622703455049 22.870999999999988 248
1622703500271 22.963999999999988 249
1622703545621 23.056999999999988 250
1622703591066 23.15099999999999 251
1622703636851 23.24699999999999 252
1622703682857 23.33999999999999 253
1622703728647 23.43099999999999 254
1622703774884 23.52099999999999 255
1622703821396 23.61199999999999 256
1622703867809 23.70499999999999 257
1622703914838 23.79399999999999 258
1622703961694 23.88499999999999 259
1622704008646 23.975999999999992 260
1622704055789 24.066999999999993 261
1622704103210 24.158999999999992 262
1622704150764 24.24899999999999 263
1622704198558 24.339999999999993 264
1622704246580 24.433999999999994 265
1622704294641 24.526999999999994 266
1622704342771 24.619999999999994 267
1622704391317 24.713999999999995 268
1622704439612 24.804999999999996 269
1622704488437 24.897999999999996 270
1622704537242 24.991999999999997 271
1622704586466 25.083999999999996 272
1622704635677 25.176999999999996 273
1622704685284 25.267999999999997 274
1622704735099 25.359999999999996 275
1622704784834 25.450999999999997 276
1622704834761 25.541999999999998 277
1622704884727 25.634999999999998 278
1622704936235 25.816999999999997 279
1622704987096 25.908999999999995 280
1622705038229 26.001999999999995 281
1622705089804 26.093999999999994 282
1622705141306 26.184999999999995 283
1622705193143 26.274999999999995 284
1622705245197 26.364999999999995 285
1622705297337 26.455999999999996 286
1622705348931 26.549999999999997 287
1622705400792 26.641 288
1622705452815 26.732999999999997 289
1622705504615 26.822999999999997 290
1622705556911 26.920999999999996 291
1622705609188 27.008999999999997 292
1622705660814 27.096999999999998 293
1622705713453 27.186999999999998 294
1622705765395 27.275999999999996 295
1622705817280 27.367999999999995 296
1622705869673 27.457999999999995 297
1622705922311 27.547999999999995 298
1622705974777 27.635999999999996 299
1622706027576 27.726999999999997 300
1622706080483 27.817999999999998 301
1622706133616 27.909999999999997 302
1622706187001 28.002999999999997 303
1622706240389 28.095999999999997 304
1622706294032 28.190999999999995 305
1622706347755 28.283999999999995 306
1622706401777 28.375999999999994 307
1622706456169 28.468999999999994 308
1622706510481 28.559999999999995 309
1622706565114 28.653999999999996 310
1622706619979 28.747999999999998 311
1622706676029 28.840999999999998 312
1622706731419 28.932999999999996 313
1622706786763 29.025999999999996 314
1622706842511 29.118999999999996 315
1622706898358 29.213999999999995 316
1622706954323 29.306999999999995 317
1622707010569 29.395999999999994 318
1622707066886 29.487999999999992 319
1622707123385 29.580999999999992 320
1622707180121 29.674999999999994 321
1622707236918 29.766999999999992 322
1622707293966 29.857999999999993 323
1622707351362 29.948999999999995 324
1622707408956 30.042999999999996 325
1622707466648 30.134999999999994 326
1622707524668 30.226999999999993 327
1622707582548 30.319999999999993 328
1622707640468 30.413999999999994 329
1622707698571 30.505999999999993 330
1622707757386 30.596999999999994 331
1622707816194 30.686999999999994 332
1622707875083 30.777999999999995 333
1622707934178 30.869999999999994 334
1622707993672 30.961999999999993 335
1622708052988 31.054999999999993 336
1622708112653 31.148999999999994 337
1622708172401 31.238999999999994 338
1622708232032 31.328999999999994 339
1622708291882 31.420999999999992 340
1622708352108 31.51299999999999 341
1622708412727 31.603999999999992 342
1622708473240 31.694999999999993 343
1622708533832 31.784999999999993 344
1622708594977 31.874999999999993 345
1622708656066 31.965999999999994 346
1622708717471 32.056999999999995 347
1622708778923 32.148999999999994 348
1622708840603 32.24099999999999 349
1622708902774 32.333999999999996 350
1622708966004 32.424 351
1622709028621 32.516 352
1622709090991 32.608 353
1622709153507 32.699999999999996 354
1622709216734 32.791999999999994 355
1622709279656 32.882999999999996 356
1622709342973 32.974999999999994 357
1622709406398 33.068999999999996 358
1622709469742 33.162 359
1622709533156 33.255 360
1622709596887 33.348000000000006 361
1622709660895 33.440000000000005 362
1622709725340 33.532000000000004 363
1622709789787 33.623000000000005 364
1622709854507 33.71600000000001 365
1622709919066 33.80700000000001 366
1622709983883 33.89800000000001 367
1622710048827 33.991000000000014 368
1622710113928 34.08400000000002 369
1622710179243 34.17800000000002 370
1622710244969 34.27000000000002 371
1622710310617 34.36100000000002 372
1622710376594 34.45500000000002 373
1622710443458 34.54500000000002 374
1622710510957 34.639000000000024 375
1622710578380 34.730000000000025 376
1622710645281 34.822000000000024 377
1622710712325 34.91100000000002 378
1622710779207 35.001000000000026 379
1622710846402 35.09400000000003 380
1622710913819 35.18800000000003 381
1622710981651 35.28000000000003 382
1622711049568 35.376000000000026 383
1622711117660 35.47000000000003 384
1622711186141 35.562000000000026 385
1622711254854 35.657000000000025 386
1622711323598 35.75000000000003 387
1622711392755 35.84300000000003 388
1622711461452 35.93500000000003 389
1622711530510 36.02900000000003 390
1622711600176 36.122000000000035 391
1622711669762 36.21600000000004 392
1622711740039 36.31800000000003 393
1622711809778 36.412000000000035 394
1622711880141 36.50400000000003 395
1622711950398 36.595000000000034 396
1622712020810 36.68800000000004 397
1622712091687 36.77900000000004 398
1622712162462 36.87100000000004 399
1622712233665 36.96400000000004 400
1622712304931 37.057000000000045 401
1622712376499 37.152000000000044 402
1622712448215 37.243000000000045 403
1622712520099 37.33600000000005 404
1622712592087 37.42800000000005 405
1622712664396 37.51800000000005 406
1622712736445 37.611000000000054 407
1622712808664 37.70300000000005 408
1622712881154 37.794000000000054 409
1622712953812 37.88300000000005 410
1622713026524 37.976000000000056 411
1622713099471 38.06600000000006 412
1622713172713 38.16000000000006 413
1622713245916 38.253000000000064 414
