1622854409784 0.008 0
1622854411112 1.163 1
1622854412796 2.6790000000000003 2
1622854414831 4.548 3
1622854417237 6.787 4
1622854420009 9.392 5
1622854423139 12.350999999999999 6
1622854426652 15.694999999999999 7
1622854430478 19.357 8
1622854434669 23.386 9
1622854439209 27.759999999999998 10
1622854444102 32.483 11
1622854449326 37.541999999999994 12
1622854454957 43.00599999999999 13
1622854460965 48.84899999999999 14
1622854467254 54.97499999999999 15
1622854474003 61.56599999999999 16
1622854481087 68.48499999999999 17
1622854488594 75.82899999999998 18
1622854496376 83.44699999999997 19
1622854504608 91.50999999999998 20
1622854513235 99.97299999999997 21
1622854522074 108.64399999999998 22
1622854531191 117.59799999999998 23
1622854540788 127.02699999999999 24
1622854550810 136.88799999999998 25
1622854561161 147.07399999999998 26
1622854571846 157.58599999999998 27
1622854582935 168.50699999999998 28
1622854594316 179.724 29
1622854606570 191.814 30
1622854618707 203.792 31
1622854631327 216.246 32
1622854644285 229.042 33
1622854657476 242.068 34
1622854671078 255.501 35
1622854684930 269.19 36
1622854699281 283.377 37
1622854713961 297.897 38
1622854729030 312.808 39
1622854744392 328.007 40
1622854760199 343.65 41
1622854776254 359.541 42
1622854792709 375.831 43
1622854809316 392.278 44
1622854826356 409.161 45
1622854843726 426.373 46
1622854861507 443.99 47
1622854879603 461.92400000000004 48
1622854898202 480.36 49
1622854917174 499.165 50
1622854936598 518.428 51
1622854956311 537.942 52
1622854976518 557.976 53
1622854996836 578.135 54
1622855017520 598.658 55
1622855038668 619.642 56
1622855059949 640.7560000000001 57
1622855081775 662.416 58
1622855103991 684.4730000000001 59
1622855126545 706.8570000000001 60
1622855149460 729.6060000000001 61
1622855172695 752.6760000000002 62
1622855196165 775.9880000000002 63
1622855220292 799.9590000000002 64
1622855244423 823.9260000000002 65
1622855269031 848.3690000000001 66
1622855293962 873.1340000000001 67
1622855319413 898.4230000000001 68
1622855346810 925.6540000000001 69
1622855372721 951.3900000000001 70
1622855399423 977.9250000000001 71
1622855426081 1004.4230000000001 72
1622855453299 1031.4820000000002 73
1622855480766 1058.7800000000002 74
1622855508419 1086.2690000000002 75
1622855536618 1114.3070000000002 76
1622855565003 1142.5300000000002 77
1622855593862 1171.2320000000002 78
1622855622988 1200.1950000000002 79
1622855652548 1229.593 80
1622855682556 1259.4370000000001 81
1622855712793 1289.515 82
1622855743436 1319.997 83
1622855774499 1350.893 84
1622855806683 1382.913 85
1622855838441 1414.51 86
1622855870496 1446.406 87
1622855903029 1478.783 88
1622855935822 1511.418 89
1622855969104 1544.542 90
1622856002529 1577.8049999999998 91
1622856036361 1611.4709999999998 92
1622856070577 1645.5279999999998 93
1622856105062 1679.8529999999998 94
1622856140361 1714.9909999999998 95
1622856175835 1750.3039999999999 96
1622856211532 1785.84 97
1622856247443 1821.5849999999998 98
1622856283918 1857.898 99
1622856320904 1894.721 100
1622856358083 1931.734 101
1622856395532 1969.02 102
1622856433451 2006.778 103
1622856473743 2046.907 104
1622856512094 2085.092 105
1622856550900 2123.735 106
1622856590245 2162.9190000000003 107
1622856629716 2202.224 108
1622856669864 2242.203 109
1622856710036 2282.216 110
1622856750596 2322.5989999999997 111
1622856791727 2363.5579999999995 112
1622856833133 2404.8039999999996 113
1622856875148 2446.6569999999997 114
1622856917452 2488.7969999999996 115
1622856960245 2531.4239999999995 116
1622857003129 2574.1389999999997 117
1622857046874 2617.7219999999998 118
1622857090899 2661.5849999999996 119
1622857134931 2705.4509999999996 120
1622857179476 2749.8339999999994 121
1622857224472 2794.6649999999995 122
1622857269610 2839.6419999999994 123
1622857315342 2885.2109999999993 124
1622857361316 2931.0169999999994 125
1622857407681 2977.2109999999993 126
1622857454246 3023.6109999999994 127
1622857501266 3070.4659999999994 128
1622857548197 3117.2309999999993 129
1622857596584 3165.457999999999 130
1622857644820 3213.5319999999992 131
1622857692713 3261.263999999999 132
1622857740746 3309.131999999999 133
1622857789360 3357.577999999999 134
1622857838354 3406.401999999999 135
1622857887695 3455.571999999999 136
1622857936386 3504.0969999999993 137
1622857985370 3552.923999999999 138
1622858034694 3602.0899999999992 139
1622858084367 3651.6039999999994 140
1622858135368 3702.4439999999995 141
1622858187433 3754.3359999999993 142
1622858238140 3804.8769999999995 143
1622858289476 3856.0499999999993 144
1622858340790 3907.1799999999994 145
1622858393645 3959.7419999999993 146
1622858446734 4012.6659999999993 147
1622858500663 4066.428999999999 148
1622858553867 4119.467999999999 149
1622858607136 4172.576999999999 150
1622858661611 4226.889999999999 151
1622858715715 4280.834999999999 152
1622858771142 4336.098999999999 153
1622858826958 4391.748 154
1622858883234 4447.861 155
1622858938407 4502.873 156
1622858994090 4558.393 157
1622859050889 4615.027 158
1622859107538 4671.518 159
1622859164524 4728.342 160
1622859221880 4785.499 161
1622859279532 4842.992 162
1622859337383 4900.6810000000005 163
1622859395648 4958.780000000001 164
1622859454291 5017.264000000001 165
1622859513673 5076.486000000001 166
1622859573319 5135.972000000001 167
1622859633357 5195.845 168
1622859693388 5255.713000000001 169
1622859753993 5316.158 170
1622859815398 5377.406 171
1622859877122 5438.974 172
1622859939001 5500.696 173
1622860001128 5562.659 174
1622860063503 5624.87 175
1622860126347 5687.553 176
1622860189287 5750.33 177
1622860253065 5813.945 178
1622860316895 5877.612999999999 179
1622860381302 5941.8589999999995 180
1622860446305 6006.696 181
1622860511630 6071.845 182
1622860577262 6137.309 183
1622860643207 6203.089 184
1622860709126 6268.842 185
1622860775972 6335.5199999999995 186
1622860842754 6402.138999999999 187
1622860910253 6469.474999999999 188
1622860978223 6537.280999999999 189
1622861047473 6606.362999999999 190
1622861115892 6674.615 191
1622861184563 6743.12 192
1622861253492 6811.888 193
1622861323097 6881.326 194
1622861393048 6951.116 195
1622861463109 7021.016 196
1622861533579 7091.33 197
1622861604424 7162.0109999999995 198
1622861675897 7233.312999999999 199
1622861747349 7304.602999999999 200
1622861819406 7376.498 201
1622861892161 7449.088 202
1622861963237 7520.0 203
1622862036145 7592.751 204
1622862108699 7665.147 205
1622862182435 7738.718 206
1622862255996 7812.11 207
1622862328834 7884.784 208
1622862403374 7959.164 209
1622862477627 8033.254 210
1622862551506 8106.973 211
1622862625575 8180.888 212
1622862699817 8254.975 213
1622862774567 8329.566 214
1622862849436 8404.278 215
1622862925077 8479.762 216
1622863000341 8554.865 217
1622863076217 8630.576 218
1622863152337 8706.536999999998 219
1622863228527 8782.565999999999 220
1622863305127 8859.007 221
1622863382409 8936.127999999999 222
1622863460236 9013.787999999999 223
1622863538449 9091.844 224
1622863617503 9170.741999999998 225
1622863697271 9250.351999999999 226
1622863776356 9329.277999999998 227
1622863857797 9410.560999999998 228
1622863937683 9490.284999999998 229
1622864017624 9570.062999999998 230
1622864098756 9651.036999999998 231
1622864179839 9731.961 232
1622864260815 9812.774 233
1622864342213 9894.011999999999 234
1622864426980 9978.615999999998 235
1622864511570 10063.045999999998 236
1622864594305 10145.621 237
1622864677693 10228.848999999998 238
1622864762139 10313.139 239
1622864845872 10396.71 240
1622864929564 10480.244999999999 241
1622865013798 10564.317 242
1622865098716 10649.074999999999 243
1622865183722 10733.918999999998 244
1622865269113 10819.151999999998 245
1622865355517 10905.393999999998 246
1622865441762 10991.484999999999 247
1622865528980 11078.535999999998 248
1622865616213 11165.605999999998 249
1622865703748 11252.969999999998 250
1622865791762 11340.815999999997 251
1622865880568 11429.458999999997 252
1622865969559 11518.290999999997 253
1622866058653 11607.220999999998 254
1622866147821 11696.227999999997 255
1622866237178 11785.422999999997 256
1622866328199 11876.282999999998 257
1622866419018 11966.935999999998 258
1622866510212 12057.963999999998 259
1622866601873 12149.461999999998 260
1622866694409 12241.837999999998 261
1622866788052 12335.324999999997 262
1622866880428 12427.510999999997 263
1622866973336 12520.244999999997 264
1622867066605 12613.343999999997 265
1622867160021 12706.587999999998 266
1622867253706 12800.111999999997 267
1622867347695 12893.940999999997 268
1622867441425 12987.505999999998 269
1622867535692 13081.612999999998 270
1622867630295 13176.057999999997 271
1622867725235 13270.841999999997 272
1622867820668 13366.115999999996 273
1622867916278 13461.567999999996 274
1622868013152 13558.281999999996 275
1622868110472 13655.434999999996 276
1622868207934 13752.726999999995 277
1622868305215 13849.850999999995 278
1622868404299 13948.777999999995 279
1622868503305 14047.622999999994 280
1622868602218 14146.372999999994 281
1622868702229 14246.217999999993 282
1622868801861 14345.685999999994 283
1622868901964 14445.621999999994 284
1622869002296 14545.786999999995 285
1622869103939 14647.263999999996 286
1622869204106 14747.265999999996 287
1622869305315 14848.310999999996 288
1622869406858 14949.691999999995 289
1622869508668 15051.338999999996 290
1622869610540 15153.050999999996 291
1622869713296 15255.643999999997 292
1622869816270 15358.451999999997 293
1622869919255 15461.277999999997 294
1622870023537 15565.401999999996 295
1622870128171 15669.873999999996 296
1622870232647 15774.188999999997 297
1622870337493 15878.872999999996 298
1622870440785 15982.002999999995 299
1622870546503 16087.564999999995 300
1622870650131 16191.032999999996 301
1622870756712 16297.427999999996 302
1622870861349 16401.901999999995 303
1622870966132 16506.524999999994 304
1622871071584 16611.813999999995 305
1622871176838 16716.899999999994 306
1622871282307 16822.206999999995 307
1622871388269 16928.005999999994 308
1622871494662 17034.232999999993 309
1622871601336 17140.74399999999 310
1622871708546 17247.78999999999 311
1622871816109 17355.18599999999 312
1622871923618 17462.52999999999 313
1622872033329 17572.07699999999 314
1622872141815 17680.39599999999 315
1622872249554 17787.96799999999 316
1622872357448 17895.69799999999 317
1622872466291 18004.37899999999 318
1622872575316 18113.24199999999 319
1622872684352 18222.11299999999 320
1622872793695 18331.29199999999 321
1622872903523 18440.96199999999 322
1622873013724 18551.00299999999 323
1622873124476 18661.58799999999 324
1622873235725 18772.67599999999 325
1622873348817 18885.595999999987 326
1622873463614 19000.226999999988 327
1622873576642 19113.081999999988 328
1622873689831 19226.10599999999 329
1622873803449 19339.55399999999 330
1622873917705 19453.637999999988 331
1622874032470 19568.23299999999 332
1622874147203 19682.80099999999 333
1622874262980 19798.41299999999 334
1622874378078 19913.34399999999 335
1622874493667 20028.76499999999 336
1622874610273 20145.206999999988 337
1622874726366 20261.135999999988 338
1622874842675 20377.279999999988 339
1622874961988 20496.42699999999 340
1622875079193 20613.46399999999 341
1622875196617 20730.726999999988 342
1622875315687 20849.62799999999 343
1622875434142 20967.91199999999 344
1622875553359 21086.956999999988 345
1622875675293 21208.719999999987 346
1622875795751 21329.008999999987 347
1622875917122 21450.21199999999 348
1622876039938 21572.866999999987 349
1622876160222 21692.987999999987 350
1622876280804 21813.397999999986 351
1622876402183 21934.613999999987 352
1622876524458 22056.724999999988 353
1622876646941 22179.04999999999 354
1622876771362 22303.309999999987 355
1622876896012 22427.796999999988 356
1622877021003 22552.627999999986 357
1622877146346 22677.807999999986 358
1622877271593 22802.891999999985 359
1622877397194 22928.333999999984 360
1622877523712 23054.680999999986 361
1622877649830 23180.635999999988 362
1622877775819 23306.46099999999 363
1622877904276 23434.74899999999 364
1622878029518 23559.82799999999 365
1622878155616 23685.75399999999 366
1622878283317 23813.28699999999 367
1622878412776 23942.581999999988 368
1622878540637 24070.275999999987 369
1622878668932 24198.411999999986 370
1622878797035 24326.352999999985 371
1622878926749 24455.900999999983 372
1622879056357 24585.340999999982 373
1622879186523 24715.346999999983 374
1622879316028 24844.689999999984 375
1622879445941 24974.433999999983 376
1622879577416 25105.74899999998 377
1622879707991 25236.08299999998 378
1622879838752 25366.68199999998 379
1622879970155 25497.927999999978 380
1622880102326 25629.93499999998 381
1622880234350 25761.79699999998 382
1622880367349 25894.63299999998 383
1622880499770 26026.88999999998 384
1622880632827 26159.77899999998 385
1622880766365 26293.14799999998 386
1622880899820 26426.43899999998 387
1622881033737 26560.18899999998 388
1622881168267 26694.55799999998 389
1622881304138 26830.26299999998 390
1622881440127 26966.092999999983 391
1622881576122 27101.919999999984 392
1622881713169 27238.796999999984 393
1622881849386 27374.848999999984 394
1622881991660 27516.955999999984 395
1622882130620 27655.743999999984 396
1622882268723 27793.682999999983 397
1622882408488 27933.278999999984 398
1622882548451 28073.076999999983 399
1622882688670 28213.129999999983 400
1622882828911 28353.209999999985 401
1622882970981 28495.117999999984 402
1622883111159 28635.134999999984 403
1622883251499 28775.312999999984 404
1622883393332 28916.984999999982 405
1622883535117 29058.60699999998 406
1622883677106 29200.433999999983 407
1622883818213 29341.379999999983 408
1622883960643 29483.647999999983 409
1622884102826 29625.667999999983 410
1622884246049 29768.721999999983 411
1622884389543 29912.051999999985 412
1622884534975 30057.320999999985 413
1622884679131 30201.305999999986 414
1622884824220 30346.226999999984 415
1622884969331 30491.179999999986 416
1622885113985 30635.670999999988 417
1622885260759 30782.276999999987 418
1622885406670 30928.028999999988 419
1622885555802 31076.994999999988 420
1622885703866 31224.89299999999 421
1622885851192 31372.05799999999 422
1622885998460 31519.16299999999 423
1622886146607 31667.15099999999 424
1622886296590 31816.97199999999 425
1622886445486 31965.70499999999 426
1622886594569 32114.62999999999 427
1622886745602 32265.49799999999 428
1622886896542 32416.26999999999 429
1622887048430 32567.98899999999 430
1622887200078 32719.47299999999 431
1622887352651 32871.88399999999 432
1622887503556 33022.62299999999 433
1622887655254 33174.15499999999 434
1622887807171 33325.90599999999 435
1622887959710 33478.27999999999 436
1622888112605 33631.01399999999 437
1622888267361 33785.60899999999 438
1622888421374 33939.46099999999 439
1622888575554 34093.482999999986 440
1622888729554 34247.31899999999 441
1622888884312 34401.914999999986 442
1622889038857 34556.296999999984 443
1622889193847 34711.12599999998 444
1622889349656 34866.77299999998 445
1622889506040 35022.99299999998 446
1622889663232 35180.01599999998 447
1622889821566 35338.18499999998 448
1622889978612 35495.065999999984 449
1622890135712 35651.91599999998 450
1622890293691 35809.711999999985 451
1622890452040 35967.89299999998 452
1622890609957 36125.64599999998 453
1622890769480 36285.00899999998 454
1622890927541 36442.898999999976 455
1622891086507 36601.69899999998 456
1622891245915 36760.94299999998 457
1622891406273 36921.13699999998 458
1622891578005 37092.58599999998 459
1622891738173 37252.58899999998 460
1622891898890 37413.14399999998 461
1622892060113 37574.201999999976 462
1622892221296 37735.222999999976 463
1622892384151 37897.907999999974 464
1622892546952 38060.540999999976 465
1622892709794 38223.21399999998 466
1622892871920 38385.17699999998 467
1622893034479 38547.56899999998 468
1622893198002 38710.92299999998 469
1622893361837 38874.59199999998 470
1622893526977 39039.56099999998 471
1622893691526 39203.936999999976 472
1622893857836 39370.08099999998 473
1622894023643 39535.72199999998 474
1622894190573 39702.48799999998 475
1622894357420 39869.17699999998 476
1622894525176 40036.76799999998 477
1622894693369 40204.79599999998 478
1622894861290 40372.55299999998 479
1622895029174 40540.27499999998 480
1622895197183 40708.12499999998 481
1622895365379 40876.15499999998 482
1622895534416 41045.02699999998 483
1622895704297 41214.74399999998 484
1622895875944 41386.222999999976 485
1622896045390 41555.502999999975 486
1622896217242 41727.18399999997 487
1622896389814 41899.591999999975 488
1622896563126 42072.74499999997 489
1622896736589 42246.040999999976 490
1622896909616 42418.90399999997 491
1622897082728 42591.852999999974 492
1622897262571 42771.52699999997 493
1622897441182 42949.97499999997 494
1622897624334 43132.96299999997 495
1622897804114 43312.577999999965 496
1622897985308 43493.609999999964 497
1622898170185 43678.325999999965 498
1622898354319 43862.295999999966 499
1622898537284 44045.09799999997 500
