1622748280148 0.38 0
1622748280690 0.455 1
1622748281260 0.53 2
1622748281845 0.605 3
1622748282999 0.753 4
1622748284078 0.896 5
1622748284813 0.991 6
1622748285535 1.067 7
1622748286292 1.143 8
1622748287085 1.218 9
1622748287900 1.293 10
1622748288771 1.3679999999999999 11
1622748289665 1.4429999999999998 12
1622748290593 1.5179999999999998 13
1622748291568 1.5939999999999999 14
1622748292571 1.67 15
1622748293617 1.746 16
1622748294716 1.822 17
1622748295836 1.8980000000000001 18
1622748297008 1.973 19
1622748298199 2.049 20
1622748299412 2.124 21
1622748300671 2.2 22
1622748301977 2.277 23
1622748303314 2.353 24
1622748304687 2.43 25
1622748306084 2.5060000000000002 26
1622748307532 2.5810000000000004 27
1622748309004 2.6570000000000005 28
1622748310532 2.7330000000000005 29
1622748312095 2.8090000000000006 30
1622748313687 2.8850000000000007 31
1622748315312 2.9610000000000007 32
1622748316978 3.036000000000001 33
1622748318657 3.111000000000001 34
1622748320407 3.187000000000001 35
1622748322139 3.2630000000000012 36
1622748323944 3.3380000000000014 37
1622748325784 3.4140000000000015 38
1622748327673 3.4890000000000017 39
1622748329605 3.5650000000000017 40
1622748331580 3.6430000000000016 41
1622748333619 3.7200000000000015 42
1622748335677 3.7960000000000016 43
1622748337738 3.8730000000000016 44
1622748339829 3.9500000000000015 45
1622748341956 4.026000000000002 46
1622748344108 4.101000000000002 47
1622748346318 4.176000000000002 48
1622748348607 4.253000000000002 49
1622748350888 4.3290000000000015 50
1622748353212 4.4060000000000015 51
1622748355685 4.483000000000001 52
1622748358034 4.561000000000002 53
1622748360444 4.638000000000002 54
1622748362899 4.714000000000001 55
1622748365400 4.790000000000001 56
1622748367914 4.8660000000000005 57
1622748370456 4.941000000000001 58
1622748373044 5.016000000000001 59
1622748375683 5.0920000000000005 60
1622748378354 5.168 61
1622748381056 5.244 62
1622748383774 5.321 63
1622748386559 5.398 64
1622748389394 5.473999999999999 65
1622748392261 5.550999999999999 66
1622748395149 5.626999999999999 67
1622748398083 5.7029999999999985 68
1622748401061 5.777999999999999 69
1622748404079 5.853999999999998 70
1622748407173 5.929999999999998 71
1622748410293 6.006999999999998 72
1622748413346 6.083999999999998 73
1622748416467 6.160999999999998 74
1622748419673 6.237999999999998 75
1622748422870 6.314999999999998 76
1622748426098 6.389999999999998 77
1622748429379 6.4659999999999975 78
1622748432691 6.541999999999997 79
1622748435991 6.618999999999997 80
1622748439362 6.694999999999997 81
1622748442808 6.770999999999996 82
1622748446286 6.848999999999997 83
1622748449758 6.925999999999997 84
1622748453298 7.002999999999997 85
1622748456823 7.0799999999999965 86
1622748460404 7.154999999999997 87
1622748464076 7.231999999999997 88
1622748467742 7.307999999999996 89
1622748471452 7.384999999999996 90
1622748475117 7.461999999999996 91
1622748478918 7.537999999999996 92
1622748482741 7.612999999999996 93
1622748486624 7.688999999999996 94
1622748490625 7.764999999999995 95
1622748494925 7.846999999999995 96
1622748499160 7.9279999999999955 97
1622748503367 8.005999999999995 98
1622748507522 8.084999999999996 99
1622748511600 8.160999999999996 100
1622748515761 8.237999999999996 101
1622748519881 8.312999999999995 102
1622748524057 8.389999999999995 103
1622748528230 8.466999999999995 104
1622748532407 8.542999999999996 105
1622748536683 8.617999999999995 106
1622748540950 8.693999999999996 107
1622748545288 8.769999999999996 108
1622748549672 8.845999999999997 109
1622748554052 8.920999999999996 110
1622748558513 8.995999999999995 111
1622748562992 9.070999999999994 112
1622748567551 9.145999999999994 113
1622748572147 9.221999999999994 114
1622748576766 9.297999999999995 115
1622748581383 9.373999999999995 116
1622748586107 9.449999999999996 117
1622748590863 9.525999999999996 118
1622748595656 9.601999999999997 119
1622748600441 9.677999999999997 120
1622748605224 9.753999999999998 121
1622748610065 9.829999999999998 122
1622748614900 9.907999999999998 123
1622748619780 9.983999999999998 124
1622748624753 10.058999999999997 125
1622748629733 10.134999999999998 126
1622748634710 10.210999999999999 127
1622748639769 10.285999999999998 128
1622748644862 10.361999999999998 129
1622748649990 10.436999999999998 130
1622748655182 10.513999999999998 131
1622748660393 10.588999999999997 132
1622748665665 10.665999999999997 133
1622748670948 10.742999999999997 134
1622748676248 10.818999999999997 135
1622748681592 10.894999999999998 136
1622748687002 10.970999999999998 137
1622748692399 11.046999999999999 138
1622748697840 11.123 139
1622748703343 11.199 140
1622748708902 11.275 141
1622748714439 11.351 142
1622748720037 11.427000000000001 143
1622748725640 11.502 144
1622748731266 11.579 145
1622748736994 11.654 146
1622748742731 11.729 147
1622748748586 11.805 148
1622748754397 11.879999999999999 149
1622748760336 11.956999999999999 150
1622748766234 12.033 151
1622748772224 12.110999999999999 152
1622748778219 12.187 153
1622748784261 12.263 154
1622748790362 12.339 155
1622748796474 12.415000000000001 156
1622748802627 12.491000000000001 157
1622748808863 12.567000000000002 158
1622748815116 12.643000000000002 159
1622748821423 12.720000000000002 160
1622748827679 12.795000000000002 161
1622748833933 12.870000000000001 162
1622748840215 12.945 163
1622748846551 13.02 164
1622748852910 13.096 165
1622748859297 13.171 166
1622748865744 13.247 167
1622748872252 13.322 168
1622748878814 13.398 169
1622748885411 13.472999999999999 170
1622748892038 13.547999999999998 171
1622748898745 13.623999999999999 172
1622748905452 13.700999999999999 173
1622748912243 13.777999999999999 174
1622748919073 13.854999999999999 175
1622748925942 13.931 176
1622748932808 14.007 177
1622748939678 14.083 178
1622748946622 14.159 179
1622748953559 14.234 180
1622748960528 14.311 181
1622748967544 14.388 182
1622748974628 14.463 183
1622748981708 14.54 184
1622748988813 14.614999999999998 185
1622748995969 14.689999999999998 186
1622749003202 14.765999999999998 187
1622749010513 14.840999999999998 188
1622749017804 14.917999999999997 189
1622749025387 14.994999999999997 190
1622749032741 15.071999999999997 191
1622749040209 15.147999999999998 192
1622749047633 15.224999999999998 193
1622749055113 15.299999999999997 194
1622749062602 15.375999999999998 195
1622749070140 15.450999999999997 196
1622749077729 15.526999999999997 197
1622749085309 15.601999999999997 198
1622749092874 15.676999999999996 199
1622749100559 15.752999999999997 200
1622749108239 15.827999999999996 201
1622749116012 15.903999999999996 202
1622749123875 15.979999999999997 203
1622749131719 16.055999999999997 204
1622749139613 16.131999999999998 205
1622749147497 16.208 206
1622749155433 16.282999999999998 207
1622749163399 16.358999999999998 208
1622749171396 16.433999999999997 209
1622749179456 16.511 210
1622749187543 16.587 211
1622749195607 16.663 212
1622749203746 16.740000000000002 213
1622749211916 16.815 214
1622749220107 16.89 215
1622749228339 16.966 216
1622749236672 17.042 217
1622749245012 17.118000000000002 218
1622749253359 17.194000000000003 219
1622749261856 17.270000000000003 220
1622749270302 17.345000000000002 221
1622749278845 17.421000000000003 222
1622749287322 17.497000000000003 223
1622749295793 17.574000000000005 224
1622749304381 17.650000000000006 225
1622749312976 17.727000000000007 226
1622749321622 17.80400000000001 227
1622749330406 17.88000000000001 228
1622749339117 17.95600000000001 229
1622749347816 18.03100000000001 230
1622749356590 18.10700000000001 231
1622749365374 18.18200000000001 232
1622749374267 18.25800000000001 233
1622749383137 18.33400000000001 234
1622749392050 18.40900000000001 235
1622749401054 18.48500000000001 236
1622749410040 18.56000000000001 237
1622749419040 18.63500000000001 238
1622749428050 18.71100000000001 239
1622749437138 18.78800000000001 240
1622749446184 18.86300000000001 241
1622749455378 18.93800000000001 242
1622749464549 19.01400000000001 243
1622749473739 19.09100000000001 244
1622749483014 19.167000000000012 245
1622749492355 19.243000000000013 246
1622749501794 19.320000000000014 247
1622749511156 19.398000000000014 248
1622749520582 19.474000000000014 249
1622749530028 19.550000000000015 250
1622749539562 19.626000000000015 251
1622749549211 19.702000000000016 252
1622749558891 19.779000000000018 253
1622749568493 19.85600000000002 254
1622749578229 19.93200000000002 255
1622749587882 20.00900000000002 256
1622749597921 20.086000000000023 257
1622749608040 20.165000000000024 258
1622749617888 20.242000000000026 259
1622749627720 20.319000000000027 260
1622749637719 20.394000000000027 261
1622749647742 20.469000000000026 262
1622749657753 20.545000000000027 263
1622749668826 20.623000000000026 264
1622749678780 20.698000000000025 265
1622749688761 20.774000000000026 266
1622749698803 20.850000000000026 267
1622749708855 20.926000000000027 268
1622749719072 21.002000000000027 269
1622749729290 21.078000000000028 270
1622749740481 21.15500000000003 271
1622749750746 21.23100000000003 272
1622749760987 21.30600000000003 273
1622749771157 21.38100000000003 274
1622749781488 21.45700000000003 275
1622749791844 21.53300000000003 276
1622749802274 21.60900000000003 277
1622749812645 21.68400000000003 278
1622749823099 21.76000000000003 279
1622749833529 21.83500000000003 280
1622749844084 21.91100000000003 281
1622749854667 21.98700000000003 282
1622749865260 22.06300000000003 283
1622749875950 22.13900000000003 284
1622749886602 22.215000000000032 285
1622749897262 22.291000000000032 286
1622749907897 22.367000000000033 287
1622749918683 22.443000000000033 288
1622749929491 22.519000000000034 289
1622749940316 22.594000000000033 290
1622749951179 22.670000000000034 291
1622749962059 22.746000000000034 292
1622749972957 22.822000000000035 293
1622749983924 22.898000000000035 294
1622749995010 22.973000000000035 295
1622750006076 23.048000000000034 296
1622750017164 23.125000000000036 297
1622750028248 23.200000000000035 298
1622750039389 23.276000000000035 299
1622750050622 23.352000000000036 300
1622750061857 23.427000000000035 301
1622750073236 23.502000000000034 302
1622750084528 23.577000000000034 303
1622750095920 23.653000000000034 304
1622750107326 23.727000000000036 305
1622750118753 23.802000000000035 306
1622750130190 23.877000000000034 307
1622750141659 23.952000000000034 308
1622750153246 24.027000000000033 309
1622750164820 24.103000000000034 310
1622750176411 24.178000000000033 311
1622750187959 24.252000000000034 312
1622750199644 24.327000000000034 313
1622750211253 24.402000000000033 314
1622750223010 24.478000000000034 315
1622750234775 24.553000000000033 316
1622750246498 24.628000000000032 317
1622750258265 24.70300000000003 318
1622750270102 24.77800000000003 319
1622750282038 24.852000000000032 320
1622750293984 24.92700000000003 321
1622750305940 25.003000000000032 322
1622750317981 25.07800000000003 323
1622750330048 25.15300000000003 324
1622750342151 25.22900000000003 325
1622750354292 25.30500000000003 326
1622750366387 25.382000000000033 327
1622750378637 25.457000000000033 328
1622750390809 25.533000000000033 329
1622750403236 25.609000000000034 330
1622750415591 25.684000000000033 331
1622750428104 25.758000000000035 332
1622750440489 25.832000000000036 333
1622750452961 25.907000000000036 334
1622750465514 25.982000000000035 335
1622750478007 26.057000000000034 336
1622750490597 26.133000000000035 337
1622750503210 26.209000000000035 338
1622750515742 26.284000000000034 339
1622750528388 26.361000000000036 340
1622750541050 26.436000000000035 341
1622750553693 26.512000000000036 342
1622750566461 26.588000000000036 343
1622750579244 26.664000000000037 344
1622750592026 26.742000000000036 345
1622750604821 26.817000000000036 346
1622750617758 26.894000000000037 347
1622750630827 26.970000000000038 348
1622750643827 27.045000000000037 349
1622750656952 27.121000000000038 350
1622750670042 27.19700000000004 351
1622750683136 27.27300000000004 352
1622750696162 27.348000000000038 353
1622750709320 27.423000000000037 354
1622750722416 27.498000000000037 355
1622750735554 27.57500000000004 356
1622750748777 27.65200000000004 357
1622750762100 27.729000000000042 358
1622750775446 27.80400000000004 359
1622750788785 27.878000000000043 360
1622750802141 27.955000000000044 361
1622750815503 28.030000000000044 362
1622750828912 28.106000000000044 363
1622750842348 28.181000000000044 364
1622750855760 28.257000000000044 365
1622750869180 28.333000000000045 366
1622750882703 28.409000000000045 367
1622750896234 28.484000000000044 368
1622750909789 28.558000000000046 369
1622750923419 28.634000000000047 370
1622750937161 28.710000000000047 371
1622750950948 28.78700000000005 372
1622750964701 28.862000000000048 373
1622750978453 28.937000000000047 374
1622750992388 29.012000000000047 375
1622751006371 29.087000000000046 376
1622751020270 29.162000000000045 377
1622751034247 29.238000000000046 378
1622751048272 29.314000000000046 379
1622751062296 29.389000000000046 380
1622751076384 29.464000000000045 381
1622751090471 29.539000000000044 382
1622751104562 29.615000000000045 383
1622751118584 29.690000000000044 384
1622751132736 29.764000000000046 385
1622751147036 29.841000000000047 386
1622751161273 29.917000000000048 387
1622751175660 29.992000000000047 388
1622751190027 30.068000000000048 389
1622751204446 30.143000000000047 390
1622751218924 30.218000000000046 391
1622751233392 30.294000000000047 392
1622751247900 30.37100000000005 393
1622751262421 30.44800000000005 394
1622751276967 30.52300000000005 395
1622751291564 30.59800000000005 396
1622751306155 30.67200000000005 397
1622751320834 30.74700000000005 398
1622751335626 30.82200000000005 399
1622751350416 30.89500000000005 400
1622751365184 30.97000000000005 401
1622751379952 31.04400000000005 402
1622751394860 31.12000000000005 403
1622751409838 31.194000000000052 404
1622751424801 31.268000000000054 405
1622751439727 31.342000000000056 406
1622751454676 31.417000000000055 407
1622751469696 31.492000000000054 408
1622751484724 31.567000000000053 409
1622751499781 31.643000000000054 410
1622751514928 31.718000000000053 411
1622751530087 31.794000000000054 412
1622751545305 31.869000000000053 413
1622751560633 31.943000000000055 414
1622751575833 32.01800000000006 415
1622751591125 32.09300000000006 416
1622751606506 32.16800000000006 417
1622751621866 32.244000000000064 418
1622751637288 32.31900000000007 419
1622751652777 32.39500000000007 420
1622751668258 32.47300000000007 421
1622751683748 32.54700000000007 422
1622751699240 32.62300000000007 423
1622751714817 32.69800000000007 424
1622751730368 32.773000000000074 425
1622751745938 32.84700000000007 426
1622751761615 32.922000000000075 427
1622751777207 32.99600000000007 428
1622751792921 33.07000000000007 429
1622751808715 33.145000000000074 430
1622751824592 33.21900000000007 431
1622751840514 33.29300000000007 432
1622751856352 33.36700000000007 433
1622751872261 33.44100000000007 434
1622751888251 33.51600000000007 435
1622751904275 33.59000000000007 436
1622751920357 33.66500000000007 437
1622751936472 33.73800000000007 438
1622751952729 33.81400000000007 439
1622751968916 33.889000000000074 440
1622751985124 33.965000000000074 441
1622752001341 34.04000000000008 442
1622752017587 34.11500000000008 443
1622752033867 34.19000000000008 444
1622752050165 34.26700000000008 445
1622752066526 34.34400000000008 446
1622752082829 34.41800000000008 447
1622752099294 34.49300000000008 448
1622752115699 34.56800000000008 449
1622752132175 34.643000000000086 450
1622752148767 34.71800000000009 451
1622752165466 34.79300000000009 452
1622752182071 34.868000000000094 453
1622752198685 34.9430000000001 454
1622752215367 35.0180000000001 455
1622752231977 35.0940000000001 456
1622752248692 35.1690000000001 457
1622752265450 35.242000000000104 458
1622752282350 35.318000000000104 459
1622752300273 35.39300000000011 460
1622752317378 35.46800000000011 461
1622752334311 35.54300000000011 462
1622752352193 35.61700000000011 463
1622752369373 35.695000000000114 464
1622752386287 35.77000000000012 465
1622752403363 35.847000000000115 466
1622752420374 35.92200000000012 467
1622752437394 35.996000000000116 468
1622752454494 36.07100000000012 469
1622752471652 36.14600000000012 470
1622752488831 36.221000000000124 471
1622752506055 36.29500000000012 472
1622752523389 36.370000000000125 473
1622752540832 36.44500000000013 474
1622752558232 36.52000000000013 475
1622752575563 36.595000000000134 476
1622752593006 36.67000000000014 477
1622752610544 36.74500000000014 478
1622752627957 36.81900000000014 479
1622752645395 36.89400000000014 480
1622752662984 36.96800000000014 481
1622752680538 37.04100000000014 482
1622752698147 37.11600000000014 483
1622752715784 37.191000000000145 484
1622752733457 37.26600000000015 485
1622752751044 37.34100000000015 486
1622752768863 37.41600000000015 487
1622752786726 37.491000000000156 488
1622752804676 37.565000000000154 489
1622752822657 37.64000000000016 490
1622752840636 37.71500000000016 491
1622752858661 37.78900000000016 492
1622752876699 37.86400000000016 493
1622752894707 37.93800000000016 494
1622752912938 38.01300000000016 495
1622752931063 38.088000000000164 496
1622752949341 38.16200000000016 497
1622752967493 38.237000000000165 498
1622752985781 38.313000000000166 499
1622753004042 38.387000000000164 500
