1622748280142 0.38 0
1622748280685 0.075 1
1622748281256 0.075 2
1622748281840 0.075 3
1622748282994 0.148 4
1622748284073 0.143 5
1622748284809 0.095 6
1622748285530 0.076 7
1622748286288 0.076 8
1622748287081 0.075 9
1622748287895 0.075 10
1622748288767 0.075 11
1622748289661 0.075 12
1622748290588 0.075 13
1622748291563 0.076 14
1622748292566 0.076 15
1622748293613 0.076 16
1622748294712 0.076 17
1622748295832 0.076 18
1622748297003 0.075 19
1622748298194 0.076 20
1622748299408 0.075 21
1622748300666 0.076 22
1622748301972 0.077 23
1622748303310 0.076 24
1622748304683 0.077 25
1622748306079 0.076 26
1622748307527 0.075 27
1622748309000 0.076 28
1622748310527 0.076 29
1622748312090 0.076 30
1622748313682 0.076 31
1622748315307 0.076 32
1622748316974 0.075 33
1622748318652 0.075 34
1622748320403 0.076 35
1622748322134 0.076 36
1622748323940 0.075 37
1622748325780 0.076 38
1622748327669 0.075 39
1622748329600 0.076 40
1622748331576 0.078 41
1622748333614 0.077 42
1622748335672 0.076 43
1622748337733 0.077 44
1622748339824 0.077 45
1622748341951 0.076 46
1622748344104 0.075 47
1622748346313 0.075 48
1622748348603 0.077 49
1622748350883 0.076 50
1622748353208 0.077 51
1622748355680 0.077 52
1622748358030 0.078 53
1622748360439 0.077 54
1622748362894 0.076 55
1622748365395 0.076 56
1622748367910 0.076 57
1622748370451 0.075 58
1622748373039 0.075 59
1622748375679 0.076 60
1622748378349 0.076 61
1622748381051 0.076 62
1622748383770 0.077 63
1622748386555 0.077 64
1622748389390 0.076 65
1622748392256 0.077 66
1622748395144 0.076 67
1622748398078 0.076 68
1622748401056 0.075 69
1622748404074 0.076 70
1622748407154 0.076 71
1622748410288 0.077 72
1622748413341 0.077 73
1622748416462 0.077 74
1622748419668 0.077 75
1622748422865 0.077 76
1622748426093 0.075 77
1622748429374 0.076 78
1622748432687 0.076 79
1622748435986 0.077 80
1622748439357 0.076 81
1622748442803 0.076 82
1622748446281 0.078 83
1622748449754 0.077 84
1622748453293 0.077 85
1622748456818 0.077 86
1622748460399 0.075 87
1622748464071 0.077 88
1622748467737 0.076 89
1622748471447 0.077 90
1622748475112 0.077 91
1622748478913 0.076 92
1622748482736 0.075 93
1622748486619 0.076 94
1622748490620 0.076 95
1622748494920 0.082 96
1622748499155 0.081 97
1622748503363 0.078 98
1622748507517 0.079 99
1622748511595 0.076 100
1622748515756 0.077 101
1622748519877 0.075 102
1622748524052 0.077 103
1622748528225 0.077 104
1622748532402 0.076 105
1622748536678 0.075 106
1622748540945 0.076 107
1622748545284 0.076 108
1622748549667 0.076 109
1622748554047 0.075 110
1622748558509 0.075 111
1622748562987 0.075 112
1622748567547 0.075 113
1622748572143 0.076 114
1622748576762 0.076 115
1622748581379 0.076 116
1622748586102 0.076 117
1622748590859 0.076 118
1622748595652 0.076 119
1622748600436 0.076 120
1622748605219 0.076 121
1622748610060 0.076 122
1622748614895 0.078 123
1622748619775 0.076 124
1622748624749 0.075 125
1622748629729 0.076 126
1622748634705 0.076 127
1622748639764 0.075 128
1622748644857 0.076 129
1622748649985 0.075 130
1622748655177 0.077 131
1622748660389 0.075 132
1622748665660 0.077 133
1622748670943 0.077 134
1622748676243 0.076 135
1622748681587 0.076 136
1622748686997 0.076 137
1622748692394 0.076 138
1622748697835 0.076 139
1622748703338 0.076 140
1622748708898 0.076 141
1622748714434 0.076 142
1622748720033 0.076 143
1622748725636 0.075 144
1622748731262 0.077 145
1622748736990 0.075 146
1622748742727 0.075 147
1622748748582 0.076 148
1622748754393 0.075 149
1622748760331 0.077 150
1622748766229 0.076 151
1622748772219 0.078 152
1622748778215 0.076 153
1622748784257 0.076 154
1622748790358 0.076 155
1622748796469 0.076 156
1622748802623 0.076 157
1622748808859 0.076 158
1622748815111 0.076 159
1622748821418 0.077 160
1622748827674 0.075 161
1622748833928 0.075 162
1622748840211 0.075 163
1622748846547 0.075 164
1622748852906 0.076 165
1622748859293 0.075 166
1622748865740 0.076 167
1622748872247 0.075 168
1622748878809 0.076 169
1622748885407 0.075 170
1622748892034 0.075 171
1622748898740 0.076 172
1622748905447 0.077 173
1622748912239 0.077 174
1622748919069 0.077 175
1622748925937 0.076 176
1622748932803 0.076 177
1622748939673 0.076 178
1622748946617 0.076 179
1622748953554 0.075 180
1622748960524 0.077 181
1622748967540 0.077 182
1622748974623 0.075 183
1622748981703 0.077 184
1622748988809 0.075 185
1622748995964 0.075 186
1622749003198 0.076 187
1622749010508 0.075 188
1622749017800 0.077 189
1622749025382 0.077 190
1622749032737 0.077 191
1622749040204 0.076 192
1622749047629 0.077 193
1622749055108 0.075 194
1622749062597 0.076 195
1622749070136 0.075 196
1622749077724 0.076 197
1622749085305 0.075 198
1622749092869 0.075 199
1622749100555 0.076 200
1622749108234 0.075 201
1622749116007 0.076 202
1622749123870 0.076 203
1622749131715 0.076 204
1622749139609 0.076 205
1622749147493 0.076 206
1622749155429 0.075 207
1622749163394 0.076 208
1622749171391 0.075 209
1622749179451 0.077 210
1622749187539 0.076 211
1622749195603 0.076 212
1622749203741 0.077 213
1622749211912 0.075 214
1622749220102 0.075 215
1622749228334 0.076 216
1622749236668 0.076 217
1622749245008 0.076 218
1622749253354 0.076 219
1622749261851 0.076 220
1622749270297 0.075 221
1622749278840 0.076 222
1622749287317 0.076 223
1622749295788 0.077 224
1622749304377 0.076 225
1622749312971 0.077 226
1622749321618 0.077 227
1622749330402 0.076 228
1622749339112 0.076 229
1622749347811 0.075 230
1622749356585 0.076 231
1622749365370 0.075 232
1622749374262 0.076 233
1622749383133 0.076 234
1622749392046 0.075 235
1622749401049 0.076 236
1622749410036 0.075 237
1622749419036 0.075 238
1622749428046 0.076 239
1622749437133 0.077 240
1622749446179 0.075 241
1622749455373 0.075 242
1622749464545 0.076 243
1622749473734 0.077 244
1622749483009 0.076 245
1622749492351 0.076 246
1622749501789 0.077 247
1622749511152 0.078 248
1622749520578 0.076 249
1622749530023 0.076 250
1622749539557 0.076 251
1622749549206 0.076 252
1622749558886 0.077 253
1622749568488 0.077 254
1622749578225 0.076 255
1622749587878 0.077 256
1622749597916 0.077 257
1622749608035 0.079 258
1622749617884 0.077 259
1622749627715 0.077 260
1622749637714 0.075 261
1622749647738 0.075 262
1622749657749 0.076 263
1622749668822 0.078 264
1622749678776 0.075 265
1622749688756 0.076 266
1622749698798 0.076 267
1622749708850 0.076 268
1622749719068 0.076 269
1622749729286 0.076 270
1622749740477 0.077 271
1622749750741 0.076 272
1622749760983 0.075 273
1622749771153 0.075 274
1622749781483 0.076 275
1622749791839 0.076 276
1622749802270 0.076 277
1622749812640 0.075 278
1622749823094 0.076 279
1622749833525 0.075 280
1622749844079 0.076 281
1622749854662 0.076 282
1622749865254 0.076 283
1622749875946 0.076 284
1622749886597 0.076 285
1622749897257 0.076 286
1622749907892 0.076 287
1622749918679 0.076 288
1622749929487 0.076 289
1622749940312 0.075 290
1622749951175 0.076 291
1622749962055 0.076 292
1622749972953 0.076 293
1622749983919 0.076 294
1622749995006 0.075 295
1622750006072 0.075 296
1622750017160 0.077 297
1622750028244 0.075 298
1622750039385 0.076 299
1622750050617 0.076 300
1622750061853 0.075 301
1622750073231 0.075 302
1622750084524 0.075 303
1622750095916 0.076 304
1622750107322 0.074 305
1622750118747 0.075 306
1622750130185 0.075 307
1622750141654 0.075 308
1622750153242 0.075 309
1622750164816 0.076 310
1622750176406 0.075 311
1622750187955 0.074 312
1622750199640 0.075 313
1622750211248 0.075 314
1622750223005 0.076 315
1622750234770 0.075 316
1622750246493 0.075 317
1622750258260 0.075 318
1622750270097 0.075 319
1622750282034 0.074 320
1622750293979 0.075 321
1622750305935 0.076 322
1622750317977 0.075 323
1622750330044 0.075 324
1622750342146 0.076 325
1622750354287 0.076 326
1622750366383 0.077 327
1622750378633 0.075 328
1622750390804 0.076 329
1622750403232 0.076 330
1622750415586 0.075 331
1622750428099 0.074 332
1622750440484 0.074 333
1622750452956 0.075 334
1622750465509 0.075 335
1622750478002 0.075 336
1622750490592 0.076 337
1622750503205 0.076 338
1622750515737 0.075 339
1622750528383 0.077 340
1622750541045 0.075 341
1622750553688 0.076 342
1622750566455 0.076 343
1622750579240 0.076 344
1622750592021 0.078 345
1622750604816 0.075 346
1622750617753 0.077 347
1622750630822 0.076 348
1622750643821 0.075 349
1622750656947 0.076 350
1622750670037 0.076 351
1622750683131 0.076 352
1622750696157 0.075 353
1622750709315 0.075 354
1622750722411 0.075 355
1622750735550 0.077 356
1622750748773 0.077 357
1622750762095 0.077 358
1622750775442 0.075 359
1622750788780 0.074 360
1622750802136 0.077 361
1622750815499 0.075 362
1622750828907 0.076 363
1622750842344 0.075 364
1622750855756 0.076 365
1622750869175 0.076 366
1622750882698 0.076 367
1622750896229 0.075 368
1622750909784 0.074 369
1622750923414 0.076 370
1622750937156 0.076 371
1622750950943 0.077 372
1622750964696 0.075 373
1622750978448 0.075 374
1622750992384 0.075 375
1622751006366 0.075 376
1622751020265 0.075 377
1622751034242 0.076 378
1622751048268 0.076 379
1622751062291 0.075 380
1622751076379 0.075 381
1622751090466 0.075 382
1622751104557 0.076 383
1622751118579 0.075 384
1622751132732 0.074 385
1622751147031 0.077 386
1622751161268 0.076 387
1622751175655 0.075 388
1622751190022 0.076 389
1622751204442 0.075 390
1622751218919 0.075 391
1622751233386 0.076 392
1622751247895 0.077 393
1622751262415 0.077 394
1622751276962 0.075 395
1622751291559 0.075 396
1622751306151 0.074 397
1622751320828 0.075 398
1622751335621 0.075 399
1622751350411 0.073 400
1622751365179 0.075 401
1622751379947 0.074 402
1622751394855 0.076 403
1622751409833 0.074 404
1622751424796 0.074 405
1622751439723 0.074 406
1622751454672 0.075 407
1622751469691 0.075 408
1622751484720 0.075 409
1622751499777 0.076 410
1622751514924 0.075 411
1622751530082 0.076 412
1622751545300 0.075 413
1622751560628 0.074 414
1622751575828 0.075 415
1622751591121 0.075 416
1622751606501 0.075 417
1622751621862 0.076 418
1622751637283 0.075 419
1622751652772 0.076 420
1622751668254 0.078 421
1622751683744 0.074 422
1622751699236 0.076 423
1622751714813 0.075 424
1622751730363 0.075 425
1622751745933 0.074 426
1622751761610 0.075 427
1622751777202 0.074 428
1622751792916 0.074 429
1622751808710 0.075 430
1622751824587 0.074 431
1622751840509 0.074 432
1622751856348 0.074 433
1622751872257 0.074 434
1622751888247 0.075 435
1622751904271 0.074 436
1622751920352 0.075 437
1622751936468 0.073 438
1622751952725 0.076 439
1622751968912 0.075 440
1622751985119 0.076 441
1622752001337 0.075 442
1622752017582 0.075 443
1622752033863 0.075 444
1622752050160 0.077 445
1622752066522 0.077 446
1622752082825 0.074 447
1622752099289 0.075 448
1622752115694 0.075 449
1622752132170 0.075 450
1622752148763 0.075 451
1622752165461 0.075 452
1622752182066 0.075 453
1622752198680 0.075 454
1622752215363 0.075 455
1622752231973 0.076 456
1622752248687 0.075 457
1622752265445 0.073 458
1622752282345 0.076 459
1622752300268 0.075 460
1622752317373 0.075 461
1622752334307 0.075 462
1622752352188 0.074 463
1622752369368 0.078 464
1622752386283 0.075 465
1622752403358 0.077 466
1622752420369 0.075 467
1622752437390 0.074 468
1622752454490 0.075 469
1622752471648 0.075 470
1622752488827 0.075 471
1622752506050 0.074 472
1622752523385 0.075 473
1622752540828 0.075 474
1622752558227 0.075 475
1622752575558 0.075 476
1622752593002 0.075 477
1622752610540 0.075 478
1622752627953 0.074 479
1622752645390 0.075 480
1622752662980 0.074 481
1622752680533 0.073 482
1622752698142 0.075 483
1622752715780 0.075 484
1622752733452 0.075 485
1622752751039 0.075 486
1622752768859 0.075 487
1622752786722 0.075 488
1622752804672 0.074 489
1622752822652 0.075 490
1622752840631 0.075 491
1622752858656 0.074 492
1622752876695 0.075 493
1622752894703 0.074 494
1622752912934 0.075 495
1622752931058 0.075 496
1622752949336 0.074 497
1622752967488 0.075 498
1622752985777 0.076 499
1622753004037 0.074 500
