1622752945614 31 0
1622752946148 13 1
1622752946686 13 2
1622752947257 13 3
1622752947858 13 4
1622752948501 13 5
1622752949174 13 6
1622752949881 13 7
1622752950628 13 8
1622752951413 13 9
1622752952230 13 10
1622752953078 13 11
1622752953958 13 12
1622752954881 13 13
1622752955828 13 14
1622752956810 13 15
1622752957821 13 16
1622752958897 13 17
1622752959998 13 18
1622752961112 13 19
1622752962303 13 20
1622752963506 13 21
1622752964741 13 22
1622752966003 13 23
1622752967321 13 24
1622752968651 13 25
1622752970055 13 26
1622752971485 13 27
1622752973930 13 28
1622752975435 13 29
1622752976972 13 30
1622752978579 13 31
1622752980184 13 32
1622752981821 13 33
1622752983502 13 34
1622752985191 13 35
1622752986937 13 36
1622752988696 13 37
1622752990496 13 38
1622752992345 13 39
1622752994236 13 40
1622752996151 13 41
1622752998114 13 42
1622753000110 13 43
1622753002153 13 44
1622753004235 13 45
1622753006350 13 46
1622753008501 13 47
1622753010662 13 48
1622753012870 13 49
1622753015087 13 50
1622753017375 13 51
1622753019700 13 52
1622753022048 13 53
1622753024487 13 54
1622753027017 13 55
1622753029487 13 56
1622753031977 13 57
1622753034480 13 58
1622753037078 13 59
1622753039664 13 60
1622753042328 13 61
1622753044987 13 62
1622753047701 13 63
1622753050443 13 64
1622753053217 13 65
1622753055996 13 66
1622753058850 13 67
1622753061706 13 68
1622753064661 13 69
1622753067648 13 70
1622753070659 13 71
1622753073695 13 72
1622753076790 13 73
1622753079871 13 74
1622753083059 13 75
1622753086241 13 76
1622753089487 13 77
1622753092769 13 78
1622753096082 13 79
1622753099412 13 80
1622753102780 13 81
1622753106148 13 82
1622753109553 13 83
1622753112981 13 84
1622753116481 13 85
1622753120020 13 86
1622753123588 13 87
1622753127197 13 88
1622753130822 13 89
1622753134508 13 90
1622753138245 13 91
1622753142001 13 92
1622753145789 13 93
1622753149596 13 94
1622753153461 13 95
1622753157347 13 96
1622753161282 13 97
1622753165283 13 98
1622753169294 13 99
1622753173340 13 100
1622753177410 13 101
1622753181575 13 102
1622753185714 13 103
1622753189894 13 104
1622753194189 13 105
1622753198459 13 106
1622753202742 13 107
1622753207084 13 108
1622753211474 13 109
1622753215892 13 110
1622753220290 13 111
1622753224748 13 112
1622753229264 13 113
1622753233799 13 114
1622753238379 13 115
1622753243019 13 116
1622753247675 13 117
1622753252377 13 118
1622753257124 13 119
1622753261900 13 120
1622753266719 13 121
1622753271582 13 122
1622753276455 13 123
1622753281384 13 124
1622753286355 13 125
1622753291366 13 126
1622753296406 13 127
1622753301511 13 128
1622753306658 13 129
1622753311867 13 130
1622753317008 13 131
1622753322161 13 132
1622753327403 13 133
1622753332687 13 134
1622753338044 13 135
1622753343432 13 136
1622753348823 13 137
1622753354294 13 138
1622753359771 13 139
1622753365256 13 140
1622753370738 13 141
1622753376306 13 142
1622753381851 13 143
1622753387479 13 144
1622753393219 13 145
1622753398907 13 146
1622753404668 13 147
1622753410444 13 148
1622753416250 13 149
1622753422106 13 150
1622753428027 13 151
1622753433963 13 152
1622753439954 13 153
1622753445963 13 154
1622753452017 13 155
1622753458117 13 156
1622753464270 13 157
1622753470417 13 158
1622753476576 13 159
1622753482798 13 160
1622753489005 13 161
1622753495292 13 162
1622753501638 13 163
1622753507989 13 164
1622753514336 13 165
1622753520853 13 166
1622753527321 13 167
1622753533773 13 168
1622753540343 13 169
1622753546915 13 170
1622753553492 13 171
1622753560063 13 172
1622753566703 13 173
1622753573360 13 174
1622753580080 13 175
1622753586913 13 176
1622753593684 13 177
1622753600552 13 178
1622753607536 13 179
1622753614545 13 180
1622753621510 13 181
1622753628537 13 182
1622753635562 13 183
1622753642639 13 184
1622753649766 13 185
1622753656973 13 186
1622753664148 13 187
1622753671347 13 188
1622753678675 13 189
1622753685913 13 190
1622753693298 13 191
1622753700701 13 192
1622753708091 13 193
1622753715522 13 194
1622753722955 13 195
1622753730470 13 196
1622753738025 13 197
1622753745642 13 198
1622753753234 13 199
1622753760931 13 200
1622753768703 13 201
1622753776466 13 202
1622753784270 13 203
1622753792098 13 204
1622753799939 13 205
1622753807849 13 206
1622753815748 13 207
1622753823777 13 208
1622753831911 13 209
1622753840250 13 210
1622753848489 13 211
1622753856684 13 212
1622753864852 13 213
1622753873035 13 214
1622753881257 13 215
1622753889466 13 216
1622753897828 13 217
1622753906110 13 218
1622753914476 13 219
1622753922838 13 220
1622753931371 13 221
1622753939759 13 222
1622753948279 13 223
1622753956794 13 224
1622753965391 13 225
1622753974025 13 226
1622753982668 13 227
1622753991372 13 228
1622754000124 13 229
1622754008791 13 230
1622754017654 13 231
1622754026478 13 232
1622754035377 13 233
1622754044227 13 234
1622754053173 13 235
1622754062235 13 236
1622754071247 13 237
1622754080312 13 238
1622754089407 13 239
1622754098504 13 240
1622754107652 13 241
1622754116819 13 242
1622754126075 13 243
1622754135356 13 244
1622754144668 13 245
1622754154023 13 246
1622754163418 13 247
1622754172921 13 248
1622754182381 13 249
1622754191856 13 250
1622754201411 13 251
1622754210965 13 252
1622754220552 13 253
1622754230170 13 254
1622754239812 13 255
1622754249510 13 256
1622754259193 13 257
1622754268935 13 258
1622754278750 13 259
1622754288662 13 260
1622754298573 13 261
1622754308512 13 262
1622754318537 13 263
1622754328564 13 264
1622754338617 13 265
1622754348663 13 266
1622754358782 13 267
1622754368939 13 268
1622754379162 13 269
1622754389508 13 270
1622754399802 13 271
1622754410095 13 272
1622754420508 13 273
1622754430905 13 274
1622754441278 13 275
1622754451718 13 276
1622754462159 13 277
1622754472641 13 278
1622754483107 13 279
1622754493649 13 280
1622754504272 13 281
1622754514901 13 282
1622754525584 13 283
1622754536303 13 284
1622754547114 13 285
1622754557920 13 286
1622754568779 13 287
1622754579631 13 288
1622754590535 13 289
1622754601499 13 290
1622754612481 13 291
1622754623531 13 292
1622754634646 13 293
1622754645736 13 294
1622754656906 13 295
1622754668116 13 296
1622754679366 13 297
1622754690628 13 298
1622754701892 13 299
1622754713194 13 300
1622754724503 13 301
1622754735868 13 302
1622754747291 13 303
1622754758865 13 304
1622754770303 13 305
1622754781938 13 306
1622754793513 13 307
1622754805091 13 308
1622754816797 13 309
1622754828538 13 310
1622754840204 13 311
1622754851945 13 312
1622754863719 13 313
1622754875573 13 314
1622754887443 13 315
1622754899418 13 316
1622754911328 13 317
1622754923317 13 318
1622754935320 13 319
1622754947361 13 320
1622754959493 13 321
1622754971617 13 322
1622754983800 13 323
1622754995999 13 324
1622755008210 13 325
1622755020444 13 326
1622755032722 13 327
1622755045043 13 328
1622755057431 13 329
1622755069825 13 330
1622755082209 13 331
1622755094707 13 332
1622755107219 13 333
1622755119818 13 334
1622755132458 13 335
1622755145146 13 336
1622755157794 13 337
1622755170540 13 338
1622755183298 13 339
1622755196031 13 340
1622755208949 13 341
1622755221827 13 342
1622755234668 13 343
1622755247622 13 344
1622755260686 13 345
1622755273669 13 346
1622755286754 13 347
1622755299908 13 348
1622755313009 13 349
1622755326061 13 350
1622755339214 13 351
1622755352330 13 352
1622755365510 13 353
1622755378806 13 354
1622755392014 13 355
1622755405359 13 356
1622755418662 13 357
1622755432084 13 358
1622755445602 13 359
1622755459111 13 360
1622755472593 13 361
1622755486000 13 362
1622755499494 13 363
1622755513074 13 364
1622755526659 13 365
1622755540384 13 366
1622755554102 13 367
1622755567926 13 368
1622755581544 13 369
1622755595317 13 370
1622755609138 13 371
1622755623041 13 372
1622755636962 13 373
1622755650794 13 374
1622755664863 13 375
1622755678938 13 376
1622755693087 13 377
1622755707262 13 378
1622755721401 13 379
1622755735672 13 380
1622755749934 13 381
1622755764141 13 382
1622755778457 13 383
1622755792769 13 384
1622755807137 13 385
1622755821507 13 386
1622755835946 13 387
1622755850318 13 388
1622755864820 13 389
1622755879353 13 390
1622755893962 13 391
1622755908575 13 392
1622755923258 13 393
1622755937915 13 394
1622755952572 13 395
1622755967288 13 396
1622755982222 13 397
1622755997072 13 398
1622756011852 13 399
1622756026855 13 400
1622756041831 13 401
1622756056828 13 402
1622756071871 13 403
1622756086973 13 404
1622756102008 13 405
1622756117210 13 406
1622756132362 13 407
1622756147534 13 408
1622756162801 13 409
1622756178079 13 410
1622756193443 13 411
1622756208774 13 412
1622756224159 13 413
1622756239578 13 414
1622756255150 13 415
1622756271580 13 416
1622756287138 13 417
1622756302699 13 418
1622756318303 13 419
1622756333850 13 420
1622756349482 13 421
1622756365232 13 422
1622756381051 13 423
1622756396755 13 424
1622756412725 13 425
1622756428659 13 426
1622756444617 13 427
1622756460581 13 428
1622756476469 13 429
1622756492504 13 430
1622756508558 13 431
1622756524476 13 432
1622756540458 13 433
1622756556537 13 434
1622756572669 13 435
1622756588813 13 436
1622756604928 13 437
1622756621180 13 438
1622756637553 13 439
1622756653900 13 440
1622756670233 13 441
1622756686688 13 442
1622756703219 13 443
1622756719860 13 444
1622756736440 13 445
1622756754589 13 446
1622756771375 13 447
1622756787959 13 448
1622756804551 13 449
1622756821195 13 450
1622756837783 13 451
1622756854320 13 452
1622756871319 13 453
1622756888173 13 454
1622756904935 13 455
1622756921745 13 456
1622756938681 13 457
1622756955439 13 458
1622756972204 13 459
1622756989097 13 460
1622757006043 13 461
1622757023155 13 462
1622757040261 13 463
1622757057402 13 464
1622757074537 13 465
1622757091693 13 466
1622757108909 13 467
1622757126231 13 468
1622757143437 13 469
1622757160690 13 470
1622757178000 13 471
1622757195354 13 472
1622757212719 13 473
1622757230080 13 474
1622757247549 13 475
1622757266191 13 476
1622757283785 13 477
1622757301446 13 478
1622757319176 13 479
1622757336857 13 480
1622757354650 13 481
1622757372415 13 482
1622757391141 13 483
1622757409340 13 484
1622757427313 13 485
1622757445229 13 486
1622757463132 13 487
1622757480967 13 488
1622757498962 13 489
1622757516918 13 490
1622757534929 13 491
1622757553008 13 492
1622757571211 13 493
1622757589556 13 494
1622757607850 13 495
1622757626187 13 496
1622757644412 13 497
1622757662682 13 498
1622757680936 13 499
1622757699266 13 500
