1622748584695 0.006 0
1622748585258 0.438 1
1622748586345 0.889 2
1622748587420 0.894 3
1622748588129 0.571 4
1622748588789 0.546 5
1622748589504 0.602 6
1622748590264 0.646 7
1622748591067 0.69 8
1622748591906 0.725 9
1622748592774 0.754 10
1622748593671 0.784 11
1622748594621 0.834 12
1622748595593 0.859 13
1622748596674 0.965 14
1622748597771 0.978 15
1622748598864 0.978 16
1622748599985 1.006 17
1622748601152 1.055 18
1622748602322 1.058 19
1622748603539 1.102 20
1622748604807 1.149 21
1622748606122 1.196 22
1622748607465 1.231 23
1622748608818 1.24 24
1622748610229 1.299 25
1622748611663 1.322 26
1622748613129 1.355 27
1622748614661 1.42 28
1622748616194 1.421 29
1622748617766 1.458 30
1622748619396 1.517 31
1622748621073 1.563 32
1622748622789 1.601 33
1622748624509 1.605 34
1622748626288 1.667 35
1622748628091 1.692 36
1622748629948 1.747 37
1622748631837 1.775 38
1622748633741 1.787 39
1622748635672 1.816 40
1622748637659 1.873 41
1622748639695 1.921 42
1622748641745 1.936 43
1622748643850 1.988 44
1622748645977 2.011 45
1622748648122 2.03 46
1622748650313 2.075 47
1622748652535 2.109 48
1622748654801 2.15 49
1622748657125 2.209 50
1622748659480 2.237 51
1622748661871 2.274 52
1622748664270 2.282 53
1622748666745 2.357 54
1622748669234 2.371 55
1622748671753 2.402 56
1622748674354 2.485 57
1622748676963 2.492 58
1622748679595 2.518 59
1622748682273 2.563 60
1622748684981 2.59 61
1622748687753 2.657 62
1622748690559 2.691 63
1622748693365 2.692 64
1622748696257 2.779 65
1622748699203 2.83 66
1622748702160 2.841 67
1622748705186 2.908 68
1622748708186 2.884 69
1622748711222 2.922 70
1622748714322 2.986 71
1622748717485 3.049 72
1622748720641 3.042 73
1622748723849 3.094 74
1622748727198 3.238 75
1622748730475 3.167 76
1622748733744 3.159 77
1622748737084 3.23 78
1622748740435 3.24 79
1622748743820 3.274 80
1622748747278 3.346 81
1622748750753 3.361 82
1622748754226 3.358 83
1622748757811 3.471 84
1622748761392 3.467 85
1622748764985 3.479 86
1622748768629 3.532 87
1622748772337 3.594 88
1622748776045 3.598 89
1622748779815 3.657 90
1622748783651 3.727 91
1622748787498 3.736 92
1622748791392 3.781 93
1622748795317 3.812 94
1622748799255 3.826 95
1622748803270 3.899 96
1622748807977 4.51 97
1622748812003 3.912 98
1622748816064 3.948 99
1622748820177 3.997 100
1622748824323 4.032 101
1622748828505 4.068 102
1622748832706 4.087 103
1622748836957 4.139 104
1622748841251 4.183 105
1622748845563 4.199 106
1622748849911 4.235 107
1622748854300 4.276 108
1622748858704 4.291 109
1622748863142 4.325 110
1622748867664 4.408 111
1622748872132 4.359 112
1622748876635 4.394 113
1622748881208 4.461 114
1622748885873 4.555 115
1622748890503 4.514 116
1622748895199 4.583 117
1622748899975 4.664 118
1622748904753 4.667 119
1622748909567 4.703 120
1622748914433 4.754 121
1622748919311 4.767 122
1622748924149 4.726 123
1622748929098 4.833 124
1622748934030 4.818 125
1622748939086 4.943 126
1622748944146 4.946 127
1622748949255 4.994 128
1622748954386 5.018 129
1622748959573 5.073 130
1622748964821 5.132 131
1622748970037 5.101 132
1622748975355 5.201 133
1622748980690 5.219 134
1622748986068 5.265 135
1622748991468 5.287 136
1622748996947 5.363 137
1622749002423 5.364 138
1622749007931 5.393 139
1622749013475 5.43 140
1622749019024 5.438 141
1622749024660 5.523 142
1622749030331 5.554 143
1622749036014 5.57 144
1622749041709 5.581 145
1622749047434 5.612 146
1622749053134 5.586 147
1622749058942 5.695 148
1622749064818 5.762 149
1622749070750 5.816 150
1622749076652 5.791 151
1622749082614 5.852 152
1622749088582 5.858 153
1622749094631 5.938 154
1622749100655 5.915 155
1622749106709 5.942 156
1622749112909 6.085 157
1622749119121 6.099 158
1622749125332 6.094 159
1622749131628 6.184 160
1622749137905 6.164 161
1622749144262 6.243 162
1622749150642 6.267 163
1622749157040 6.285 164
1622749163486 6.334 165
1622749170039 6.438 166
1622749176588 6.437 167
1622749183139 6.436 168
1622749189683 6.432 169
1622749196304 6.506 170
1622749202986 6.571 171
1622749209624 6.525 172
1622749216290 6.553 173
1622749223090 6.686 174
1622749229868 6.665 175
1622749236784 6.802 176
1622749243611 6.713 177
1622749250558 6.834 178
1622749257533 6.862 179
1622749264525 6.878 180
1622749271514 6.876 181
1622749278606 6.981 182
1622749285657 6.937 183
1622749292733 6.962 184
1622749299842 6.998 185
1622749307055 7.103 186
1622749314287 7.119 187
1622749321626 7.228 188
1622749329054 7.317 189
1622749336432 7.268 190
1622749343775 7.231 191
1622749351142 7.256 192
1622749358544 7.289 193
1622749366075 7.417 194
1622749373618 7.431 195
1622749381228 7.498 196
1622749388822 7.482 197
1622749396391 7.455 198
1622749404088 7.583 199
1622749411814 7.612 200
1622749419614 7.687 201
1622749427485 7.757 202
1622749435333 7.733 203
1622749443177 7.732 204
1622749451037 7.749 205
1622749458909 7.759 206
1622749466851 7.83 207
1622749474842 7.878 208
1622749482836 7.884 209
1622749490926 7.982 210
1622749499088 8.052 211
1622749507209 8.012 212
1622749515409 8.088 213
1622749523673 8.151 214
1622749531956 8.17 215
1622749540271 8.204 216
1622749548551 8.168 217
1622749556882 8.217 218
1622749565237 8.239 219
1622749573623 8.272 220
1622749582093 8.355 221
1622749590577 8.369 222
1622749599041 8.349 223
1622749607640 8.485 224
1622749616162 8.409 225
1622749624726 8.453 226
1622749633372 8.536 227
1622749641969 8.487 228
1622749650642 8.562 229
1622749659332 8.576 230
1622749668063 8.619 231
1622749676989 8.814 232
1622749685906 8.802 233
1622749694849 8.828 234
1622749703823 8.86 235
1622749712895 8.903 236
1622749721964 8.956 237
1622749731066 8.989 238
1622749740184 9.004 239
1622749749289 8.991 240
1622749758471 9.071 241
1622749767722 9.139 242
1622749777002 9.167 243
1622749786345 9.23 244
1622749795548 9.089 245
1622749804941 9.281 246
1622749814293 9.241 247
1622749823781 9.373 248
1622749833253 9.361 249
1622749842683 9.315 250
1622749852238 9.441 251
1622749861877 9.523 252
1622749871460 9.469 253
1622749881017 9.444 254
1622749890669 9.535 255
1622749900276 9.493 256
1622749910069 9.679 257
1622749919875 9.696 258
1622749929765 9.778 259
1622749939516 9.638 260
1622749949350 9.722 261
1622749959296 9.836 262
1622749969213 9.804 263
1622749979157 9.834 264
1622749989125 9.857 265
1622749999174 9.936 266
1622750009249 9.963 267
1622750019397 10.036 268
1622750029577 10.072 269
1622750039678 9.993 270
1622750049833 10.048 271
1622750060022 10.08 272
1622750070325 10.191 273
1622750080705 10.267 274
1622750091104 10.288 275
1622750101544 10.331 276
1622750112069 10.414 277
1622750122516 10.332 278
1622750133025 10.396 279
1622750143631 10.49 280
1622750154341 10.598 281
1622750165004 10.55 282
1622750175822 10.705 283
1622750186833 10.9 284
1622750198851 11.905 285
1622750209608 10.645 286
1622750220517 10.794 287
1622750231392 10.759 288
1622750242291 10.782 289
1622750253256 10.85 290
1622750264303 10.931 291
1622750275316 10.897 292
1622750286399 10.97 293
1622750297550 11.037 294
1622750308704 11.038 295
1622750319835 11.017 296
1622750331130 11.185 297
1622750342487 11.243 298
1622750353836 11.234 299
1622750365248 11.297 300
1622750376733 11.373 301
1622750388335 11.488 302
1622750399842 11.393 303
1622750411446 11.488 304
1622750423129 11.57 305
1622750434696 11.455 306
1622750446391 11.581 307
1622750457986 11.48 308
1622750469631 11.529 309
1622750481266 11.521 310
1622750493085 11.704 311
1622750504911 11.714 312
1622750516685 11.657 313
1622750528424 11.625 314
1622750540286 11.751 315
1622750552065 11.666 316
1622750564001 11.823 317
1622750575925 11.811 318
1622750587983 11.945 319
1622750600046 11.952 320
1622750612070 11.908 321
1622750624200 12.013 322
1622750636412 12.098 323
1622750648674 12.151 324
1622750660984 12.197 325
1622750673270 12.172 326
1622750685514 12.132 327
1622750697843 12.215 328
1622750710162 12.204 329
1622750722589 12.312 330
1622750735085 12.379 331
1622750747630 12.43 332
1622750760134 12.389 333
1622750772728 12.48 334
1622750785303 12.456 335
1622750797928 12.512 336
1622750810603 12.559 337
1622750823356 12.643 338
1622750836353 12.884 339
1622750849197 12.734 340
1622750862054 12.744 341
1622750874950 12.783 342
1622750887979 12.917 343
1622750901000 12.908 344
1622750913996 12.881 345
1622750926919 12.806 346
1622750940090 13.057 347
1622750953242 13.039 348
1622750966494 13.14 349
1622750979698 13.089 350
1622750992877 13.069 351
1622751006067 13.077 352
1622751019293 13.116 353
1622751032562 13.157 354
1622751045860 13.187 355
1622751059229 13.259 356
1622751072585 13.246 357
1622751085973 13.278 358
1622751099417 13.331 359
1622751112908 13.378 360
1622751126367 13.346 361
1622751139966 13.484 362
1622751153550 13.47 363
1622751167070 13.407 364
1622751180796 13.614 365
1622751194443 13.534 366
1622751208115 13.557 367
1622751221892 13.662 368
1622751235728 13.722 369
1622751249542 13.701 370
1622751263427 13.767 371
1622751277409 13.868 372
1622751291281 13.758 373
1622751305256 13.86 374
1622751319286 13.915 375
1622751333313 13.911 376
1622751347492 14.064 377
1622751361770 14.163 378
1622751376028 14.144 379
1622751390243 14.103 380
1622751404553 14.198 381
1622751418899 14.233 382
1622751433199 14.186 383
1622751447600 14.285 384
1622751462044 14.33 385
1622751476522 14.361 386
1622751491035 14.398 387
1622751505506 14.359 388
1622751520019 14.402 389
1622751534612 14.48 390
1622751549231 14.508 391
1622751563899 14.553 392
1622751578557 14.545 393
1622751593315 14.647 394
1622751608061 14.632 395
1622751622870 14.696 396
1622751637646 14.662 397
1622751652588 14.829 398
1622751667426 14.726 399
1622751682290 14.751 400
1622751697216 14.813 401
1622751712287 14.957 402
1622751727264 14.864 403
1622751742294 14.917 404
1622751757426 15.019 405
1622751772697 15.159 406
1622751788043 15.229 407
1622751803330 15.171 408
1622751818586 15.139 409
1622751833803 15.101 410
1622751849238 15.318 411
1622751864705 15.352 412
1622751880103 15.286 413
1622751895666 15.447 414
1622751911211 15.431 415
1622751926797 15.471 416
1622751942481 15.571 417
1622751958166 15.57 418
1622751973825 15.544 419
1622751989568 15.625 420
1622752005194 15.511 421
1622752020851 15.541 422
1622752036686 15.721 423
1622752052529 15.729 424
1622752068325 15.685 425
1622752084177 15.741 426
1622752100024 15.732 427
1622752116179 16.041 428
1622752132141 15.848 429
1622752148135 15.88 430
1622752164164 15.915 431
1622752180309 16.033 432
1622752196540 16.117 433
1622752212824 16.173 434
1622752229184 16.25 435
1622752245461 16.161 436
1622752261755 16.178 437
1622752277985 16.114 438
1622752294350 16.249 439
1622752310607 16.143 440
1622752327045 16.322 441
1622752343517 16.36 442
1622752360090 16.462 443
1622752376571 16.37 444
1622752393199 16.516 445
1622752409877 16.565 446
1622752426578 16.588 447
1622752443279 16.591 448
1622752460014 16.623 449
1622752476753 16.631 450
1622752493596 16.732 451
1622752510376 16.668 452
1622752527229 16.74 453
1622752544066 16.725 454
1622752560949 16.772 455
1622752577837 16.777 456
1622752594747 16.801 457
1622752611725 16.866 458
1622752628757 16.92 459
1622752645891 17.026 460
1622752663019 17.02 461
1622752680159 17.031 462
1622752697311 17.042 463
1622752715099 17.678 464
1622752733301 18.089 465
1622752750602 17.19 466
1622752767834 17.122 467
1622752785117 17.172 468
1622752802527 17.296 469
1622752819899 17.259 470
1622752837465 17.451 471
1622752855017 17.439 472
1622752872579 17.451 473
1622752890470 17.779 474
1622752908215 17.633 475
1622752925852 17.527 476
1622752943810 17.843 477
1622752961489 17.567 478
1622752979355 17.752 479
1622752997528 18.059 480
1622753015752 18.05 481
1622753034088 18.045 482
1622753052272 18.028 483
1622753070301 17.915 484
1622753088174 17.764 485
1622753106264 17.979 486
1622753124286 17.911 487
1622753142343 17.945 488
1622753160624 18.166 489
1622753178871 18.134 490
1622753197085 18.104 491
1622753215409 18.214 492
1622753233847 18.324 493
1622753252711 18.75 494
1622753271110 18.281 495
1622753289949 18.726 496
1622753308974 18.912 497
1622753327440 18.353 498
1622753345940 18.389 499
1622753364918 18.866 500
