1622625773505 50 0
1622625774058 60 1
1622625774585 70 2
1622625775158 80 3
1622625775752 90 4
1622625776383 100 5
1622625777053 110 6
1622625777740 120 7
1622625778465 130 8
1622625779249 140 9
1622625780069 150 10
1622625780922 160 11
1622625781819 170 12
1622625782749 180 13
1622625783693 190 14
1622625784697 200 15
1622625785736 210 16
1622625786813 220 17
1622625787938 230 18
1622625789106 240 19
1622625790692 250 20
1622625792549 260 21
1622625793802 270 22
1622625795112 280 23
1622625796439 290 24
1622625797796 300 25
1622625799143 310 26
1622625800560 320 27
1622625802010 330 28
1622625803529 340 29
1622625805081 350 30
1622625806658 360 31
1622625808289 370 32
1622625809930 380 33
1622625811600 390 34
1622625813318 400 35
1622625815088 410 36
1622625816851 420 37
1622625818676 430 38
1622625820559 440 39
1622625822466 450 40
1622625824406 460 41
1622625827148 470 42
1622625829391 480 43
1622625831605 490 44
1622625835319 500 45
1622625837500 510 46
1622625839657 520 47
1622625841977 530 48
1622625844308 540 49
1622625846702 550 50
1622625849144 560 51
1622625851479 570 52
1622625854816 580 53
1622625859323 590 54
1622625862333 600 55
1622625865996 610 56
1622625870080 620 57
1622625872771 630 58
1622625875426 640 59
1622625878237 650 60
1622625881080 660 61
1622625883897 670 62
1622625886656 680 63
1622625891167 690 64
1622625894171 700 65
1622625896988 710 66
1622625899928 720 67
1622625903896 730 68
1622625907887 740 69
1622625912621 750 70
1622625915753 760 71
1622625918920 770 72
1622625923670 780 73
1622625926892 790 74
1622625931002 800 75
1622625935973 810 76
1622625939373 820 77
1622625942676 830 78
1622625947052 840 79
1622625952059 850 80
1622625955373 860 81
1622625958812 870 82
1622625962255 880 83
1622625965747 890 84
1622625969991 900 85
1622625973498 910 86
1622625977065 920 87
1622625980622 930 88
1622625984248 940 89
1622625987922 950 90
1622625991646 960 91
1622625995462 970 92
1622625999290 980 93
1622626003105 990 94
1622626008103 1000 95
1622626012806 1010 96
1622626016738 1020 97
1622626020673 1030 98
1622626026111 1040 99
1622626030757 1050 100
1622626034863 1060 101
1622626039009 1070 102
1622626043849 1080 103
1622626048017 1090 104
1622626052236 1100 105
1622626056536 1110 106
1622626062419 1120 107
1622626067640 1130 108
1622626072065 1140 109
1622626076483 1150 110
1622626080971 1160 111
1622626085438 1170 112
1622626089993 1180 113
1622626094580 1190 114
1622626100860 1200 115
1622626112972 1210 116
1622626117597 1220 117
1622626122278 1230 118
1622626128044 1240 119
1622626135099 1250 120
1622626140100 1260 121
1622626145027 1270 122
1622626150976 1280 123
1622626155846 1290 124
1622626160807 1300 125
1622626165736 1310 126
1622626170714 1320 127
1622626175778 1330 128
1622626180818 1340 129
1622626185914 1350 130
1622626191060 1360 131
1622626196210 1370 132
1622626201459 1380 133
1622626207801 1390 134
1622626213989 1400 135
1622626220488 1410 136
1622626225947 1420 137
1622626231350 1430 138
1622626237858 1440 139
1622626243352 1450 140
1622626248932 1460 141
1622626254553 1470 142
1622626260286 1480 143
1622626265935 1490 144
1622626271646 1500 145
1622626277409 1510 146
1622626283116 1520 147
1622626288895 1530 148
1622626294749 1540 149
1622626300645 1550 150
1622626306571 1560 151
1622626312548 1570 152
1622626318530 1580 153
1622626324502 1590 154
1622626330505 1600 155
1622626336583 1610 156
1622626342666 1620 157
1622626348773 1630 158
1622626354917 1640 159
1622626361140 1650 160
1622626367374 1660 161
1622626373632 1670 162
1622626379948 1680 163
1622626386240 1690 164
1622626392634 1700 165
1622626399088 1710 166
1622626405493 1720 167
1622626411947 1730 168
1622626418429 1740 169
1622626424974 1750 170
1622626431573 1760 171
1622626438186 1770 172
1622626444864 1780 173
1622626451550 1790 174
1622626458293 1800 175
1622626465055 1810 176
1622626471884 1820 177
1622626478681 1830 178
1622626485603 1840 179
1622626492513 1850 180
1622626499535 1860 181
1622626506635 1870 182
1622626513645 1880 183
1622626520720 1890 184
1622626527829 1900 185
1622626534962 1910 186
1622626542072 1920 187
1622626549313 1930 188
1622626556509 1940 189
1622626563767 1950 190
1622626571036 1960 191
1622626578341 1970 192
1622626585699 1980 193
1622626593110 1990 194
1622626600592 2000 195
1622626608024 2010 196
1622626615488 2020 197
1622626623025 2030 198
1622626630593 2040 199
1622626638170 2050 200
1622626645835 2060 201
1622626653480 2070 202
1622626661229 2080 203
1622626669066 2090 204
1622626676905 2100 205
1622626684757 2110 206
1622626692628 2120 207
1622626700537 2130 208
1622626708483 2140 209
1622626716494 2150 210
1622626724566 2160 211
1622626732588 2170 212
1622626740738 2180 213
1622626748867 2190 214
1622626757064 2200 215
1622626765218 2210 216
1622626773424 2220 217
1622626781753 2230 218
1622626790055 2240 219
1622626798411 2250 220
1622626806829 2260 221
1622626815295 2270 222
1622626823780 2280 223
1622626832276 2290 224
1622626840790 2300 225
1622626849424 2310 226
1622626858066 2320 227
1622626866711 2330 228
1622626875365 2340 229
1622626884121 2350 230
1622626892965 2360 231
1622626901800 2370 232
1622626910611 2380 233
1622626919499 2390 234
1622626928436 2400 235
1622626937462 2410 236
1622626946432 2420 237
1622626955521 2430 238
1622626964542 2440 239
1622626973653 2450 240
1622626982800 2460 241
1622626991990 2470 242
1622627001157 2480 243
1622627010481 2490 244
1622627019796 2500 245
1622627029095 2510 246
1622627038521 2520 247
1622627047935 2530 248
1622627057444 2540 249
1622627066924 2550 250
1622627076376 2560 251
1622627085919 2570 252
1622627095513 2580 253
1622627105139 2590 254
1622627114844 2600 255
1622627124482 2610 256
1622627134268 2620 257
1622627143942 2630 258
1622627153680 2640 259
1622627163480 2650 260
1622627173350 2660 261
1622627183287 2670 262
1622627193234 2680 263
1622627203159 2690 264
1622627213138 2700 265
1622627223188 2710 266
1622627233284 2720 267
1622627243488 2730 268
1622627253628 2740 269
1622627263836 2750 270
1622627274068 2760 271
1622627284296 2770 272
1622627294573 2780 273
1622627304895 2790 274
1622627315250 2800 275
1622627325584 2810 276
1622627335944 2820 277
1622627346375 2830 278
1622627356900 2840 279
1622627367438 2850 280
1622627377966 2860 281
1622627388714 2870 282
1622627399371 2880 283
1622627410173 2890 284
1622627420900 2900 285
1622627431690 2910 286
1622627442532 2920 287
1622627453357 2930 288
1622627464262 2940 289
1622627475132 2950 290
1622627486145 2960 291
1622627497141 2970 292
1622627508154 2980 293
1622627519206 2990 294
1622627530400 3000 295
1622627541558 3010 296
1622627552826 3020 297
1622627564053 3030 298
1622627575350 3040 299
1622627586609 3050 300
1622627597926 3060 301
1622627609300 3070 302
1622627620751 3080 303
1622627632222 3090 304
1622627643719 3100 305
1622627655194 3110 306
1622627666719 3120 307
1622627678365 3130 308
1622627689978 3140 309
1622627701618 3150 310
1622627713307 3160 311
1622627725080 3170 312
1622627736839 3180 313
1622627748890 3190 314
1622627760760 3200 315
1622627772541 3210 316
1622627784481 3220 317
1622627796437 3230 318
1622627808410 3240 319
1622627820394 3250 320
1622627832383 3260 321
1622627844404 3270 322
1622627856466 3280 323
1622627868632 3290 324
1622627880859 3300 325
1622627893046 3310 326
1622627905356 3320 327
1622627917616 3330 328
1622627930006 3340 329
1622627942402 3350 330
1622627954872 3360 331
1622627967346 3370 332
1622627979853 3380 333
1622627992409 3390 334
1622628005029 3400 335
1622628017692 3410 336
1622628030353 3420 337
1622628042957 3430 338
1622628055638 3440 339
1622628068381 3450 340
1622628081117 3460 341
1622628093916 3470 342
1622628106706 3480 343
1622628119624 3490 344
1622628132500 3500 345
1622628145426 3510 346
1622628158358 3520 347
1622628171395 3530 348
1622628184398 3540 349
1622628197492 3550 350
1622628210608 3560 351
1622628223770 3570 352
1622628237047 3580 353
1622628250295 3590 354
1622628263660 3600 355
1622628276995 3610 356
1622628290376 3620 357
1622628303872 3630 358
1622628317349 3640 359
1622628330811 3650 360
1622628344288 3660 361
1622628357925 3670 362
1622628371522 3680 363
1622628385076 3690 364
1622628398737 3700 365
1622628412508 3710 366
1622628426250 3720 367
1622628440079 3730 368
1622628453918 3740 369
1622628467697 3750 370
1622628481593 3760 371
1622628495487 3770 372
1622628509426 3780 373
1622628523394 3790 374
1622628537346 3800 375
1622628551409 3810 376
1622628565449 3820 377
1622628579646 3830 378
1622628593889 3840 379
1622628608207 3850 380
1622628622441 3860 381
1622628636747 3870 382
1622628651984 3880 383
1622628666243 3890 384
1622628680499 3900 385
1622628694903 3910 386
1622628709285 3920 387
1622628723738 3930 388
1622628738196 3940 389
1622628752636 3950 390
1622628767194 3960 391
1622628781723 3970 392
1622628796377 3980 393
1622628811026 3990 394
1622628825727 4000 395
1622628840492 4010 396
1622628855277 4020 397
1622628870072 4030 398
1622628884951 4040 399
1622628899779 4050 400
1622628914711 4060 401
1622628929650 4070 402
1622628944657 4080 403
1622628959596 4090 404
1622628974636 4100 405
1622628989726 4110 406
1622629004822 4120 407
1622629020039 4130 408
1622629035157 4140 409
1622629050439 4150 410
1622629065747 4160 411
1622629081004 4170 412
1622629096288 4180 413
1622629111579 4190 414
1622629126934 4200 415
1622629142262 4210 416
1622629157705 4220 417
1622629173199 4230 418
1622629188732 4240 419
1622629204280 4250 420
1622629220904 4260 421
1622629236649 4270 422
1622629252389 4280 423
1622629268303 4290 424
1622629284107 4300 425
1622629300075 4310 426
1622629316116 4320 427
1622629332161 4330 428
1622629348177 4340 429
1622629364300 4350 430
1622629380460 4360 431
1622629396924 4370 432
1622629413069 4380 433
1622629429334 4390 434
1622629445638 4400 435
1622629461816 4410 436
1622629478163 4420 437
1622629494475 4430 438
1622629510924 4440 439
1622629527395 4450 440
1622629543870 4460 441
1622629560378 4470 442
1622629576901 4480 443
1622629593433 4490 444
1622629609970 4500 445
1622629626588 4510 446
1622629644266 4520 447
1622629660995 4530 448
1622629677769 4540 449
1622629694554 4550 450
1622629711448 4560 451
1622629728283 4570 452
1622629745212 4580 453
1622629762083 4590 454
1622629779083 4600 455
1622629796106 4610 456
1622629813198 4620 457
1622629830205 4630 458
1622629847279 4640 459
1622629864338 4650 460
1622629881554 4660 461
1622629898648 4670 462
1622629915899 4680 463
1622629933084 4690 464
1622629950300 4700 465
1622629967667 4710 466
1622629985089 4720 467
1622630002553 4730 468
1622630020014 4740 469
1622630037502 4750 470
1622630055102 4760 471
1622630072679 4770 472
1622630090239 4780 473
1622630107979 4790 474
1622630125645 4800 475
1622630143292 4810 476
1622630160964 4820 477
1622630178738 4830 478
1622630196515 4840 479
1622630214325 4850 480
1622630232110 4860 481
1622630250107 4870 482
1622630268060 4880 483
1622630286014 4890 484
1622630304020 4900 485
1622630322052 4910 486
1622630340136 4920 487
1622630358190 4930 488
1622630376230 4940 489
1622630394390 4950 490
1622630412618 4960 491
1622630430786 4970 492
1622630448998 4980 493
1622630467288 4990 494
1622630485745 5000 495
1622630504079 5010 496
1622630522737 5020 497
1622630541186 5030 498
1622630559691 5040 499
1622630578234 5050 500
