1622724674807 29 0
1622724675377 16 1
1622724675962 18 2
1622724676606 18 3
1622724677261 17 4
1622724677926 17 5
1622724678639 17 6
1622724679402 17 7
1622724680195 17 8
1622724681028 17 9
1622724681891 17 10
1622724682788 17 11
1622724683732 17 12
1622724684704 17 13
1622724685703 17 14
1622724686752 17 15
1622724687842 17 16
1622724688964 17 17
1622724690140 17 18
1622724691316 17 19
1622724692532 17 20
1622724693787 17 21
1622724695088 17 22
1622724696437 17 23
1622724697791 17 24
1622724699203 17 25
1622724700645 17 26
1622724702122 17 27
1622724703661 17 28
1622724705205 17 29
1622724706774 17 30
1622724708401 17 31
1622724710074 17 32
1622724711785 17 33
1622724713507 17 34
1622724715278 17 35
1622724717071 17 36
1622724718912 17 37
1622724720785 17 38
1622724722686 17 39
1622724724624 17 40
1622724726616 17 41
1622724728646 17 42
1622724730698 17 43
1622724732799 17 44
1622724734923 17 45
1622724737065 17 46
1622724739255 17 47
1622724741472 17 48
1622724743731 17 49
1622724746045 17 50
1622724748385 17 51
1622724750752 17 52
1622724753143 17 53
1622724755603 17 54
1622724758089 17 55
1622724760598 17 56
1622724763161 17 57
1622724765760 17 58
1622724768391 17 59
1622724771051 17 60
1622724773748 17 61
1622724776508 17 62
1622724779300 17 63
1622724782092 17 64
1622724784976 17 65
1622724787905 17 66
1622724790840 17 67
1622724793850 17 68
1622724796820 17 69
1622724799845 17 70
1622724802925 17 71
1622724806057 17 72
1622724809196 17 73
1622724812361 17 74
1622724815620 17 75
1622724818883 17 76
1622724822138 17 77
1622724825451 17 78
1622724828785 17 79
1622724832163 17 80
1622724835614 17 81
1622724839076 17 82
1622724842527 17 83
1622724846101 17 84
1622724849666 17 85
1622724853247 17 86
1622724856878 17 87
1622724860587 17 88
1622724864276 17 89
1622724868015 17 90
1622724871799 17 91
1622724875617 17 92
1622724879503 17 93
1622724883411 17 94
1622724887322 17 95
1622724891327 17 96
1622724895350 17 97
1622724899385 17 98
1622724903430 17 99
1622724907539 17 100
1622724911680 17 101
1622724915871 17 102
1622724920062 17 103
1622724924334 17 104
1622724928629 17 105
1622724932923 17 106
1622724937282 17 107
1622724941647 17 108
1622724946073 17 109
1622724950553 17 110
1622724955101 17 111
1622724959608 17 112
1622724964149 17 113
1622724968738 17 114
1622724973420 17 115
1622724978049 17 116
1622724982809 17 117
1622724987624 17 118
1622724992448 17 119
1622724997304 17 120
1622725002204 17 121
1622725007111 17 122
1622725011978 17 123
1622725016961 17 124
1622725021931 17 125
1622725027011 17 126
1622725032093 17 127
1622725037246 17 128
1622725042412 17 129
1622725047614 17 130
1622725052898 17 131
1622725058150 17 132
1622725063483 17 133
1622725068820 17 134
1622725074240 17 135
1622725079666 17 136
1622725085143 17 137
1622725090639 17 138
1622725096156 17 139
1622725101703 17 140
1622725107249 17 141
1622725112911 17 142
1622725118661 17 143
1622725124366 17 144
1622725130119 17 145
1622725135883 17 146
1622725141637 17 147
1622725147478 17 148
1622725153411 17 149
1622725159383 17 150
1622725165330 17 151
1622725171341 17 152
1622725177342 17 153
1622725183454 17 154
1622725189550 17 155
1622725195666 17 156
1622725201861 17 157
1622725208107 17 158
1622725214349 17 159
1622725220662 17 160
1622725226990 17 161
1622725233317 17 162
1622725239734 17 163
1622725246166 17 164
1622725252634 17 165
1622725259201 17 166
1622725265792 17 167
1622725272392 17 168
1622725278963 17 169
1622725285610 17 170
1622725292314 17 171
1622725298946 17 172
1622725305665 17 173
1622725312475 17 174
1622725319244 17 175
1622725326148 17 176
1622725333046 17 177
1622725339967 17 178
1622725346942 17 179
1622725353984 17 180
1622725361004 17 181
1622725368130 17 182
1622725375286 17 183
1622725382414 17 184
1622725389550 17 185
1622725396777 17 186
1622725404061 17 187
1622725411426 17 188
1622725418844 17 189
1622725426273 17 190
1622725433687 17 191
1622725441129 17 192
1622725448614 17 193
1622725456137 17 194
1622725463695 17 195
1622725471333 17 196
1622725478977 17 197
1622725486623 17 198
1622725494346 17 199
1622725502074 17 200
1622725509856 17 201
1622725517680 17 202
1622725525559 17 203
1622725533428 17 204
1622725541347 17 205
1622725549276 17 206
1622725557293 17 207
1622725565311 17 208
1622725573402 17 209
1622725581564 17 210
1622725589690 17 211
1622725597873 17 212
1622725606099 17 213
1622725614367 17 214
1622725622719 17 215
1622725631105 17 216
1622725639447 17 217
1622725647852 17 218
1622725656298 17 219
1622725664765 17 220
1622725673327 17 221
1622725681865 17 222
1622725690404 17 223
1622725699083 17 224
1622725707680 17 225
1622725716342 17 226
1622725725118 17 227
1622725733874 17 228
1622725742682 17 229
1622725751461 17 230
1622725760271 17 231
1622725769238 17 232
1622725778252 17 233
1622725787242 17 234
1622725796284 17 235
1622725805390 17 236
1622725814496 17 237
1622725823707 17 238
1622725832935 17 239
1622725842190 17 240
1622725851447 17 241
1622725860709 17 242
1622725869959 17 243
1622725879323 17 244
1622725888597 17 245
1622725897991 17 246
1622725907416 17 247
1622725916958 17 248
1622725926501 17 249
1622725936023 17 250
1622725945592 17 251
1622725955150 17 252
1622725964777 17 253
1622725974408 17 254
1622725984127 17 255
1622725993773 17 256
1622726003568 17 257
1622726013424 17 258
1622726023373 17 259
1622726033228 17 260
1622726043148 17 261
1622726053199 17 262
1622726063197 17 263
1622726073221 17 264
1622726083301 17 265
1622726093474 17 266
1622726103674 17 267
1622726113935 17 268
1622726124222 17 269
1622726134442 17 270
1622726144702 17 271
1622726154998 17 272
1622726165394 17 273
1622726175818 17 274
1622726186252 17 275
1622726196777 17 276
1622726207341 17 277
1622726217906 17 278
1622726228504 17 279
1622726239201 17 280
1622726249889 17 281
1622726260598 17 282
1622726271325 17 283
1622726282049 17 284
1622726292881 17 285
1622726303731 17 286
1622726314672 17 287
1622726325611 17 288
1622726336568 17 289
1622726347561 17 290
1622726358645 17 291
1622726369718 17 292
1622726380867 17 293
1622726392029 17 294
1622726403164 17 295
1622726414327 17 296
1622726425675 17 297
1622726437050 17 298
1622726448393 17 299
1622726459752 17 300
1622726471240 17 301
1622726482752 17 302
1622726494243 17 303
1622726505810 17 304
1622726517554 17 305
1622726529222 17 306
1622726541016 17 307
1622726552739 17 308
1622726564435 17 309
1622726576140 17 310
1622726587987 17 311
1622726599818 17 312
1622726611626 17 313
1622726623422 17 314
1622726635359 17 315
1622726647199 17 316
1622726659181 17 317
1622726671159 17 318
1622726683253 17 319
1622726695361 17 320
1622726707424 17 321
1622726719595 17 322
1622726731822 17 323
1622726744097 17 324
1622726756425 17 325
1622726768724 17 326
1622726781055 17 327
1622726793464 17 328
1622726805870 17 329
1622726818413 17 330
1622726830989 17 331
1622726843561 17 332
1622726856175 17 333
1622726868854 17 334
1622726881591 17 335
1622726894286 17 336
1622726907033 17 337
1622726919810 17 338
1622726932664 17 339
1622726945457 17 340
1622726958359 17 341
1622726971222 17 342
1622726984147 17 343
1622726997184 17 344
1622727010182 17 345
1622727023236 17 346
1622727036287 17 347
1622727049338 17 348
1622727062522 17 349
1622727075675 17 350
1622727088888 17 351
1622727102027 17 352
1622727115185 17 353
1622727128443 17 354
1622727141744 17 355
1622727155071 17 356
1622727168407 17 357
1622727181832 17 358
1622727195551 17 359
1622727209019 17 360
1622727222485 17 361
1622727236706 17 362
1622727250294 17 363
1622727263850 17 364
1622727277559 17 365
1622727291267 17 366
1622727305010 17 367
1622727318793 17 368
1622727332636 17 369
1622727346454 17 370
1622727360360 17 371
1622727374327 17 372
1622727388246 17 373
1622727402280 17 374
1622727416348 17 375
1622727430382 17 376
1622727444529 17 377
1622727458755 17 378
1622727473538 17 379
1622727487725 17 380
1622727501992 17 381
1622727516400 17 382
1622727530691 17 383
1622727545185 17 384
1622727559482 17 385
1622727573912 17 386
1622727588287 17 387
1622727602779 17 388
1622727617161 17 389
1622727631672 17 390
1622727646150 17 391
1622727660751 17 392
1622727675322 17 393
1622727690009 17 394
1622727704691 17 395
1622727719475 17 396
1622727734171 17 397
1622727749047 17 398
1622727763854 17 399
1622727778638 17 400
1622727793523 17 401
1622727808583 17 402
1622727823557 17 403
1622727838575 17 404
1622727853669 17 405
1622727868825 17 406
1622727883990 17 407
1622727899219 17 408
1622727914422 17 409
1622727929599 17 410
1622727944804 17 411
1622727960147 17 412
1622727975407 17 413
1622727990740 17 414
1622728006091 17 415
1622728021501 17 416
1622728037068 17 417
1622728052528 17 418
1622728068049 17 419
1622728083669 17 420
1622728099216 17 421
1622728114771 17 422
1622728130554 17 423
1622728146462 17 424
1622728162183 17 425
1622728177939 17 426
1622728193719 17 427
1622728209658 17 428
1622728225551 17 429
1622728241509 17 430
1622728257484 17 431
1622728273422 17 432
1622728289479 17 433
1622728306716 17 434
1622728322966 17 435
1622728339242 17 436
1622728355482 17 437
1622728371755 17 438
1622728388124 17 439
1622728404474 17 440
1622728420962 17 441
1622728437467 17 442
1622728454034 17 443
1622728470576 17 444
1622728487218 17 445
1622728504922 17 446
1622728521633 17 447
1622728538354 17 448
1622728555000 17 449
1622728571691 17 450
1622728588489 17 451
1622728605276 17 452
1622728622235 17 453
1622728639075 17 454
1622728655899 17 455
1622728672743 17 456
1622728689586 17 457
1622728706463 17 458
1622728723445 17 459
1622728740564 17 460
1622728757574 17 461
1622728774628 17 462
1622728791765 17 463
1622728808992 17 464
1622728826304 17 465
1622728843586 17 466
1622728860869 17 467
1622728878202 17 468
1622728895599 17 469
1622728912932 17 470
1622728930310 17 471
1622728947747 17 472
1622728965166 17 473
1622728982770 17 474
1622729000340 17 475
1622729018079 17 476
1622729035825 17 477
1622729053634 17 478
1622729071385 17 479
1622729089237 17 480
1622729106913 17 481
1622729124741 17 482
1622729142593 17 483
1622729160515 17 484
1622729178293 17 485
1622729196298 17 486
1622729214172 17 487
1622729232072 17 488
1622729250126 17 489
1622729268129 17 490
1622729286231 17 491
1622729304403 17 492
1622729322674 17 493
1622729340889 17 494
1622729359201 17 495
1622729377827 17 496
1622729396457 17 497
1622729414913 17 498
1622729433484 17 499
1622729452038 17 500
