1622724674830 0.375 0
1622724675395 0.451 1
1622724675979 0.525 2
1622724676624 0.6 3
1622724677278 0.6759999999999999 4
1622724677940 0.7509999999999999 5
1622724678655 0.8249999999999998 6
1622724679416 0.9009999999999998 7
1622724680210 0.9759999999999998 8
1622724681043 1.0509999999999997 9
1622724681906 1.1259999999999997 10
1622724682803 1.2009999999999996 11
1622724683748 1.2759999999999996 12
1622724684720 1.3499999999999996 13
1622724685719 1.4249999999999996 14
1622724686769 1.4999999999999996 15
1622724687858 1.5749999999999995 16
1622724688981 1.6499999999999995 17
1622724690157 1.7249999999999994 18
1622724691332 1.7989999999999995 19
1622724692548 1.8739999999999994 20
1622724693803 1.9489999999999994 21
1622724695104 2.0239999999999996 22
1622724696453 2.0989999999999998 23
1622724697807 2.174 24
1622724699219 2.249 25
1622724700661 2.3240000000000003 26
1622724702139 2.4000000000000004 27
1622724703678 2.4760000000000004 28
1622724705219 2.5510000000000006 29
1622724706788 2.6280000000000006 30
1622724708418 2.7020000000000004 31
1622724710090 2.7760000000000002 32
1622724711801 2.8510000000000004 33
1622724713523 2.9260000000000006 34
1622724715294 3.001000000000001 35
1622724717087 3.076000000000001 36
1622724718928 3.150000000000001 37
1622724720802 3.225000000000001 38
1622724722703 3.300000000000001 39
1622724724640 3.3750000000000013 40
1622724726633 3.449000000000001 41
1622724728662 3.5250000000000012 42
1622724730715 3.6000000000000014 43
1622724732816 3.6760000000000015 44
1622724734939 3.7510000000000017 45
1622724737081 3.8250000000000015 46
1622724739271 3.9000000000000017 47
1622724741487 3.975000000000002 48
1622724743747 4.050000000000002 49
1622724746061 4.124000000000001 50
1622724748401 4.200000000000001 51
1622724750768 4.274000000000001 52
1622724753157 4.3500000000000005 53
1622724755618 4.426 54
1622724758105 4.501 55
1622724760614 4.5760000000000005 56
1622724763178 4.65 57
1622724765777 4.7250000000000005 58
1622724768407 4.800000000000001 59
1622724771067 4.8740000000000006 60
1622724773765 4.949000000000001 61
1622724776524 5.023000000000001 62
1622724779314 5.097 63
1622724782109 5.172000000000001 64
1622724784993 5.247000000000001 65
1622724787920 5.322000000000001 66
1622724790856 5.397000000000001 67
1622724793867 5.473000000000001 68
1622724796837 5.548000000000001 69
1622724799861 5.623000000000001 70
1622724802941 5.697000000000001 71
1622724806073 5.771000000000001 72
1622724809213 5.845000000000001 73
1622724812378 5.920000000000001 74
1622724815635 5.995000000000001 75
1622724818899 6.069000000000001 76
1622724822153 6.143000000000001 77
1622724825467 6.2170000000000005 78
1622724828801 6.291 79
1622724832179 6.3660000000000005 80
1622724835630 6.441000000000001 81
1622724839091 6.516000000000001 82
1622724842543 6.591000000000001 83
1622724846118 6.666000000000001 84
1622724849681 6.741000000000001 85
1622724853263 6.816000000000002 86
1622724856894 6.891000000000002 87
1622724860603 6.967000000000001 88
1622724864292 7.042000000000002 89
1622724868031 7.117000000000002 90
1622724871815 7.192000000000002 91
1622724875634 7.267000000000002 92
1622724879520 7.343000000000002 93
1622724883428 7.418000000000002 94
1622724887338 7.493000000000002 95
1622724891345 7.567000000000002 96
1622724895366 7.642000000000002 97
1622724899400 7.717000000000002 98
1622724903447 7.793000000000002 99
1622724907556 7.870000000000002 100
1622724911696 7.945000000000002 101
1622724915887 8.019000000000002 102
1622724920078 8.094000000000001 103
1622724924350 8.169 104
1622724928645 8.243 105
1622724932939 8.318 106
1622724937298 8.394 107
1622724941663 8.468 108
1622724946090 8.544 109
1622724950569 8.619 110
1622724955117 8.693999999999999 111
1622724959624 8.767999999999999 112
1622724964165 8.842999999999998 113
1622724968753 8.917999999999997 114
1622724973436 8.991999999999997 115
1622724978065 9.067999999999998 116
1622724982825 9.142999999999997 117
1622724987640 9.217999999999996 118
1622724992464 9.292999999999996 119
1622724997320 9.369999999999996 120
1622725002220 9.445999999999996 121
1622725007128 9.520999999999995 122
1622725011995 9.595999999999995 123
1622725016977 9.669999999999995 124
1622725021947 9.745999999999995 125
1622725027028 9.820999999999994 126
1622725032109 9.895999999999994 127
1622725037262 9.971999999999994 128
1622725042429 10.045999999999994 129
1622725047630 10.120999999999993 130
1622725052914 10.196999999999994 131
1622725058166 10.271999999999993 132
1622725063500 10.346999999999992 133
1622725068837 10.421999999999992 134
1622725074256 10.496999999999991 135
1622725079683 10.57099999999999 136
1622725085160 10.646999999999991 137
1622725090654 10.72199999999999 138
1622725096172 10.79699999999999 139
1622725101719 10.87199999999999 140
1622725107264 10.945999999999989 141
1622725112927 11.020999999999988 142
1622725118678 11.095999999999988 143
1622725124383 11.170999999999987 144
1622725130135 11.246999999999987 145
1622725135899 11.320999999999987 146
1622725141653 11.395999999999987 147
1622725147494 11.471999999999987 148
1622725153428 11.547999999999988 149
1622725159399 11.623999999999988 150
1622725165347 11.698999999999987 151
1622725171358 11.773999999999987 152
1622725177358 11.848999999999986 153
1622725183470 11.923999999999985 154
1622725189567 11.998999999999985 155
1622725195683 12.073999999999984 156
1622725201877 12.148999999999983 157
1622725208123 12.223999999999982 158
1622725214365 12.298999999999982 159
1622725220679 12.373999999999981 160
1622725227006 12.44899999999998 161
1622725233331 12.52499999999998 162
1622725239749 12.59999999999998 163
1622725246182 12.67499999999998 164
1622725252650 12.75099999999998 165
1622725259218 12.82699999999998 166
1622725265809 12.90199999999998 167
1622725272409 12.976999999999979 168
1622725278980 13.05299999999998 169
1622725285628 13.12899999999998 170
1622725292330 13.20399999999998 171
1622725298962 13.278999999999979 172
1622725305680 13.353999999999978 173
1622725312491 13.427999999999978 174
1622725319259 13.502999999999977 175
1622725326164 13.577999999999976 176
1622725333062 13.652999999999976 177
1622725339982 13.728999999999976 178
1622725346958 13.803999999999975 179
1622725354001 13.878999999999975 180
1622725361020 13.953999999999974 181
1622725368146 14.029999999999974 182
1622725375302 14.104999999999974 183
1622725382430 14.179999999999973 184
1622725389565 14.254999999999972 185
1622725396792 14.328999999999972 186
1622725404077 14.405999999999972 187
1622725411441 14.479999999999972 188
1622725418860 14.554999999999971 189
1622725426289 14.62999999999997 190
1622725433703 14.70499999999997 191
1622725441146 14.77999999999997 192
1622725448630 14.854999999999968 193
1622725456153 14.930999999999969 194
1622725463711 15.005999999999968 195
1622725471349 15.081999999999969 196
1622725478994 15.156999999999968 197
1622725486638 15.230999999999968 198
1622725494362 15.305999999999967 199
1622725502090 15.381999999999968 200
1622725509873 15.456999999999967 201
1622725517696 15.530999999999967 202
1622725525574 15.605999999999966 203
1622725533445 15.681999999999967 204
1622725541362 15.757999999999967 205
1622725549292 15.832999999999966 206
1622725557309 15.908999999999967 207
1622725565328 15.984999999999967 208
1622725573418 16.059999999999967 209
1622725581581 16.134999999999966 210
1622725589707 16.209999999999965 211
1622725597890 16.283999999999967 212
1622725606115 16.358999999999966 213
1622725614381 16.434999999999967 214
1622725622734 16.509999999999966 215
1622725631121 16.584999999999965 216
1622725639463 16.660999999999966 217
1622725647868 16.735999999999965 218
1622725656312 16.810999999999964 219
1622725664781 16.885999999999964 220
1622725673342 16.959999999999965 221
1622725681881 17.035999999999966 222
1622725690418 17.109999999999967 223
1622725699098 17.18399999999997 224
1622725707696 17.25999999999997 225
1622725716357 17.33399999999997 226
1622725725133 17.40899999999997 227
1622725733891 17.48399999999997 228
1622725742699 17.55899999999997 229
1622725751478 17.63399999999997 230
1622725760286 17.708999999999968 231
1622725769254 17.783999999999967 232
1622725778268 17.858999999999966 233
1622725787258 17.933999999999966 234
1622725796300 18.008999999999965 235
1622725805407 18.084999999999965 236
1622725814512 18.159999999999965 237
1622725823725 18.234999999999964 238
1622725832951 18.310999999999964 239
1622725842206 18.385999999999964 240
1622725851462 18.460999999999963 241
1622725860726 18.536999999999964 242
1622725869975 18.610999999999965 243
1622725879338 18.686999999999966 244
1622725888612 18.761999999999965 245
1622725898007 18.836999999999964 246
1622725907431 18.911999999999964 247
1622725916974 18.987999999999964 248
1622725926516 19.062999999999963 249
1622725936039 19.137999999999963 250
1622725945607 19.212999999999962 251
1622725955165 19.288999999999962 252
1622725964792 19.36399999999996 253
1622725974424 19.43899999999996 254
1622725984141 19.51499999999996 255
1622725993787 19.58999999999996 256
1622726003583 19.66599999999996 257
1622726013439 19.739999999999963 258
1622726023389 19.814999999999962 259
1622726033243 19.890999999999963 260
1622726043163 19.966999999999963 261
1622726053214 20.041999999999963 262
1622726063212 20.117999999999963 263
1622726073236 20.192999999999962 264
1622726083318 20.266999999999964 265
1622726093491 20.341999999999963 266
1622726103689 20.416999999999963 267
1622726113950 20.492999999999963 268
1622726124238 20.567999999999962 269
1622726134458 20.643999999999963 270
1622726144717 20.717999999999964 271
1622726155014 20.792999999999964 272
1622726165410 20.867999999999963 273
1622726175834 20.943999999999964 274
1622726186266 21.018999999999963 275
1622726196793 21.093999999999962 276
1622726207355 21.167999999999964 277
1622726217922 21.242999999999963 278
1622726228520 21.318999999999964 279
1622726239216 21.394999999999964 280
1622726249904 21.469999999999963 281
1622726260613 21.544999999999963 282
1622726271341 21.619999999999962 283
1622726282065 21.69499999999996 284
1622726292896 21.77099999999996 285
1622726303747 21.84599999999996 286
1622726314688 21.922999999999963 287
1622726325626 21.997999999999962 288
1622726336584 22.07299999999996 289
1622726347579 22.148999999999962 290
1622726358661 22.222999999999963 291
1622726369735 22.297999999999963 292
1622726380884 22.371999999999964 293
1622726392046 22.447999999999965 294
1622726403180 22.523999999999965 295
1622726414344 22.599999999999966 296
1622726425692 22.675999999999966 297
1622726437066 22.749999999999968 298
1622726448410 22.82399999999997 299
1622726459766 22.89899999999997 300
1622726471256 22.97399999999997 301
1622726482769 23.04999999999997 302
1622726494259 23.124999999999968 303
1622726505828 23.20099999999997 304
1622726517572 23.27499999999997 305
1622726529240 23.35099999999997 306
1622726541033 23.42599999999997 307
1622726552754 23.49999999999997 308
1622726564451 23.57499999999997 309
1622726576156 23.65099999999997 310
1622726588003 23.72599999999997 311
1622726599833 23.799999999999972 312
1622726611642 23.87499999999997 313
1622726623438 23.950999999999972 314
1622726635374 24.024999999999974 315
1622726647214 24.099999999999973 316
1622726659196 24.174999999999972 317
1622726671175 24.251999999999974 318
1622726683269 24.326999999999973 319
1622726695377 24.400999999999975 320
1622726707441 24.474999999999977 321
1622726719611 24.550999999999977 322
1622726731839 24.626999999999978 323
1622726744113 24.701999999999977 324
1622726756442 24.776999999999976 325
1622726768739 24.852999999999977 326
1622726781072 24.927999999999976 327
1622726793483 25.002999999999975 328
1622726805898 25.076999999999977 329
1622726818438 25.152999999999977 330
1622726831009 25.227999999999977 331
1622726843576 25.303999999999977 332
1622726856196 25.378999999999976 333
1622726868889 25.453999999999976 334
1622726881607 25.529999999999976 335
1622726894303 25.604999999999976 336
1622726907050 25.680999999999976 337
1622726919826 25.754999999999978 338
1622726932680 25.829999999999977 339
1622726945473 25.90699999999998 340
1622726958375 25.98299999999998 341
1622726971237 26.05899999999998 342
1622726984162 26.13399999999998 343
1622726997201 26.20999999999998 344
1622727010198 26.28699999999998 345
1622727023252 26.36199999999998 346
1622727036302 26.43799999999998 347
1622727049354 26.51299999999998 348
1622727062539 26.58799999999998 349
1622727075691 26.66199999999998 350
1622727088904 26.735999999999983 351
1622727102043 26.810999999999982 352
1622727115201 26.884999999999984 353
1622727128459 26.958999999999985 354
1622727141760 27.032999999999987 355
1622727155086 27.107999999999986 356
1622727168423 27.181999999999988 357
1622727181849 27.25499999999999 358
1622727195566 27.334999999999987 359
1622727209034 27.40899999999999 360
1622727222502 27.48299999999999 361
1622727236722 27.55699999999999 362
1622727250311 27.63199999999999 363
1622727263866 27.70699999999999 364
1622727277576 27.78099999999999 365
1622727291283 27.854999999999993 366
1622727305026 27.929999999999993 367
1622727318809 28.005999999999993 368
1622727332652 28.078999999999994 369
1622727346469 28.152999999999995 370
1622727360376 28.228999999999996 371
1622727374342 28.303999999999995 372
1622727388262 28.377999999999997 373
1622727402296 28.451999999999998 374
1622727416364 28.528 375
1622727430397 28.602 376
1622727444545 28.677 377
1622727458771 28.753 378
1622727473553 28.829 379
1622727487741 28.905 380
1622727502007 28.979000000000003 381
1622727516415 29.054000000000002 382
1622727530707 29.130000000000003 383
1622727545201 29.206000000000003 384
1622727559497 29.280000000000005 385
1622727573927 29.356000000000005 386
1622727588303 29.430000000000007 387
1622727602795 29.505000000000006 388
1622727617177 29.579000000000008 389
1622727631689 29.654000000000007 390
1622727646167 29.72800000000001 391
1622727660768 29.803000000000008 392
1622727675338 29.878000000000007 393
1622727690025 29.954000000000008 394
1622727704706 30.029000000000007 395
1622727719489 30.104000000000006 396
1622727734188 30.180000000000007 397
1622727749062 30.25400000000001 398
1622727763870 30.33000000000001 399
1622727778652 30.40600000000001 400
1622727793538 30.48100000000001 401
1622727808598 30.55500000000001 402
1622727823573 30.629000000000012 403
1622727838593 30.705000000000013 404
1622727853687 30.780000000000012 405
1622727868842 30.85500000000001 406
1622727884006 30.93000000000001 407
1622727899236 31.00500000000001 408
1622727914438 31.08000000000001 409
1622727929615 31.15500000000001 410
1622727944820 31.230000000000008 411
1622727960163 31.305000000000007 412
1622727975423 31.380000000000006 413
1622727990757 31.454000000000008 414
1622728006107 31.53000000000001 415
1622728021516 31.60600000000001 416
1622728037084 31.68000000000001 417
1622728052544 31.75500000000001 418
1622728068065 31.83100000000001 419
1622728083685 31.908000000000012 420
1622728099232 31.982000000000014 421
1622728114787 32.055000000000014 422
1622728130570 32.131000000000014 423
1622728146479 32.20600000000002 424
1622728162199 32.280000000000015 425
1622728177956 32.353000000000016 426
1622728193735 32.429000000000016 427
1622728209674 32.503000000000014 428
1622728225566 32.57700000000001 429
1622728241525 32.652000000000015 430
1622728257501 32.72600000000001 431
1622728273436 32.80000000000001 432
1622728289499 32.87400000000001 433
1622728306732 33.01800000000001 434
1622728322981 33.092000000000006 435
1622728339258 33.168000000000006 436
1622728355497 33.242000000000004 437
1622728371771 33.316 438
1622728388139 33.39 439
1622728404489 33.465 440
1622728420978 33.540000000000006 441
1622728437483 33.61500000000001 442
1622728454050 33.68900000000001 443
1622728470592 33.76400000000001 444
1622728487234 33.83900000000001 445
1622728504937 33.914000000000016 446
1622728521648 33.990000000000016 447
1622728538369 34.06600000000002 448
1622728555013 34.140000000000015 449
1622728571705 34.21400000000001 450
1622728588504 34.289000000000016 451
1622728605292 34.363000000000014 452
1622728622250 34.436000000000014 453
1622728639090 34.51000000000001 454
1622728655914 34.58400000000001 455
1622728672758 34.65800000000001 456
1622728689601 34.732000000000006 457
1622728706480 34.80700000000001 458
1622728723462 34.88100000000001 459
1622728740580 34.95600000000001 460
1622728757590 35.03100000000001 461
1622728774643 35.10400000000001 462
1622728791781 35.17800000000001 463
1622728809008 35.25200000000001 464
1622728826320 35.32700000000001 465
1622728843602 35.40300000000001 466
1622728860884 35.478000000000016 467
1622728878219 35.555000000000014 468
1622728895615 35.63000000000002 469
1622728912947 35.70500000000002 470
1622728930325 35.78000000000002 471
1622728947761 35.85400000000002 472
1622728965181 35.92800000000002 473
1622728982785 36.00200000000002 474
1622729000355 36.076000000000015 475
1622729018094 36.15000000000001 476
1622729035842 36.22300000000001 477
1622729053650 36.29700000000001 478
1622729071400 36.372000000000014 479
1622729089252 36.445000000000014 480
1622729106928 36.518000000000015 481
1622729124756 36.591000000000015 482
1622729142607 36.66500000000001 483
1622729160530 36.73900000000001 484
1622729178308 36.81200000000001 485
1622729196313 36.88600000000001 486
1622729214188 36.96000000000001 487
1622729232088 37.034000000000006 488
1622729250140 37.107000000000006 489
1622729268143 37.181000000000004 490
1622729286247 37.254000000000005 491
1622729304420 37.328 492
1622729322690 37.401 493
1622729340905 37.474000000000004 494
1622729359217 37.547000000000004 495
1622729377844 37.621 496
1622729396471 37.695 497
1622729414928 37.768 498
1622729433501 37.843 499
1622729452052 37.917 500
