1622738730678 0.377 0
1622738731204 0.075 1
1622738731737 0.076 2
1622738732303 0.076 3
1622738732925 0.085 4
1622738733557 0.076 5
1622738734223 0.076 6
1622738734923 0.076 7
1622738735668 0.076 8
1622738736454 0.076 9
1622738737268 0.075 10
1622738738113 0.075 11
1622738738991 0.076 12
1622738739912 0.076 13
1622738740858 0.076 14
1622738741837 0.076 15
1622738742848 0.074 16
1622738743921 0.075 17
1622738745021 0.076 18
1622738746133 0.076 19
1622738747322 0.075 20
1622738748525 0.076 21
1622738749760 0.075 22
1622738751018 0.076 23
1622738752334 0.075 24
1622738753665 0.075 25
1622738755071 0.075 26
1622738756500 0.077 27
1622738757951 0.075 28
1622738759444 0.075 29
1622738760960 0.076 30
1622738762542 0.076 31
1622738764128 0.075 32
1622738765754 0.076 33
1622738767421 0.077 34
1622738769096 0.076 35
1622738770822 0.075 36
1622738772568 0.076 37
1622738774355 0.076 38
1622738776192 0.075 39
1622738778071 0.076 40
1622738779974 0.075 41
1622738781920 0.076 42
1622738783905 0.075 43
1622738785936 0.076 44
1622738788005 0.075 45
1622738790106 0.076 46
1622738792245 0.076 47
1622738794392 0.076 48
1622738796583 0.076 49
1622738798787 0.076 50
1622738801055 0.076 51
1622738803362 0.076 52
1622738805697 0.075 53
1622738808096 0.076 54
1622738810510 0.075 55
1622738812961 0.075 56
1622738815425 0.076 57
1622738817904 0.075 58
1622738820461 0.075 59
1622738823032 0.075 60
1622738825680 0.076 61
1622738828312 0.076 62
1622738830997 0.076 63
1622738833719 0.074 64
1622738836474 0.076 65
1622738839235 0.075 66
1622738842067 0.075 67
1622738844898 0.075 68
1622738847829 0.076 69
1622738850790 0.075 70
1622738853780 0.076 71
1622738856805 0.075 72
1622738859868 0.077 73
1622738862928 0.076 74
1622738866090 0.076 75
1622738869240 0.077 76
1622738872459 0.076 77
1622738875702 0.076 78
1622738878977 0.075 79
1622738882269 0.075 80
1622738885612 0.077 81
1622738888958 0.076 82
1622738892338 0.075 83
1622738895747 0.075 84
1622738899218 0.076 85
1622738902725 0.075 86
1622738906255 0.076 87
1622738909837 0.075 88
1622738913435 0.076 89
1622738917097 0.075 90
1622738920802 0.076 91
1622738924868 0.075 92
1622738929203 0.085 93
1622738933188 0.077 94
1622738937060 0.086 95
1622738940922 0.075 96
1622738944820 0.075 97
1622738948779 0.076 98
1622738952752 0.076 99
1622738956751 0.075 100
1622738960774 0.076 101
1622738964891 0.076 102
1622738968980 0.075 103
1622738973109 0.076 104
1622738977363 0.076 105
1622738981580 0.075 106
1622738985822 0.075 107
1622738990129 0.075 108
1622738994475 0.077 109
1622738998855 0.076 110
1622739003221 0.076 111
1622739007650 0.076 112
1622739012112 0.076 113
1622739016611 0.076 114
1622739021147 0.075 115
1622739025742 0.076 116
1622739030350 0.075 117
1622739035011 0.076 118
1622739039706 0.075 119
1622739044441 0.076 120
1622739049221 0.075 121
1622739054045 0.076 122
1622739058860 0.075 123
1622739063727 0.076 124
1622739068628 0.075 125
1622739073575 0.076 126
1622739078540 0.076 127
1622739083559 0.076 128
1622739088606 0.075 129
1622739093698 0.075 130
1622739098772 0.075 131
1622739104821 0.146 132
1622739109992 0.075 133
1622739115188 0.076 134
1622739120470 0.075 135
1622739125738 0.076 136
1622739131049 0.076 137
1622739136459 0.076 138
1622739141893 0.076 139
1622739147373 0.077 140
1622739152849 0.076 141
1622739158406 0.075 142
1622739163919 0.075 143
1622739169501 0.075 144
1622739175142 0.076 145
1622739180795 0.077 146
1622739186531 0.076 147
1622739192280 0.075 148
1622739198030 0.076 149
1622739203836 0.076 150
1622739209722 0.076 151
1622739215627 0.075 152
1622739221585 0.074 153
1622739227577 0.076 154
1622739233596 0.076 155
1622739239666 0.075 156
1622739245770 0.075 157
1622739251861 0.076 158
1622739258007 0.076 159
1622739264205 0.075 160
1622739270395 0.076 161
1622739276663 0.075 162
1622739282949 0.075 163
1622739289270 0.075 164
1622739295584 0.077 165
1622739302049 0.075 166
1622739308451 0.077 167
1622739314897 0.075 168
1622739321418 0.075 169
1622739327971 0.075 170
1622739334519 0.076 171
1622739341077 0.075 172
1622739347726 0.076 173
1622739355266 0.149 174
1622739361900 0.076 175
1622739368639 0.076 176
1622739375326 0.076 177
1622739382098 0.074 178
1622739388934 0.075 179
1622739395820 0.075 180
1622739402677 0.076 181
1622739409614 0.076 182
1622739416527 0.076 183
1622739423499 0.076 184
1622739430544 0.075 185
1622739437623 0.075 186
1622739444675 0.075 187
1622739451786 0.076 188
1622739459037 0.075 189
1622739466194 0.075 190
1622739473501 0.075 191
1622739480820 0.076 192
1622739488091 0.074 193
1622739495397 0.076 194
1622739502705 0.075 195
1622739510111 0.075 196
1622739517551 0.075 197
1622739525062 0.076 198
1622739532544 0.075 199
1622739540142 0.075 200
1622739547796 0.075 201
1622739555438 0.075 202
1622739563086 0.076 203
1622739570767 0.075 204
1622739578482 0.075 205
1622739586265 0.075 206
1622739594025 0.074 207
1622739602078 0.075 208
1622739610554 0.138 209
1622739618561 0.075 210
1622739626602 0.075 211
1622739634728 0.076 212
1622739642783 0.075 213
1622739650861 0.075 214
1622739659025 0.076 215
1622739667181 0.075 216
1622739675481 0.075 217
1622739683704 0.076 218
1622739691997 0.075 219
1622739700276 0.075 220
1622739708732 0.076 221
1622739717083 0.076 222
1622739725548 0.075 223
1622739734008 0.076 224
1622739742570 0.077 225
1622739751127 0.077 226
1622739759736 0.076 227
1622739768370 0.076 228
1622739777072 0.076 229
1622739785680 0.075 230
1622739794481 0.076 231
1622739803256 0.076 232
1622739812123 0.078 233
1622739820935 0.075 234
1622739829789 0.075 235
1622739838781 0.076 236
1622739847712 0.076 237
1622739856704 0.076 238
1622739865708 0.075 239
1622739874737 0.075 240
1622739883867 0.076 241
1622739892989 0.075 242
1622739902227 0.076 243
1622739911456 0.076 244
1622739920722 0.075 245
1622739930012 0.077 246
1622739939355 0.076 247
1622739948745 0.075 248
1622739958124 0.075 249
1622739967528 0.076 250
1622739977001 0.076 251
1622739986512 0.076 252
1622739996042 0.076 253
1622740005636 0.076 254
1622740015230 0.076 255
1622740024895 0.076 256
1622740034519 0.075 257
1622740044151 0.075 258
1622740053884 0.075 259
1622740063707 0.075 260
1622740073544 0.076 261
1622740083411 0.076 262
1622740093360 0.077 263
1622740103282 0.076 264
1622740113247 0.076 265
1622740123232 0.075 266
1622740133252 0.075 267
1622740143313 0.075 268
1622740153398 0.076 269
1622740163536 0.076 270
1622740173672 0.076 271
1622740183840 0.076 272
1622740194155 0.076 273
1622740204463 0.075 274
1622740214833 0.076 275
1622740225219 0.076 276
1622740235619 0.076 277
1622740246095 0.075 278
1622740256507 0.076 279
1622740266990 0.075 280
1622740277574 0.077 281
1622740288129 0.076 282
1622740298740 0.076 283
1622740309399 0.076 284
1622740320108 0.076 285
1622740330787 0.076 286
1622740341563 0.075 287
1622740352323 0.075 288
1622740363120 0.076 289
1622740373996 0.075 290
1622740384906 0.075 291
1622740395872 0.077 292
1622740406857 0.075 293
1622740417867 0.076 294
1622740428937 0.076 295
1622740440015 0.075 296
1622740451206 0.075 297
1622740462416 0.077 298
1622740473643 0.076 299
1622740484937 0.076 300
1622740496212 0.076 301
1622740507533 0.076 302
1622740518876 0.075 303
1622740530368 0.076 304
1622740541754 0.076 305
1622740553326 0.076 306
1622740564832 0.076 307
1622740576353 0.075 308
1622740587952 0.075 309
1622740599619 0.075 310
1622740611269 0.076 311
1622740622978 0.076 312
1622740634693 0.078 313
1622740646441 0.076 314
1622740658232 0.076 315
1622740670114 0.075 316
1622740681945 0.075 317
1622740693848 0.076 318
1622740705802 0.075 319
1622740717814 0.076 320
1622740729823 0.075 321
1622740741836 0.076 322
1622740753903 0.076 323
1622740765974 0.076 324
1622740778071 0.077 325
1622740790244 0.075 326
1622740802481 0.077 327
1622740814797 0.075 328
1622740827155 0.076 329
1622740839497 0.077 330
1622740851844 0.076 331
1622740864270 0.075 332
1622740876742 0.076 333
1622740889240 0.077 334
1622740901703 0.075 335
1622740914302 0.074 336
1622740926857 0.077 337
1622740939467 0.077 338
1622740952105 0.076 339
1622740964711 0.075 340
1622740977491 0.075 341
1622740990237 0.076 342
1622741002998 0.076 343
1622741015730 0.075 344
1622741028574 0.075 345
1622741041339 0.075 346
1622741054249 0.075 347
1622741067248 0.076 348
1622741080273 0.076 349
1622741093286 0.075 350
1622741106393 0.075 351
1622741119449 0.076 352
1622741132543 0.076 353
1622741145775 0.075 354
1622741158958 0.075 355
1622741172257 0.076 356
1622741185490 0.076 357
1622741198900 0.075 358
1622741212299 0.076 359
1622741225762 0.076 360
1622741239235 0.075 361
1622741252660 0.076 362
1622741266144 0.075 363
1622741279692 0.075 364
1622741293280 0.076 365
1622741306897 0.075 366
1622741320513 0.076 367
1622741334233 0.076 368
1622741347828 0.075 369
1622741361564 0.076 370
1622741375373 0.075 371
1622741389223 0.077 372
1622741403128 0.076 373
1622741416913 0.076 374
1622741430870 0.075 375
1622741444833 0.075 376
1622741458890 0.075 377
1622741472989 0.076 378
1622741487035 0.075 379
1622741501153 0.076 380
1622741515276 0.076 381
1622741529376 0.075 382
1622741543566 0.076 383
1622741557822 0.076 384
1622741572106 0.075 385
1622741586421 0.075 386
1622741600793 0.077 387
1622741615036 0.075 388
1622741629413 0.075 389
1622741643846 0.075 390
1622741658369 0.076 391
1622741672867 0.076 392
1622741687411 0.075 393
1622741701965 0.076 394
1622741716589 0.075 395
1622741731183 0.075 396
1622741745911 0.077 397
1622741760610 0.077 398
1622741775253 0.075 399
1622741790087 0.076 400
1622741804969 0.076 401
1622741819764 0.077 402
1622741834968 0.075 403
1622741850005 0.076 404
1622741865014 0.076 405
1622741880121 0.076 406
1622741895236 0.076 407
1622741910316 0.075 408
1622741925510 0.076 409
1622741940777 0.077 410
1622741956068 0.077 411
1622741971335 0.076 412
1622741986680 0.076 413
1622742002100 0.076 414
1622742017636 0.076 415
1622742033032 0.076 416
1622742048505 0.076 417
1622742063966 0.075 418
1622742079458 0.075 419
1622742094889 0.076 420
1622742110422 0.075 421
1622742126041 0.076 422
1622742141729 0.076 423
1622742157351 0.076 424
1622742173164 0.075 425
1622742188928 0.075 426
1622742204764 0.075 427
1622742220631 0.075 428
1622742236486 0.076 429
1622742252397 0.077 430
1622742268438 0.076 431
1622742284304 0.075 432
1622742300360 0.076 433
1622742316442 0.076 434
1622742332555 0.076 435
1622742348701 0.076 436
1622742364814 0.077 437
1622742380998 0.076 438
1622742397290 0.076 439
1622742413534 0.076 440
1622742429800 0.075 441
1622742446247 0.077 442
1622742462728 0.077 443
1622742479289 0.076 444
1622742495745 0.077 445
1622742512246 0.076 446
1622742528813 0.075 447
1622742545398 0.075 448
1622742562042 0.075 449
1622742578777 0.076 450
1622742595431 0.076 451
1622742612121 0.076 452
1622742628892 0.075 453
1622742645789 0.076 454
1622742663697 0.077 455
1622742680498 0.076 456
1622742698156 0.078 457
1622742714844 0.075 458
1622742731543 0.075 459
1622742748347 0.075 460
1622742765235 0.076 461
1622742782268 0.075 462
1622742799307 0.075 463
1622742816323 0.076 464
1622742833347 0.076 465
1622742850409 0.076 466
1622742867497 0.076 467
1622742884753 0.076 468
1622742901916 0.075 469
1622742919153 0.075 470
1622742936419 0.076 471
1622742953740 0.076 472
1622742971080 0.075 473
1622742988417 0.077 474
1622743005861 0.077 475
1622743023398 0.076 476
1622743040931 0.076 477
1622743059639 0.076 478
1622743077238 0.075 479
1622743094843 0.075 480
1622743112630 0.076 481
1622743130434 0.076 482
1622743148262 0.075 483
1622743166135 0.075 484
1622743184109 0.076 485
1622743203071 0.076 486
1622743221010 0.078 487
1622743239036 0.075 488
1622743257155 0.076 489
1622743275213 0.076 490
1622743293338 0.076 491
1622743311491 0.076 492
1622743329926 0.075 493
1622743348223 0.076 494
1622743366442 0.076 495
1622743384699 0.075 496
1622743402982 0.077 497
1622743421297 0.076 498
1622743439633 0.077 499
1622743458035 0.076 500
