1622606455398 50 0
1622606455968 60 1
1622606456550 70 2
1622606457184 80 3
1622606457851 90 4
1622606458532 100 5
1622606459252 110 6
1622606460021 120 7
1622606460808 130 8
1622606461639 140 9
1622606462522 150 10
1622606463432 160 11
1622606464373 170 12
1622606465333 180 13
1622606466326 190 14
1622606467369 200 15
1622606468493 210 16
1622606469724 220 17
1622606471730 230 18
1622606473040 240 19
1622606474360 250 20
1622606476003 260 21
1622606477869 270 22
1622606479187 280 23
1622606480692 290 24
1622606482070 300 25
1622606483547 310 26
1622606485011 320 27
1622606486502 330 28
1622606488038 340 29
1622606489633 350 30
1622606491256 360 31
1622606492947 370 32
1622606494629 380 33
1622606496353 390 34
1622606498222 400 35
1622606500030 410 36
1622606501847 420 37
1622606503707 430 38
1622606505602 440 39
1622606507558 450 40
1622606509554 460 41
1622606511660 470 42
1622606513732 480 43
1622606515838 490 44
1622606517970 500 45
1622606520094 510 46
1622606522328 520 47
1622606524602 530 48
1622606526878 540 49
1622606529171 550 50
1622606531521 560 51
1622606534461 570 52
1622606537505 580 53
1622606539970 590 54
1622606542433 600 55
1622606544964 610 56
1622606547644 620 57
1622606550288 630 58
1622606552892 640 59
1622606555526 650 60
1622606558204 660 61
1622606560959 670 62
1622606563726 680 63
1622606566558 690 64
1622606569408 700 65
1622606572273 710 66
1622606575202 720 67
1622606578305 730 68
1622606581303 740 69
1622606584360 750 70
1622606587412 760 71
1622606590521 770 72
1622606593671 780 73
1622606596792 790 74
1622606599974 800 75
1622606603225 810 76
1622606606457 820 77
1622606609750 830 78
1622606613082 840 79
1622606616480 850 80
1622606619883 860 81
1622606623342 870 82
1622606626850 880 83
1622606630424 890 84
1622606633991 900 85
1622606637550 910 86
1622606641209 920 87
1622606644909 930 88
1622606648607 940 89
1622606652397 950 90
1622606656221 960 91
1622606660048 970 92
1622606663925 980 93
1622606667813 990 94
1622606671737 1000 95
1622606675682 1010 96
1622606679667 1020 97
1622606683764 1030 98
1622606687983 1040 99
1622606692413 1050 100
1622606696533 1060 101
1622606700684 1070 102
1622606704862 1080 103
1622606709099 1090 104
1622606713323 1100 105
1622606717648 1110 106
1622606721981 1120 107
1622606726544 1130 108
1622606731116 1140 109
1622606735566 1150 110
1622606740133 1160 111
1622606744683 1170 112
1622606749212 1180 113
1622606753831 1190 114
1622606758502 1200 115
1622606763148 1210 116
1622606767869 1220 117
1622606772599 1230 118
1622606777397 1240 119
1622606782393 1250 120
1622606787367 1260 121
1622606792244 1270 122
1622606797205 1280 123
1622606802157 1290 124
1622606807156 1300 125
1622606812227 1310 126
1622606817317 1320 127
1622606822437 1330 128
1622606827935 1340 129
1622606833152 1350 130
1622606838357 1360 131
1622606843618 1370 132
1622606849069 1380 133
1622606854593 1390 134
1622606859959 1400 135
1622606865365 1410 136
1622606870837 1420 137
1622606876338 1430 138
1622606881866 1440 139
1622606887381 1450 140
1622606893018 1460 141
1622606898657 1470 142
1622606904302 1480 143
1622606910421 1490 144
1622606916148 1500 145
1622606922089 1510 146
1622606927850 1520 147
1622606933840 1530 148
1622606939673 1540 149
1622606945634 1550 150
1622606952147 1560 151
1622606958504 1570 152
1622606964472 1580 153
1622606970597 1590 154
1622606976614 1600 155
1622606982666 1610 156
1622606988905 1620 157
1622606995056 1630 158
1622607001563 1640 159
1622607008750 1650 160
1622607016262 1660 161
1622607022889 1670 162
1622607029441 1680 163
1622607036287 1690 164
1622607042836 1700 165
1622607049449 1710 166
1622607056112 1720 167
1622607063290 1730 168
1622607069876 1740 169
1622607076596 1750 170
1622607083199 1760 171
1622607090119 1770 172
1622607097083 1780 173
1622607103823 1790 174
1622607110664 1800 175
1622607117567 1810 176
1622607124558 1820 177
1622607132017 1830 178
1622607139096 1840 179
1622607146124 1850 180
1622607153151 1860 181
1622607160165 1870 182
1622607167400 1880 183
1622607174452 1890 184
1622607181516 1900 185
1622607188978 1910 186
1622607196354 1920 187
1622607203824 1930 188
1622607211210 1940 189
1622607218549 1950 190
1622607225912 1960 191
1622607233280 1970 192
1622607240722 1980 193
1622607248218 1990 194
1622607255917 2000 195
1622607263678 2010 196
1622607271249 2020 197
1622607280230 2030 198
1622607287953 2040 199
1622607295726 2050 200
1622607303520 2060 201
1622607311646 2070 202
1622607319612 2080 203
1622607327583 2090 204
1622607335502 2100 205
1622607343457 2110 206
1622607351460 2120 207
1622607359488 2130 208
1622607368118 2140 209
1622607376143 2150 210
1622607384392 2160 211
1622607392653 2170 212
1622607400961 2180 213
1622607409379 2190 214
1622607417818 2200 215
1622607426080 2210 216
1622607434503 2220 217
1622607443686 2230 218
1622607452163 2240 219
1622607460631 2250 220
1622607469052 2260 221
1622607477568 2270 222
1622607486133 2280 223
1622607494757 2290 224
1622607503417 2300 225
1622607512076 2310 226
1622607520839 2320 227
1622607529608 2330 228
1622607538358 2340 229
1622607547346 2350 230
1622607556465 2360 231
1622607566017 2370 232
1622607575743 2380 233
1622607584678 2390 234
1622607593675 2400 235
1622607602630 2410 236
1622607611667 2420 237
1622607620725 2430 238
1622607629877 2440 239
1622607639018 2450 240
1622607648219 2460 241
1622607657522 2470 242
1622607666786 2480 243
1622607676287 2490 244
1622607685605 2500 245
1622607695033 2510 246
1622607704431 2520 247
1622607713967 2530 248
1622607723384 2540 249
1622607732949 2550 250
1622607742519 2560 251
1622607752225 2570 252
1622607762001 2580 253
1622607772192 2590 254
1622607781859 2600 255
1622607791608 2610 256
1622607801606 2620 257
1622607811383 2630 258
1622607821381 2640 259
1622607831227 2650 260
1622607841142 2660 261
1622607851109 2670 262
1622607861452 2680 263
1622607871723 2690 264
1622607882051 2700 265
1622607892138 2710 266
1622607902242 2720 267
1622607912353 2730 268
1622607922636 2740 269
1622607932910 2750 270
1622607943208 2760 271
1622607953479 2770 272
1622607963872 2780 273
1622607974484 2790 274
1622607984869 2800 275
1622607995282 2810 276
1622608005843 2820 277
1622608016341 2830 278
1622608027007 2840 279
1622608037720 2850 280
1622608049182 2860 281
1622608059806 2870 282
1622608070424 2880 283
1622608081144 2890 284
1622608091945 2900 285
1622608102794 2910 286
1622608113551 2920 287
1622608124378 2930 288
1622608135212 2940 289
1622608146287 2950 290
1622608157757 2960 291
1622608169054 2970 292
1622608180228 2980 293
1622608191419 2990 294
1622608202499 3000 295
1622608213519 3010 296
1622608224970 3020 297
1622608236770 3030 298
1622608248580 3040 299
1622608260235 3050 300
1622608271932 3060 301
1622608284499 3070 302
1622608295950 3080 303
1622608307916 3090 304
1622608319497 3100 305
1622608331003 3110 306
1622608342649 3120 307
1622608354482 3130 308
1622608366122 3140 309
1622608377733 3150 310
1622608389469 3160 311
1622608401711 3170 312
1622608413507 3180 313
1622608425341 3190 314
1622608437536 3200 315
1622608449448 3210 316
1622608461360 3220 317
1622608473276 3230 318
1622608485520 3240 319
1622608497517 3250 320
1622608509827 3260 321
1622608521895 3270 322
1622608534262 3280 323
1622608546857 3290 324
1622608559077 3300 325
1622608571378 3310 326
1622608583677 3320 327
1622608596255 3330 328
1622608608721 3340 329
1622608621246 3350 330
1622608633726 3360 331
1622608646082 3370 332
1622608658529 3380 333
1622608671062 3390 334
1622608683775 3400 335
1622608696392 3410 336
1622608709402 3420 337
1622608721983 3430 338
1622608734567 3440 339
1622608747166 3450 340
1622608759880 3460 341
1622608772842 3470 342
1622608786202 3480 343
1622608799338 3490 344
1622608812671 3500 345
1622608825557 3510 346
1622608838556 3520 347
1622608851624 3530 348
1622608864754 3540 349
1622608877801 3550 350
1622608890902 3560 351
1622608904123 3570 352
1622608917894 3580 353
1622608931155 3590 354
1622608944538 3600 355
1622608957832 3610 356
1622608971226 3620 357
1622608984714 3630 358
1622608998215 3640 359
1622609012169 3650 360
1622609025706 3660 361
1622609039290 3670 362
1622609052850 3680 363
1622609066485 3690 364
1622609080448 3700 365
1622609094152 3710 366
1622609108146 3720 367
1622609122205 3730 368
1622609136156 3740 369
1622609150189 3750 370
1622609164189 3760 371
1622609178461 3770 372
1622609192449 3780 373
1622609206385 3790 374
1622609220320 3800 375
1622609234369 3810 376
1622609248604 3820 377
1622609262661 3830 378
1622609276780 3840 379
1622609291084 3850 380
1622609305499 3860 381
1622609319763 3870 382
1622609334247 3880 383
1622609348822 3890 384
1622609363539 3900 385
1622609377994 3910 386
1622609392446 3920 387
1622609406895 3930 388
1622609421561 3940 389
1622609436162 3950 390
1622609450865 3960 391
1622609465531 3970 392
1622609480854 3980 393
1622609495950 3990 394
1622609511341 4000 395
1622609525908 4010 396
1622609540614 4020 397
1622609555810 4030 398
1622609570883 4040 399
1622609585688 4050 400
1622609600555 4060 401
1622609615671 4070 402
1622609630662 4080 403
1622609646114 4090 404
1622609661031 4100 405
1622609676000 4110 406
1622609691124 4120 407
1622609706205 4130 408
1622609721394 4140 409
1622609737911 4150 410
1622609753200 4160 411
1622609768436 4170 412
1622609783800 4180 413
1622609799275 4190 414
1622609814679 4200 415
1622609830161 4210 416
1622609845814 4220 417
1622609861396 4230 418
1622609877059 4240 419
1622609892582 4250 420
1622609908357 4260 421
1622609925418 4270 422
1622609941519 4280 423
1622609957247 4290 424
1622609973576 4300 425
1622609990336 4310 426
1622610006136 4320 427
1622610022647 4330 428
1622610038516 4340 429
1622610054414 4350 430
1622610070891 4360 431
1622610087090 4370 432
1622610103913 4380 433
1622610119868 4390 434
1622610135924 4400 435
1622610152110 4410 436
1622610168180 4420 437
1622610184377 4430 438
1622610200651 4440 439
1622610217197 4450 440
1622610234227 4460 441
1622610250740 4470 442
1622610267407 4480 443
1622610283894 4490 444
1622610300491 4500 445
1622610317070 4510 446
1622610333816 4520 447
1622610350759 4530 448
1622610367414 4540 449
1622610384257 4550 450
1622610401469 4560 451
1622610418196 4570 452
1622610435136 4580 453
1622610452503 4590 454
1622610469357 4600 455
1622610486230 4610 456
1622610503252 4620 457
1622610520289 4630 458
1622610537395 4640 459
1622610554517 4650 460
1622610571659 4660 461
1622610588811 4670 462
1622610606080 4680 463
1622610623930 4690 464
1622610641295 4700 465
1622610658588 4710 466
1622610675925 4720 467
1622610693308 4730 468
1622610710827 4740 469
1622610728367 4750 470
1622610745873 4760 471
1622610763289 4770 472
1622610780879 4780 473
1622610798487 4790 474
1622610816069 4800 475
1622610834104 4810 476
1622610852180 4820 477
1622610870266 4830 478
1622610887968 4840 479
1622610905902 4850 480
1622610923786 4860 481
1622610941766 4870 482
1622610960136 4880 483
1622610978559 4890 484
1622610996616 4900 485
1622611014827 4910 486
1622611033324 4920 487
1622611051676 4930 488
1622611069975 4940 489
1622611088227 4950 490
1622611106415 4960 491
1622611124951 4970 492
1622611143270 4980 493
1622611161783 4990 494
1622611180254 5000 495
1622611199333 5010 496
1622611217837 5020 497
1622611236395 5030 498
1622611254913 5040 499
1622611273675 5050 500
