1622753072055 0.374 0
1622753072585 0.075 1
1622753073130 0.074 2
1622753073717 0.076 3
1622753074310 0.075 4
1622753074953 0.075 5
1622753075632 0.074 6
1622753076348 0.074 7
1622753077103 0.075 8
1622753077887 0.074 9
1622753078699 0.076 10
1622753079559 0.075 11
1622753080432 0.074 12
1622753081362 0.076 13
1622753082321 0.075 14
1622753083322 0.074 15
1622753084361 0.075 16
1622753085438 0.074 17
1622753086540 0.076 18
1622753087669 0.076 19
1622753088830 0.075 20
1622753090039 0.075 21
1622753091305 0.075 22
1622753092616 0.075 23
1622753093920 0.075 24
1622753095271 0.074 25
1622753096676 0.075 26
1622753098110 0.076 27
1622753099581 0.075 28
1622753101086 0.077 29
1622753102633 0.076 30
1622753104210 0.075 31
1622753105833 0.075 32
1622753107479 0.076 33
1622753109149 0.074 34
1622753110861 0.075 35
1622753112627 0.075 36
1622753114378 0.074 37
1622753116201 0.076 38
1622753118073 0.074 39
1622753119951 0.075 40
1622753121891 0.075 41
1622753123828 0.075 42
1622753125834 0.075 43
1622753127880 0.075 44
1622753129955 0.075 45
1622753132076 0.074 46
1622753134222 0.074 47
1622753136408 0.074 48
1622753138613 0.074 49
1622753140870 0.075 50
1622753143144 0.075 51
1622753145505 0.075 52
1622753147876 0.074 53
1622753150258 0.075 54
1622753152709 0.075 55
1622753155189 0.074 56
1622753157699 0.076 57
1622753160243 0.075 58
1622753162840 0.075 59
1622753165492 0.075 60
1622753168141 0.075 61
1622753170840 0.074 62
1622753173579 0.074 63
1622753176379 0.075 64
1622753179183 0.075 65
1622753182015 0.074 66
1622753184869 0.074 67
1622753187766 0.075 68
1622753190689 0.075 69
1622753193668 0.076 70
1622753196679 0.075 71
1622753199751 0.074 72
1622753202839 0.076 73
1622753205940 0.076 74
1622753209132 0.075 75
1622753212376 0.075 76
1622753215643 0.075 77
1622753218940 0.074 78
1622753222190 0.075 79
1622753225530 0.074 80
1622753228849 0.075 81
1622753232264 0.074 82
1622753235684 0.075 83
1622753239178 0.075 84
1622753242676 0.074 85
1622753246212 0.075 86
1622753249796 0.074 87
1622753253378 0.074 88
1622753257094 0.075 89
1622753260740 0.075 90
1622753264441 0.075 91
1622753268256 0.074 92
1622753272023 0.074 93
1622753275884 0.074 94
1622753279781 0.075 95
1622753283691 0.074 96
1622753287622 0.076 97
1622753291574 0.075 98
1622753295567 0.075 99
1622753299612 0.075 100
1622753303719 0.074 101
1622753307876 0.074 102
1622753312003 0.075 103
1622753316242 0.074 104
1622753320487 0.078 105
1622753324772 0.076 106
1622753329084 0.076 107
1622753333414 0.075 108
1622753337791 0.074 109
1622753342204 0.075 110
1622753346624 0.076 111
1622753351097 0.075 112
1622753355649 0.074 113
1622753360176 0.075 114
1622753364796 0.075 115
1622753369424 0.076 116
1622753374116 0.074 117
1622753378824 0.074 118
1622753383540 0.075 119
1622753388297 0.074 120
1622753393176 0.075 121
1622753398046 0.076 122
1622753402961 0.075 123
1622753407898 0.076 124
1622753412856 0.075 125
1622753417931 0.075 126
1622753422978 0.075 127
1622753428044 0.075 128
1622753433124 0.075 129
1622753438272 0.075 130
1622753443431 0.075 131
1622753448663 0.076 132
1622753453893 0.075 133
1622753459167 0.076 134
1622753464490 0.076 135
1622753469822 0.074 136
1622753475253 0.075 137
1622753480689 0.075 138
1622753486134 0.076 139
1622753491655 0.075 140
1622753497220 0.074 141
1622753502776 0.074 142
1622753508363 0.075 143
1622753513991 0.075 144
1622753519708 0.077 145
1622753525366 0.074 146
1622753531188 0.075 147
1622753536968 0.074 148
1622753542764 0.075 149
1622753548668 0.074 150
1622753554499 0.075 151
1622753560464 0.074 152
1622753566421 0.075 153
1622753572437 0.076 154
1622753578516 0.075 155
1622753584552 0.074 156
1622753590682 0.074 157
1622753596872 0.076 158
1622753603069 0.074 159
1622753609302 0.074 160
1622753615546 0.075 161
1622753621829 0.075 162
1622753628185 0.077 163
1622753634515 0.074 164
1622753640886 0.075 165
1622753647380 0.075 166
1622753653884 0.074 167
1622753660411 0.075 168
1622753666920 0.074 169
1622753673470 0.074 170
1622753680075 0.075 171
1622753686722 0.075 172
1622753693412 0.076 173
1622753700149 0.075 174
1622753706948 0.074 175
1622753714639 0.145 176
1622753721506 0.075 177
1622753728358 0.075 178
1622753735402 0.074 179
1622753742394 0.076 180
1622753749488 0.075 181
1622753756586 0.077 182
1622753763647 0.076 183
1622753770769 0.075 184
1622753778055 0.076 185
1622753785262 0.075 186
1622753792524 0.075 187
1622753799762 0.075 188
1622753806987 0.075 189
1622753814322 0.075 190
1622753821602 0.076 191
1622753829020 0.075 192
1622753836486 0.075 193
1622753843973 0.075 194
1622753851523 0.076 195
1622753859107 0.075 196
1622753866755 0.076 197
1622753874412 0.075 198
1622753882055 0.075 199
1622753889803 0.075 200
1622753897568 0.075 201
1622753905328 0.074 202
1622753913125 0.075 203
1622753920960 0.076 204
1622753928852 0.075 205
1622753936681 0.075 206
1622753944553 0.074 207
1622753952494 0.075 208
1622753960531 0.075 209
1622753968609 0.075 210
1622753976721 0.074 211
1622753984817 0.075 212
1622753993053 0.077 213
1622754001172 0.075 214
1622754009411 0.076 215
1622754017654 0.075 216
1622754025927 0.075 217
1622754034297 0.074 218
1622754042606 0.075 219
1622754051040 0.074 220
1622754059534 0.075 221
1622754068051 0.076 222
1622754076565 0.075 223
1622754085212 0.075 224
1622754093833 0.076 225
1622754102530 0.075 226
1622754111259 0.076 227
1622754120066 0.075 228
1622754128897 0.075 229
1622754137716 0.078 230
1622754146494 0.075 231
1622754155359 0.077 232
1622754164215 0.075 233
1622754173137 0.074 234
1622754182137 0.075 235
1622754191165 0.076 236
1622754200197 0.075 237
1622754209304 0.076 238
1622754218385 0.077 239
1622754227534 0.075 240
1622754236782 0.075 241
1622754245992 0.075 242
1622754255306 0.074 243
1622754264579 0.074 244
1622754273904 0.075 245
1622754283351 0.075 246
1622754292772 0.076 247
1622754302174 0.075 248
1622754311718 0.075 249
1622754321205 0.075 250
1622754330720 0.076 251
1622754340221 0.075 252
1622754349814 0.075 253
1622754359428 0.075 254
1622754369080 0.075 255
1622754378778 0.075 256
1622754388516 0.076 257
1622754398278 0.075 258
1622754408037 0.075 259
1622754417976 0.075 260
1622754427880 0.075 261
1622754437814 0.075 262
1622754447730 0.076 263
1622754457663 0.076 264
1622754467682 0.075 265
1622754477786 0.076 266
1622754487878 0.074 267
1622754498059 0.075 268
1622754508192 0.075 269
1622754518423 0.075 270
1622754528664 0.075 271
1622754539006 0.074 272
1622754549432 0.074 273
1622754559755 0.076 274
1622754570219 0.076 275
1622754580815 0.076 276
1622754591467 0.076 277
1622754602054 0.077 278
1622754612636 0.078 279
1622754623292 0.075 280
1622754633962 0.077 281
1622754644597 0.076 282
1622754655338 0.074 283
1622754666081 0.076 284
1622754676937 0.075 285
1622754687797 0.075 286
1622754698572 0.074 287
1622754709498 0.076 288
1622754720483 0.076 289
1622754731540 0.076 290
1622754742498 0.074 291
1622754753511 0.075 292
1622754764619 0.075 293
1622754775702 0.077 294
1622754786823 0.076 295
1622754798002 0.075 296
1622754809186 0.076 297
1622754820385 0.075 298
1622754831660 0.075 299
1622754842960 0.075 300
1622754854307 0.075 301
1622754865739 0.075 302
1622754877152 0.076 303
1622754888595 0.075 304
1622754900149 0.076 305
1622754911638 0.075 306
1622754923316 0.076 307
1622754934883 0.076 308
1622754946553 0.076 309
1622754958262 0.076 310
1622754970036 0.076 311
1622754981816 0.076 312
1622754993526 0.075 313
1622755005358 0.072 314
1622755017213 0.076 315
1622755029063 0.075 316
1622755040946 0.075 317
1622755052815 0.076 318
1622755064736 0.075 319
1622755076753 0.075 320
1622755088841 0.074 321
1622755100849 0.076 322
1622755113008 0.075 323
1622755125149 0.076 324
1622755137361 0.075 325
1622755149639 0.075 326
1622755161978 0.075 327
1622755174308 0.075 328
1622755186697 0.075 329
1622755199097 0.075 330
1622755211576 0.075 331
1622755224079 0.077 332
1622755236548 0.075 333
1622755249036 0.074 334
1622755261649 0.075 335
1622755274259 0.076 336
1622755286913 0.074 337
1622755299598 0.075 338
1622755312298 0.074 339
1622755324998 0.075 340
1622755337899 0.075 341
1622755350670 0.075 342
1622755363505 0.075 343
1622755376367 0.076 344
1622755389229 0.075 345
1622755402195 0.076 346
1622755415268 0.075 347
1622755428338 0.075 348
1622755441278 0.075 349
1622755454425 0.075 350
1622755467567 0.075 351
1622755480821 0.075 352
1622755494037 0.074 353
1622755508208 0.075 354
1622755521391 0.075 355
1622755534587 0.075 356
1622755547795 0.075 357
1622755561099 0.075 358
1622755574547 0.076 359
1622755587871 0.074 360
1622755601385 0.074 361
1622755614783 0.075 362
1622755628303 0.075 363
1622755641885 0.074 364
1622755655438 0.075 365
1622755668962 0.074 366
1622755682626 0.075 367
1622755696328 0.074 368
1622755709988 0.074 369
1622755723763 0.076 370
1622755737530 0.074 371
1622755751397 0.075 372
1622755765255 0.076 373
1622755779079 0.075 374
1622755793071 0.075 375
1622755806972 0.075 376
1622755820836 0.075 377
1622755834932 0.076 378
1622755849001 0.076 379
1622755863064 0.075 380
1622755877179 0.075 381
1622755891347 0.075 382
1622755905639 0.076 383
1622755919983 0.075 384
1622755934337 0.074 385
1622755948772 0.075 386
1622755963116 0.076 387
1622755977558 0.075 388
1622755992120 0.074 389
1622756006494 0.075 390
1622756020992 0.075 391
1622756035656 0.075 392
1622756050258 0.075 393
1622756064898 0.075 394
1622756079581 0.075 395
1622756094231 0.074 396
1622756108943 0.076 397
1622756123751 0.076 398
1622756138564 0.074 399
1622756153433 0.075 400
1622756168307 0.076 401
1622756183287 0.076 402
1622756198235 0.075 403
1622756213143 0.077 404
1622756228049 0.074 405
1622756243024 0.075 406
1622756258100 0.075 407
1622756273200 0.074 408
1622756288356 0.075 409
1622756303537 0.075 410
1622756318856 0.075 411
1622756334129 0.074 412
1622756349390 0.075 413
1622756364787 0.074 414
1622756380111 0.075 415
1622756395441 0.074 416
1622756410871 0.074 417
1622756426246 0.075 418
1622756441701 0.075 419
1622756457177 0.073 420
1622756472731 0.075 421
1622756488337 0.074 422
1622756503879 0.076 423
1622756519416 0.074 424
1622756535128 0.073 425
1622756550772 0.075 426
1622756566400 0.075 427
1622756582076 0.075 428
1622756597898 0.075 429
1622756613664 0.074 430
1622756629571 0.075 431
1622756645509 0.074 432
1622756661544 0.074 433
1622756677603 0.074 434
1622756693667 0.075 435
1622756709785 0.074 436
1622756725910 0.075 437
1622756742069 0.074 438
1622756758167 0.075 439
1622756774383 0.074 440
1622756790758 0.075 441
1622756807085 0.075 442
1622756823349 0.074 443
1622756839728 0.076 444
1622756856100 0.073 445
1622756872531 0.074 446
1622756889082 0.076 447
1622756905585 0.074 448
1622756922101 0.074 449
1622756938732 0.073 450
1622756955313 0.076 451
1622756971980 0.075 452
1622756988801 0.075 453
1622757005630 0.075 454
1622757022339 0.073 455
1622757039161 0.074 456
1622757055948 0.076 457
1622757072922 0.075 458
1622757089741 0.074 459
1622757106665 0.074 460
1622757123617 0.075 461
1622757140493 0.075 462
1622757157539 0.075 463
1622757174600 0.074 464
1622757191765 0.075 465
1622757210026 0.145 466
1622757227339 0.075 467
1622757244678 0.076 468
1622757262911 0.076 469
1622757280218 0.074 470
1622757297547 0.076 471
1622757315016 0.075 472
1622757332450 0.075 473
1622757349934 0.075 474
1622757367529 0.075 475
1622757385112 0.074 476
1622757402625 0.075 477
1622757420174 0.074 478
1622757437697 0.075 479
1622757455376 0.075 480
1622757473140 0.075 481
1622757490830 0.076 482
1622757508561 0.074 483
1622757526572 0.075 484
1622757544448 0.075 485
1622757562407 0.076 486
1622757580313 0.074 487
1622757598225 0.075 488
1622757616234 0.075 489
1622757634254 0.074 490
1622757652214 0.075 491
1622757670466 0.074 492
1622757688708 0.074 493
1622757707398 0.081 494
1622757725544 0.076 495
1622757743789 0.075 496
1622757762093 0.076 497
1622757780441 0.074 498
1622757798804 0.074 499
1622757817176 0.075 500
