1622753072075 0.006 0
1622753072601 0.41100000000000003 1
1622753073146 0.837 2
1622753073732 1.305 3
1622753074323 1.783 4
1622753074967 2.312 5
1622753075645 2.877 6
1622753076361 3.4799999999999995 7
1622753077117 4.1209999999999996 8
1622753077901 4.792999999999999 9
1622753078713 5.491 10
1622753079572 6.237 11
1622753080445 6.997 12
1622753081375 7.814 13
1622753082333 8.661 14
1622753083335 9.552 15
1622753084374 10.479 16
1622753085450 11.446 17
1622753086552 12.436 18
1622753087682 13.452 19
1622753088843 14.499 20
1622753090051 15.597000000000001 21
1622753091318 16.751 22
1622753092629 17.947000000000003 23
1622753093933 19.137000000000004 24
1622753095283 20.376000000000005 25
1622753096689 21.668000000000006 26
1622753098124 22.987000000000005 27
1622753099594 24.343000000000007 28
1622753101100 25.732000000000006 29
1622753102647 27.163000000000007 30
1622753104223 28.62600000000001 31
1622753105846 30.13600000000001 32
1622753107491 31.67000000000001 33
1622753109161 33.23000000000001 34
1622753110874 34.83100000000001 35
1622753112640 36.48300000000001 36
1622753114391 38.12000000000001 37
1622753116216 39.82700000000001 38
1622753118086 41.58400000000001 39
1622753119965 43.34900000000001 40
1622753121904 45.17500000000001 41
1622753123842 46.997000000000014 42
1622753125848 48.887000000000015 43
1622753127893 50.81800000000001 44
1622753129969 52.780000000000015 45
1622753132089 54.78700000000001 46
1622753134235 56.820000000000014 47
1622753136421 58.89500000000002 48
1622753138626 60.987000000000016 49
1622753140883 63.13000000000002 50
1622753143158 65.28900000000002 51
1622753145518 67.53100000000002 52
1622753147889 69.78800000000003 53
1622753150271 72.05600000000003 54
1622753152723 74.39300000000003 55
1622753155203 76.75900000000003 56
1622753157713 79.15300000000003 57
1622753160257 81.58200000000004 58
1622753162853 84.06500000000004 59
1622753165505 86.60400000000004 60
1622753168154 89.13800000000005 61
1622753170854 91.72300000000004 62
1622753173593 94.34700000000004 63
1622753176393 97.03000000000003 64
1622753179197 99.72000000000003 65
1622753182029 102.43900000000002 66
1622753184882 105.17900000000002 67
1622753187779 107.96300000000002 68
1622753190702 110.77100000000002 69
1622753193681 113.63400000000001 70
1622753196691 116.53200000000001 71
1622753199763 119.492 72
1622753202852 122.467 73
1622753205953 125.456 74
1622753209144 128.534 75
1622753212389 131.666 76
1622753215656 134.82 77
1622753218952 138.005 78
1622753222204 141.143 79
1622753225542 144.37 80
1622753228861 147.577 81
1622753232278 150.879 82
1622753235698 154.183 83
1622753239191 157.56199999999998 84
1622753242690 160.94699999999997 85
1622753246226 164.36899999999997 86
1622753249810 167.83999999999997 87
1622753253391 171.30799999999996 88
1622753257107 174.90999999999997 89
1622753260753 178.44199999999998 90
1622753264454 182.03199999999998 91
1622753268268 185.73399999999998 92
1622753272037 189.38899999999998 93
1622753275896 193.13699999999997 94
1622753279795 196.92199999999997 95
1622753283705 200.71699999999996 96
1622753287636 204.53199999999995 97
1622753291588 208.36999999999995 98
1622753295581 212.24799999999993 99
1622753299626 216.17799999999994 100
1622753303732 220.17099999999994 101
1622753307890 224.21299999999994 102
1622753312028 228.22099999999995 103
1622753316255 232.32899999999995 104
1622753320500 236.45699999999994 105
1622753324785 240.62699999999992 106
1622753329097 244.82599999999994 107
1622753333428 249.04199999999994 108
1622753337804 253.30499999999995 109
1622753342216 257.60499999999996 110
1622753346638 261.912 111
1622753351110 266.27 112
1622753355662 270.70799999999997 113
1622753360189 275.121 114
1622753364809 279.628 115
1622753369437 284.143 116
1622753374129 288.72299999999996 117
1622753378836 293.32099999999997 118
1622753383553 297.926 119
1622753388317 302.56899999999996 120
1622753393189 307.32499999999993 121
1622753398060 312.07499999999993 122
1622753402975 316.8739999999999 123
1622753407912 321.6929999999999 124
1622753412872 326.5319999999999 125
1622753417945 331.48799999999994 126
1622753422992 336.41999999999996 127
1622753428057 341.37199999999996 128
1622753433138 346.33799999999997 129
1622753438285 351.371 130
1622753443444 356.417 131
1622753448676 361.53499999999997 132
1622753453906 366.65299999999996 133
1622753459179 371.81399999999996 134
1622753464502 377.02299999999997 135
1622753469835 382.243 136
1622753475268 387.558 137
1622753480704 392.876 138
1622753486149 398.202 139
1622753491670 403.606 140
1622753497235 409.054 141
1622753502789 414.49499999999995 142
1622753508378 419.9669999999999 143
1622753514005 425.47799999999995 144
1622753519722 431.0799999999999 145
1622753525378 436.6239999999999 146
1622753531201 442.3329999999999 147
1622753536982 447.9989999999999 148
1622753542778 453.6799999999999 149
1622753548681 459.4679999999999 150
1622753554512 465.1859999999999 151
1622753560478 471.0379999999999 152
1622753566435 476.8809999999999 153
1622753572450 482.7819999999999 154
1622753578529 488.7489999999999 155
1622753584565 494.6719999999999 156
1622753590696 500.68799999999993 157
1622753596886 506.7609999999999 158
1622753603081 512.8419999999999 159
1622753609315 518.9619999999999 160
1622753615559 525.0929999999998 161
1622753621844 531.2619999999998 162
1622753628198 537.4999999999999 163
1622753634529 543.7149999999999 164
1622753640900 549.9699999999999 165
1622753647392 556.3499999999999 166
1622753653898 562.7409999999999 167
1622753660425 569.1529999999999 168
1622753666934 575.5459999999999 169
1622753673485 581.9809999999999 170
1622753680089 588.4699999999999 171
1622753686735 595.0009999999999 172
1622753693425 601.5749999999998 173
1622753700163 608.1969999999998 174
1622753706965 614.8739999999998 175
1622753714653 622.3739999999998 176
1622753721520 629.1269999999998 177
1622753728372 635.8639999999998 178
1622753735416 642.7909999999998 179
1622753742407 649.6649999999998 180
1622753749503 656.6469999999998 181
1622753756600 663.6269999999998 182
1622753763661 670.5719999999999 183
1622753770783 677.5789999999998 184
1622753778069 684.7489999999998 185
1622753785276 691.8409999999998 186
1622753792537 698.9879999999998 187
1622753799775 706.1109999999999 188
1622753807001 713.2219999999999 189
1622753814335 720.4429999999999 190
1622753821616 727.6079999999998 191
1622753829032 734.9119999999998 192
1622753836500 742.2639999999998 193
1622753843986 749.6339999999998 194
1622753851537 757.0689999999997 195
1622753859121 764.5359999999997 196
1622753866768 772.0649999999997 197
1622753874426 779.6069999999997 198
1622753882067 787.1349999999998 199
1622753889817 794.7699999999998 200
1622753897581 802.4189999999998 201
1622753905341 810.0659999999998 202
1622753913140 817.7469999999998 203
1622753920975 825.4639999999998 204
1622753928866 833.2399999999998 205
1622753936694 840.9529999999997 206
1622753944566 848.7109999999998 207
1622753952508 856.5379999999998 208
1622753960546 864.4569999999998 209
1622753968623 872.4179999999998 210
1622753976735 880.4159999999998 211
1622753984830 888.3969999999998 212
1622753993067 896.5179999999998 213
1622754001186 904.5229999999998 214
1622754009425 912.6449999999998 215
1622754017667 920.7729999999998 216
1622754025942 928.9329999999998 217
1622754034310 937.1879999999998 218
1622754042619 945.3849999999998 219
1622754051054 953.7039999999997 220
1622754059549 962.0779999999997 221
1622754068064 970.4779999999997 222
1622754076580 978.8759999999997 223
1622754085227 987.4029999999998 224
1622754093860 995.8979999999998 225
1622754102546 1004.4589999999998 226
1622754111273 1013.0699999999998 227
1622754120080 1021.7619999999998 228
1622754128911 1030.4769999999999 229
1622754137730 1039.176 230
1622754146508 1047.837 231
1622754155373 1056.586 232
1622754164228 1065.328 233
1622754173151 1074.136 234
1622754182151 1083.021 235
1622754191179 1091.932 236
1622754200211 1100.848 237
1622754209318 1109.838 238
1622754218398 1118.802 239
1622754227548 1127.836 240
1622754236797 1136.967 241
1622754246006 1146.0620000000001 242
1622754255321 1155.2600000000002 243
1622754264592 1164.4160000000002 244
1622754273917 1173.6270000000002 245
1622754283365 1182.9590000000003 246
1622754292786 1192.2620000000004 247
1622754302189 1201.5460000000005 248
1622754311732 1210.9690000000005 249
1622754321218 1220.3400000000006 250
1622754330735 1229.7380000000005 251
1622754340235 1239.1220000000005 252
1622754349828 1248.6000000000006 253
1622754359442 1258.0990000000006 254
1622754369095 1267.6340000000007 255
1622754378791 1277.2150000000006 256
1622754388540 1286.8300000000006 257
1622754398292 1296.4610000000007 258
1622754408049 1306.1060000000007 259
1622754417989 1315.9320000000007 260
1622754427893 1325.7230000000006 261
1622754437826 1335.5430000000006 262
1622754447743 1345.3460000000007 263
1622754457676 1355.1660000000006 264
1622754467695 1365.0710000000006 265
1622754477798 1375.0600000000006 266
1622754487891 1385.0420000000006 267
1622754498072 1395.1090000000006 268
1622754508206 1405.1290000000006 269
1622754518436 1415.2480000000005 270
1622754528676 1425.3760000000004 271
1622754539019 1435.6070000000004 272
1622754549445 1445.9190000000003 273
1622754559775 1456.1220000000003 274
1622754570232 1466.4610000000002 275
1622754580828 1476.9450000000002 276
1622754591480 1487.4850000000001 277
1622754602066 1497.9560000000001 278
1622754612649 1508.422 279
1622754623306 1518.962 280
1622754633974 1529.516 281
1622754644610 1540.039 282
1622754655351 1550.668 283
1622754666094 1561.2969999999998 284
1622754676951 1572.0379999999998 285
1622754687809 1582.7829999999997 286
1622754698585 1593.4459999999997 287
1622754709512 1604.2569999999996 288
1622754720497 1615.1249999999995 289
1622754731553 1626.0679999999995 290
1622754742512 1636.9119999999996 291
1622754753526 1647.8059999999996 292
1622754764634 1658.7969999999996 293
1622754775715 1669.7619999999995 294
1622754786836 1680.7669999999996 295
1622754798015 1691.8299999999997 296
1622754809199 1702.8989999999997 297
1622754820399 1713.9829999999997 298
1622754831674 1725.1419999999998 299
1622754842974 1736.3249999999998 300
1622754854322 1747.5549999999998 301
1622754865752 1758.8709999999999 302
1622754877165 1770.1689999999999 303
1622754888610 1781.4979999999998 304
1622754900162 1792.936 305
1622754911652 1804.31 306
1622754923329 1815.8709999999999 307
1622754934897 1827.3239999999998 308
1622754946567 1838.8799999999999 309
1622754958275 1850.474 310
1622754970049 1862.134 311
1622754981830 1873.8 312
1622754993539 1885.397 313
1622755005370 1897.119 314
1622755017227 1908.86 315
1622755029076 1920.597 316
1622755040960 1932.365 317
1622755052827 1944.119 318
1622755064751 1955.926 319
1622755076767 1967.826 320
1622755088853 1979.8 321
1622755100862 1991.696 322
1622755113020 2003.742 323
1622755125162 2015.77 324
1622755137374 2027.869 325
1622755149652 2040.0349999999999 326
1622755161991 2052.263 327
1622755174320 2064.4809999999998 328
1622755186710 2076.7569999999996 329
1622755199110 2089.046 330
1622755211590 2101.41 331
1622755224092 2113.795 332
1622755236562 2126.15 333
1622755249048 2138.524 334
1622755261663 2151.025 335
1622755274271 2163.52 336
1622755286925 2176.063 337
1622755299610 2188.636 338
1622755312311 2201.223 339
1622755325012 2213.8089999999997 340
1622755337913 2226.595 341
1622755350683 2239.2509999999997 342
1622755363519 2251.9709999999995 343
1622755376381 2264.7169999999996 344
1622755389244 2277.4629999999997 345
1622755402210 2290.3129999999996 346
1622755415281 2303.2679999999996 347
1622755428352 2316.2209999999995 348
1622755441290 2329.0459999999994 349
1622755454438 2342.0799999999995 350
1622755467580 2355.1069999999995 351
1622755480834 2368.2469999999994 352
1622755494051 2381.3489999999993 353
1622755508222 2395.4029999999993 354
1622755521404 2408.468999999999 355
1622755534601 2421.551999999999 356
1622755547808 2434.644999999999 357
1622755561112 2447.835999999999 358
1622755574558 2461.1699999999987 359
1622755587885 2474.3819999999987 360
1622755601398 2487.779999999999 361
1622755614796 2501.0629999999987 362
1622755628316 2514.4689999999987 363
1622755641897 2527.9399999999987 364
1622755655450 2541.3809999999985 365
1622755668974 2554.7929999999983 366
1622755682638 2568.3449999999984 367
1622755696341 2581.9369999999985 368
1622755710000 2595.4859999999985 369
1622755723778 2609.1449999999986 370
1622755737544 2622.7939999999985 371
1622755751409 2636.5469999999987 372
1622755765269 2650.290999999999 373
1622755779091 2663.9999999999986 374
1622755793084 2677.8799999999987 375
1622755806986 2691.6669999999986 376
1622755820849 2705.4159999999983 377
1622755834945 2719.3969999999986 378
1622755849015 2733.3499999999985 379
1622755863077 2747.2979999999984 380
1622755877192 2761.2979999999984 381
1622755891361 2775.3519999999985 382
1622755905653 2789.5279999999984 383
1622755919996 2803.7579999999984 384
1622755934349 2817.9999999999986 385
1622755948784 2832.3229999999985 386
1622755963129 2846.5509999999986 387
1622755977572 2860.8769999999986 388
1622755992134 2875.3219999999988 389
1622756006508 2889.578999999999 390
1622756021006 2903.9619999999986 391
1622756035669 2918.5099999999984 392
1622756050271 2932.9959999999983 393
1622756064911 2947.5229999999983 394
1622756079594 2962.0919999999983 395
1622756094245 2976.628999999998 396
1622756108956 2991.223999999998 397
1622756123764 3005.916999999998 398
1622756138577 3020.617999999998 399
1622756153446 3035.373999999998 400
1622756168319 3050.134999999998 401
1622756183300 3065.000999999998 402
1622756198248 3079.833999999998 403
1622756213157 3094.624999999998 404
1622756228062 3109.4179999999983 405
1622756243037 3124.278999999998 406
1622756258114 3139.237999999998 407
1622756273213 3154.221999999998 408
1622756288369 3169.262999999998 409
1622756303550 3184.329999999998 410
1622756318868 3199.5359999999982 411
1622756334143 3214.697999999998 412
1622756349405 3229.8439999999982 413
1622756364799 3245.126999999998 414
1622756380125 3260.3399999999983 415
1622756395453 3275.555999999998 416
1622756410886 3290.871999999998 417
1622756426261 3306.128999999998 418
1622756441714 3321.464999999998 419
1622756457191 3336.8259999999977 420
1622756472745 3352.2649999999976 421
1622756488352 3367.7539999999976 422
1622756503893 3383.1779999999976 423
1622756519430 3398.6009999999974 424
1622756535141 3414.1999999999975 425
1622756550785 3429.7279999999973 426
1622756566415 3445.2399999999975 427
1622756582090 3460.7989999999977 428
1622756597912 3476.5059999999976 429
1622756613678 3492.1569999999974 430
1622756629585 3507.9479999999976 431
1622756645523 3523.7689999999975 432
1622756661560 3539.6869999999976 433
1622756677618 3555.6259999999975 434
1622756693682 3571.5699999999974 435
1622756709801 3587.5689999999972 436
1622756725924 3603.574999999997 437
1622756742084 3619.619999999997 438
1622756758180 3635.6009999999974 439
1622756774395 3651.7019999999975 440
1622756790772 3667.9619999999977 441
1622756807099 3684.1739999999977 442
1622756823363 3700.3229999999976 443
1622756839741 3716.5849999999978 444
1622756856113 3732.843999999998 445
1622756872544 3749.161999999998 446
1622756889095 3765.598999999998 447
1622756905599 3781.9889999999978 448
1622756922115 3798.388999999998 449
1622756938746 3814.9059999999977 450
1622756955326 3831.3719999999976 451
1622756971992 3847.9269999999974 452
1622756988814 3864.6349999999975 453
1622757005644 3881.3489999999974 454
1622757022354 3897.9419999999973 455
1622757039175 3914.6479999999974 456
1622757055963 3931.3159999999975 457
1622757072937 3948.1729999999975 458
1622757089754 3964.8789999999976 459
1622757106679 3981.687999999998 460
1622757123632 3998.5239999999976 461
1622757140506 4015.283999999998 462
1622757157551 4032.214999999998 463
1622757174614 4049.1629999999977 464
1622757191780 4066.205999999998 465
1622757210039 4084.2809999999977 466
1622757227352 4101.480999999998 467
1622757244693 4118.704999999998 468
1622757262925 4136.820999999998 469
1622757280233 4154.011999999998 470
1622757297560 4171.224999999998 471
1622757315030 4188.579999999997 472
1622757332463 4205.896999999997 473
1622757349948 4223.264999999998 474
1622757367542 4240.746999999998 475
1622757385126 4258.214999999997 476
1622757402639 4275.611999999997 477
1622757420187 4293.046999999998 478
1622757437711 4310.454999999998 479
1622757455390 4328.017999999998 480
1622757473155 4345.665999999998 481
1622757490844 4363.238999999999 482
1622757508575 4380.853999999998 483
1622757526586 4398.7469999999985 484
1622757544463 4416.506999999999 485
1622757562420 4434.3499999999985 486
1622757580327 4452.142999999998 487
1622757598239 4469.9389999999985 488
1622757616249 4487.829999999998 489
1622757634269 4505.732999999998 490
1622757652228 4523.576999999998 491
1622757670481 4541.713999999998 492
1622757688722 4559.838999999998 493
1622757707411 4578.405999999998 494
1622757725558 4596.435999999998 495
1622757743803 4614.563999999998 496
1622757762106 4632.749999999997 497
1622757780454 4650.985999999997 498
1622757798818 4669.234999999997 499
1622757817191 4687.489999999997 500
