1622615804548 0.005 0
1622615805080 0.405 1
1622615805604 0.399 2
1622615806175 0.445 3
1622615806752 0.456 4
1622615807373 0.502 5
1622615808021 0.531 6
1622615808701 0.56 7
1622615809430 0.608 8
1622615810197 0.644 9
1622615810999 0.679 10
1622615811836 0.714 11
1622615812728 0.774 12
1622615813655 0.805 13
1622615814599 0.821 14
1622615815595 0.876 15
1622615816633 0.921 16
1622615817678 0.925 17
1622615818762 0.968 18
1622615819891 1.013 19
1622615821056 1.048 20
1622615822242 1.064 21
1622615823475 1.108 22
1622615824732 1.138 23
1622615826030 1.174 24
1622615827359 1.208 25
1622615828743 1.261 26
1622615830152 1.285 27
1622615831558 1.293 28
1622615833034 1.36 29
1622615834566 1.411 30
1622615836113 1.423 31
1622615837711 1.476 32
1622615839315 1.482 33
1622615840968 1.538 34
1622615842630 1.548 35
1622615844365 1.618 36
1622615846125 1.639 37
1622615847938 1.692 38
1622615849758 1.704 39
1622615851632 1.759 40
1622615853546 1.769 41
1622615855485 1.825 42
1622615857483 1.882 43
1622615859498 1.9 44
1622615861568 1.954 45
1622615863648 1.962 46
1622615865770 2.002 47
1622615867931 2.043 48
1622615870090 2.041 49
1622615872332 2.124 50
1622615874561 2.111 51
1622615876872 2.196 52
1622615879208 2.219 53
1622615881650 2.325 54
1622615884051 2.283 55
1622615886466 2.297 56
1622615888936 2.352 57
1622615891391 2.336 58
1622615893932 2.424 59
1622615896521 2.473 60
1622615899138 2.5 61
1622615901792 2.54 62
1622615904491 2.585 63
1622615907189 2.585 64
1622615909965 2.663 65
1622615912750 2.669 66
1622615915556 2.692 67
1622615918388 2.716 68
1622615921289 2.783 69
1622615924203 2.796 70
1622615927136 2.817 71
1622615930145 2.892 72
1622615933179 2.916 73
1622615936250 2.953 74
1622615939375 3.004 75
1622615942500 3.003 76
1622615945681 3.061 77
1622615949829 4.026 78
1622615953092 3.141 79
1622615956420 3.205 80
1622615959792 3.247 81
1622615963233 3.308 82
1622615967518 4.094 83
1622615971170 3.528 84
1622615974804 3.507 85
1622615978551 3.618 86
1622615982367 3.691 87
1622615986204 3.71 88
1622615990056 3.729 89
1622615993752 3.572 90
1622615997429 3.552 91
1622616001162 3.605 92
1622616004902 3.613 93
1622616008901 3.877 94
1622616012805 3.775 95
1622616016708 3.78 96
1622616020602 3.774 97
1622616024459 3.737 98
1622616028401 3.821 99
1622616032384 3.862 100
1622616036418 3.912 101
1622616041488 4.951 102
1622616045765 4.154 103
1622616051019 5.126 104
1622616055182 4.042 105
1622616059447 4.148 106
1622616063662 4.101 107
1622616067916 4.134 108
1622616072318 4.283 109
1622616077045 4.604 110
1622616081761 4.56 111
1622616086471 4.593 112
1622616091181 4.59 113
1622616095887 4.588 114
1622616100558 4.551 115
1622616105179 4.502 116
1622616109952 4.653 117
1622616114631 4.564 118
1622616119330 4.582 119
1622616124149 4.704 120
1622616129356 5.087 121
1622616134426 4.948 122
1622616139719 5.165 123
1622616144767 4.914 124
1622616149687 4.789 125
1622616154589 4.777 126
1622616159542 4.825 127
1622616164508 4.844 128
1622616169527 4.901 129
1622616174530 4.885 130
1622616179912 5.26 131
1622616185406 5.368 132
1622616190606 5.072 133
1622616195931 5.201 134
1622616201330 5.276 135
1622616206556 5.108 136
1622616212652 5.89 137
1622616218059 5.289 138
1622616223449 5.272 139
1622616229945 6.38 140
1622616235727 5.664 141
1622616241478 5.628 142
1622616246988 5.393 143
1622616252578 5.472 144
1622616258207 5.512 145
1622616264122 5.795 146
1622616269818 5.579 147
1622616275529 5.594 148
1622616281297 5.652 149
1622616287088 5.675 150
1622616293544 6.338 151
1622616299428 5.767 152
1622616305337 5.793 153
1622616311250 5.792 154
1622616317252 5.881 155
1622616324510 7.135 156
1622616331025 6.388 157
1622616338194 6.964 158
1622616344309 5.993 159
1622616350501 6.065 160
1622616356706 6.08 161
1622616363112 6.284 162
1622616369560 6.322 163
1622616375886 6.198 164
1622616382238 6.231 165
1622616388560 6.201 166
1622616394958 6.277 167
1622616401679 6.601 168
1622616409067 7.268 169
1622616415556 6.368 170
1622616422072 6.401 171
1622616428618 6.428 172
1622616435228 6.493 173
1622616441872 6.528 174
1622616448558 6.566 175
1622616455228 6.551 176
1622616461986 6.64 177
1622616468724 6.623 178
1622616476245 7.404 179
1622616483031 6.671 180
1622616489902 6.756 181
1622616497105 7.086 182
1622616504221 6.998 183
1622616511156 6.817 184
1622616518164 6.89 185
1622616525405 7.119 186
1622616532477 6.949 187
1622616539695 7.096 188
1622616547327 7.513 189
1622616554984 7.535 190
1622616562212 7.106 191
1622616569441 7.105 192
1622616576685 7.12 193
1622616583977 7.172 194
1622616591304 7.207 195
1622616598611 7.189 196
1622616605956 7.228 197
1622616613376 7.304 198
1622616620862 7.368 199
1622616628374 7.395 200
1622616635921 7.432 201
1622616643431 7.394 202
1622616652129 8.581 203
1622616659948 7.668 204
1622616667629 7.565 205
1622616675377 7.632 206
1622616683142 7.651 207
1622616690913 7.656 208
1622616698758 7.729 209
1622616706900 8.019 210
1622616715264 8.238 211
1622616723178 7.795 212
1622616731326 8.029 213
1622616739653 8.205 214
1622616747754 7.982 215
1622616755856 7.983 216
1622616764025 8.05 217
1622616772245 8.101 218
1622616780515 8.148 219
1622616788766 8.131 220
1622616797077 8.193 221
1622616805369 8.177 222
1622616813697 8.212 223
1622616822112 8.295 224
1622616830514 8.287 225
1622616839001 8.372 226
1622616847525 8.407 227
1622616855997 8.353 228
1622616864597 8.486 229
1622616873260 8.548 230
1622616881935 8.555 231
1622616890631 8.575 232
1622616899351 8.601 233
1622616908047 8.579 234
1622616917249 9.081 235
1622616926139 8.768 236
1622616935040 8.779 237
1622616943928 8.771 238
1622616952845 8.794 239
1622616961906 8.932 240
1622616970899 8.874 241
1622616979894 8.878 242
1622616989027 9.016 243
1622616998201 9.059 244
1622617007655 9.338 245
1622617016780 9.01 246
1622617026085 9.188 247
1622617035801 9.596 248
1622617045130 9.211 249
1622617055168 9.918 250
1622617065165 9.876 251
1622617074607 9.319 252
1622617084050 9.322 253
1622617093520 9.346 254
1622617103411 9.766 255
1622617113733 10.202 256
1622617123651 9.797 257
1622617133292 9.517 258
1622617143181 9.769 259
1622617153037 9.731 260
1622617163354 10.198 261
1622617173874 10.398 262
1622617184196 10.199 263
1622617194105 9.786 264
1622617204030 9.804 265
1622617214859 10.711 266
1622617224770 9.794 267
1622617235520 10.632 268
1622617245452 9.818 269
1622617255479 9.913 270
1622617265509 9.914 271
1622617277008 11.381 272
1622617287397 10.268 273
1622617297529 10.018 274
1622617307875 10.23 275
1622617318077 10.084 276
1622617328334 10.138 277
1622617339616 11.159 278
1622617350013 10.271 279
1622617360386 10.247 280
1622617370802 10.293 281
1622617381216 10.297 282
1622617391773 10.427 283
1622617402888 10.993 284
1622617413472 10.459 285
1622617424087 10.497 286
1622617434825 10.615 287
1622617445508 10.567 288
1622617456958 11.332 289
1622617467864 10.784 290
1622617479335 11.356 291
1622617490831 11.373 292
1622617501715 10.767 293
1622617512585 10.751 294
1622617524296 11.596 295
1622617535240 10.83 296
1622617546239 10.883 297
1622617557305 10.946 298
1622617568419 10.994 299
1622617579479 10.943 300
1622617590738 11.14 301
1622617601962 11.109 302
1622617613194 11.117 303
1622617624417 11.106 304
1622617635645 11.113 305
1622617646920 11.157 306
1622617658400 11.364 307
1622617669734 11.217 308
1622617681196 11.347 309
1622617692671 11.357 310
1622617704149 11.363 311
1622617715764 11.497 312
1622617727323 11.446 313
1622617738962 11.519 314
1622617751578 12.494 315
1622617763272 11.576 316
1622617775021 11.628 317
1622617787402 12.249 318
1622617800506 12.903 319
1622617812274 11.644 320
1622617824092 11.701 321
1622617835809 11.603 322
1622617847747 11.821 323
1622617859682 11.82 324
1622617871654 11.858 325
1622617883690 11.921 326
1622617895780 11.974 327
1622617907947 12.052 328
1622617920096 12.036 329
1622617932214 12.003 330
1622617944407 12.074 331
1622617957430 12.9 332
1622617971806 14.252 333
1622617984627 12.692 334
1622617997007 12.257 335
1622618010309 13.178 336
1622618023164 12.732 337
1622618035972 12.692 338
1622618048471 12.382 339
1622618060966 12.38 340
1622618073663 12.584 341
1622618086362 12.584 342
1622618098950 12.472 343
1622618111703 12.638 344
1622618124403 12.585 345
1622618138097 13.574 346
1622618150857 12.642 347
1622618163604 12.627 348
1622618177795 14.074 349
1622618190738 12.824 350
1622618203719 12.861 351
1622618217612 13.772 352
1622618230599 12.865 353
1622618243562 12.847 354
1622618256804 13.124 355
1622618270635 13.708 356
1622618283850 13.096 357
1622618297328 13.362 358
1622618310442 12.995 359
1622618323657 13.097 360
1622618336800 13.026 361
1622618350257 13.333 362
1622618363895 13.514 363
1622618377188 13.17 364
1622618390598 13.287 365
1622618403975 13.253 366
1622618417452 13.354 367
1622618431119 13.548 368
1622618445424 14.186 369
1622618459025 13.48 370
1622618473273 14.131 371
1622618487832 14.438 372
1622618501599 13.649 373
1622618515738 14.021 374
1622618529419 13.562 375
1622618543323 13.787 376
1622618557194 13.753 377
1622618571046 13.735 378
1622618585709 14.546 379
1622618600370 14.54 380
1622618615200 14.708 381
1622618629490 14.161 382
1622618643765 14.149 383
1622618658184 14.297 384
1622618672945 14.634 385
1622618687439 14.368 386
1622618701640 14.077 387
1622618715802 14.043 388
1622618729982 14.062 389
1622618744455 14.357 390
1622618758763 14.191 391
1622618773734 14.854 392
1622618789857 15.999 393
1622618804391 14.414 394
1622618819570 15.061 395
1622618834029 14.343 396
1622618848517 14.373 397
1622618863429 14.798 398
1622618877921 14.378 399
1622618892443 14.405 400
1622618907078 14.515 401
1622618922096 14.898 402
1622618936978 14.76 403
1622618951678 14.58 404
1622618966552 14.755 405
1622618981434 14.764 406
1622618998064 16.514 407
1622619013021 14.839 408
1622619028015 14.878 409
1622619043099 14.968 410
1622619058094 14.88 411
1622619073267 15.054 412
1622619088823 15.436 413
1622619104113 15.172 414
1622619119990 15.756 415
1622619135205 15.095 416
1622619150738 15.412 417
1622619166093 15.238 418
1622619181525 15.314 419
1622619197431 15.789 420
1622619212920 15.375 421
1622619228854 15.813 422
1622619244840 15.862 423
1622619261301 16.339 424
1622619277845 16.404 425
1622619293433 15.468 426
1622619309184 15.63 427
1622619325720 16.415 428
1622619341980 16.133 429
1622619358391 16.225 430
1622619374722 16.206 431
1622619390449 15.605 432
1622619406303 15.735 433
1622619422399 15.976 434
1622619438253 15.738 435
1622619454169 15.801 436
1622619470683 16.401 437
1622619486992 16.198 438
1622619504857 17.747 439
1622619520976 15.999 440
1622619537230 16.132 441
1622619553432 16.074 442
1622619569663 16.113 443
1622619585796 16.017 444
1622619603224 17.313 445
1622619620023 16.682 446
1622619636615 16.479 447
1622619653243 16.514 448
1622619670620 17.257 449
1622619687604 16.866 450
1622619704188 16.465 451
1622619721223 16.913 452
1622619737661 16.312 453
1622619755405 17.622 454
1622619772159 16.635 455
1622619788841 16.565 456
1622619805480 16.523 457
1622619822230 16.635 458
1622619838947 16.606 459
1622619855842 16.784 460
1622619872773 16.816 461
1622619889511 16.619 462
1622619906366 16.735 463
1622619924185 17.699 464
1622619941439 17.134 465
1622619958518 16.962 466
1622619975751 17.116 467
1622619992874 17.006 468
1622620010049 17.058 469
1622620027260 17.097 470
1622620045056 17.68 471
1622620062919 17.719 472
1622620081157 18.063 473
1622620098479 17.204 474
1622620116163 17.562 475
1622620133592 17.311 476
1622620150978 17.271 477
1622620168538 17.442 478
1622620186200 17.541 479
1622620203714 17.4 480
1622620221298 17.469 481
1622620239354 17.942 482
1622620258024 18.551 483
1622620276466 18.318 484
1622620294251 17.665 485
1622620312018 17.644 486
1622620329838 17.699 487
1622620347937 17.975 488
1622620366075 18.019 489
1622620383951 17.759 490
1622620402927 18.858 491
1622620422140 19.099 492
1622620440028 17.771 493
1622620458293 18.15 494
1622620476313 17.906 495
1622620496120 19.687 496
1622620516270 20.032 497
1622620535142 18.748 498
1622620553445 18.178 499
1622620572625 19.062 500
