1622739010814 0.374 0
1622739011375 0.075 1
1622739011959 0.074 2
1622739012601 0.075 3
1622739013250 0.076 4
1622739013906 0.075 5
1622739014620 0.075 6
1622739015379 0.075 7
1622739016172 0.075 8
1622739017005 0.074 9
1622739017867 0.075 10
1622739018762 0.075 11
1622739019707 0.075 12
1622739020672 0.075 13
1622739021666 0.075 14
1622739022710 0.075 15
1622739023794 0.075 16
1622739024908 0.076 17
1622739026067 0.074 18
1622739027236 0.075 19
1622739028445 0.075 20
1622739029694 0.075 21
1622739030987 0.075 22
1622739032325 0.075 23
1622739033666 0.075 24
1622739035072 0.075 25
1622739036502 0.075 26
1622739037964 0.075 27
1622739039487 0.076 28
1622739041014 0.075 29
1622739042579 0.077 30
1622739044198 0.074 31
1622739045867 0.074 32
1622739047564 0.076 33
1622739049272 0.075 34
1622739051039 0.075 35
1622739052822 0.076 36
1622739054647 0.074 37
1622739056500 0.075 38
1622739058376 0.075 39
1622739060289 0.076 40
1622739062260 0.075 41
1622739064270 0.075 42
1622739066300 0.074 43
1622739068386 0.077 44
1622739070502 0.074 45
1622739072631 0.075 46
1622739074811 0.076 47
1622739077019 0.076 48
1622739079272 0.075 49
1622739081576 0.074 50
1622739083910 0.076 51
1622739086275 0.075 52
1622739088660 0.075 53
1622739091106 0.076 54
1622739093578 0.075 55
1622739096075 0.075 56
1622739098643 0.075 57
1622739101228 0.075 58
1622739103850 0.075 59
1622739106496 0.074 60
1622739109177 0.075 61
1622739111929 0.075 62
1622739114705 0.074 63
1622739117488 0.075 64
1622739120345 0.075 65
1622739123254 0.075 66
1622739126195 0.075 67
1622739129223 0.077 68
1622739132201 0.076 69
1622739135235 0.075 70
1622739138296 0.075 71
1622739141415 0.074 72
1622739144536 0.074 73
1622739147671 0.075 74
1622739150904 0.075 75
1622739154158 0.074 76
1622739157401 0.074 77
1622739160694 0.074 78
1622739164008 0.074 79
1622739167365 0.075 80
1622739170797 0.074 81
1622739174235 0.074 82
1622739177669 0.075 83
1622739181222 0.075 84
1622739184783 0.075 85
1622739188364 0.074 86
1622739191986 0.075 87
1622739195671 0.075 88
1622739199341 0.075 89
1622739203069 0.075 90
1622739206843 0.075 91
1622739210667 0.075 92
1622739214545 0.076 93
1622739218446 0.075 94
1622739222344 0.075 95
1622739226331 0.075 96
1622739230333 0.074 97
1622739234351 0.075 98
1622739238391 0.075 99
1622739242503 0.076 100
1622739246666 0.075 101
1622739250874 0.075 102
1622739255055 0.074 103
1622739259306 0.076 104
1622739263570 0.075 105
1622739267842 0.075 106
1622739272168 0.076 107
1622739276531 0.075 108
1622739280951 0.074 109
1622739285411 0.075 110
1622739289933 0.074 111
1622739294428 0.074 112
1622739298959 0.075 113
1622739303528 0.075 114
1622739308198 0.075 115
1622739312830 0.076 116
1622739317563 0.075 117
1622739322363 0.075 118
1622739327161 0.074 119
1622739331985 0.076 120
1622739336856 0.074 121
1622739341741 0.075 122
1622739346606 0.075 123
1622739351586 0.074 124
1622739356536 0.075 125
1622739361599 0.075 126
1622739366680 0.076 127
1622739371827 0.075 128
1622739376967 0.074 129
1622739382148 0.074 130
1622739387387 0.075 131
1622739392618 0.075 132
1622739397949 0.075 133
1622739403294 0.075 134
1622739408723 0.075 135
1622739414139 0.074 136
1622739419601 0.076 137
1622739425089 0.075 138
1622739430619 0.074 139
1622739436172 0.075 140
1622739441724 0.075 141
1622739447351 0.075 142
1622739453017 0.074 143
1622739458694 0.075 144
1622739464395 0.075 145
1622739470149 0.075 146
1622739475885 0.075 147
1622739481698 0.076 148
1622739487566 0.076 149
1622739493520 0.075 150
1622739499462 0.074 151
1622739505449 0.075 152
1622739511441 0.075 153
1622739517537 0.075 154
1622739523603 0.074 155
1622739529696 0.076 156
1622739535881 0.075 157
1622739542119 0.075 158
1622739548346 0.075 159
1622739554639 0.075 160
1622739560947 0.076 161
1622739567260 0.074 162
1622739573669 0.075 163
1622739580077 0.075 164
1622739586508 0.075 165
1622739593043 0.076 166
1622739599580 0.075 167
1622739606132 0.075 168
1622739612695 0.075 169
1622739619341 0.076 170
1622739626046 0.075 171
1622739632663 0.075 172
1622739639364 0.075 173
1622739646178 0.075 174
1622739652928 0.074 175
1622739659829 0.075 176
1622739666708 0.075 177
1622739673619 0.076 178
1622739680589 0.075 179
1622739687620 0.075 180
1622739694635 0.074 181
1622739701738 0.075 182
1622739708852 0.075 183
1622739715975 0.075 184
1622739723113 0.075 185
1622739730334 0.076 186
1622739737623 0.077 187
1622739744971 0.075 188
1622739752353 0.076 189
1622739759738 0.075 190
1622739767134 0.075 191
1622739774572 0.075 192
1622739782043 0.075 193
1622739789536 0.075 194
1622739797071 0.075 195
1622739804672 0.076 196
1622739812331 0.076 197
1622739819969 0.075 198
1622739827707 0.075 199
1622739835458 0.076 200
1622739843253 0.075 201
1622739851071 0.075 202
1622739858932 0.075 203
1622739866831 0.075 204
1622739874738 0.075 205
1622739882659 0.075 206
1622739890698 0.076 207
1622739898707 0.075 208
1622739906785 0.076 209
1622739914947 0.075 210
1622739923059 0.075 211
1622739931213 0.075 212
1622739939384 0.074 213
1622739947643 0.075 214
1622739955933 0.074 215
1622739964298 0.075 216
1622739972626 0.075 217
1622739981008 0.075 218
1622739989436 0.075 219
1622739997889 0.075 220
1622740006460 0.074 221
1622740014962 0.077 222
1622740023484 0.074 223
1622740032135 0.074 224
1622740040726 0.076 225
1622740049363 0.074 226
1622740058121 0.075 227
1622740066908 0.075 228
1622740075767 0.076 229
1622740084522 0.075 230
1622740093315 0.075 231
1622740102287 0.075 232
1622740111366 0.076 233
1622740120415 0.076 234
1622740129501 0.074 235
1622740138694 0.076 236
1622740147789 0.074 237
1622740156927 0.075 238
1622740166092 0.075 239
1622740175323 0.075 240
1622740184596 0.075 241
1622740193894 0.075 242
1622740203196 0.075 243
1622740212637 0.075 244
1622740221981 0.075 245
1622740231396 0.075 246
1622740240873 0.075 247
1622740250419 0.075 248
1622740259951 0.075 249
1622740269468 0.075 250
1622740279033 0.075 251
1622740288597 0.076 252
1622740298219 0.075 253
1622740307872 0.074 254
1622740317585 0.076 255
1622740327234 0.075 256
1622740337020 0.075 257
1622740346868 0.075 258
1622740356799 0.075 259
1622740366655 0.076 260
1622740376576 0.076 261
1622740386620 0.075 262
1622740396663 0.076 263
1622740406698 0.075 264
1622740416751 0.074 265
1622740426884 0.075 266
1622740437027 0.075 267
1622740447258 0.076 268
1622740457516 0.075 269
1622740467757 0.075 270
1622740478036 0.074 271
1622740488339 0.075 272
1622740498699 0.075 273
1622740509078 0.076 274
1622740519474 0.075 275
1622740529997 0.076 276
1622740540539 0.075 277
1622740551036 0.075 278
1622740561627 0.075 279
1622740572321 0.076 280
1622740583034 0.075 281
1622740593734 0.075 282
1622740604439 0.076 283
1622740615161 0.074 284
1622740625969 0.076 285
1622740636776 0.075 286
1622740647685 0.076 287
1622740658616 0.073 288
1622740669567 0.074 289
1622740680548 0.075 290
1622740691626 0.075 291
1622740702652 0.074 292
1622740713734 0.074 293
1622740724892 0.076 294
1622740736022 0.076 295
1622740747150 0.076 296
1622740758483 0.075 297
1622740769998 0.075 298
1622740781380 0.076 299
1622740792739 0.074 300
1622740804251 0.075 301
1622740815766 0.076 302
1622740827255 0.075 303
1622740838774 0.076 304
1622740850395 0.075 305
1622740861999 0.074 306
1622740873756 0.075 307
1622740885397 0.074 308
1622740897067 0.075 309
1622740908787 0.075 310
1622740920620 0.076 311
1622740932443 0.075 312
1622740944263 0.074 313
1622740956070 0.075 314
1622740968025 0.074 315
1622740979868 0.075 316
1622740991825 0.075 317
1622741003789 0.075 318
1622741015884 0.073 319
1622741028027 0.076 320
1622741040082 0.075 321
1622741052266 0.075 322
1622741064512 0.074 323
1622741076769 0.075 324
1622741089054 0.074 325
1622741101348 0.076 326
1622741113626 0.074 327
1622741125983 0.075 328
1622741138312 0.074 329
1622741150725 0.075 330
1622741163241 0.073 331
1622741175781 0.075 332
1622741188255 0.075 333
1622741200828 0.075 334
1622741213422 0.076 335
1622741226046 0.074 336
1622741238683 0.076 337
1622741251371 0.075 338
1622741264217 0.075 339
1622741276992 0.076 340
1622741289863 0.075 341
1622741302677 0.076 342
1622741315545 0.075 343
1622741328489 0.076 344
1622741341413 0.077 345
1622741354405 0.075 346
1622741367431 0.076 347
1622741380441 0.076 348
1622741393608 0.075 349
1622741406759 0.074 350
1622741419930 0.073 351
1622741433135 0.075 352
1622741446338 0.074 353
1622741459637 0.074 354
1622741472987 0.075 355
1622741486441 0.075 356
1622741499864 0.076 357
1622741513302 0.075 358
1622741526822 0.074 359
1622741540345 0.073 360
1622741553976 0.074 361
1622741567624 0.074 362
1622741581262 0.075 363
1622741594925 0.075 364
1622741608643 0.075 365
1622741622363 0.074 366
1622741636057 0.075 367
1622741649837 0.075 368
1622741663684 0.074 369
1622741677517 0.075 370
1622741691406 0.075 371
1622741705337 0.074 372
1622741719324 0.075 373
1622741733321 0.075 374
1622741747387 0.075 375
1622741761421 0.074 376
1622741775572 0.076 377
1622741789813 0.076 378
1622741804052 0.075 379
1622741818288 0.075 380
1622741833636 0.077 381
1622741847995 0.076 382
1622741862409 0.075 383
1622741876860 0.074 384
1622741891354 0.075 385
1622741905903 0.075 386
1622741920458 0.075 387
1622741934885 0.075 388
1622741949461 0.074 389
1622741964113 0.075 390
1622741978825 0.074 391
1622741993585 0.077 392
1622742008272 0.076 393
1622742023014 0.076 394
1622742037758 0.074 395
1622742052562 0.074 396
1622742067385 0.075 397
1622742082248 0.075 398
1622742097059 0.076 399
1622742111872 0.076 400
1622742126737 0.075 401
1622742141781 0.076 402
1622742156808 0.076 403
1622742171859 0.076 404
1622742187080 0.076 405
1622742202287 0.075 406
1622742217444 0.076 407
1622742232759 0.075 408
1622742248133 0.076 409
1622742263707 0.079 410
1622742279033 0.076 411
1622742294441 0.076 412
1622742309962 0.075 413
1622742325391 0.076 414
1622742340822 0.076 415
1622742356267 0.076 416
1622742371770 0.075 417
1622742387312 0.075 418
1622742402805 0.076 419
1622742418381 0.079 420
1622742433861 0.074 421
1622742449406 0.075 422
1622742465109 0.075 423
1622742480773 0.075 424
1622742496408 0.074 425
1622742512138 0.074 426
1622742527827 0.076 427
1622742543776 0.075 428
1622742559674 0.076 429
1622742575639 0.075 430
1622742591612 0.075 431
1622742607536 0.075 432
1622742623581 0.075 433
1622742639654 0.075 434
1622742655798 0.075 435
1622742672015 0.078 436
1622742688224 0.075 437
1622742704394 0.075 438
1622742720653 0.075 439
1622742736847 0.074 440
1622742753136 0.074 441
1622742769512 0.075 442
1622742785955 0.074 443
1622742802373 0.075 444
1622742818841 0.076 445
1622742835360 0.074 446
1622742851900 0.076 447
1622742868490 0.075 448
1622742885057 0.076 449
1622742901819 0.075 450
1622742918654 0.075 451
1622742935461 0.075 452
1622742952351 0.075 453
1622742969406 0.075 454
1622742986324 0.075 455
1622743003300 0.074 456
1622743020272 0.074 457
1622743037358 0.074 458
1622743054316 0.073 459
1622743071501 0.076 460
1622743088709 0.075 461
1622743105831 0.073 462
1622743123079 0.075 463
1622743140425 0.074 464
1622743158149 0.083 465
1622743175764 0.076 466
1622743193299 0.08 467
1622743210636 0.075 468
1622743228041 0.076 469
1622743246815 0.148 470
1622743264367 0.075 471
1622743281945 0.075 472
1622743299662 0.074 473
1622743317490 0.074 474
1622743335147 0.076 475
1622743352795 0.074 476
1622743370466 0.074 477
1622743388279 0.074 478
1622743406140 0.075 479
1622743424249 0.074 480
1622743442124 0.073 481
1622743460168 0.072 482
1622743478212 0.074 483
1622743496192 0.075 484
1622743514042 0.075 485
1622743532324 0.077 486
1622743550350 0.075 487
1622743568326 0.075 488
1622743586496 0.075 489
1622743604588 0.075 490
1622743622701 0.074 491
1622743640729 0.073 492
1622743659014 0.074 493
1622743677286 0.074 494
1622743695672 0.073 495
1622743714085 0.075 496
1622743732812 0.074 497
1622743751235 0.072 498
1622743770026 0.073 499
1622743788746 0.072 500
