1622606405084 0.739 0
1622606406100 0.146 1
1622606406854 0.119 2
1622606407510 0.076 3
1622606408169 0.077 4
1622606408845 0.077 5
1622606410201 0.16 6
1622606411252 0.139 7
1622606412045 0.075 8
1622606412876 0.074 9
1622606413742 0.075 10
1622606414636 0.076 11
1622606415577 0.075 12
1622606416550 0.076 13
1622606417555 0.076 14
1622606418601 0.075 15
1622606419693 0.076 16
1622606420817 0.076 17
1622606421981 0.076 18
1622606423221 0.076 19
1622606424429 0.075 20
1622606425676 0.075 21
1622606426977 0.076 22
1622606428321 0.076 23
1622606429666 0.076 24
1622606431081 0.075 25
1622606432526 0.076 26
1622606434007 0.076 27
1622606435537 0.076 28
1622606437080 0.076 29
1622606438645 0.077 30
1622606440265 0.075 31
1622606441943 0.076 32
1622606443656 0.076 33
1622606445388 0.076 34
1622606447158 0.074 35
1622606448969 0.076 36
1622606450830 0.075 37
1622606452707 0.076 38
1622606454620 0.075 39
1622606456568 0.077 40
1622606458588 0.099 41
1622606460634 0.078 42
1622606462695 0.076 43
1622606464805 0.078 44
1622606466992 0.076 45
1622606469120 0.075 46
1622606471309 0.077 47
1622606473530 0.077 48
1622606475804 0.077 49
1622606478208 0.076 50
1622606480563 0.078 51
1622606482924 0.075 52
1622606485309 0.075 53
1622606487768 0.076 54
1622606490261 0.075 55
1622606492764 0.075 56
1622606495330 0.076 57
1622606497919 0.076 58
1622606500557 0.075 59
1622606503211 0.076 60
1622606505918 0.075 61
1622606508689 0.075 62
1622606511466 0.077 63
1622606514249 0.075 64
1622606517131 0.076 65
1622606520027 0.076 66
1622606522943 0.075 67
1622606525947 0.077 68
1622606528913 0.075 69
1622606531928 0.076 70
1622606535010 0.076 71
1622606538117 0.074 72
1622606541262 0.077 73
1622606544408 0.075 74
1622606547652 0.075 75
1622606550893 0.074 76
1622606554154 0.075 77
1622606557458 0.074 78
1622606560798 0.075 79
1622606564162 0.075 80
1622606567621 0.075 81
1622606571089 0.076 82
1622606574528 0.075 83
1622606578079 0.075 84
1622606581622 0.076 85
1622606585209 0.075 86
1622606588829 0.076 87
1622606592533 0.076 88
1622606596214 0.076 89
1622606600039 0.074 90
1622606603887 0.086 91
1622606607923 0.076 92
1622606611834 0.082 93
1622606615719 0.075 94
1622606619631 0.076 95
1622606623621 0.074 96
1622606627975 0.075 97
1622606631992 0.075 98
1622606636146 0.077 99
1622606640260 0.078 100
1622606644512 0.076 101
1622606648736 0.081 102
1622606652908 0.076 103
1622606657161 0.077 104
1622606661431 0.076 105
1622606665694 0.075 106
1622606670024 0.075 107
1622606674545 0.075 108
1622606679785 0.079 109
1622606684266 0.077 110
1622606688825 0.076 111
1622606694052 0.144 112
1622606698566 0.075 113
1622606703118 0.075 114
1622606707786 0.077 115
1622606712426 0.076 116
1622606717161 0.075 117
1622606721952 0.076 118
1622606726735 0.076 119
1622606731572 0.077 120
1622606736447 0.076 121
1622606741337 0.075 122
1622606746171 0.075 123
1622606751142 0.075 124
1622606756079 0.076 125
1622606761174 0.077 126
1622606766228 0.077 127
1622606771353 0.076 128
1622606776484 0.075 129
1622606781670 0.075 130
1622606787324 0.075 131
1622606792628 0.081 132
1622606797926 0.075 133
1622606803231 0.076 134
1622606808625 0.075 135
1622606814024 0.074 136
1622606819477 0.075 137
1622606824946 0.075 138
1622606830460 0.076 139
1622606836001 0.075 140
1622606841543 0.075 141
1622606847172 0.076 142
1622606852820 0.074 143
1622606858487 0.075 144
1622606865044 0.17 145
1622606871228 0.081 146
1622606877399 0.082 147
1622606883531 0.083 148
1622606890083 0.082 149
1622606896149 0.082 150
1622606902127 0.076 151
1622606908139 0.076 152
1622606914170 0.075 153
1622606920300 0.076 154
1622606926535 0.075 155
1622606932681 0.076 156
1622606938893 0.076 157
1622606945206 0.075 158
1622606951456 0.076 159
1622606957761 0.076 160
1622606964106 0.075 161
1622606970413 0.075 162
1622606976814 0.075 163
1622606983245 0.074 164
1622606989712 0.076 165
1622606996287 0.076 166
1622607002858 0.076 167
1622607009455 0.077 168
1622607016026 0.076 169
1622607022664 0.077 170
1622607029432 0.076 171
1622607036109 0.094 172
1622607042832 0.076 173
1622607049666 0.076 174
1622607056707 0.075 175
1622607063637 0.075 176
1622607070755 0.076 177
1622607077695 0.077 178
1622607085738 0.074 179
1622607092740 0.076 180
1622607099773 0.075 181
1622607106952 0.076 182
1622607114587 0.081 183
1622607121754 0.076 184
1622607128856 0.075 185
1622607136343 0.076 186
1622607144130 0.079 187
1622607151463 0.076 188
1622607159154 0.076 189
1622607166549 0.076 190
1622607173900 0.076 191
1622607181334 0.074 192
1622607188852 0.074 193
1622607196352 0.076 194
1622607203837 0.075 195
1622607211432 0.075 196
1622607219148 0.076 197
1622607226723 0.075 198
1622607234394 0.075 199
1622607242037 0.075 200
1622607249734 0.074 201
1622607257518 0.075 202
1622607265332 0.076 203
1622607273167 0.076 204
1622607281017 0.075 205
1622607289305 0.074 206
1622607297567 0.081 207
1622607305538 0.075 208
1622607313663 0.076 209
1622607321775 0.074 210
1622607329815 0.074 211
1622607337944 0.075 212
1622607346093 0.074 213
1622607354344 0.075 214
1622607362621 0.076 215
1622607370966 0.078 216
1622607379307 0.075 217
1622607387667 0.075 218
1622607396896 0.076 219
1622607405307 0.075 220
1622607413815 0.074 221
1622607422981 0.16 222
1622607432327 0.075 223
1622607442060 0.146 224
1622607450626 0.076 225
1622607459211 0.075 226
1622607467895 0.075 227
1622607476823 0.075 228
1622607485497 0.074 229
1622607494239 0.075 230
1622607503043 0.076 231
1622607512017 0.08 232
1622607521317 0.076 233
1622607530195 0.075 234
1622607539167 0.074 235
1622607548243 0.076 236
1622607557451 0.084 237
1622607566555 0.075 238
1622607575706 0.076 239
1622607584849 0.076 240
1622607594309 0.076 241
1622607603671 0.075 242
1622607612872 0.075 243
1622607622237 0.075 244
1622607631467 0.075 245
1622607641787 0.163 246
1622607651082 0.074 247
1622607660539 0.075 248
1622607670029 0.074 249
1622607679507 0.075 250
1622607689223 0.074 251
1622607698718 0.077 252
1622607708262 0.076 253
1622607717870 0.075 254
1622607727542 0.075 255
1622607737157 0.075 256
1622607747955 0.162 257
1622607758444 0.074 258
1622607768360 0.074 259
1622607778210 0.077 260
1622607788115 0.074 261
1622607798563 0.074 262
1622607808906 0.075 263
1622607818905 0.075 264
1622607828909 0.074 265
1622607840130 0.076 266
1622607850242 0.075 267
1622607860478 0.076 268
1622607871447 0.157 269
1622607882172 0.077 270
1622607892962 0.077 271
1622607904698 0.082 272
1622607915147 0.079 273
1622607925582 0.076 274
1622607935965 0.076 275
1622607946543 0.075 276
1622607957527 0.075 277
1622607968441 0.084 278
1622607979074 0.075 279
1622607989939 0.077 280
1622608001011 0.075 281
1622608011817 0.074 282
1622608022470 0.076 283
1622608033304 0.074 284
1622608044051 0.076 285
1622608054804 0.075 286
1622608065679 0.078 287
1622608076648 0.075 288
1622608087580 0.075 289
1622608098507 0.075 290
1622608109678 0.075 291
1622608120667 0.075 292
1622608131916 0.075 293
1622608143011 0.077 294
1622608154145 0.076 295
1622608165247 0.074 296
1622608176519 0.075 297
1622608187856 0.075 298
1622608199150 0.075 299
1622608210479 0.076 300
1622608221926 0.075 301
1622608234039 0.076 302
1622608246324 0.074 303
1622608257986 0.076 304
1622608270313 0.117 305
1622608282170 0.081 306
1622608293760 0.076 307
1622608305411 0.073 308
1622608317297 0.074 309
1622608329305 0.083 310
1622608341041 0.076 311
1622608352803 0.074 312
1622608365104 0.083 313
1622608376897 0.076 314
1622608388841 0.074 315
1622608400780 0.076 316
1622608412647 0.075 317
1622608424474 0.076 318
1622608436402 0.074 319
1622608448376 0.074 320
1622608460313 0.076 321
1622608472491 0.076 322
1622608484600 0.074 323
1622608496837 0.078 324
1622608509008 0.074 325
1622608521295 0.074 326
1622608533463 0.073 327
1622608545745 0.074 328
1622608558012 0.074 329
1622608570375 0.075 330
1622608582768 0.074 331
1622608595194 0.075 332
1622608607569 0.076 333
1622608620220 0.076 334
1622608632710 0.076 335
1622608645194 0.074 336
1622608657735 0.077 337
1622608670309 0.076 338
1622608683031 0.077 339
1622608695662 0.077 340
1622608708755 0.075 341
1622608721437 0.074 342
1622608734197 0.073 343
1622608747299 0.085 344
1622608760190 0.076 345
1622608773089 0.074 346
1622608786305 0.075 347
1622608800148 0.078 348
1622608813152 0.075 349
1622608826391 0.075 350
1622608839436 0.074 351
1622608852495 0.076 352
1622608866121 0.074 353
1622608879451 0.08 354
1622608892621 0.074 355
1622608906059 0.074 356
1622608919343 0.074 357
1622608932596 0.075 358
1622608945931 0.075 359
1622608959299 0.074 360
1622608972783 0.075 361
1622608986241 0.074 362
1622608999717 0.076 363
1622609013149 0.076 364
1622609026987 0.076 365
1622609040744 0.076 366
1622609054378 0.076 367
1622609068056 0.077 368
1622609082437 0.073 369
1622609096133 0.075 370
1622609109988 0.075 371
1622609124340 0.076 372
1622609138467 0.074 373
1622609152441 0.074 374
1622609166554 0.08 375
1622609180441 0.073 376
1622609194669 0.074 377
1622609208978 0.075 378
1622609223040 0.077 379
1622609237151 0.075 380
1622609251261 0.075 381
1622609265385 0.075 382
1622609279525 0.077 383
1622609294153 0.075 384
1622609309409 0.081 385
1622609323772 0.075 386
1622609338466 0.073 387
1622609353145 0.075 388
1622609367565 0.076 389
1622609382147 0.076 390
1622609397429 0.079 391
1622609412297 0.075 392
1622609427388 0.074 393
1622609442135 0.077 394
1622609457091 0.075 395
1622609472738 0.078 396
1622609488002 0.081 397
1622609503215 0.075 398
1622609518181 0.076 399
1622609533145 0.074 400
1622609548118 0.076 401
1622609563210 0.083 402
1622609578158 0.075 403
1622609593153 0.076 404
1622609608248 0.077 405
1622609623622 0.077 406
1622609639320 0.074 407
1622609654499 0.075 408
1622609669710 0.076 409
1622609684903 0.076 410
1622609700313 0.076 411
1622609715694 0.076 412
1622609730991 0.075 413
1622609746583 0.075 414
1622609761944 0.076 415
1622609777392 0.076 416
1622609793372 0.074 417
1622609808902 0.075 418
1622609824451 0.075 419
1622609840369 0.077 420
1622609855947 0.074 421
1622609871534 0.075 422
1622609887278 0.075 423
1622609903133 0.074 424
1622609919925 0.146 425
1622609935643 0.073 426
1622609951366 0.076 427
1622609968020 0.075 428
1622609983847 0.075 429
1622609999661 0.074 430
1622610015499 0.077 431
1622610031517 0.075 432
1622610047459 0.073 433
1622610063667 0.074 434
1622610079637 0.074 435
1622610095627 0.076 436
1622610111643 0.075 437
1622610127679 0.075 438
1622610144333 0.074 439
1622610160506 0.08 440
1622610177055 0.074 441
1622610193365 0.074 442
1622610209869 0.073 443
1622610226228 0.075 444
1622610242723 0.075 445
1622610259231 0.074 446
1622610275640 0.076 447
1622610292136 0.075 448
1622610308589 0.074 449
1622610325302 0.074 450
1622610341948 0.073 451
1622610358528 0.074 452
1622610375738 0.074 453
1622610392668 0.074 454
1622610409882 0.075 455
1622610426567 0.075 456
1622610443390 0.074 457
1622610460442 0.074 458
1622610477243 0.075 459
1622610494229 0.076 460
1622610511306 0.076 461
1622610528901 0.073 462
1622610545837 0.075 463
1622610562880 0.074 464
1622610580264 0.075 465
1622610598730 0.138 466
1622610615877 0.082 467
1622610633080 0.075 468
1622610650361 0.076 469
1622610667612 0.074 470
1622610685058 0.075 471
1622610703167 0.075 472
1622610720420 0.074 473
1622610737755 0.075 474
1622610755150 0.075 475
1622610772714 0.074 476
1622610790360 0.074 477
1622610807872 0.075 478
1622610825652 0.075 479
1622610843372 0.074 480
1622610861038 0.074 481
1622610879174 0.074 482
1622610896850 0.074 483
1622610914551 0.075 484
1622610932179 0.074 485
1622610950783 0.075 486
1622610969074 0.082 487
1622610987105 0.08 488
1622611005061 0.074 489
1622611022935 0.075 490
1622611040980 0.075 491
1622611059151 0.074 492
1622611077433 0.075 493
1622611096855 0.074 494
1622611115778 0.075 495
1622611134247 0.074 496
1622611152790 0.08 497
1622611171173 0.075 498
1622611192006 0.151 499
1622611210408 0.074 500
