1622734097172 0.006 0
1622734097757 0.475 1
1622734098321 0.925 2
1622734098899 1.383 3
1622734099526 1.891 4
1622734100180 2.432 5
1622734100875 3.013 6
1622734101605 3.631 7
1622734102385 4.298 8
1622734103192 4.991 9
1622734104015 5.705 10
1622734104901 6.477 11
1622734105797 7.260000000000001 12
1622734106756 8.104000000000001 13
1622734107730 8.966000000000001 14
1622734108745 9.869000000000002 15
1622734109808 10.821000000000002 16
1622734110900 11.799000000000001 17
1622734112013 12.8 18
1622734113169 13.844000000000001 19
1622734114349 14.911000000000001 20
1622734115589 16.040000000000003 21
1622734116870 17.207000000000004 22
1622734118166 18.389000000000003 23
1622734119510 19.619000000000003 24
1622734120903 20.903000000000002 25
1622734122324 22.21 26
1622734123760 23.535 27
1622734125224 24.888 28
1622734126723 26.273000000000003 29
1622734128270 27.707000000000004 30
1622734129848 29.171000000000003 31
1622734131465 30.675000000000004 32
1622734133101 32.20100000000001 33
1622734134778 33.763000000000005 34
1622734136502 35.373000000000005 35
1622734138264 37.02400000000001 36
1622734140045 38.696000000000005 37
1622734141863 40.403000000000006 38
1622734143734 42.160000000000004 39
1622734145630 43.945 40
1622734147577 45.779 41
1622734149550 47.64 42
1622734151588 49.564 43
1622734153608 51.468 44
1622734155685 53.431000000000004 45
1622734157817 55.446000000000005 46
1622734159968 57.484 47
1622734162172 59.573 48
1622734164419 61.706 49
1622734166639 63.811 50
1622734168931 65.992 51
1622734171279 68.227 52
1622734173626 70.462 53
1622734175997 72.721 54
1622734178432 75.041 55
1622734180923 77.419 56
1622734183457 79.839 57
1622734186017 82.28699999999999 58
1622734188589 84.74399999999999 59
1622734191215 87.25399999999999 60
1622734193875 89.8 61
1622734196570 92.38199999999999 62
1622734199278 94.978 63
1622734202077 97.663 64
1622734204911 100.383 65
1622734207746 103.104 66
1622734210580 105.823 67
1622734213476 108.603 68
1622734216411 111.42099999999999 69
1622734219349 114.24 70
1622734222366 117.142 71
1622734225417 120.08 72
1622734228472 123.021 73
1622734231560 125.998 74
1622734234718 129.04500000000002 75
1622734237894 132.108 76
1622734241066 135.162 77
1622734244319 138.30100000000002 78
1622734247573 141.442 79
1622734250941 144.69400000000002 80
1622734254320 147.959 81
1622734257674 151.199 82
1622734261105 154.51600000000002 83
1622734264579 157.87600000000003 84
1622734268090 161.27300000000002 85
1622734271597 164.66600000000003 86
1622734275175 168.13300000000004 87
1622734278789 171.63400000000004 88
1622734282407 175.13800000000003 89
1622734286085 178.70500000000004 90
1622734289776 182.28300000000004 91
1622734293525 185.91800000000003 92
1622734297311 189.58900000000003 93
1622734301160 193.32300000000004 94
1622734305006 197.05300000000003 95
1622734308899 200.83 96
1622734312813 204.62800000000001 97
1622734316757 208.45700000000002 98
1622734320717 212.30300000000003 99
1622734324749 216.223 100
1622734328812 220.174 101
1622734332916 224.16500000000002 102
1622734337063 228.199 103
1622734341269 232.28900000000002 104
1622734345473 236.37900000000002 105
1622734349721 240.51300000000003 106
1622734353965 244.64200000000002 107
1622734358291 248.85700000000003 108
1622734362613 253.06900000000002 109
1622734366988 257.329 110
1622734371413 261.642 111
1622734375908 266.024 112
1622734380429 270.434 113
1622734384971 274.863 114
1622734389553 279.332 115
1622734394136 283.803 116
1622734398753 288.306 117
1622734403433 292.873 118
1622734408110 297.437 119
1622734412864 302.074 120
1622734417613 306.709 121
1622734422465 311.445 122
1622734427322 316.191 123
1622734432198 320.95599999999996 124
1622734437100 325.74499999999995 125
1622734442080 330.61099999999993 126
1622734447093 335.5109999999999 127
1622734452079 340.3819999999999 128
1622734457167 345.3569999999999 129
1622734462301 350.37799999999993 130
1622734467416 355.3789999999999 131
1622734472606 360.4569999999999 132
1622734477826 365.5619999999999 133
1622734483050 370.6739999999999 134
1622734488343 375.85599999999994 135
1622734493694 381.09399999999994 136
1622734499056 386.34099999999995 137
1622734505376 392.54799999999994 138
1622734510764 397.82199999999995 139
1622734516271 403.21799999999996 140
1622734521742 408.57699999999994 141
1622734527325 414.04499999999996 142
1622734532865 419.47399999999993 143
1622734538470 424.96399999999994 144
1622734544082 430.46599999999995 145
1622734549759 436.0319999999999 146
1622734556431 442.52199999999993 147
1622734562163 448.1429999999999 148
1622734567973 453.83899999999994 149
1622734573758 459.5079999999999 150
1622734579615 465.2539999999999 151
1622734585523 471.0499999999999 152
1622734591461 476.8719999999999 153
1622734597425 482.7239999999999 154
1622734603418 488.6029999999999 155
1622734609524 494.5959999999999 156
1622734615603 500.5639999999999 157
1622734621725 506.5739999999999 158
1622734627830 512.5669999999999 159
1622734634052 518.6749999999998 160
1622734640308 524.8159999999998 161
1622734646537 530.9319999999998 162
1622734652823 537.1029999999998 163
1622734659131 543.2979999999999 164
1622734665494 549.5479999999999 165
1622734671935 555.8769999999998 166
1622734678323 562.1519999999998 167
1622734684809 568.5229999999998 168
1622734691325 574.9239999999998 169
1622734697887 581.3719999999997 170
1622734704482 587.8539999999997 171
1622734711138 594.3949999999998 172
1622734717777 600.9209999999997 173
1622734724517 607.5489999999998 174
1622734731271 614.1879999999998 175
1622734738057 620.8599999999998 176
1622734744878 627.5689999999997 177
1622734751764 634.3429999999997 178
1622734758637 641.1019999999997 179
1622734765520 647.8709999999998 180
1622734772471 654.7069999999998 181
1622734779448 661.5729999999998 182
1622734786485 668.4949999999998 183
1622734793537 675.4359999999998 184
1622734800595 682.3809999999999 185
1622734807709 689.3829999999998 186
1622734814831 696.3909999999998 187
1622734822076 703.5239999999999 188
1622734829282 710.6179999999999 189
1622734836578 717.8009999999999 190
1622734843913 725.0229999999999 191
1622734851304 732.3019999999999 192
1622734858692 739.5779999999999 193
1622734866121 746.8909999999998 194
1622734873535 754.1889999999999 195
1622734881040 761.5819999999999 196
1622734888561 768.9889999999999 197
1622734896149 776.4609999999999 198
1622734903770 783.9649999999999 199
1622734911418 791.4989999999999 200
1622734919053 799.0189999999999 201
1622734926678 806.5279999999999 202
1622734934466 814.2019999999999 203
1622734942285 821.9059999999998 204
1622734950161 829.6669999999998 205
1622734958006 837.3959999999998 206
1622734965884 845.1589999999999 207
1622734973779 852.9389999999999 208
1622734981724 860.7689999999999 209
1622734989709 868.6359999999999 210
1622734997797 876.6109999999999 211
1622735005894 884.5939999999998 212
1622735013946 892.5279999999998 213
1622735022120 900.5849999999998 214
1622735030298 908.6469999999998 215
1622735038560 916.7939999999999 216
1622735046864 924.9809999999999 217
1622735055160 933.1609999999998 218
1622735063417 941.3029999999999 219
1622735071741 949.5099999999999 220
1622735080174 957.8269999999999 221
1622735088603 966.1429999999999 222
1622735097121 974.5469999999999 223
1622735105578 982.891 224
1622735114161 991.36 225
1622735122725 999.812 226
1622735131311 1008.283 227
1622735139960 1016.817 228
1622735148695 1025.437 229
1622735157385 1034.01 230
1622735166121 1042.631 231
1622735174969 1051.363 232
1622735183844 1060.124 233
1622735192712 1068.876 234
1622735201628 1077.677 235
1622735210586 1086.5169999999998 236
1622735219657 1095.4719999999998 237
1622735228691 1104.3929999999998 238
1622735237727 1113.3159999999998 239
1622735246812 1122.2869999999998 240
1622735255962 1131.3229999999999 241
1622735265089 1140.3349999999998 242
1622735274332 1149.4639999999997 243
1622735283596 1158.6149999999998 244
1622735292893 1167.8009999999997 245
1622735302257 1177.0529999999997 246
1622735311577 1186.2609999999997 247
1622735320990 1195.5639999999999 248
1622735330437 1204.899 249
1622735339883 1214.232 250
1622735349334 1223.57 251
1622735358808 1232.9299999999998 252
1622735368405 1242.4129999999998 253
1622735377941 1251.8379999999997 254
1622735387597 1261.3749999999998 255
1622735397288 1270.9509999999998 256
1622735407026 1280.5729999999999 257
1622735416732 1290.1639999999998 258
1622735426455 1299.7739999999997 259
1622735436268 1309.4709999999995 260
1622735446119 1319.2099999999996 261
1622735455934 1328.9119999999996 262
1622735465896 1338.7619999999995 263
1622735475819 1348.5709999999995 264
1622735485817 1358.4539999999995 265
1622735495856 1368.3779999999995 266
1622735505958 1378.3659999999995 267
1622735516023 1388.3159999999996 268
1622735526178 1398.3569999999995 269
1622735536343 1408.4089999999994 270
1622735546605 1418.5539999999994 271
1622735556812 1428.6479999999995 272
1622735567063 1438.7859999999994 273
1622735577387 1448.9959999999994 274
1622735587670 1459.1629999999993 275
1622735598014 1469.3909999999994 276
1622735608527 1479.7869999999994 277
1622735619030 1490.1729999999993 278
1622735629480 1500.5049999999994 279
1622735640050 1510.9619999999995 280
1622735650641 1521.4379999999996 281
1622735661191 1531.8749999999995 282
1622735671853 1542.4219999999996 283
1622735682497 1552.9499999999996 284
1622735693176 1563.5119999999995 285
1622735703903 1574.1219999999994 286
1622735714632 1584.7379999999994 287
1622735725435 1595.4249999999993 288
1622735736319 1606.1939999999993 289
1622735747247 1617.0069999999994 290
1622735758176 1627.8209999999995 291
1622735769035 1638.5629999999994 292
1622735780089 1649.4999999999993 293
1622735791128 1660.4239999999993 294
1622735802168 1671.3509999999992 295
1622735813329 1682.3979999999992 296
1622735824502 1693.4549999999992 297
1622735835631 1704.4639999999993 298
1622735846851 1715.5659999999993 299
1622735858057 1726.6559999999993 300
1622735869406 1737.8899999999992 301
1622735880735 1749.1039999999991 302
1622735892089 1760.338999999999 303
1622735903478 1771.612999999999 304
1622735914829 1782.850999999999 305
1622735926310 1794.216999999999 306
1622735937861 1805.651999999999 307
1622735949399 1817.0759999999989 308
1622735961011 1828.572999999999 309
1622735972649 1840.097999999999 310
1622735984275 1851.607999999999 311
1622735995983 1863.201999999999 312
1622736007711 1874.8159999999991 313
1622736019426 1886.4179999999992 314
1622736031192 1898.0679999999993 315
1622736043119 1909.8769999999993 316
1622736054993 1921.6329999999994 317
1622736066878 1933.4069999999992 318
1622736078844 1945.2579999999994 319
1622736090841 1957.1399999999994 320
1622736102845 1969.0299999999995 321
1622736114836 1980.9079999999994 322
1622736126911 1992.8689999999995 323
1622736139007 2004.8539999999994 324
1622736151120 2016.8559999999993 325
1622736163290 2028.9099999999994 326
1622736175490 2040.9979999999994 327
1622736187783 2053.1779999999994 328
1622736200128 2065.4109999999996 329
1622736212409 2077.5779999999995 330
1622736224747 2089.8019999999997 331
1622736237229 2102.171 332
1622736249620 2114.45 333
1622736262082 2126.799 334
1622736274532 2139.1349999999998 335
1622736287072 2151.56 336
1622736299576 2163.948 337
1622736312129 2176.383 338
1622736324718 2188.8579999999997 339
1622736337393 2201.4159999999997 340
1622736350107 2214.017 341
1622736362810 2226.6059999999998 342
1622736375539 2239.22 343
1622736388367 2251.935 344
1622736401213 2264.667 345
1622736414049 2277.388 346
1622736426987 2290.2129999999997 347
1622736439949 2303.064 348
1622736452875 2315.8779999999997 349
1622736465964 2328.8549999999996 350
1622736479012 2341.7909999999997 351
1622736492135 2354.803 352
1622736505274 2367.83 353
1622736518450 2380.8959999999997 354
1622736531717 2394.051 355
1622736545039 2407.2599999999998 356
1622736558282 2420.3889999999997 357
1622736571636 2433.6319999999996 358
1622736584976 2446.8569999999995 359
1622736598424 2460.1929999999993 360
1622736611931 2473.5889999999995 361
1622736625467 2487.0159999999996 362
1622736638882 2500.3199999999997 363
1622736652406 2513.7309999999998 364
1622736665977 2527.187 365
1622736679613 2540.711 366
1622736693279 2554.263 367
1622736706949 2567.8179999999998 368
1622736720684 2581.4379999999996 369
1622736734439 2595.0789999999997 370
1622736748216 2608.74 371
1622736762017 2622.4269999999997 372
1622736775872 2636.1659999999997 373
1622736789829 2650.008 374
1622736803709 2663.7729999999997 375
1622736817796 2677.7439999999997 376
1622736831836 2691.6679999999997 377
1622736845865 2705.5829999999996 378
1622736859971 2719.5789999999997 379
1622736874055 2733.5519999999997 380
1622736888153 2747.5379999999996 381
1622736902733 2761.9999999999995 382
1622736917617 2776.7059999999997 383
1622736931859 2790.8329999999996 384
1622736946256 2805.1169999999997 385
1622736960568 2819.3129999999996 386
1622736974960 2833.5899999999997 387
1622736989478 2847.9919999999997 388
1622737004004 2862.4019999999996 389
1622737018589 2876.8729999999996 390
1622737035163 2893.3289999999997 391
1622737051577 2909.6209999999996 392
1622737066275 2924.2049999999995 393
1622737080794 2938.6079999999993 394
1622737095387 2953.084999999999 395
1622737109999 2967.580999999999 396
1622737124649 2982.1149999999993 397
1622737139321 2996.671999999999 398
1622737154035 3011.2709999999993 399
1622737168821 3025.9449999999993 400
1622737183553 3040.5619999999994 401
1622737198370 3055.2639999999997 402
1622737213204 3069.986 403
1622737228036 3084.7039999999997 404
1622737242899 3099.4539999999997 405
1622737257813 3114.2519999999995 406
1622737272772 3129.0949999999993 407
1622737287795 3144.0029999999992 408
1622737302828 3158.9209999999994 409
1622737317918 3173.8969999999995 410
1622737333096 3188.9609999999993 411
1622737348287 3204.0409999999993 412
1622737363464 3219.1039999999994 413
1622737378839 3234.3649999999993 414
1622737394189 3249.5989999999993 415
1622737409686 3264.9809999999993 416
1622737425200 3280.379999999999 417
1622737440688 3295.753999999999 418
1622737456171 3311.119999999999 419
1622737471762 3326.595999999999 420
1622737487305 3342.0229999999992 421
1622737502899 3357.501999999999 422
1622737518501 3372.990999999999 423
1622737534188 3388.562999999999 424
1622737549861 3404.119999999999 425
1622737565557 3419.701999999999 426
1622737581320 3435.349999999999 427
1622737597103 3451.000999999999 428
1622737612874 3466.652999999999 429
1622737628777 3482.441999999999 430
1622737644557 3498.101999999999 431
1622737660470 3513.901999999999 432
1622737676364 3529.680999999999 433
1622737692338 3545.542999999999 434
1622737708364 3561.4569999999994 435
1622737724393 3577.3709999999996 436
1622737740442 3593.3059999999996 437
1622737756528 3609.2759999999994 438
1622737772615 3625.2479999999996 439
1622737788785 3641.3029999999994 440
1622737805019 3657.4229999999993 441
1622737821282 3673.571999999999 442
1622737837592 3689.767999999999 443
1622737853900 3705.963999999999 444
1622737870217 3722.166999999999 445
1622737886542 3738.377999999999 446
1622737903023 3754.7459999999987 447
1622737919483 3771.092999999999 448
1622737935943 3787.440999999999 449
1622737952438 3803.817999999999 450
1622737969028 3820.2929999999988 451
1622737985657 3836.8079999999986 452
1622738002240 3853.2769999999987 453
1622738018904 3869.8259999999987 454
1622738035615 3886.4219999999987 455
1622738052414 3903.1069999999986 456
1622738069290 3919.8709999999987 457
1622738086101 3936.5689999999986 458
1622738102973 3953.3299999999986 459
1622738119808 3970.0569999999984 460
1622738136769 3986.9069999999983 461
1622738153735 4003.7599999999984 462
1622738170719 4020.6299999999983 463
1622738187750 4037.5479999999984 464
1622738204779 4054.4659999999985 465
1622738221876 4071.4509999999987 466
1622738239041 4088.5039999999985 467
1622738256201 4105.550999999999 468
1622738273294 4122.5329999999985 469
1622738290489 4139.615999999998 470
1622738307704 4156.720999999998 471
1622738325002 4173.908999999998 472
1622738342210 4191.004999999997 473
1622738359513 4208.196999999997 474
1622738376880 4225.449999999997 475
1622738394316 4242.771999999997 476
1622738411700 4260.040999999997 477
1622738429239 4277.468999999997 478
1622738446817 4294.934999999998 479
1622738464402 4312.403999999998 480
1622738482055 4329.943999999998 481
1622738499753 4347.526999999997 482
1622738517397 4365.056999999997 483
1622738535156 4382.702999999997 484
1622738552880 4400.311999999997 485
1622738570730 4418.044999999997 486
1622738588644 4435.846999999997 487
1622738606490 4453.583999999997 488
1622738624381 4471.359999999997 489
1622738642309 4489.175999999997 490
1622738660364 4507.119999999997 491
1622738678431 4525.071999999997 492
1622738696551 4543.077999999998 493
1622738714622 4561.034999999998 494
1622738732899 4579.198999999998 495
1622738751024 4597.213999999998 496
1622738769193 4615.272999999998 497
1622738787415 4633.382999999998 498
1622738805786 4651.640999999998 499
1622738823995 4669.733999999998 500
