1622779614347 0.023 0
1622779616817 2.149 1
1622779619345 2.21 2
1622779621996 2.335 3
1622779624914 2.596 4
1622779627997 2.767 5
1622779631144 2.832 6
1622779634520 3.052 7
1622779638136 3.296 8
1622779641819 3.367 9
1622779645675 3.541 10
1622779649818 3.824 11
1622779654010 3.875 12
1622779658422 4.096 13
1622779662988 4.251 14
1622779667771 4.467 15
1622779672687 4.596 16
1622779677826 4.824 17
1622779683126 4.985 18
1622779688578 5.132 19
1622779694134 5.24 20
1622779700062 5.613 21
1622779706147 5.768 22
1622779712472 6.009 23
1622779718765 5.974 24
1622779725331 6.251 25
1622779732152 6.489 26
1622779739151 6.682 27
1622779746274 6.807 28
1622779753594 7.006 29
1622779761059 7.154 30
1622779768763 7.387 31
1622779776502 7.426 32
1622779784618 7.801 33
1622779792765 7.835 34
1622779801089 8.01 35
1622779809569 8.163 36
1622779818158 8.277 37
1622779826921 8.449 38
1622779835871 8.636 39
1622779844878 8.691 40
1622779854186 8.994 41
1622779863572 9.072 42
1622779873124 9.237 43
1622779882833 9.392 44
1622779892730 9.584 45
1622779902817 9.771 46
1622779913257 10.126 47
1622779923697 10.124 48
1622779934331 10.323 49
1622779945141 10.493 50
1622779956245 10.793 51
1622779967249 10.694 52
1622779978633 11.076 53
1622779990327 11.382 54
1622780002287 11.648 55
1622780014260 11.663 56
1622780026301 11.728 57
1622780038592 11.973 58
1622780051129 12.213 59
1622780064001 12.555 60
1622780076790 12.471 61
1622780089837 12.73 62
1622780103289 13.137 63
1622780116617 13.014 64
1622780130150 13.217 65
1622780144021 13.554 66
1622780157915 13.581 67
1622780171980 13.748 68
1622780186131 13.838 69
1622780200721 14.277 70
1622780215284 14.246 71
1622780230181 14.584 72
1622780245324 14.831 73
1622780260516 14.881 74
1622780275763 14.934 75
1622780290974 14.901 76
1622780306833 15.549 77
1622780322493 15.348 78
1622780338813 16.009 79
1622780355150 16.022 80
1622780371605 16.137 81
1622780388063 16.141 82
1622780404981 16.601 83
1622780421957 16.655 84
1622780439260 16.989 85
1622780456591 17.011 86
1622780474015 17.109 87
1622780491709 17.375 88
1622780509458 17.433 89
1622780527498 17.725 90
1622780545620 17.807 91
1622780563920 17.98 92
1622780582270 18.024 93
1622780600974 18.385 94
1622780619733 18.44 95
1622780638718 18.67 96
1622780657682 18.652 97
1622780676871 18.876 98
1622780696624 19.439 99
1622780716436 19.499 100
1622780736378 19.628 101
1622780756417 19.726 102
1622780776791 20.058 103
1622780797160 20.051 104
1622780817683 20.21 105
1622780838477 20.476 106
1622780859557 20.767 107
1622780880889 21.017 108
1622780902127 20.923 109
1622780923598 21.153 110
1622780945211 21.297 111
1622780967168 21.642 112
1622780989072 21.588 113
1622781011408 22.016 114
1622781034008 22.286 115
1622781056882 22.56 116
1622781079748 22.551 117
1622781102757 22.693 118
1622781125844 22.77 119
1622781149110 22.954 120
1622781172851 23.429 121
1622781196948 23.785 122
1622781220789 23.53 123
1622781244746 23.639 124
1622781269039 23.976 125
1622781293460 24.092 126
1622781318833 25.056 127
1622781343579 24.434 128
1622781368342 24.449 129
1622781393355 24.7 130
1622781418808 25.137 131
1622781444024 24.902 132
1622781469823 25.484 133
1622781495405 25.269 134
1622781521390 25.672 135
1622781547554 25.848 136
1622781573862 25.991 137
1622781600432 26.258 138
1622781627383 26.635 139
1622781654202 26.504 140
1622781681413 26.897 141
1622781708876 27.149 142
1622781736352 27.164 143
1622781763889 27.222 144
1622781791626 27.427 145
1622781819664 27.723 146
1622781847714 27.737 147
1622781875862 27.838 148
1622781904431 28.255 149
1622781932907 28.159 150
1622781961786 28.561 151
1622781991057 28.954 152
1622782020400 29.034 153
1622782049780 29.064 154
1622782079322 29.225 155
1622782109186 29.549 156
1622782139154 29.657 157
1622782169456 29.966 158
1622782199640 29.868 159
1622782230666 30.707 160
1622782261314 30.331 161
1622782292287 30.655 162
1622782321795 29.193 163
1622782350895 28.803 164
1622782380270 29.077 165
1622782409831 29.27 166
1622782439635 29.506 167
1622782469161 29.236 168
1622782499207 29.755 169
1622782529349 29.849 170
1622782559513 29.866 171
1622782589612 29.805 172
1622782618940 29.038 173
1622782647918 28.708 174
1622782677045 28.856 175
1622782706380 29.064 176
1622782735671 29.02 177
1622782765155 29.212 178
1622782794787 29.361 179
1622782824473 29.417 180
1622782854352 29.605 181
1622782884400 29.778 182
1622782914506 29.835 183
1622782945112 30.334 184
1622782975859 30.479 185
1622783006789 30.66 186
1622783037653 30.596 187
1622783068776 30.853 188
1622783100065 31.021 189
1622783131392 31.059 190
1622783162947 31.286 191
1622783194706 31.469 192
1622783226615 31.639 193
1622783258543 31.66 194
1622783290794 31.982 195
1622783323193 32.129 196
1622783355517 32.053 197
1622783388117 32.329 198
1622783420757 32.371 199
1622783453482 32.455 200
1622783486522 32.769 201
1622783519845 33.054 202
1622783553092 32.977 203
1622783586868 33.507 204
1622783620410 33.269 205
1622783654291 33.61 206
1622783688553 33.99 207
1622783722564 33.741 208
1622783756861 34.027 209
1622783791373 34.242 210
1622783825945 34.301 211
1622783860768 34.551 212
1622783896103 35.067 213
1622783931233 34.861 214
1622783966522 35.022 215
1622784001872 35.081 216
1622784037208 35.066 217
1622784072874 35.399 218
1622784108616 35.473 219
1622784144672 35.783 220
1622784181079 36.136 221
1622784217315 35.967 222
1622784254164 36.579 223
1622784290400 35.966 224
1622784327225 36.524 225
1622784364004 36.505 226
1622784400688 36.416 227
1622784437781 36.824 228
1622784475131 37.08 229
1622784512432 37.032 230
1622784550208 37.507 231
1622784588157 37.68 232
1622784626232 37.804 233
1622784664620 38.118 234
1622784702699 37.811 235
1622784741758 38.792 236
1622784780795 38.771 237
1622784819646 38.585 238
1622784858890 38.977 239
1622784898099 38.941 240
1622784937525 39.157 241
1622784977118 39.323 242
1622785017016 39.627 243
1622785056689 39.404 244
1622785096715 39.757 245
1622785137034 40.05 246
1622785177191 39.887 247
1622785217601 40.139 248
1622785258114 40.238 249
1622785298736 40.352 250
1622785339669 40.663 251
1622785380127 40.187 252
1622785421747 41.352 253
1622785463031 41.014 254
1622785504714 41.415 255
1622785546542 41.556 256
1622785588917 42.103 257
1622785631004 41.807 258
1622785673098 41.823 259
1622785715773 42.407 260
1622785758052 42.009 261
1622785800573 42.252 262
1622785843809 42.967 263
1622785886779 42.702 264
1622785929840 42.791 265
1622785973102 42.99 266
1622786016275 42.901 267
1622786059873 43.327 268
1622786103572 43.429 269
1622786147053 43.212 270
1622786190923 43.599 271
1622786235151 43.957 272
1622786279223 43.803 273
1622786323361 43.868 274
1622786367911 44.281 275
1622786412953 44.773 276
1622786458037 44.813 277
1622786503391 45.085 278
1622786548709 45.047 279
1622786594116 45.137 280
1622786639596 45.207 281
1622786685261 45.396 282
1622786731613 46.08 283
1622786777602 45.721 284
1622786824179 46.308 285
1622786870520 46.073 286
1622786917533 46.745 287
1622786964386 46.583 288
1622787011269 46.611 289
1622787058172 46.633 290
1622787104844 46.403 291
1622787152266 47.145 292
1622787199657 47.118 293
1622787247248 47.321 294
1622787295020 47.501 295
1622787343063 47.773 296
1622787391267 47.93 297
1622787439718 48.178 298
1622787488123 48.135 299
1622787536609 48.216 300
1622787585458 48.579 301
1622787634466 48.737 302
1622787683512 48.777 303
1622787732657 48.876 304
1622787781689 48.765 305
1622787831218 49.262 306
1622787880519 49.034 307
1622787930869 50.082 308
1622787981041 49.903 309
1622788031845 50.534 310
1622788081894 49.779 311
1622788132721 50.556 312
1622788183639 50.645 313
1622788234480 50.571 314
1622788285429 50.676 315
1622788336818 51.118 316
1622788387956 50.865 317
1622788439989 51.76 318
1622788491696 51.435 319
1622788543455 51.487 320
1622788595520 51.792 321
1622788647772 51.981 322
1622788700382 52.339 323
1622788753233 52.579 324
1622788805949 52.436 325
1622788858862 52.636 326
1622788912165 53.027 327
1622788964972 52.539 328
1622789017730 52.49 329
1622789071694 53.695 330
1622789124866 52.903 331
1622789178979 53.841 332
1622789232525 53.277 333
1622789286971 54.177 334
1622789341153 53.913 335
1622789395459 54.032 336
1622789449786 54.056 337
1622789504542 54.485 338
1622789559510 54.692 339
1622789614544 54.765 340
1622789669763 54.947 341
1622789724979 54.946 342
1622789780245 54.993 343
1622789835485 54.97 344
1622789891235 55.48 345
1622789947289 55.785 346
1622790003742 56.186 347
1622790060114 56.1 348
1622790116296 55.912 349
1622790172339 55.773 350
1622790229139 56.53 351
1622790285356 55.949 352
1622790342150 56.526 353
1622790399529 57.11 354
1622790456750 56.953 355
1622790514359 57.341 356
1622790571392 56.765 357
1622790629016 57.354 358
1622790686870 57.554 359
1622790745358 58.214 360
1622790803519 57.888 361
1622790861871 58.081 362
1622790920525 58.384 363
1622790979472 58.674 364
1622791038244 58.5 365
1622791096924 58.41 366
1622791156167 58.972 367
1622791215005 58.568 368
1622791273786 58.509 369
1622791333401 59.346 370
1622791392811 59.138 371
1622791452310 59.226 372
1622791511923 59.342 373
1622791572256 60.063 374
1622791632451 59.927 375
1622791693784 61.062 376
1622791754947 60.893 377
1622791815721 60.505 378
1622791876752 60.764 379
1622791937705 60.684 380
1622791999079 61.103 381
1622792060748 61.398 382
1622792122421 61.402 383
1622792184569 61.878 384
1622792246826 61.985 385
1622792309238 62.138 386
1622792371779 62.269 387
1622792434507 62.457 388
1622792497298 62.519 389
1622792560329 62.759 390
1622792623657 63.056 391
1622792686949 63.016 392
1622792750543 63.319 393
1622792814456 63.641 394
1622792878761 64.034 395
1622792942566 63.534 396
1622793006855 64.018 397
1622793071033 63.909 398
1622793134765 63.463 399
1622793199478 64.443 400
1622793263370 63.623 401
1622793327760 64.119 402
1622793392200 64.171 403
1622793457120 64.65 404
1622793522099 64.708 405
1622793587453 65.082 406
1622793652743 65.017 407
1622793718573 65.558 408
1622793784692 65.848 409
1622793850707 65.745 410
1622793916779 65.8 411
1622793982868 65.82 412
1622794049337 66.196 413
1622794116068 66.462 414
1622794182422 66.082 415
1622794249243 66.551 416
1622794316227 66.71 417
1622794383349 66.85 418
1622794450026 66.407 419
1622794516927 66.629 420
1622794584404 67.208 421
1622794651643 66.969 422
1622794719071 67.157 423
1622794787160 67.82 424
1622794855811 68.383 425
1622794924506 68.423 426
1622794993280 68.5 427
1622795062638 69.085 428
1622795131405 68.494 429
1622795200853 69.175 430
1622795270544 69.42 431
1622795340355 69.539 432
1622795410743 70.119 433
1622795480842 69.818 434
1622795551157 70.045 435
1622795621768 70.339 436
1622795692378 70.339 437
1622795762765 70.114 438
1622795833766 70.73 439
1622795904769 70.729 440
1622795975943 70.902 441
1622796047335 71.12 442
1622796118324 70.717 443
1622796190127 71.53 444
1622796261922 71.523 445
1622796333676 71.483 446
1622796406169 72.224 447
1622796478527 72.089 448
1622796550174 71.379 449
1622796622544 72.099 450
1622796694767 71.955 451
1622796767164 72.125 452
1622796839810 72.376 453
1622796912642 72.561 454
1622796985864 72.95 455
1622797058591 72.457 456
1622797131732 72.871 457
1622797204799 72.796 458
1622797278040 72.97 459
1622797351399 73.086 460
1622797425224 73.553 461
1622797498746 73.252 462
1622797572403 73.387 463
1622797646330 73.657 464
1622797720073 73.473 465
1622797794057 73.715 466
1622797869028 74.704 467
1622797942725 73.423 468
1622798017981 74.987 469
1622798092633 74.381 470
1622798168128 75.226 471
1622798243163 74.767 472
1622798318690 75.261 473
1622798393859 74.9 474
1622798468978 74.851 475
1622798544117 74.867 476
1622798619742 75.354 477
1622798695667 75.655 478
1622798771920 75.984 479
1622798848153 75.963 480
1622798924477 76.054 481
1622799001104 76.354 482
1622799077842 76.467 483
1622799154697 76.585 484
1622799231811 76.843 485
1622799309309 77.228 486
1622799387090 77.511 487
1622799465996 78.633 488
1622799543718 77.45 489
1622799621538 77.549 490
1622799699664 77.859 491
1622799777985 78.044 492
1622799855938 77.663 493
1622799934866 78.656 494
1622800013841 78.704 495
1622800093103 78.99 496
1622800172355 78.978 497
1622800251510 78.884 498
1622800331023 79.24 499
1622800410786 79.49 500
