1622751892183 50 0
1622751892736 60 1
1622751893281 70 2
1622751893852 80 3
1622751894456 90 4
1622751895086 100 5
1622751895760 110 6
1622751896468 120 7
1622751897207 130 8
1622751897992 140 9
1622751898801 150 10
1622751899645 160 11
1622751900532 170 12
1622751901438 180 13
1622751902384 190 14
1622751903400 200 15
1622751904422 210 16
1622751905494 220 17
1622751906592 230 18
1622751907733 240 19
1622751908904 250 20
1622751910113 260 21
1622751911347 270 22
1622751912628 280 23
1622751913922 290 24
1622751915278 300 25
1622751916657 310 26
1622751918070 320 27
1622751919516 330 28
1622751921017 340 29
1622751922521 350 30
1622751924096 360 31
1622751925690 370 32
1622751927325 380 33
1622751929017 390 34
1622751930722 400 35
1622751932454 410 36
1622751934232 420 37
1622751936059 430 38
1622751937873 440 39
1622751939765 450 40
1622751941682 460 41
1622751943660 470 42
1622751945653 480 43
1622751947680 490 44
1622751949741 500 45
1622751951845 510 46
1622751953971 520 47
1622751956135 530 48
1622751958318 540 49
1622751960570 550 50
1622751962812 560 51
1622751965092 570 52
1622751967427 580 53
1622751969832 590 54
1622751972238 600 55
1622751974688 610 56
1622751977169 620 57
1622751979679 630 58
1622751982238 640 59
1622751984828 650 60
1622751987451 660 61
1622751990118 670 62
1622751992784 680 63
1622751995474 690 64
1622751998254 700 65
1622752001043 710 66
1622752003885 720 67
1622752006731 730 68
1622752009635 740 69
1622752012549 750 70
1622752015547 760 71
1622752018551 770 72
1622752021574 780 73
1622752024600 790 74
1622752027656 800 75
1622752030797 810 76
1622752033982 820 77
1622752037190 830 78
1622752040408 840 79
1622752043694 850 80
1622752047011 860 81
1622752050374 870 82
1622752053717 880 83
1622752057134 890 84
1622752060581 900 85
1622752064059 910 86
1622752067602 920 87
1622752071149 930 88
1622752074756 940 89
1622752078370 950 90
1622752082026 960 91
1622752085713 970 92
1622752089421 980 93
1622752093159 990 94
1622752096912 1000 95
1622752100740 1010 96
1622752104591 1020 97
1622752108466 1030 98
1622752112415 1040 99
1622752116368 1050 100
1622752120358 1060 101
1622752124406 1070 102
1622752128516 1080 103
1622752132632 1090 104
1622752136799 1100 105
1622752140964 1110 106
1622752145136 1120 107
1622752149350 1130 108
1622752153683 1140 109
1622752158038 1150 110
1622752162394 1160 111
1622752166727 1170 112
1622752171143 1180 113
1622752175592 1190 114
1622752180054 1200 115
1622752184531 1210 116
1622752189083 1220 117
1622752193638 1230 118
1622752198257 1240 119
1622752202904 1250 120
1622752207582 1260 121
1622752212269 1270 122
1622752217008 1280 123
1622752221867 1290 124
1622752226758 1300 125
1622752231693 1310 126
1622752236620 1320 127
1622752241581 1330 128
1622752246569 1340 129
1622752251634 1350 130
1622752256725 1360 131
1622752261804 1370 132
1622752266942 1380 133
1622752272060 1390 134
1622752277257 1400 135
1622752282441 1410 136
1622752287718 1420 137
1622752292988 1430 138
1622752298238 1440 139
1622752303574 1450 140
1622752308964 1460 141
1622752314361 1470 142
1622752319834 1480 143
1622752325287 1490 144
1622752330802 1500 145
1622752336290 1510 146
1622752341863 1520 147
1622752347494 1530 148
1622752353094 1540 149
1622752358829 1550 150
1622752364586 1560 151
1622752370362 1570 152
1622752376148 1580 153
1622752381987 1590 154
1622752387901 1600 155
1622752393821 1610 156
1622752399818 1620 157
1622752405792 1630 158
1622752411816 1640 159
1622752417896 1650 160
1622752423958 1660 161
1622752430046 1670 162
1622752436215 1680 163
1622752442407 1690 164
1622752448671 1700 165
1622752454922 1710 166
1622752461200 1720 167
1622752467482 1730 168
1622752473880 1740 169
1622752480330 1750 170
1622752486831 1760 171
1622752493320 1770 172
1622752499857 1780 173
1622752506379 1790 174
1622752512950 1800 175
1622752519563 1810 176
1622752526249 1820 177
1622752532934 1830 178
1622752539652 1840 179
1622752546386 1850 180
1622752553209 1860 181
1622752560008 1870 182
1622752566881 1880 183
1622752573763 1890 184
1622752580727 1900 185
1622752587708 1910 186
1622752594748 1920 187
1622752601780 1930 188
1622752608808 1940 189
1622752615980 1950 190
1622752623123 1960 191
1622752630324 1970 192
1622752637563 1980 193
1622752644858 1990 194
1622752652156 2000 195
1622752659397 2010 196
1622752666749 2020 197
1622752674147 2030 198
1622752681568 2040 199
1622752689029 2050 200
1622752696545 2060 201
1622752704066 2070 202
1622752711659 2080 203
1622752719289 2090 204
1622752726939 2100 205
1622752734593 2110 206
1622752742300 2120 207
1622752750029 2130 208
1622752757784 2140 209
1622752765519 2150 210
1622752773296 2160 211
1622752781100 2170 212
1622752789030 2180 213
1622752796909 2190 214
1622752804853 2200 215
1622752812811 2210 216
1622752820790 2220 217
1622752828891 2230 218
1622752836981 2240 219
1622752845095 2250 220
1622752853216 2260 221
1622752861395 2270 222
1622752869588 2280 223
1622752877820 2290 224
1622752886076 2300 225
1622752894379 2310 226
1622752902697 2320 227
1622752911026 2330 228
1622752919342 2340 229
1622752927818 2350 230
1622752936326 2360 231
1622752944907 2370 232
1622752953433 2380 233
1622752962043 2390 234
1622752970616 2400 235
1622752979252 2410 236
1622752987922 2420 237
1622752996627 2430 238
1622753005384 2440 239
1622753014155 2450 240
1622753023021 2460 241
1622753031887 2470 242
1622753040850 2480 243
1622753049798 2490 244
1622753058842 2500 245
1622753067831 2510 246
1622753076884 2520 247
1622753085993 2530 248
1622753095162 2540 249
1622753104346 2550 250
1622753113715 2560 251
1622753122929 2570 252
1622753132177 2580 253
1622753141513 2590 254
1622753150971 2600 255
1622753160329 2610 256
1622753169803 2620 257
1622753179240 2630 258
1622753188722 2640 259
1622753198267 2650 260
1622753207858 2660 261
1622753217417 2670 262
1622753227102 2680 263
1622753236824 2690 264
1622753246520 2700 265
1622753256241 2710 266
1622753265982 2720 267
1622753275719 2730 268
1622753285530 2740 269
1622753295366 2750 270
1622753305307 2760 271
1622753315312 2770 272
1622753325351 2780 273
1622753335410 2790 274
1622753345352 2800 275
1622753355403 2810 276
1622753365487 2820 277
1622753375572 2830 278
1622753385800 2840 279
1622753396060 2850 280
1622753406323 2860 281
1622753416562 2870 282
1622753426865 2880 283
1622753437378 2890 284
1622753447882 2900 285
1622753458294 2910 286
1622753468792 2920 287
1622753479183 2930 288
1622753489711 2940 289
1622753500163 2950 290
1622753510821 2960 291
1622753521467 2970 292
1622753532149 2980 293
1622753542798 2990 294
1622753553604 3000 295
1622753564292 3010 296
1622753575152 3020 297
1622753585982 3030 298
1622753596821 3040 299
1622753607653 3050 300
1622753618502 3060 301
1622753629554 3070 302
1622753640552 3080 303
1622753651554 3090 304
1622753662661 3100 305
1622753673771 3110 306
1622753685030 3120 307
1622753696230 3130 308
1622753707491 3140 309
1622753718763 3150 310
1622753729996 3160 311
1622753741361 3170 312
1622753752762 3180 313
1622753764197 3190 314
1622753775600 3200 315
1622753786991 3210 316
1622753798545 3220 317
1622753809945 3230 318
1622753821567 3240 319
1622753833180 3250 320
1622753844753 3260 321
1622753856384 3270 322
1622753868125 3280 323
1622753879787 3290 324
1622753891622 3300 325
1622753903451 3310 326
1622753915306 3320 327
1622753927108 3330 328
1622753938971 3340 329
1622753950826 3350 330
1622753962797 3360 331
1622753974770 3370 332
1622753986824 3380 333
1622753998877 3390 334
1622754010938 3400 335
1622754023084 3410 336
1622754035242 3420 337
1622754047500 3430 338
1622754059850 3440 339
1622754072151 3450 340
1622754084472 3460 341
1622754096911 3470 342
1622754109326 3480 343
1622754121799 3490 344
1622754134390 3500 345
1622754146827 3510 346
1622754159360 3520 347
1622754171997 3530 348
1622754184638 3540 349
1622754197212 3550 350
1622754209858 3560 351
1622754222533 3570 352
1622754235283 3580 353
1622754248063 3590 354
1622754260964 3600 355
1622754273811 3610 356
1622754286685 3620 357
1622754299710 3630 358
1622754312637 3640 359
1622754325671 3650 360
1622754338656 3660 361
1622754351670 3670 362
1622754364900 3680 363
1622754378116 3690 364
1622754391283 3700 365
1622754404426 3710 366
1622754417673 3720 367
1622754430908 3730 368
1622754444116 3740 369
1622754457445 3750 370
1622754470787 3760 371
1622754484161 3770 372
1622754497587 3780 373
1622754511009 3790 374
1622754524607 3800 375
1622754538224 3810 376
1622754551822 3820 377
1622754565449 3830 378
1622754579107 3840 379
1622754592715 3850 380
1622754606444 3860 381
1622754620258 3870 382
1622754634150 3880 383
1622754648045 3890 384
1622754661849 3900 385
1622754675754 3910 386
1622754689690 3920 387
1622754703646 3930 388
1622754717631 3940 389
1622754731525 3950 390
1622754745510 3960 391
1622754759617 3970 392
1622754773814 3980 393
1622754788028 3990 394
1622754802261 4000 395
1622754816619 4010 396
1622754830878 4020 397
1622754845234 4030 398
1622754859544 4040 399
1622754873877 4050 400
1622754888231 4060 401
1622754902677 4070 402
1622754917304 4080 403
1622754931793 4090 404
1622754946339 4100 405
1622754960984 4110 406
1622754975714 4120 407
1622754990342 4130 408
1622755004983 4140 409
1622755019673 4150 410
1622755034332 4160 411
1622755049007 4170 412
1622755063792 4180 413
1622755078534 4190 414
1622755093286 4200 415
1622755108003 4210 416
1622755122802 4220 417
1622755137659 4230 418
1622755152495 4240 419
1622755167426 4250 420
1622755182418 4260 421
1622755197510 4270 422
1622755212542 4280 423
1622755227623 4290 424
1622755242680 4300 425
1622755257776 4310 426
1622755272917 4320 427
1622755288200 4330 428
1622755303507 4340 429
1622755318651 4350 430
1622755334051 4360 431
1622755349409 4370 432
1622755364773 4380 433
1622755380112 4390 434
1622755395589 4400 435
1622755411086 4410 436
1622755426594 4420 437
1622755442111 4430 438
1622755457711 4440 439
1622755473283 4450 440
1622755488898 4460 441
1622755504490 4470 442
1622755520213 4480 443
1622755535887 4490 444
1622755551488 4500 445
1622755567239 4510 446
1622755583072 4520 447
1622755598876 4530 448
1622755614824 4540 449
1622755630682 4550 450
1622755646649 4560 451
1622755662653 4570 452
1622755678707 4580 453
1622755694696 4590 454
1622755710940 4600 455
1622755727178 4610 456
1622755743195 4620 457
1622755759413 4630 458
1622755775620 4640 459
1622755791689 4650 460
1622755807802 4660 461
1622755823983 4670 462
1622755840105 4680 463
1622755856400 4690 464
1622755872793 4700 465
1622755889128 4710 466
1622755905546 4720 467
1622755921891 4730 468
1622755938269 4740 469
1622755954786 4750 470
1622755971289 4760 471
1622755987898 4770 472
1622756004526 4780 473
1622756021224 4790 474
1622756037985 4800 475
1622756054798 4810 476
1622756071676 4820 477
1622756088553 4830 478
1622756105381 4840 479
1622756122104 4850 480
1622756139034 4860 481
1622756155957 4870 482
1622756173056 4880 483
1622756190218 4890 484
1622756207311 4900 485
1622756224386 4910 486
1622756241587 4920 487
1622756258799 4930 488
1622756275957 4940 489
1622756293078 4950 490
1622756310248 4960 491
1622756327453 4970 492
1622756344662 4980 493
1622756362173 4990 494
1622756378961 5000 495
1622756396760 5010 496
1622756413625 5020 497
1622756431501 5030 498
1622756448463 5040 499
1622756466174 5050 500
