1622751892212 0.005 0
1622751892758 0.433 1
1622751893302 0.86 2
1622751893873 1.314 3
1622751894476 1.8010000000000002 4
1622751895106 2.3160000000000003 5
1622751895779 2.8760000000000003 6
1622751896488 3.471 7
1622751897227 4.096 8
1622751898011 4.766 9
1622751898821 5.463 10
1622751899664 6.193 11
1622751900551 6.968 12
1622751901457 7.761 13
1622751902405 8.596 14
1622751903419 9.499 15
1622751904441 10.408000000000001 16
1622751905513 11.368000000000002 17
1622751906611 12.354000000000003 18
1622751907752 13.384000000000002 19
1622751908922 14.442000000000002 20
1622751910132 15.538000000000002 21
1622751911366 16.660000000000004 22
1622751912647 17.829000000000004 23
1622751913941 19.010000000000005 24
1622751915298 20.253000000000004 25
1622751916677 21.517000000000003 26
1622751918090 22.815000000000005 27
1622751919536 24.148000000000003 28
1622751921036 25.536 29
1622751922540 26.925 30
1622751924115 28.387 31
1622751925710 29.869 32
1622751927344 31.391 33
1622751929036 32.97 34
1622751930741 34.563 35
1622751932473 36.182 36
1622751934251 37.848 37
1622751936078 39.561 38
1622751937892 41.263 39
1622751939784 43.04 40
1622751941702 44.842999999999996 41
1622751943680 46.708 42
1622751945672 48.586999999999996 43
1622751947699 50.501999999999995 44
1622751949760 52.446999999999996 45
1622751951865 54.437 46
1622751953991 56.449 47
1622751956156 58.498 48
1622751958337 60.567 49
1622751960591 62.703 50
1622751962832 64.82900000000001 51
1622751965113 66.995 52
1622751967447 69.214 53
1622751969852 71.503 54
1622751972259 73.794 55
1622751974710 76.128 56
1622751977189 78.494 57
1622751979699 80.891 58
1622751982257 83.337 59
1622751984848 85.813 60
1622751987473 88.322 61
1622751990138 90.873 62
1622751992804 93.42500000000001 63
1622751995494 96.00200000000001 64
1622751998274 98.66600000000001 65
1622752001063 101.33900000000001 66
1622752003905 104.06700000000001 67
1622752006752 106.798 68
1622752009655 109.587 69
1622752012569 112.38600000000001 70
1622752015568 115.27000000000001 71
1622752018571 118.159 72
1622752021594 121.06800000000001 73
1622752024621 123.97900000000001 74
1622752027675 126.92000000000002 75
1622752030818 129.948 76
1622752034002 133.018 77
1622752037210 136.113 78
1622752040427 139.219 79
1622752043713 142.394 80
1622752047030 145.6 81
1622752050393 148.851 82
1622752053736 152.083 83
1622752057154 155.389 84
1622752060601 158.721 85
1622752064078 162.084 86
1622752067621 165.513 87
1622752071169 168.948 88
1622752074776 172.441 89
1622752078390 175.942 90
1622752082045 179.483 91
1622752085732 183.059 92
1622752089440 186.655 93
1622752093179 190.28 94
1622752096932 193.92 95
1622752100759 197.63299999999998 96
1622752104611 201.373 97
1622752108486 205.13199999999998 98
1622752112435 208.968 99
1622752116389 212.807 100
1622752120378 216.682 101
1622752124427 220.617 102
1622752128536 224.612 103
1622752132652 228.615 104
1622752136819 232.667 105
1622752140984 236.716 106
1622752145156 240.775 107
1622752149370 244.874 108
1622752153703 249.09199999999998 109
1622752158057 253.33499999999998 110
1622752162415 257.57899999999995 111
1622752166747 261.79699999999997 112
1622752171164 266.099 113
1622752175613 270.435 114
1622752180074 274.783 115
1622752184551 279.147 116
1622752189102 283.587 117
1622752193657 288.031 118
1622752198277 292.538 119
1622752202923 297.071 120
1622752207605 301.63800000000003 121
1622752212289 306.20900000000006 122
1622752217027 310.83500000000004 123
1622752221886 315.583 124
1622752226819 320.334 125
1622752231711 325.102 126
1622752236660 329.909 127
1622752241600 334.73 128
1622752246590 339.605 129
1622752251703 344.529 130
1622752256744 349.444 131
1622752261823 354.411 132
1622752266960 359.438 133
1622752272079 364.44599999999997 134
1622752277278 369.53099999999995 135
1622752282460 374.60299999999995 136
1622752287738 379.768 137
1622752293009 384.92499999999995 138
1622752298258 390.061 139
1622752303593 395.28499999999997 140
1622752308984 400.563 141
1622752314380 405.848 142
1622752319853 411.21000000000004 143
1622752325306 416.55100000000004 144
1622752330821 421.95500000000004 145
1622752336309 427.331 146
1622752341882 432.79200000000003 147
1622752347514 438.30300000000005 148
1622752353113 443.79200000000003 149
1622752358848 449.415 150
1622752364605 455.06100000000004 151
1622752370381 460.72600000000006 152
1622752376168 466.40100000000007 153
1622752382006 472.1260000000001 154
1622752387921 477.9270000000001 155
1622752393841 483.7340000000001 156
1622752399837 489.6180000000001 157
1622752405812 495.48000000000013 158
1622752411836 501.3920000000001 159
1622752417915 507.3580000000001 160
1622752423977 513.3090000000001 161
1622752430065 519.2860000000001 162
1622752436234 525.344 163
1622752442426 531.426 164
1622752448691 537.5780000000001 165
1622752454942 543.7170000000001 166
1622752461218 549.8820000000001 167
1622752467502 556.051 168
1622752473898 562.337 169
1622752480350 568.674 170
1622752486851 575.0609999999999 171
1622752493339 581.4359999999999 172
1622752499878 587.8609999999999 173
1622752506400 594.2679999999999 174
1622752512970 600.7239999999999 175
1622752519582 607.2239999999999 176
1622752526268 613.7969999999999 177
1622752532954 620.3679999999999 178
1622752539671 626.9709999999999 179
1622752546406 633.5929999999998 180
1622752553228 640.3039999999999 181
1622752560026 646.9909999999999 182
1622752566900 653.7529999999998 183
1622752573782 660.5229999999998 184
1622752580747 667.3749999999998 185
1622752587727 674.2429999999998 186
1622752594767 681.1729999999998 187
1622752601799 688.0929999999997 188
1622752608827 695.0069999999997 189
1622752615999 702.0679999999998 190
1622752623142 709.0999999999998 191
1622752630343 716.1879999999998 192
1622752637582 723.3139999999997 193
1622752644877 730.4959999999998 194
1622752652175 737.6829999999998 195
1622752659416 744.8119999999998 196
1622752666768 752.0519999999998 197
1622752674166 759.3369999999998 198
1622752681587 766.6459999999997 199
1622752689048 773.9949999999998 200
1622752696564 781.3999999999997 201
1622752704086 788.8089999999997 202
1622752711679 796.2889999999998 203
1622752719308 803.8069999999998 204
1622752726959 811.3459999999998 205
1622752734612 818.8869999999998 206
1622752742319 826.4819999999999 207
1622752750049 834.0989999999998 208
1622752757803 841.7419999999998 209
1622752765538 849.3659999999999 210
1622752773315 857.0299999999999 211
1622752781119 864.7209999999999 212
1622752789049 872.5389999999999 213
1622752796928 880.3079999999999 214
1622752804871 888.1409999999998 215
1622752812829 895.9889999999998 216
1622752820810 903.8559999999998 217
1622752828910 911.8439999999998 218
1622752837000 919.8219999999998 219
1622752845114 927.8239999999997 220
1622752853235 935.8339999999997 221
1622752861413 943.9019999999997 222
1622752869608 951.9839999999997 223
1622752877838 960.1039999999997 224
1622752886095 968.2509999999997 225
1622752894398 976.4429999999998 226
1622752902716 984.6499999999997 227
1622752911045 992.8689999999998 228
1622752919360 1001.0589999999999 229
1622752927838 1009.4229999999999 230
1622752936345 1017.8179999999999 231
1622752944925 1026.2879999999998 232
1622752953452 1034.7039999999997 233
1622752962063 1043.2009999999998 234
1622752970635 1051.6629999999998 235
1622752979271 1060.1869999999997 236
1622752987941 1068.7449999999997 237
1622752996645 1077.3379999999997 238
1622753005405 1085.9799999999998 239
1622753014175 1094.639 240
1622753023040 1103.3919999999998 241
1622753031907 1112.1439999999998 242
1622753040869 1120.9959999999999 243
1622753049817 1129.831 244
1622753058861 1138.763 245
1622753067851 1147.6399999999999 246
1622753076902 1156.5819999999999 247
1622753086013 1165.578 248
1622753095181 1174.635 249
1622753104365 1183.708 250
1622753113734 1192.9650000000001 251
1622753122949 1202.064 252
1622753132196 1211.198 253
1622753141531 1220.422 254
1622753150990 1229.769 255
1622753160349 1239.015 256
1622753169822 1248.3760000000002 257
1622753179259 1257.7010000000002 258
1622753188742 1267.0720000000003 259
1622753198285 1276.5030000000004 260
1622753207877 1285.9830000000004 261
1622753217436 1295.4300000000003 262
1622753227121 1305.0020000000002 263
1622753236842 1314.612 264
1622753246539 1324.1960000000001 265
1622753256261 1333.805 266
1622753266001 1343.434 267
1622753275739 1353.059 268
1622753285551 1362.757 269
1622753295386 1372.479 270
1622753305327 1382.308 271
1622753315332 1392.2 272
1622753325370 1402.127 273
1622753335429 1412.075 274
1622753345371 1421.904 275
1622753355422 1431.843 276
1622753365506 1441.814 277
1622753375591 1451.786 278
1622753385819 1461.902 279
1622753396080 1472.047 280
1622753406343 1482.1970000000001 281
1622753416582 1492.324 282
1622753426886 1502.515 283
1622753437397 1512.914 284
1622753447901 1523.305 285
1622753458313 1533.604 286
1622753468811 1543.991 287
1622753479203 1554.271 288
1622753489732 1564.686 289
1622753500183 1575.0079999999998 290
1622753510840 1585.5479999999998 291
1622753521487 1596.0819999999999 292
1622753532169 1606.6509999999998 293
1622753542817 1617.1879999999999 294
1622753553624 1627.8829999999998 295
1622753564311 1638.4579999999999 296
1622753575172 1649.2069999999999 297
1622753586003 1659.925 298
1622753596840 1670.651 299
1622753607672 1681.371 300
1622753618521 1692.1090000000002 301
1622753629590 1703.0330000000001 302
1622753640571 1713.902 303
1622753651573 1724.7920000000001 304
1622753662680 1735.787 305
1622753673791 1746.784 306
1622753685049 1757.93 307
1622753696250 1769.019 308
1622753707510 1780.168 309
1622753718782 1791.328 310
1622753730015 1802.449 311
1622753741380 1813.702 312
1622753752780 1824.992 313
1622753764216 1836.315 314
1622753775619 1847.608 315
1622753787011 1858.887 316
1622753798563 1870.328 317
1622753809965 1881.619 318
1622753821587 1893.129 319
1622753833199 1904.6299999999999 320
1622753844774 1916.09 321
1622753856403 1927.607 322
1622753868145 1939.238 323
1622753879805 1950.786 324
1622753891642 1962.509 325
1622753903470 1974.224 326
1622753915326 1985.9669999999999 327
1622753927127 1997.658 328
1622753938990 2009.4089999999999 329
1622753950845 2021.1509999999998 330
1622753962817 2033.0099999999998 331
1622753974789 2044.8689999999997 332
1622753986842 2056.8109999999997 333
1622753998896 2068.754 334
1622754010958 2080.703 335
1622754023104 2092.736 336
1622754035262 2104.781 337
1622754047520 2116.926 338
1622754059871 2129.16 339
1622754072171 2141.345 340
1622754084492 2153.551 341
1622754096931 2165.8759999999997 342
1622754109345 2178.1769999999997 343
1622754121818 2190.5379999999996 344
1622754134409 2203.0169999999994 345
1622754146846 2215.3409999999994 346
1622754159378 2227.7529999999992 347
1622754172016 2240.2799999999993 348
1622754184657 2252.8099999999995 349
1622754197232 2265.2719999999995 350
1622754209877 2277.8059999999996 351
1622754222552 2290.3699999999994 352
1622754235302 2303.0069999999996 353
1622754248082 2315.6759999999995 354
1622754260984 2328.4659999999994 355
1622754273830 2341.2009999999996 356
1622754286704 2353.9629999999997 357
1622754299732 2366.8729999999996 358
1622754312656 2379.6859999999997 359
1622754325690 2392.6089999999995 360
1622754338675 2405.4829999999993 361
1622754351690 2418.383999999999 362
1622754364920 2431.501999999999 363
1622754378134 2444.603999999999 364
1622754391302 2457.6609999999987 365
1622754404445 2470.692999999999 366
1622754417692 2483.828999999999 367
1622754430927 2496.951999999999 368
1622754444135 2510.048999999999 369
1622754457463 2523.266999999999 370
1622754470806 2536.4959999999987 371
1622754484180 2549.7589999999987 372
1622754497607 2563.0719999999988 373
1622754511028 2576.3819999999987 374
1622754524626 2589.8679999999986 375
1622754538243 2603.3719999999985 376
1622754551841 2616.8569999999986 377
1622754565467 2630.3719999999985 378
1622754579126 2643.9189999999985 379
1622754592733 2657.4159999999983 380
1622754606462 2671.0339999999983 381
1622754620277 2684.7359999999985 382
1622754634168 2698.5169999999985 383
1622754648064 2712.3009999999986 384
1622754661868 2725.993999999999 385
1622754675774 2739.7879999999986 386
1622754689710 2753.607999999999 387
1622754703666 2767.4509999999987 388
1622754717651 2781.3239999999987 389
1622754731545 2795.1049999999987 390
1622754745529 2808.9769999999985 391
1622754759636 2822.9719999999984 392
1622754773832 2837.0569999999984 393
1622754788048 2851.1599999999985 394
1622754802280 2865.2779999999984 395
1622754816638 2879.5239999999985 396
1622754830898 2893.6719999999987 397
1622754845254 2907.913999999999 398
1622754859564 2922.1099999999988 399
1622754873896 2936.331999999999 400
1622754888250 2950.573999999999 401
1622754902696 2964.9069999999992 402
1622754917323 2979.421999999999 403
1622754931813 2993.798999999999 404
1622754946358 3008.230999999999 405
1622754961003 3022.7639999999988 406
1622754975733 3037.382999999999 407
1622754990361 3051.8999999999987 408
1622755005002 3066.4289999999987 409
1622755019692 3081.0089999999987 410
1622755034351 3095.558999999999 411
1622755049027 3110.1249999999986 412
1622755063812 3124.8009999999986 413
1622755078555 3139.4319999999984 414
1622755093305 3154.0739999999983 415
1622755108022 3168.6799999999985 416
1622755122820 3183.3679999999986 417
1622755137678 3198.1139999999987 418
1622755152514 3212.839999999999 419
1622755167444 3227.6609999999987 420
1622755182436 3242.5439999999985 421
1622755197529 3257.5269999999987 422
1622755212561 3272.4469999999988 423
1622755227642 3287.418999999999 424
1622755242700 3302.364999999999 425
1622755257795 3317.349999999999 426
1622755272936 3332.380999999999 427
1622755288219 3347.5539999999987 428
1622755303525 3362.750999999999 429
1622755318670 3377.7839999999987 430
1622755334071 3393.072999999999 431
1622755349428 3408.318999999999 432
1622755364794 3423.572999999999 433
1622755380131 3438.797999999999 434
1622755395609 3454.159999999999 435
1622755411106 3469.545999999999 436
1622755426614 3484.940999999999 437
1622755442130 3500.345999999999 438
1622755457730 3515.833999999999 439
1622755473302 3531.293999999999 440
1622755488918 3546.796999999999 441
1622755504511 3562.276999999999 442
1622755520232 3577.8849999999993 443
1622755535906 3593.4479999999994 444
1622755551507 3608.9389999999994 445
1622755567258 3624.5789999999993 446
1622755583091 3640.3009999999995 447
1622755598896 3655.9929999999995 448
1622755614843 3671.8299999999995 449
1622755630701 3687.5769999999993 450
1622755646668 3703.4339999999993 451
1622755662672 3719.325999999999 452
1622755678726 3735.2689999999993 453
1622755694715 3751.1469999999995 454
1622755710959 3767.2809999999995 455
1622755727197 3783.4079999999994 456
1622755743214 3799.3149999999996 457
1622755759433 3815.423 458
1622755775639 3831.519 459
1622755791709 3847.4799999999996 460
1622755807821 3863.4819999999995 461
1622755824003 3879.5529999999994 462
1622755840124 3895.5649999999996 463
1622755856420 3911.7499999999995 464
1622755872811 3928.0329999999994 465
1622755889146 3944.2599999999993 466
1622755905565 3960.5679999999993 467
1622755921911 3976.8029999999994 468
1622755938289 3993.0699999999993 469
1622755954805 4009.475999999999 470
1622755971310 4025.867999999999 471
1622755987917 4042.365999999999 472
1622756004545 4058.881999999999 473
1622756021244 4075.467999999999 474
1622756038005 4092.116999999999 475
1622756054817 4108.818999999999 476
1622756071695 4125.585999999998 477
1622756088572 4142.352999999998 478
1622756105402 4159.069999999998 479
1622756122123 4175.680999999998 480
1622756139054 4192.498999999998 481
1622756155976 4209.310999999998 482
1622756173074 4226.300999999998 483
1622756190237 4243.3539999999975 484
1622756207330 4260.337999999998 485
1622756224405 4277.303999999998 486
1622756241606 4294.395999999998 487
1622756258819 4311.496999999998 488
1622756275977 4328.544999999997 489
1622756293098 4345.555999999998 490
1622756310266 4362.615999999998 491
1622756327472 4379.710999999998 492
1622756344681 4396.808999999998 493
1622756362191 4414.208999999998 494
1622756378980 4430.888999999998 495
1622756396779 4448.578999999998 496
1622756413646 4465.332999999998 497
1622756431521 4483.093999999998 498
1622756448482 4499.945999999998 499
1622756466195 4517.547999999998 500
