1622719904673 0.011 0
1622719905565 0.7 1
1622719906278 0.545 2
1622719906834 0.434 3
1622719907403 0.46 4
1622719907988 0.475 5
1622719908609 0.514 6
1622719909269 0.551 7
1622719909980 0.602 8
1622719910702 0.614 9
1622719911466 0.658 10
1622719912291 0.718 11
1622719913138 0.738 12
1622719914028 0.78 13
1622719914973 0.834 14
1622719915934 0.852 15
1622719916937 0.892 16
1622719917974 0.923 17
1622719919044 0.959 18
1622719920130 0.976 19
1622719921264 1.024 20
1622719922449 1.074 21
1622719923705 1.146 22
1622719925017 1.2 23
1622719926528 1.386 24
1622719927962 1.307 25
1622719929320 1.243 26
1622719930702 1.268 27
1622719932126 1.308 28
1622719933604 1.364 29
1622719935124 1.407 30
1622719936661 1.42 31
1622719938211 1.437 32
1622719939814 1.491 33
1622719941419 1.492 34
1622719943119 1.587 35
1622719944848 1.618 36
1622719946604 1.643 37
1622719948382 1.663 38
1622719950211 1.713 39
1622719952000 1.675 40
1622719953940 1.825 41
1622719955872 1.816 42
1622719957853 1.866 43
1622719959822 1.856 44
1622719961862 1.926 45
1622719963907 1.93 46
1622719965996 1.975 47
1622719968118 2.007 48
1622719970253 2.023 49
1622719972426 2.058 50
1622719974647 2.107 51
1622719976881 2.118 52
1622719979146 2.152 53
1622719981460 2.2 54
1622719983763 2.189 55
1622719986140 2.262 56
1622719988565 2.31 57
1622719991093 2.413 58
1622719993676 2.465 59
1622719996280 2.489 60
1622719998916 2.521 61
1622720001592 2.564 62
1622720004217 2.511 63
1622720006959 2.627 64
1622720009663 2.591 65
1622720012458 2.685 66
1622720015217 2.645 67
1622720018095 2.764 68
1622720020920 2.712 69
1622720023805 2.771 70
1622720026701 2.781 71
1622720029613 2.798 72
1622720032551 2.823 73
1622720035570 2.907 74
1622720038596 2.913 75
1622720041646 2.934 76
1622720044743 2.983 77
1622720047861 3.005 78
1622720051014 3.04 79
1622720054236 3.109 80
1622720057487 3.14 81
1622720060861 3.264 82
1622720064276 3.302 83
1622720067720 3.33 84
1622720071227 3.391 85
1622720074684 3.345 86
1622720078229 3.432 87
1622720081741 3.401 88
1622720085342 3.491 89
1622720088932 3.478 90
1622720092613 3.57 91
1622720096271 3.546 92
1622720100065 3.681 93
1622720103861 3.684 94
1622720107645 3.671 95
1622720111501 3.746 96
1622720115398 3.785 97
1622720119344 3.834 98
1622720123308 3.851 99
1622720127361 3.939 100
1622720131422 3.946 101
1622720135548 4.013 102
1622720139701 4.039 103
1622720143910 4.098 104
1622720148144 4.119 105
1622720152377 4.117 106
1622720156684 4.19 107
1622720160967 4.166 108
1622720165364 4.283 109
1622720169777 4.297 110
1622720174157 4.268 111
1622720178603 4.331 112
1622720183105 4.388 113
1622720187614 4.397 114
1622720192158 4.433 115
1622720196752 4.484 116
1622720201366 4.504 117
1622720206093 4.612 118
1622720210742 4.535 119
1622720215462 4.609 120
1622720220202 4.626 121
1622720224974 4.658 122
1622720229751 4.664 123
1622720234599 4.735 124
1622720239460 4.748 125
1622720244414 4.838 126
1622720249419 4.888 127
1622720254498 4.966 128
1622720259585 4.973 129
1622720264689 4.99 130
1622720269826 5.024 131
1622720274976 5.039 132
1622720280108 5.019 133
1622720285419 5.199 134
1622720290657 5.125 135
1622720295997 5.228 136
1622720301308 5.199 137
1622720306676 5.255 138
1622720312074 5.281 139
1622720317478 5.288 140
1622720322928 5.334 141
1622720328449 5.405 142
1622720333987 5.423 143
1622720339552 5.45 144
1622720345196 5.526 145
1622720350804 5.493 146
1622720356473 5.557 147
1622720362189 5.602 148
1622720367955 5.651 149
1622720373744 5.677 150
1622720379595 5.74 151
1622720385510 5.802 152
1622720391502 5.88 153
1622720397489 5.874 154
1622720403519 5.915 155
1622720409538 5.904 156
1622720415597 5.945 157
1622720421726 6.016 158
1622720427922 6.079 159
1622720434079 6.045 160
1622720440238 6.047 161
1622720446519 6.167 162
1622720452741 6.109 163
1622720459104 6.25 164
1622720465575 6.358 165
1622720472037 6.347 166
1622720478557 6.406 167
1622720485047 6.376 168
1622720491581 6.421 169
1622720498093 6.399 170
1622720504657 6.45 171
1622720511230 6.459 172
1622720517833 6.489 173
1622720524492 6.544 174
1622720531199 6.594 175
1622720537899 6.588 176
1622720544679 6.666 177
1622720551444 6.651 178
1622720558247 6.687 179
1622720565160 6.799 180
1622720572029 6.757 181
1622720578961 6.817 182
1622720585936 6.861 183
1622720592917 6.868 184
1622720600040 7.01 185
1622720607137 6.983 186
1622720614278 7.028 187
1622720621434 7.045 188
1622720628614 7.066 189
1622720635818 7.092 190
1622720643032 7.102 191
1622720650301 7.16 192
1622720657674 7.252 193
1622720665077 7.291 194
1622720672611 7.423 195
1622720680047 7.325 196
1622720687575 7.418 197
1622720695061 7.378 198
1622720702663 7.492 199
1622720710205 7.433 200
1622720717811 7.499 201
1622720725426 7.505 202
1622720733147 7.613 203
1622720740877 7.619 204
1622720748650 7.662 205
1622720756413 7.653 206
1622720764279 7.756 207
1622720772067 7.674 208
1622720780017 7.835 209
1622720787901 7.769 210
1622720795848 7.835 211
1622720803751 7.791 212
1622720811783 7.921 213
1622720819823 7.928 214
1622720827986 8.049 215
1622720836114 8.015 216
1622720844325 8.097 217
1622720852548 8.112 218
1622720860828 8.166 219
1622720869114 8.174 220
1622720877443 8.213 221
1622720885841 8.286 222
1622720894318 8.358 223
1622720902716 8.288 224
1622720911167 8.341 225
1622720919767 8.487 226
1622720928335 8.454 227
1622720936985 8.535 228
1622720945602 8.505 229
1622720954297 8.579 230
1622720963027 8.619 231
1622720971853 8.713 232
1622720980576 8.612 233
1622720989337 8.649 234
1622720998211 8.765 235
1622721007071 8.749 236
1622721015926 8.744 237
1622721024865 8.829 238
1622721033869 8.89 239
1622721042932 8.95 240
1622721051953 8.91 241
1622721061057 8.992 242
1622721070139 8.967 243
1622721079263 9.012 244
1622721088439 9.064 245
1622721097643 9.09 246
1622721107185 9.428 247
1622721116458 9.16 248
1622721125847 9.278 249
1622721135292 9.333 250
1622721144643 9.238 251
1622721154110 9.356 252
1622721163591 9.368 253
1622721173088 9.385 254
1622721182620 9.417 255
1622721192184 9.449 256
1622721201805 9.508 257
1622721211486 9.565 258
1622721221159 9.559 259
1622721230935 9.655 260
1622721240748 9.697 261
1622721250610 9.75 262
1622721260489 9.767 263
1622721270400 9.796 264
1622721280382 9.868 265
1622721290366 9.867 266
1622721300344 9.864 267
1622721310403 9.946 268
1622721320487 9.972 269
1622721330613 10.014 270
1622721340801 10.075 271
1622721350982 10.068 272
1622721361197 10.101 273
1622721371464 10.153 274
1622721381695 10.118 275
1622721392029 10.219 276
1622721402375 10.233 277
1622721412817 10.33 278
1622721423331 10.401 279
1622721433819 10.373 280
1622721444332 10.398 281
1622721454858 10.409 282
1622721465411 10.44 283
1622721476116 10.592 284
1622721486761 10.529 285
1622721497507 10.631 286
1622721508269 10.647 287
1622721519062 10.679 288
1622721529865 10.689 289
1622721540700 10.722 290
1622721551598 10.786 291
1622721562488 10.775 292
1622721573465 10.86 293
1622721584478 10.898 294
1622721595549 10.959 295
1622721606595 10.932 296
1622721617689 10.98 297
1622721628797 10.993 298
1622721640004 11.09 299
1622721651157 11.037 300
1622721662386 11.114 301
1622721673615 11.114 302
1622721684979 11.249 303
1622721696229 11.136 304
1622721707530 11.188 305
1622721718958 11.31 306
1622721730497 11.424 307
1622721741943 11.33 308
1622721753496 11.437 309
1622721765111 11.5 310
1622721776648 11.42 311
1622721788358 11.592 312
1622721800028 11.557 313
1622721811742 11.6 314
1622721823495 11.641 315
1622721835335 11.727 316
1622721847143 11.696 317
1622721859037 11.782 318
1622721870964 11.815 319
1622721882891 11.814 320
1622721894887 11.88 321
1622721906872 11.871 322
1622721918824 11.836 323
1622721930852 11.913 324
1622721942973 12.009 325
1622721955126 12.038 326
1622721967386 12.141 327
1622721979625 12.125 328
1622721991871 12.131 329
1622722004237 12.254 330
1622722016554 12.204 331
1622722029027 12.359 332
1622722041490 12.347 333
1622722053934 12.328 334
1622722066541 12.491 335
1622722079075 12.418 336
1622722091625 12.432 337
1622722104173 12.429 338
1622722116921 12.632 339
1622722129585 12.547 340
1622722142318 12.616 341
1622722155067 12.632 342
1622722167919 12.735 343
1622722180734 12.699 344
1622722193609 12.759 345
1622722206593 12.865 346
1622722219548 12.837 347
1622722232591 12.921 348
1622722245649 12.941 349
1622722258719 12.952 350
1622722271795 12.96 351
1622722284875 12.966 352
1622722298052 13.062 353
1622722311242 13.076 354
1622722324365 13.007 355
1622722337628 13.148 356
1622722350847 13.105 357
1622722364142 13.18 358
1622722377430 13.176 359
1622722390787 13.24 360
1622722404195 13.294 361
1622722417664 13.355 362
1622722431114 13.341 363
1622722444602 13.372 364
1622722458219 13.501 365
1622722471846 13.512 366
1622722485436 13.477 367
1622722499059 13.508 368
1622722512719 13.544 369
1622722526458 13.627 370
1622722540222 13.649 371
1622722554023 13.688 372
1622722567847 13.71 373
1622722581653 13.694 374
1622722595631 13.866 375
1622722609533 13.79 376
1622722623516 13.87 377
1622722637463 13.832 378
1622722651491 13.912 379
1622722665519 13.916 380
1622722679565 13.935 381
1622722693633 13.955 382
1622722707733 13.987 383
1622722721867 14.018 384
1622722736110 14.128 385
1622722750378 14.153 386
1622722764603 14.11 387
1622722778993 14.277 388
1622722793365 14.259 389
1622722807795 14.317 390
1622722822270 14.362 391
1622722836777 14.394 392
1622722851276 14.386 393
1622722865854 14.456 394
1622722880439 14.47 395
1622722895220 14.665 396
1622722909838 14.504 397
1622722924514 14.562 398
1622722939208 14.58 399
1622722953887 14.564 400
1622722968709 14.712 401
1622722983560 14.74 402
1622722998473 14.801 403
1622723013408 14.817 404
1622723028368 14.847 405
1622723043398 14.915 406
1622723058561 15.049 407
1622723073636 14.965 408
1622723088707 14.959 409
1622723103855 15.036 410
1622723118949 14.982 411
1622723134182 15.119 412
1622723149422 15.126 413
1622723164678 15.145 414
1622723180059 15.265 415
1622723195455 15.281 416
1622723210749 15.179 417
1622723226176 15.316 418
1622723241621 15.33 419
1622723257166 15.426 420
1622723272663 15.38 421
1622723288197 15.42 422
1622723303769 15.46 423
1622723319482 15.598 424
1622723335160 15.565 425
1622723350801 15.524 426
1622723366485 15.564 427
1622723382383 15.782 428
1622723398240 15.742 429
1622723414123 15.766 430
1622723430049 15.812 431
1622723445941 15.779 432
1622723461885 15.83 433
1622723477896 15.897 434
1622723493995 15.987 435
1622723510051 15.942 436
1622723526132 15.967 437
1622723542319 16.072 438
1622723558448 16.015 439
1622723574775 16.211 440
1622723591071 16.181 441
1622723607455 16.269 442
1622723623767 16.197 443
1622723640092 16.207 444
1622723656428 16.219 445
1622723672779 16.234 446
1622723689261 16.368 447
1622723705685 16.312 448
1622723722260 16.461 449
1622723738832 16.459 450
1622723755470 16.525 451
1622723772144 16.562 452
1622723788814 16.557 453
1622723805543 16.618 454
1622723822244 16.587 455
1622723839040 16.683 456
1622723855846 16.691 457
1622723872720 16.759 458
1622723889641 16.804 459
1622723906544 16.785 460
1622723923495 16.832 461
1622723940457 16.843 462
1622723957494 16.92 463
1622723974538 16.926 464
1622723991558 16.903 465
1622724008663 16.991 466
1622724025770 16.994 467
1622724042884 16.998 468
1622724060081 17.08 469
1622724077333 17.134 470
1622724094631 17.178 471
1622724111901 17.152 472
1622724129171 17.153 473
1622724146710 17.425 474
1622724164083 17.257 475
1622724181527 17.33 476
1622724199084 17.442 477
1622724216642 17.443 478
1622724234143 17.388 479
1622724251717 17.457 480
1622724269351 17.518 481
1622724287010 17.544 482
1622724304735 17.611 483
1622724322491 17.645 484
1622724340268 17.664 485
1622724358125 17.744 486
1622724376059 17.82 487
1622724394037 17.862 488
1622724411933 17.781 489
1622724429939 17.893 490
1622724448074 18.023 491
1622724466202 18.015 492
1622724484282 17.967 493
1622724502409 18.01 494
1622724520629 18.101 495
1622724538983 18.24 496
1622724557074 17.978 497
1622724575374 18.188 498
1622724593589 18.104 499
1622724611986 18.287 500
