1622761528388 1.28 0
1622761530616 0.25 1
1622761532926 0.251 2
1622761535485 0.256 3
1622761538164 0.252 4
1622761540977 0.265 5
1622761543931 0.25 6
1622761547088 0.266 7
1622761550303 0.252 8
1622761553732 0.258 9
1622761557403 0.257 10
1622761561196 0.254 11
1622761565150 0.251 12
1622761569216 0.255 13
1622761573459 0.254 14
1622761577923 0.25 15
1622761582512 0.252 16
1622761587247 0.253 17
1622761592157 0.252 18
1622761597295 0.255 19
1622761602458 0.25 20
1622761607977 0.25 21
1622761613696 0.253 22
1622761619401 0.253 23
1622761625418 0.252 24
1622761631389 0.25 25
1622761637730 0.253 26
1622761644117 0.254 27
1622761650666 0.249 28
1622761657404 0.257 29
1622761664378 0.254 30
1622761671525 0.258 31
1622761678986 0.254 32
1622761686350 0.253 33
1622761693859 0.253 34
1622761701567 0.262 35
1622761709460 0.249 36
1622761717465 0.255 37
1622761725638 0.255 38
1622761733952 0.252 39
1622761742492 0.256 40
1622761751264 0.252 41
1622761760194 0.257 42
1622761769395 0.253 43
1622761778801 0.253 44
1622761788160 0.25 45
1622761797528 0.254 46
1622761807393 0.255 47
1622761817400 0.252 48
1622761827422 0.25 49
1622761837619 0.249 50
1622761848065 0.252 51
1622761858613 0.251 52
1622761869245 0.259 53
1622761880270 0.254 54
1622761891252 0.256 55
1622761902517 0.252 56
1622761914006 0.25 57
1622761925454 0.253 58
1622761937055 0.253 59
1622761948749 0.254 60
1622761960675 0.256 61
1622761972844 0.251 62
1622761985197 0.256 63
1622761997704 0.251 64
1622762010383 0.254 65
1622762023109 0.256 66
1622762036070 0.254 67
1622762049193 0.252 68
1622762062503 0.252 69
1622762076154 0.251 70
1622762089688 0.249 71
1622762103549 0.253 72
1622762117633 0.251 73
1622762131644 0.251 74
1622762145964 0.252 75
1622762160627 0.252 76
1622762175132 0.252 77
1622762189889 0.251 78
1622762204845 0.249 79
1622762220063 0.264 80
1622762235274 0.248 81
1622762250812 0.252 82
1622762266431 0.251 83
1622762282156 0.255 84
1622762298152 0.253 85
1622762314067 0.254 86
1622762330347 0.25 87
1622762346747 0.256 88
1622762363232 0.251 89
1622762380123 0.257 90
1622762397064 0.254 91
1622762414060 0.254 92
1622762431305 0.254 93
1622762448740 0.251 94
1622762466250 0.256 95
1622762483901 0.255 96
1622762501723 0.252 97
1622762519878 0.255 98
1622762537947 0.253 99
1622762556326 0.249 100
1622762574836 0.253 101
1622762593461 0.255 102
1622762612224 0.251 103
1622762631210 0.252 104
1622762650022 0.251 105
1622762669366 0.256 106
1622762688784 0.25 107
1622762708397 0.253 108
1622762728152 0.25 109
1622762748150 0.253 110
1622762768532 0.254 111
1622762788973 0.261 112
1622762809291 0.248 113
1622762829980 0.25 114
1622762850949 0.253 115
1622762871810 0.251 116
1622762892719 0.25 117
1622762913972 0.256 118
1622762935463 0.252 119
1622762957097 0.258 120
1622762979153 0.251 121
1622763001034 0.248 122
1622763023348 0.254 123
1622763045566 0.248 124
1622763068035 0.251 125
1622763090860 0.253 126
1622763113797 0.253 127
1622763136976 0.253 128
1622763160108 0.251 129
1622763183434 0.252 130
1622763206753 0.251 131
1622763230390 0.251 132
1622763254186 0.251 133
1622763278148 0.254 134
1622763302219 0.249 135
1622763326514 0.252 136
1622763351050 0.254 137
1622763375702 0.251 138
1622763400388 0.253 139
1622763425202 0.253 140
1622763450509 0.251 141
1622763475700 0.25 142
1622763501045 0.25 143
1622763526723 0.25 144
1622763552831 0.255 145
1622763578708 0.257 146
1622763604804 0.252 147
1622763631036 0.254 148
1622763657360 0.248 149
1622763683792 0.25 150
1622763710196 0.252 151
1622763736874 0.255 152
1622763763818 0.25 153
1622763791035 0.258 154
1622763817995 0.249 155
1622763845291 0.252 156
1622763873001 0.254 157
1622763900718 0.254 158
1622763928703 0.251 159
1622763956536 0.252 160
1622763984861 0.25 161
1622764013115 0.251 162
1622764041742 0.25 163
1622764070684 0.257 164
1622764099513 0.248 165
1622764128430 0.254 166
1622764157597 0.25 167
1622764187072 0.252 168
1622764216377 0.251 169
1622764245997 0.254 170
1622764275762 0.253 171
1622764305861 0.251 172
1622764335934 0.25 173
1622764366247 0.251 174
1622764396541 0.25 175
1622764427276 0.249 176
1622764458492 0.252 177
1622764489836 0.252 178
1622764521003 0.25 179
1622764552561 0.252 180
1622764584014 0.251 181
1622764615374 0.249 182
1622764647268 0.251 183
1622764679051 0.25 184
1622764710818 0.25 185
1622764743289 0.254 186
1622764775730 0.254 187
1622764808366 0.251 188
1622764841141 0.247 189
1622764873845 0.25 190
1622764906969 0.26 191
1622764940245 0.249 192
1622764973798 0.249 193
1622765007197 0.253 194
1622765040962 0.249 195
1622765074988 0.253 196
1622765108964 0.25 197
1622765143066 0.249 198
1622765177534 0.25 199
1622765212245 0.251 200
1622765246777 0.249 201
1622765281521 0.25 202
1622765316326 0.249 203
1622765351466 0.248 204
1622765386726 0.249 205
1622765422214 0.248 206
1622765457942 0.247 207
1622765493745 0.247 208
1622765529486 0.25 209
1622765565401 0.252 210
1622765601554 0.251 211
1622765637783 0.249 212
1622765674243 0.249 213
1622765710849 0.25 214
1622765747686 0.25 215
1622765784705 0.251 216
1622765821721 0.25 217
1622765859207 0.252 218
1622765896719 0.255 219
1622765934431 0.25 220
1622765972084 0.248 221
1622766010135 0.248 222
1622766048433 0.249 223
1622766086900 0.251 224
1622766125676 0.25 225
1622766164384 0.25 226
1622766203552 0.256 227
1622766242602 0.248 228
1622766281673 0.25 229
1622766321059 0.248 230
1622766360746 0.251 231
1622766400235 0.25 232
1622766440117 0.252 233
1622766480074 0.25 234
1622766520224 0.253 235
1622766560279 0.252 236
1622766600696 0.25 237
1622766641146 0.249 238
1622766682065 0.253 239
1622766722977 0.25 240
1622766763935 0.248 241
1622766805484 0.264 242
1622766846906 0.25 243
1622766888464 0.251 244
1622766930125 0.248 245
1622766972222 0.247 246
1622767014440 0.248 247
1622767056492 0.251 248
1622767098631 0.249 249
1622767141102 0.249 250
1622767183855 0.248 251
1622767226864 0.263 252
1622767269719 0.249 253
1622767312924 0.252 254
1622767356137 0.25 255
1622767399721 0.249 256
1622767443160 0.25 257
1622767486856 0.248 258
1622767531014 0.25 259
1622767575111 0.253 260
1622767619489 0.25 261
1622767664006 0.249 262
1622767708513 0.258 263
1622767753715 0.247 264
1622767798783 0.249 265
1622767843923 0.254 266
1622767889058 0.259 267
1622767934393 0.25 268
1622767980094 0.257 269
1622768026179 0.251 270
1622768072965 0.26 271
1622768119634 0.258 272
1622768167036 0.259 273
1622768214187 0.259 274
1622768261280 0.255 275
1622768308620 0.257 276
1622768356206 0.259 277
1622768403937 0.258 278
1622768451924 0.26 279
1622768500170 0.256 280
1622768548652 0.258 281
1622768596711 0.255 282
1622768644448 0.25 283
1622768692564 0.249 284
1622768740550 0.248 285
1622768789014 0.251 286
1622768837672 0.25 287
1622768886396 0.249 288
1622768935084 0.249 289
1622768984042 0.248 290
1622769033025 0.253 291
1622769082230 0.25 292
1622769131544 0.252 293
1622769181054 0.249 294
1622769230667 0.249 295
1622769280382 0.249 296
1622769330893 0.249 297
1622769381880 0.256 298
1622769432897 0.257 299
1622769484440 0.257 300
1622769536016 0.259 301
1622769587747 0.256 302
1622769639480 0.256 303
1622769691776 0.261 304
1622769744346 0.26 305
1622769796706 0.26 306
1622769849144 0.259 307
1622769901867 0.256 308
1622769954753 0.257 309
1622770007528 0.256 310
1622770060737 0.259 311
1622770114163 0.255 312
1622770167791 0.256 313
1622770221664 0.259 314
1622770275364 0.258 315
1622770329477 0.26 316
1622770383653 0.26 317
1622770437860 0.261 318
1622770492634 0.259 319
1622770547268 0.257 320
1622770602214 0.259 321
1622770657254 0.257 322
1622770712408 0.262 323
1622770768066 0.255 324
1622770823548 0.257 325
1622770879163 0.257 326
1622770934982 0.259 327
1622770991092 0.258 328
1622771047207 0.258 329
1622771104056 0.258 330
1622771160681 0.258 331
1622771216660 0.256 332
1622771272375 0.247 333
1622771328388 0.249 334
1622771384827 0.25 335
1622771441152 0.251 336
1622771497765 0.249 337
1622771554557 0.249 338
1622771611384 0.248 339
1622771668277 0.247 340
1622771725659 0.25 341
1622771783308 0.25 342
1622771841081 0.25 343
1622771898860 0.249 344
1622771956822 0.248 345
1622772014664 0.249 346
1622772073032 0.249 347
1622772131464 0.252 348
1622772190362 0.248 349
1622772249008 0.251 350
1622772307939 0.249 351
1622772367276 0.251 352
1622772426823 0.247 353
1622772486304 0.249 354
1622772546464 0.25 355
1622772606139 0.25 356
1622772666191 0.249 357
1622772726041 0.25 358
1622772786008 0.248 359
1622772846450 0.254 360
1622772906978 0.249 361
1622772967752 0.249 362
1622773028580 0.249 363
1622773089677 0.249 364
1622773150841 0.247 365
1622773212238 0.249 366
1622773273813 0.253 367
1622773335701 0.258 368
1622773397295 0.25 369
1622773459380 0.25 370
1622773521349 0.251 371
1622773583606 0.25 372
1622773646061 0.253 373
1622773708445 0.251 374
1622773770964 0.25 375
1622773833806 0.25 376
1622773897020 0.252 377
1622773960125 0.251 378
1622774023348 0.252 379
1622774086689 0.25 380
1622774150403 0.249 381
1622774214407 0.252 382
1622774278420 0.252 383
1622774340316 0.244 384
1622774402731 0.246 385
1622774465073 0.246 386
1622774527586 0.246 387
1622774590127 0.246 388
1622774653005 0.246 389
1622774716325 0.244 390
1622774779502 0.245 391
1622774843110 0.247 392
1622774906904 0.247 393
1622774970931 0.246 394
1622775034908 0.249 395
1622775098751 0.244 396
1622775163100 0.248 397
1622775227406 0.246 398
1622775292057 0.247 399
1622775357056 0.247 400
1622775422176 0.249 401
1622775486990 0.247 402
1622775552250 0.246 403
1622775617764 0.249 404
1622775683014 0.245 405
1622775748531 0.248 406
1622775814261 0.25 407
1622775880220 0.249 408
1622775946117 0.247 409
1622776012154 0.245 410
1622776078762 0.247 411
1622776145101 0.244 412
1622776211777 0.245 413
1622776278744 0.247 414
1622776345599 0.247 415
1622776412897 0.245 416
1622776480072 0.245 417
1622776547284 0.246 418
1622776614683 0.245 419
1622776682005 0.244 420
1622776749953 0.246 421
1622776818058 0.243 422
1622776886025 0.246 423
1622776954295 0.244 424
1622777022345 0.244 425
1622777090623 0.247 426
1622777158843 0.244 427
1622777227500 0.245 428
1622777296079 0.245 429
1622777364723 0.241 430
1622777434315 0.248 431
1622777503484 0.244 432
1622777573074 0.244 433
1622777642355 0.245 434
1622777712241 0.244 435
1622777782346 0.244 436
1622777852387 0.244 437
1622777922940 0.244 438
1622777993543 0.244 439
1622778064231 0.245 440
1622778134955 0.245 441
1622778206574 0.245 442
1622778277846 0.244 443
1622778349386 0.245 444
1622778421251 0.246 445
1622778493123 0.245 446
1622778565827 0.244 447
1622778638794 0.253 448
1622778712339 0.254 449
1622778786478 0.256 450
1622778860211 0.253 451
1622778933929 0.254 452
1622779008073 0.257 453
1622779082338 0.255 454
1622779156452 0.254 455
1622779230977 0.255 456
1622779305526 0.253 457
1622779379924 0.255 458
1622779454710 0.254 459
1622779529999 0.255 460
1622779605505 0.254 461
1622779679471 0.244 462
1622779753966 0.245 463
1622779828637 0.25 464
1622779903015 0.247 465
1622779977803 0.246 466
1622780053045 0.245 467
1622780127809 0.244 468
1622780203314 0.244 469
1622780278342 0.244 470
1622780353595 0.244 471
1622780428917 0.243 472
1622780505036 0.242 473
1622780580380 0.245 474
1622780655900 0.243 475
1622780731986 0.245 476
1622780807997 0.246 477
1622780884584 0.244 478
1622780960778 0.246 479
1622781037377 0.248 480
1622781114920 0.242 481
1622781192310 0.245 482
1622781270343 0.247 483
1622781348258 0.245 484
1622781426231 0.246 485
1622781504545 0.246 486
1622781582763 0.246 487
1622781661441 0.244 488
1622781740053 0.245 489
1622781820064 0.244 490
1622781899472 0.246 491
1622781979969 0.245 492
1622782060358 0.246 493
1622782141235 0.247 494
1622782222057 0.244 495
1622782302749 0.244 496
1622782383202 0.244 497
1622782464623 0.245 498
1622782544795 0.246 499
1622782626456 0.249 500
