1622903051950 0.9246787576650161 0
1622903057694 0.9246787576650161 1
1622903064932 0.9246787576650161 2
1622903073805 0.9246787576650161 3
1622903084078 0.9246787576650161 4
1622903096049 0.9246787576650161 5
1622903109507 0.9246787576650161 6
1622903124546 0.9246787576650161 7
1622903141057 0.9246787576650161 8
1622903159137 0.9246787576650161 9
1622903178751 0.9246787576650161 10
1622903200111 0.9246787576650161 11
1622903222792 0.9246787576650161 12
1622903247133 0.9246787576650161 13
1622903272981 0.9246787576650161 14
1622903300319 0.9246787576650161 15
1622903329443 0.9246787576650161 16
1622903360163 0.9246787576650161 17
1622903392347 0.9246787576650161 18
1622903426066 0.9246787576650161 19
1622903461078 0.9246787576650161 20
1622903497838 0.9246787576650161 21
1622903536168 0.9246787576650161 22
1622903576039 0.9246787576650161 23
1622903617427 0.9246787576650161 24
1622903660309 0.9246787576650161 25
1622903705072 0.9246787576650161 26
1622903751168 0.9246787576650161 27
1622903798714 0.9246787576650161 28
1622903847871 0.9246787576650161 29
1622903898319 0.9246787576650161 30
1622903950903 0.9246787576650161 31
1622904004516 0.9246787576650161 32
1622904059630 0.9246787576650161 33
1622904116621 0.9246787576650161 34
1622904175114 0.9246787576650161 35
1622904235028 0.9246787576650161 36
1622904296337 0.9246787576650161 37
1622904359029 0.9246787576650161 38
1622904423749 0.9246787576650161 39
1622904489575 0.9246787576650161 40
1622904556857 0.9246787576650161 41
1622904625965 0.9246787576650161 42
1622904696623 0.9246787576650161 43
1622904768995 0.9246787576650161 44
1622904842578 0.9246787576650161 45
1622904917691 0.9246787576650161 46
1622904994621 0.9246787576650161 47
1622905073339 0.9246787576650161 48
1622905153174 0.9246787576650161 49
1622905234681 0.9246787576650161 50
1622905318065 0.9246787576650161 51
1622905405131 0.9246787576650161 52
1622905491183 0.9246787576650161 53
1622905578837 0.9246787576650161 54
1622905668307 0.9246787576650161 55
1622905759649 0.9246787576650161 56
1622905852654 0.9246787576650161 57
1622905947363 0.9246787576650161 58
1622906043233 0.9246787576650161 59
1622906140296 0.9246787576650161 60
1622906239580 0.9246787576650161 61
1622906340748 0.9246787576650161 62
1622906442281 0.9246787576650161 63
1622906546493 0.9246787576650161 64
1622906652141 0.9246787576650161 65
1622906758830 0.9246787576650161 66
1622906866569 0.9246787576650161 67
1622906974226 0.9246787576650161 68
1622907084857 0.9246787576650161 69
1622907196869 0.9246787576650161 70
1622907310632 0.9246787576650161 71
1622907425891 0.9246787576650161 72
1622907542938 0.9246787576650161 73
1622907661830 0.9246787576650161 74
1622907778747 0.9246787576650161 75
1622907900454 0.9246787576650161 76
1622908023737 0.9246787576650161 77
1622908148881 0.9246787576650161 78
1622908274267 0.9246787576650161 79
1622908401045 0.9246787576650161 80
1622908531780 0.9246787576650161 81
1622908662377 0.9246787576650161 82
1622908796999 0.9246787576650161 83
1622908931540 0.9246787576650161 84
1622909067405 0.9246787576650161 85
1622909205202 0.9246787576650161 86
1622909342992 0.9246787576650161 87
1622909483493 0.9246787576650161 88
1622909626246 0.9246787576650161 89
1622909771317 0.9246787576650161 90
1622909916319 0.9246787576650161 91
1622910061935 0.9246787576650161 92
1622910210366 0.9246787576650161 93
1622910361378 0.9246787576650161 94
1622910513277 0.9246787576650161 95
1622910667216 0.9246787576650161 96
1622910823552 0.9246787576650161 97
1622910980991 0.9246787576650161 98
1622911137831 0.9246787576650161 99
1622911298651 0.9246787576650161 100
1622911460137 0.9246787576650161 101
1622911621257 0.9246787576650161 102
1622911785514 0.9246787576650161 103
1622911952382 0.9246787576650161 104
1622912118316 0.9246787576650161 105
1622912285271 0.9246787576650161 106
1622912456211 0.9246787576650161 107
1622912628228 0.9246787576650161 108
1622912801775 0.9246787576650161 109
1622912976662 0.9246787576650161 110
1622913151941 0.9246787576650161 111
1622913333566 0.9246787576650161 112
1622913516451 0.9246787576650161 113
1622913699919 0.9246787576650161 114
1622913888823 0.9246787576650161 115
1622914076892 0.9246787576650161 116
1622914263940 0.9246787576650161 117
1622914452409 0.9246787576650161 118
1622914643594 0.9246787576650161 119
1622914835437 0.9246787576650161 120
1622915028498 0.9246787576650161 121
1622915220814 0.9246787576650161 122
1622915415292 0.9246787576650161 123
1622915610305 0.9246787576650161 124
1622915806411 0.9246787576650161 125
1622916004311 0.9246787576650161 126
1622916203830 0.9246787576650161 127
1622916405327 0.9246787576650161 128
1622916609535 0.9246787576650161 129
1622916814599 0.9246787576650161 130
1622917025899 0.9246787576650161 131
1622917233103 0.9246787576650161 132
1622917443671 0.9246787576650161 133
1622917657626 0.9246787576650161 134
1622917871341 0.9246787576650161 135
1622918086111 0.9246787576650161 136
1622918303051 0.9246787576650161 137
1622918520165 0.9246787576650161 138
1622918738812 0.9246787576650161 139
1622918960210 0.9246787576650161 140
1622919182099 0.9246787576650161 141
1622919405152 0.9246787576650161 142
1622919630504 0.9246787576650161 143
1622919858603 0.9246787576650161 144
1622920085869 0.9246787576650161 145
1622920316412 0.9246787576650161 146
1622920548357 0.9246787576650161 147
1622920782797 0.9246787576650161 148
1622921019817 0.9246787576650161 149
1622921257003 0.9246787576650161 150
1622921496686 0.9246787576650161 151
1622921730524 0.9246787576650161 152
1622921974228 0.9246787576650161 153
1622922217235 0.9246787576650161 154
1622922462010 0.9246787576650161 155
1622922707973 0.9246787576650161 156
1622922951639 0.9246787576650161 157
1622923199859 0.9246787576650161 158
1622923449613 0.9246787576650161 159
1622923702262 0.9246787576650161 160
1622923955256 0.9246787576650161 161
1622924209882 0.9246787576650161 162
1622924466603 0.9246787576650161 163
1622924724488 0.9246787576650161 164
1622924986449 0.9246787576650161 165
1622925250716 0.9246787576650161 166
1622925514524 0.9246787576650161 167
1622925782124 0.9246787576650161 168
1622926051504 0.9246787576650161 169
1622926321960 0.9246787576650161 170
1622926593494 0.9246787576650161 171
1622926867286 0.9246787576650161 172
1622927143123 0.9246787576650161 173
1622927424110 0.9246787576650161 174
1622927703564 0.9246787576650161 175
1622927975602 0.9246787576650161 176
1622928258392 0.9246787576650161 177
1622928540600 0.9246787576650161 178
1622928825604 0.9246787576650161 179
1622929114569 0.9246787576650161 180
1622929399054 0.9246787576650161 181
1622929687596 0.9246787576650161 182
1622929978238 0.9246787576650161 183
1622930267315 0.9246787576650161 184
1622930558809 0.9246787576650161 185
1622930851039 0.9246787576650161 186
1622931145066 0.9246787576650161 187
1622931440739 0.9246787576650161 188
1622931738680 0.9246787576650161 189
1622932036359 0.9246787576650161 190
1622932338440 0.9246787576650161 191
1622932642385 0.9246787576650161 192
1622932938000 0.9246787576650161 193
1622933241106 0.9246787576650161 194
1622933545973 0.9246787576650161 195
1622933851405 0.9246787576650161 196
1622934159693 0.9246787576650161 197
1622934468782 0.9246787576650161 198
1622934781569 0.9246787576650161 199
1622935095069 0.9246787576650161 200
1622935416226 0.9246787576650161 201
1622935737926 0.9246787576650161 202
1622936058039 0.9246787576650161 203
1622936379135 0.9246787576650161 204
1622936701333 0.9246787576650161 205
1622937024380 0.9246787576650161 206
1622937350180 0.9246787576650161 207
1622937676536 0.9246787576650161 208
1622938005192 0.9246787576650161 209
1622938335316 0.9246787576650161 210
1622938666741 0.9246787576650161 211
1622938996665 0.9246787576650161 212
1622939329192 0.9246787576650161 213
1622939661492 0.9246787576650161 214
1622939988448 0.9246787576650161 215
1622940331574 0.9246787576650161 216
1622940676991 0.9246787576650161 217
1622941014699 0.9246787576650161 218
1622941365446 0.9246787576650161 219
1622941715485 0.9246787576650161 220
1622942068311 0.9246787576650161 221
1622942423300 0.9246787576650161 222
1622942783633 0.9246787576650161 223
1622943145530 0.9246787576650161 224
1622943507142 0.9246787576650161 225
1622943867878 0.9246787576650161 226
1622944221593 0.9246787576650161 227
1622944582724 0.9246787576650161 228
1622944945938 0.9246787576650161 229
1622945309703 0.9246787576650161 230
1622945674569 0.9246787576650161 231
1622946039587 0.9246787576650161 232
1622946403862 0.9246787576650161 233
1622946772052 0.9246787576650161 234
1622947137645 0.9246787576650161 235
1622947510596 0.9246787576650161 236
1622947878499 0.9246787576650161 237
1622948253090 0.9246787576650161 238
1622948628143 0.9246787576650161 239
1622949003488 0.9246787576650161 240
1622949380672 0.9246787576650161 241
1622949759548 0.9246787576650161 242
1622950138784 0.9246787576650161 243
1622950521857 0.9246787576650161 244
1622950907149 0.9246787576650161 245
1622951288864 0.9246787576650161 246
1622951679297 0.9246787576650161 247
1622952070689 0.9246787576650161 248
1622952462272 0.9246787576650161 249
1622952856054 0.9246787576650161 250
1622953254654 0.9246787576650161 251
1622953666845 0.9246787576650161 252
1622954078608 0.9246787576650161 253
1622954479435 0.9246787576650161 254
1622954897246 0.9246787576650161 255
1622955302336 0.9246787576650161 256
1622955706836 0.9246787576650161 257
1622956113698 0.9246787576650161 258
1622956525441 0.9246787576650161 259
1622956937471 0.9246787576650161 260
1622957347671 0.9246787576650161 261
1622957758831 0.9246787576650161 262
1622958169783 0.9246787576650161 263
1622958583787 0.9246787576650161 264
1622958996671 0.9246787576650161 265
1622959414121 0.9246787576650161 266
1622959828882 0.9246787576650161 267
1622960241136 0.9246787576650161 268
1622960660169 0.9246787576650161 269
1622961079231 0.9246787576650161 270
1622961506743 0.9246787576650161 271
1622961926869 0.9246787576650161 272
1622962357592 0.9246787576650161 273
1622962792045 0.9246787576650161 274
1622963222779 0.9246787576650161 275
1622963656958 0.9246787576650161 276
1622964092609 0.9246787576650161 277
1622964528032 0.9246787576650161 278
1622964966239 0.9246787576650161 279
1622965402470 0.9246787576650161 280
1622965841117 0.9246787576650161 281
1622966280785 0.9246787576650161 282
1622966723444 0.9246787576650161 283
1622967169500 0.9246787576650161 284
1622967616156 0.9246787576650161 285
1622968066934 0.9246787576650161 286
1622968518792 0.9246787576650161 287
1622968971487 0.9246787576650161 288
1622969426761 0.9246787576650161 289
1622969884633 0.9246787576650161 290
1622970341598 0.9246787576650161 291
1622970797246 0.9246787576650161 292
1622971263377 0.9246787576650161 293
1622971724162 0.9246787576650161 294
1622972185323 0.9246787576650161 295
1622972647972 0.9246787576650161 296
1622973113002 0.9246787576650161 297
1622973581778 0.9246787576650161 298
1622974047416 0.9246787576650161 299
1622974517123 0.9246787576650161 300
1622974982383 0.9246787576650161 301
1622975454388 0.9246787576650161 302
1622975924469 0.9246787576650161 303
1622976399270 0.9246787576650161 304
1622976872261 0.9246787576650161 305
1622977358179 0.9246787576650161 306
1622977846070 0.9246787576650161 307
1622978339831 0.9246787576650161 308
1622978824391 0.9246787576650161 309
