1622762561927 50 0
1622762563430 50 1
1622762565304 50 2
1622762567552 50 3
1622762570172 50 4
1622762573216 50 5
1622762576508 50 6
1622762580152 50 7
1622762584146 50 8
1622762588540 50 9
1622762593259 50 10
1622762598348 50 11
1622762603787 50 12
1622762609523 50 13
1622762615691 50 14
1622762622246 50 15
1622762629114 50 16
1622762636339 50 17
1622762643977 50 18
1622762651970 50 19
1622762660334 50 20
1622762669078 50 21
1622762678184 50 22
1622762687665 50 23
1622762697486 50 24
1622762707671 50 25
1622762718107 50 26
1622762729004 50 27
1622762740259 50 28
1622762751882 50 29
1622762763757 50 30
1622762776112 50 31
1622762788827 50 32
1622762801897 50 33
1622762815342 50 34
1622762829064 50 35
1622762843098 50 36
1622762857569 50 37
1622762872397 50 38
1622762887811 50 39
1622762903433 50 40
1622762919356 50 41
1622762935564 50 42
1622762952113 50 43
1622762969061 50 44
1622762986374 50 45
1622763003968 50 46
1622763021964 50 47
1622763040428 50 48
1622763059107 50 49
1622763078270 50 50
1622763097729 50 51
1622763117523 50 52
1622763137802 50 53
1622763158361 50 54
1622763179233 50 55
1622763200492 50 56
1622763222044 50 57
1622763243887 50 58
1622763266288 50 59
1622763288944 50 60
1622763312013 50 61
1622763335459 50 62
1622763359327 50 63
1622763383482 50 64
1622763408003 50 65
1622763432784 50 66
1622763458335 50 67
1622763484964 50 68
1622763510798 50 69
1622763537126 50 70
1622763563862 50 71
1622763590840 50 72
1622763618214 50 73
1622763645914 50 74
1622763674170 50 75
1622763702863 50 76
1622763731828 50 77
1622763760998 50 78
1622763790543 50 79
1622763820527 50 80
1622763850700 50 81
1622763881484 50 82
1622763913194 50 83
1622763944738 50 84
1622763976750 50 85
1622764009163 50 86
1622764041938 50 87
1622764075108 50 88
1622764108533 50 89
1622764142241 50 90
1622764176197 50 91
1622764210553 50 92
1622764245205 50 93
1622764280172 50 94
1622764315526 50 95
1622764351394 50 96
1622764387435 50 97
1622764423868 50 98
1622764460587 50 99
1622764497825 50 100
1622764535270 50 101
1622764573163 50 102
1622764611294 50 103
1622764649908 50 104
1622764688634 50 105
1622764727928 50 106
1622764767463 50 107
1622764807455 50 108
1622764847829 50 109
1622764888417 50 110
1622764929430 50 111
1622764970827 50 112
1622765012775 50 113
1622765054868 50 114
1622765097331 50 115
1622765140251 50 116
1622765183607 50 117
1622765227743 50 118
1622765271665 50 119
1622765315979 50 120
1622765360810 50 121
1622765405782 50 122
1622765451552 50 123
1622765497546 50 124
1622765543721 50 125
1622765590680 50 126
1622765637494 50 127
1622765684542 50 128
1622765732254 50 129
1622765780041 50 130
1622765828356 50 131
1622765876917 50 132
1622765925705 50 133
1622765974832 50 134
1622766024574 50 135
1622766074579 50 136
1622766125134 50 137
1622766175997 50 138
1622766227123 50 139
1622766278584 50 140
1622766330498 50 141
1622766382613 50 142
1622766435270 50 143
1622766488128 50 144
1622766543151 50 145
1622766598366 50 146
1622766652396 50 147
1622766706772 50 148
1622766761720 50 149
1622766817909 50 150
1622766874462 50 151
1622766930981 50 152
1622766988151 50 153
1622767045309 50 154
1622767102677 50 155
1622767160573 50 156
1622767218800 50 157
1622767277232 50 158
1622767336045 50 159
1622767395176 50 160
1622767454810 50 161
1622767515111 50 162
1622767576001 50 163
1622767637172 50 164
1622767698710 50 165
1622767760647 50 166
1622767822233 50 167
1622767883822 50 168
1622767945754 50 169
1622768007913 50 170
1622768070446 50 171
1622768133649 50 172
1622768196996 50 173
1622768261063 50 174
1622768325129 50 175
1622768389757 50 176
1622768454848 50 177
1622768519965 50 178
1622768585159 50 179
1622768651191 50 180
1622768717390 50 181
1622768784307 50 182
1622768851784 50 183
1622768919440 50 184
1622768987687 50 185
1622769055797 50 186
1622769124419 50 187
1622769193290 50 188
1622769262519 50 189
1622769331990 50 190
1622769402082 50 191
1622769472551 50 192
1622769543327 50 193
1622769614491 50 194
1622769686034 50 195
1622769758539 50 196
1622769831326 50 197
1622769904417 50 198
1622769977651 50 199
1622770051157 50 200
1622770125312 50 201
1622770199540 50 202
1622770274300 50 203
1622770349491 50 204
1622770425001 50 205
1622770501477 50 206
1622770578100 50 207
1622770655280 50 208
1622770732431 50 209
1622770809915 50 210
1622770887827 50 211
1622770965667 50 212
1622771044611 50 213
1622771123719 50 214
1622771203561 50 215
1622771283792 50 216
1622771364807 50 217
1622771445527 50 218
1622771526895 50 219
1622771608093 50 220
1622771689505 50 221
1622771771065 50 222
1622771852949 50 223
1622771935328 50 224
1622772017639 50 225
1622772100619 50 226
1622772183857 50 227
1622772267242 50 228
1622772351179 50 229
1622772435089 50 230
1622772519347 50 231
1622772604204 50 232
1622772689755 50 233
1622772775569 50 234
1622772861318 50 235
1622772947718 50 236
1622773034439 50 237
1622773121461 50 238
1622773208699 50 239
1622773296811 50 240
1622773384854 50 241
1622773473295 50 242
1622773562148 50 243
1622773650760 50 244
1622773740442 50 245
1622773830483 50 246
1622773921302 50 247
1622774012467 50 248
1622774105345 50 249
1622774196413 50 250
1622774288020 50 251
1622774379997 50 252
1622774472295 50 253
1622774564561 50 254
1622774657421 50 255
1622774750635 50 256
1622774844421 50 257
1622774938852 50 258
1622775033413 50 259
1622775127950 50 260
1622775223194 50 261
1622775318917 50 262
1622775414967 50 263
1622775511918 50 264
1622775608411 50 265
1622775706355 50 266
1622775804117 50 267
1622775902189 50 268
1622776000768 50 269
1622776099993 50 270
1622776199652 50 271
1622776299462 50 272
1622776399891 50 273
1622776500788 50 274
1622776601966 50 275
1622776702762 50 276
1622776804593 50 277
1622776907044 50 278
1622777009803 50 279
1622777112860 50 280
1622777216725 50 281
1622777320536 50 282
1622777424888 50 283
1622777529599 50 284
1622777634944 50 285
1622777740491 50 286
1622777845935 50 287
1622777952448 50 288
1622778059124 50 289
1622778166127 50 290
1622778273519 50 291
1622778381205 50 292
1622778488732 50 293
1622778596907 50 294
1622778705164 50 295
1622778814517 50 296
1622778923361 50 297
1622779033896 50 298
1622779142953 50 299
1622779251839 50 300
1622779361317 50 301
1622779471573 50 302
1622779582395 50 303
1622779693452 50 304
1622779804831 50 305
1622779916157 50 306
1622780027805 50 307
1622780139588 50 308
1622780252465 50 309
1622780365584 50 310
1622780480252 50 311
1622780594606 50 312
1622780709571 50 313
1622780825517 50 314
1622780941433 50 315
1622781057816 50 316
1622781174310 50 317
1622781291417 50 318
1622781409199 50 319
1622781526927 50 320
1622781644571 50 321
1622781763056 50 322
1622781882050 50 323
1622782001309 50 324
1622782120520 50 325
1622782240668 50 326
1622782361582 50 327
1622782483406 50 328
1622782604819 50 329
1622782726348 50 330
1622782846329 50 331
1622782966984 50 332
1622783088802 50 333
1622783210265 50 334
1622783333483 50 335
1622783458394 50 336
1622783582690 50 337
1622783707439 50 338
1622783832839 50 339
1622783957955 50 340
1622784084524 50 341
1622784210162 50 342
1622784336075 50 343
1622784462482 50 344
1622784591025 50 345
1622784718509 50 346
1622784846164 50 347
1622784974207 50 348
1622785101052 50 349
1622785228211 50 350
1622785356737 50 351
1622785486055 50 352
1622785614742 50 353
1622785745746 50 354
1622785877840 50 355
1622786008061 50 356
1622786138843 50 357
1622786269683 50 358
1622786400948 50 359
1622786532656 50 360
1622786664132 50 361
1622786796340 50 362
1622786930608 50 363
1622787066400 50 364
1622787200607 50 365
1622787335686 50 366
1622787470017 50 367
1622787604442 50 368
1622787742655 50 369
1622787878542 50 370
1622788013598 50 371
1622788151417 50 372
1622788290131 50 373
1622788427008 50 374
1622788563909 50 375
1622788701998 50 376
1622788839159 50 377
1622788978860 50 378
1622789116553 50 379
1622789255029 50 380
1622789394066 50 381
1622789533825 50 382
1622789674501 50 383
1622789815554 50 384
1622789957059 50 385
1622790100130 50 386
1622790241675 50 387
1622790383706 50 388
1622790526981 50 389
1622790669463 50 390
1622790811766 50 391
1622790954593 50 392
1622791097621 50 393
1622791240793 50 394
1622791384308 50 395
1622791530757 50 396
1622791674290 50 397
1622791817668 50 398
1622791962171 50 399
1622792106624 50 400
1622792251342 50 401
1622792397632 50 402
1622792544558 50 403
1622792692247 50 404
1622792840398 50 405
1622792988579 50 406
1622793137065 50 407
1622793284215 50 408
1622793432088 50 409
1622793580599 50 410
1622793728986 50 411
1622793879091 50 412
1622794031123 50 413
1622794181950 50 414
1622794331397 50 415
1622794481796 50 416
1622794632447 50 417
1622794783623 50 418
1622794935345 50 419
1622795089067 50 420
1622795243433 50 421
1622795396846 50 422
1622795550070 50 423
1622795704771 50 424
1622795859654 50 425
1622796014345 50 426
1622796170005 50 427
1622796325947 50 428
1622796482082 50 429
1622796638440 50 430
1622796796135 50 431
1622796955231 50 432
1622797115021 50 433
1622797275307 50 434
1622797435312 50 435
1622797597210 50 436
1622797757644 50 437
1622797918737 50 438
1622798079588 50 439
1622798240356 50 440
1622798403102 50 441
1622798565910 50 442
1622798727650 50 443
1622798890909 50 444
1622799054250 50 445
1622799217846 50 446
1622799381641 50 447
1622799546042 50 448
1622799711812 50 449
1622799878848 50 450
1622800044125 50 451
1622800208857 50 452
1622800375115 50 453
1622800542177 50 454
1622800710672 50 455
1622800879278 50 456
1622801048068 50 457
1622801216888 50 458
1622801386161 50 459
1622801555702 50 460
1622801725719 50 461
1622801895635 50 462
1622802065172 50 463
1622802234725 50 464
1622802404529 50 465
1622802574722 50 466
1622802745693 50 467
1622802914253 50 468
1622803083052 50 469
1622803252728 50 470
1622803423635 50 471
1622803593650 50 472
1622803764540 50 473
1622803935117 50 474
1622804108390 50 475
1622804282638 50 476
1622804456851 50 477
1622804630252 50 478
1622804803167 50 479
1622804976278 50 480
1622805150556 50 481
1622805325439 50 482
1622805499864 50 483
1622805674287 50 484
1622805849298 50 485
1622806025139 50 486
1622806200183 50 487
1622806377162 50 488
1622806554166 50 489
1622806731756 50 490
1622806909131 50 491
1622807087251 50 492
1622807266298 50 493
1622807444398 50 494
1622807623511 50 495
1622807805023 50 496
1622807983969 50 497
1622808163566 50 498
1622808344578 50 499
1622808525814 50 500
