1622738836752 50 0
1622738837303 60 1
1622738837879 70 2
1622738838461 80 3
1622738839076 90 4
1622738839733 100 5
1622738840420 110 6
1622738841143 120 7
1622738841898 130 8
1622738842690 140 9
1622738843503 150 10
1622738844371 160 11
1622738845265 170 12
1622738846193 180 13
1622738848005 190 14
1622738849176 200 15
1622738850218 210 16
1622738851315 220 17
1622738852433 230 18
1622738853605 240 19
1622738854795 250 20
1622738856010 260 21
1622738857260 270 22
1622738858553 280 23
1622738859876 290 24
1622738861247 300 25
1622738862646 310 26
1622738864096 320 27
1622738865571 330 28
1622738867097 340 29
1622738868653 350 30
1622738870248 360 31
1622738871874 370 32
1622738873537 380 33
1622738875213 390 34
1622738876955 400 35
1622738878681 410 36
1622738880481 420 37
1622738882317 430 38
1622738884196 440 39
1622738886105 450 40
1622738888049 460 41
1622738890069 470 42
1622738892098 480 43
1622738894131 490 44
1622738896210 500 45
1622738898339 510 46
1622738900489 520 47
1622738902679 530 48
1622738904933 540 49
1622738907179 550 50
1622738909478 560 51
1622738911825 570 52
1622738914166 580 53
1622738916566 590 54
1622738919002 600 55
1622738921487 610 56
1622738923986 620 57
1622738926516 630 58
1622738929094 640 59
1622738931723 650 60
1622738934381 660 61
1622738937071 670 62
1622738939772 680 63
1622738942526 690 64
1622738945336 700 65
1622738948182 710 66
1622738951041 720 67
1622738953965 730 68
1622738956935 740 69
1622738959939 750 70
1622738962952 760 71
1622738966007 770 72
1622738969051 780 73
1622738972154 790 74
1622738975304 800 75
1622738978481 810 76
1622738981700 820 77
1622738984949 830 78
1622738988250 840 79
1622738991541 850 80
1622738994879 860 81
1622738998275 870 82
1622739001725 880 83
1622739005179 890 84
1622739008700 900 85
1622739012214 910 86
1622739015783 920 87
1622739019447 930 88
1622739023105 940 89
1622739026803 950 90
1622739030461 960 91
1622739034233 970 92
1622739038037 980 93
1622739041900 990 94
1622739045764 1000 95
1622739049689 1010 96
1622739053602 1020 97
1622739057582 1030 98
1622739061591 1040 99
1622739065649 1050 100
1622739069795 1060 101
1622739073931 1070 102
1622739078074 1080 103
1622739082232 1090 104
1622739086394 1100 105
1622739090665 1110 106
1622739094940 1120 107
1622739099289 1130 108
1622739103730 1140 109
1622739108155 1150 110
1622739112654 1160 111
1622739117124 1170 112
1622739121662 1180 113
1622739126242 1190 114
1622739130866 1200 115
1622739135462 1210 116
1622739140170 1220 117
1622739144902 1230 118
1622739149671 1240 119
1622739154447 1250 120
1622739159224 1260 121
1622739164061 1270 122
1622739168891 1280 123
1622739173770 1290 124
1622739178753 1300 125
1622739183735 1310 126
1622739188714 1320 127
1622739193784 1330 128
1622739198880 1340 129
1622739203966 1350 130
1622739209095 1360 131
1622739214283 1370 132
1622739219522 1380 133
1622739224794 1390 134
1622739230079 1400 135
1622739235416 1410 136
1622739240811 1420 137
1622739246207 1430 138
1622739251639 1440 139
1622739257149 1450 140
1622739262716 1460 141
1622739268259 1470 142
1622739273868 1480 143
1622739279475 1490 144
1622739285089 1500 145
1622739290819 1510 146
1622739296533 1520 147
1622739302334 1530 148
1622739308105 1540 149
1622739314001 1550 150
1622739319872 1560 151
1622739325758 1570 152
1622739331707 1580 153
1622739337700 1590 154
1622739343709 1600 155
1622739349758 1610 156
1622739355880 1620 157
1622739362052 1630 158
1622739368211 1640 159
1622739374477 1650 160
1622739380713 1660 161
1622739386966 1670 162
1622739393246 1680 163
1622739399586 1690 164
1622739405966 1700 165
1622739412352 1710 166
1622739418789 1720 167
1622739425257 1730 168
1622739431807 1740 169
1622739438399 1750 170
1622739445027 1760 171
1622739451713 1770 172
1622739458416 1780 173
1622739465177 1790 174
1622739471971 1800 175
1622739478807 1810 176
1622739485671 1820 177
1622739492527 1830 178
1622739499442 1840 179
1622739506375 1850 180
1622739513339 1860 181
1622739520365 1870 182
1622739527469 1880 183
1622739534555 1890 184
1622739541613 1900 185
1622739548750 1910 186
1622739555971 1920 187
1622739563219 1930 188
1622739570488 1940 189
1622739577778 1950 190
1622739585104 1960 191
1622739592479 1970 192
1622739599861 1980 193
1622739607318 1990 194
1622739614788 2000 195
1622739622283 2010 196
1622739629852 2020 197
1622739637402 2030 198
1622739644943 2040 199
1622739652593 2050 200
1622739660298 2060 201
1622739668073 2070 202
1622739675925 2080 203
1622739683772 2090 204
1622739691633 2100 205
1622739699538 2110 206
1622739707480 2120 207
1622739715459 2130 208
1622739723426 2140 209
1622739731462 2150 210
1622739739582 2160 211
1622739747646 2170 212
1622739755775 2180 213
1622739763964 2190 214
1622739772173 2200 215
1622739780409 2210 216
1622739788773 2220 217
1622739797128 2230 218
1622739805414 2240 219
1622739813876 2250 220
1622739822327 2260 221
1622739830840 2270 222
1622739839358 2280 223
1622739847849 2290 224
1622739856461 2300 225
1622739865079 2310 226
1622739873725 2320 227
1622739882465 2330 228
1622739891136 2340 229
1622739899847 2350 230
1622739908662 2360 231
1622739917425 2370 232
1622739926310 2380 233
1622739935240 2390 234
1622739944250 2400 235
1622739953318 2410 236
1622739962410 2420 237
1622739971467 2430 238
1622739980514 2440 239
1622739989620 2450 240
1622739998725 2460 241
1622740007928 2470 242
1622740017117 2480 243
1622740026368 2490 244
1622740035632 2500 245
1622740045017 2510 246
1622740054441 2520 247
1622740063802 2530 248
1622740073215 2540 249
1622740082681 2550 250
1622740092205 2560 251
1622740101808 2570 252
1622740111507 2580 253
1622740121117 2590 254
1622740130872 2600 255
1622740140501 2610 256
1622740150234 2620 257
1622740159964 2630 258
1622740169768 2640 259
1622740179552 2650 260
1622740189502 2660 261
1622740199527 2670 262
1622740209495 2680 263
1622740219456 2690 264
1622740229481 2700 265
1622740239483 2710 266
1622740249528 2720 267
1622740259592 2730 268
1622740269795 2740 269
1622740279938 2750 270
1622740290214 2760 271
1622740300574 2770 272
1622740310905 2780 273
1622740321217 2790 274
1622740331652 2800 275
1622740342146 2810 276
1622740352760 2820 277
1622740363214 2830 278
1622740373699 2840 279
1622740384177 2850 280
1622740394776 2860 281
1622740405408 2870 282
1622740416040 2880 283
1622740426788 2890 284
1622740437526 2900 285
1622740448260 2910 286
1622740459074 2920 287
1622740469875 2930 288
1622740480695 2940 289
1622740491522 2950 290
1622740502510 2960 291
1622740513491 2970 292
1622740524448 2980 293
1622740535467 2990 294
1622740546537 3000 295
1622740557678 3010 296
1622740568847 3020 297
1622740579980 3030 298
1622740591182 3040 299
1622740602420 3050 300
1622740613687 3060 301
1622740625152 3070 302
1622740636604 3080 303
1622740648082 3090 304
1622740659534 3100 305
1622740671040 3110 306
1622740682544 3120 307
1622740694049 3130 308
1622740705662 3140 309
1622740717378 3150 310
1622740728979 3160 311
1622740740586 3170 312
1622740752330 3180 313
1622740763994 3190 314
1622740775770 3200 315
1622740787597 3210 316
1622740799360 3220 317
1622740811179 3230 318
1622740823065 3240 319
1622740835032 3250 320
1622740847058 3260 321
1622740859066 3270 322
1622740871156 3280 323
1622740883266 3290 324
1622740895443 3300 325
1622740907536 3310 326
1622740919656 3320 327
1622740931938 3330 328
1622740944169 3340 329
1622740956564 3350 330
1622740968888 3360 331
1622740981372 3370 332
1622740993773 3380 333
1622741006248 3390 334
1622741018814 3400 335
1622741031282 3410 336
1622741043865 3420 337
1622741056447 3430 338
1622741069034 3440 339
1622741081704 3450 340
1622741094444 3460 341
1622741107102 3470 342
1622741119881 3480 343
1622741132664 3490 344
1622741145538 3500 345
1622741158378 3510 346
1622741171363 3520 347
1622741184407 3530 348
1622741197435 3540 349
1622741210582 3550 350
1622741223700 3560 351
1622741236770 3570 352
1622741249860 3580 353
1622741263055 3590 354
1622741276239 3600 355
1622741289433 3610 356
1622741302706 3620 357
1622741316115 3630 358
1622741329501 3640 359
1622741342915 3650 360
1622741356330 3660 361
1622741369749 3670 362
1622741383191 3680 363
1622741396813 3690 364
1622741410402 3700 365
1622741423927 3710 366
1622741437550 3720 367
1622741451165 3730 368
1622741464773 3740 369
1622741478497 3750 370
1622741492308 3760 371
1622741506194 3770 372
1622741520070 3780 373
1622741533942 3790 374
1622741548037 3800 375
1622741562084 3810 376
1622741576038 3820 377
1622741590149 3830 378
1622741604251 3840 379
1622741618384 3850 380
1622741632543 3860 381
1622741646670 3870 382
1622741660784 3880 383
1622741674842 3890 384
1622741689063 3900 385
1622741703435 3910 386
1622741717682 3920 387
1622741732045 3930 388
1622741746411 3940 389
1622741760913 3950 390
1622741775401 3960 391
1622741789890 3970 392
1622741804420 3980 393
1622741819010 3990 394
1622741833647 4000 395
1622741848357 4010 396
1622741863051 4020 397
1622741877894 4030 398
1622741892808 4040 399
1622741907638 4050 400
1622741922427 4060 401
1622741937246 4070 402
1622741952247 4080 403
1622741967281 4090 404
1622741982321 4100 405
1622741997282 4110 406
1622742012310 4120 407
1622742027408 4130 408
1622742042568 4140 409
1622742057668 4150 410
1622742072893 4160 411
1622742088080 4170 412
1622742103329 4180 413
1622742118711 4190 414
1622742133958 4200 415
1622742149322 4210 416
1622742164836 4220 417
1622742180334 4230 418
1622742195882 4240 419
1622742211430 4250 420
1622742226941 4260 421
1622742242434 4270 422
1622742257968 4280 423
1622742273642 4290 424
1622742289319 4300 425
1622742305005 4310 426
1622742320789 4320 427
1622742336542 4330 428
1622742352440 4340 429
1622742368385 4350 430
1622742384269 4360 431
1622742400253 4370 432
1622742416231 4380 433
1622742432337 4390 434
1622742448448 4400 435
1622742464577 4410 436
1622742480705 4420 437
1622742496861 4430 438
1622742513188 4440 439
1622742529428 4450 440
1622742545743 4460 441
1622742562004 4470 442
1622742578347 4480 443
1622742594674 4490 444
1622742611055 4500 445
1622742627536 4510 446
1622742643979 4520 447
1622742660605 4530 448
1622742677161 4540 449
1622742693736 4550 450
1622742710434 4560 451
1622742727227 4570 452
1622742743974 4580 453
1622742760626 4590 454
1622742777431 4600 455
1622742794141 4610 456
1622742810959 4620 457
1622742827793 4630 458
1622742844792 4640 459
1622742861692 4650 460
1622742878774 4660 461
1622742895697 4670 462
1622742912769 4680 463
1622742929920 4690 464
1622742946908 4700 465
1622742964082 4710 466
1622742981236 4720 467
1622742998432 4730 468
1622743015659 4740 469
1622743032898 4750 470
1622743050195 4760 471
1622743067427 4770 472
1622743084829 4780 473
1622743102319 4790 474
1622743119838 4800 475
1622743137291 4810 476
1622743154799 4820 477
1622743172435 4830 478
1622743189949 4840 479
1622743207452 4850 480
1622743225134 4860 481
1622743242773 4870 482
1622743260446 4880 483
1622743278157 4890 484
1622743295974 4900 485
1622743313768 4910 486
1622743331884 4920 487
1622743349916 4930 488
1622743368067 4940 489
1622743386187 4950 490
1622743404449 4960 491
1622743422772 4970 492
1622743441098 4980 493
1622743459586 4990 494
1622743478079 5000 495
1622743496639 5010 496
1622743515035 5020 497
1622743533568 5030 498
1622743552073 5040 499
1622743570727 5050 500
