1622601417663 0.006 0
1622601418218 0.435 1
1622601418782 0.877 2
1622601419393 1.3679999999999999 3
1622601420051 1.906 4
1622601420725 2.46 5
1622601421440 3.056 6
1622601422198 3.693 7
1622601422992 4.368 8
1622601423773 5.027 9
1622601425370 6.43 10
1622601426553 7.4239999999999995 11
1622601427488 8.24 12
1622601428472 9.1 13
1622601429560 10.062999999999999 14
1622601430606 10.985 15
1622601431645 11.905 16
1622601432721 12.860999999999999 17
1622601433832 13.854 18
1622601434981 14.882 19
1622601436235 16.012999999999998 20
1622601437539 17.191999999999997 21
1622601438820 18.353999999999996 22
1622601440133 19.547999999999995 23
1622601441477 20.771999999999995 24
1622601442859 22.033999999999995 25
1622601444270 23.324999999999996 26
1622601445782 24.720999999999997 27
1622601447261 26.083999999999996 28
1622601448834 27.536999999999995 29
1622601450404 28.988999999999997 30
1622601452003 30.467999999999996 31
1622601453754 32.093999999999994 32
1622601455594 33.806 33
1622601457716 35.803 34
1622601459425 37.393 35
1622601461168 39.018 36
1622601462930 40.663000000000004 37
1622601464712 42.325 38
1622601466548 44.034000000000006 39
1622601468399 45.764 40
1622601470336 47.581 41
1622601472322 49.45 42
1622601474308 51.318000000000005 43
1622601476332 53.226000000000006 44
1622601478383 55.16100000000001 45
1622601480497 57.16000000000001 46
1622601482648 59.19400000000001 47
1622601484837 61.26500000000001 48
1622601487042 63.35200000000001 49
1622601489275 65.46900000000001 50
1622601491651 67.72600000000001 51
1622601493967 69.912 52
1622601496397 72.22 53
1622601498787 74.491 54
1622601501298 76.886 55
1622601503921 79.386 56
1622601506557 81.899 57
1622601509084 84.309 58
1622601511660 86.767 59
1622601514252 89.24199999999999 60
1622601516865 91.73599999999999 61
1622601519548 94.30199999999999 62
1622601522267 96.90499999999999 63
1622601525009 99.52799999999999 64
1622601527796 102.192 65
1622601530592 104.869 66
1622601533430 107.589 67
1622601536298 110.339 68
1622601539189 113.114 69
1622601542151 115.949 70
1622601545115 118.797 71
1622601548108 121.673 72
1622601551123 124.57000000000001 73
1622601554243 127.561 74
1622601557355 130.55700000000002 75
1622601560482 133.567 76
1622601563652 136.621 77
1622601566856 139.705 78
1622601570102 142.83300000000003 79
1622601573405 146.01900000000003 80
1622601576745 149.24200000000005 81
1622601580123 152.50300000000004 82
1622601583530 155.79300000000003 83
1622601586967 159.11100000000005 84
1622601590467 162.49400000000006 85
1622601594010 165.91900000000007 86
1622601597543 169.33600000000007 87
1622601601151 172.82400000000007 88
1622601604764 176.31000000000006 89
1622601608727 180.14900000000006 90
1622601612678 183.97900000000007 91
1622601616628 187.80300000000008 92
1622601620649 191.70000000000007 93
1622601625440 196.36600000000007 94
1622601629260 200.06600000000006 95
1622601633159 203.84300000000005 96
1622601637082 207.64600000000004 97
1622601641061 211.50500000000005 98
1622601645054 215.38000000000005 99
1622601649109 219.31700000000006 100
1622601653194 223.28100000000006 101
1622601657348 227.31600000000006 102
1622601661529 231.37900000000005 103
1622601665782 235.51400000000004 104
1622601670060 239.66900000000004 105
1622601674335 243.82000000000005 106
1622601678669 248.03000000000006 107
1622601682987 252.22300000000007 108
1622601687424 256.5370000000001 109
1622601691916 260.9040000000001 110
1622601696674 265.5340000000001 111
1622601701154 269.89100000000013 112
1622601705704 274.31900000000013 113
1622601710259 278.7550000000001 114
1622601714838 283.2120000000001 115
1622601719473 287.7260000000001 116
1622601724211 292.34300000000013 117
1622601729313 297.32300000000015 118
1622601734333 302.22700000000015 119
1622601739096 306.87400000000014 120
1622601743880 311.5360000000001 121
1622601748699 316.2380000000001 122
1622601753515 320.9410000000001 123
1622601758388 325.69900000000007 124
1622601763291 330.4840000000001 125
1622601768276 335.3500000000001 126
1622601773325 340.28100000000006 127
1622601778432 345.2680000000001 128
1622601783547 350.26200000000006 129
1622601788697 355.29100000000005 130
1622601793863 360.33400000000006 131
1622601799050 365.40200000000004 132
1622601804217 370.44800000000004 133
1622601809549 375.66 134
1622601814847 380.834 135
1622601820242 386.106 136
1622601825724 391.466 137
1622601831157 396.77500000000003 138
1622601836622 402.12100000000004 139
1622601842047 407.42900000000003 140
1622601847527 412.78900000000004 141
1622601853124 418.266 142
1622601858697 423.72 143
1622601864299 429.20000000000005 144
1622601869994 434.77400000000006 145
1622601875626 440.28400000000005 146
1622601881319 445.86000000000007 147
1622601887283 451.7050000000001 148
1622601893318 457.6170000000001 149
1622601899134 463.31500000000005 150
1622601905029 469.09200000000004 151
1622601910921 474.867 152
1622601916943 480.761 153
1622601922951 486.64700000000005 154
1622601929002 492.576 155
1622601935146 498.601 156
1622601941230 504.565 157
1622601947364 510.58 158
1622601953575 516.672 159
1622601959765 522.744 160
1622601965947 528.811 161
1622601972275 535.022 162
1622601978579 541.2080000000001 163
1622601984923 547.4330000000001 164
1622601991332 553.7240000000002 165
1622601997718 559.9940000000001 166
1622602004184 566.3410000000001 167
1622602010614 572.6550000000001 168
1622602017115 579.0340000000001 169
1622602023799 585.5980000000001 170
1622602030400 592.0770000000001 171
1622602037169 598.7250000000001 172
1622602043805 605.2420000000002 173
1622602050540 611.8580000000002 174
1622602057294 618.4910000000002 175
1622602064108 625.1870000000002 176
1622602070953 631.9090000000002 177
1622602077780 638.6170000000002 178
1622602084631 645.3490000000002 179
1622602091596 652.1980000000002 180
1622602098491 658.9750000000003 181
1622602105474 665.8390000000003 182
1622602112436 672.6860000000003 183
1622602119440 679.5720000000002 184
1622602126584 686.5980000000002 185
1622602133702 693.6020000000002 186
1622602141055 700.8350000000002 187
1622602148714 708.3760000000002 188
1622602156245 715.7800000000002 189
1622602163475 722.8920000000002 190
1622602170720 730.0190000000001 191
1622602178020 737.2010000000001 192
1622602185552 744.6160000000001 193
1622602192955 751.902 194
1622602200430 759.259 195
1622602207905 766.617 196
1622602216265 774.8589999999999 197
1622602224081 782.507 198
1622602231695 790.0 199
1622602239257 797.443 200
1622602246893 804.963 201
1622602255081 813.033 202
1622602262806 820.641 203
1622602270542 828.259 204
1622602278309 835.91 205
1622602286104 843.5889999999999 206
1622602293960 851.328 207
1622602301754 859.006 208
1622602309677 866.812 209
1622602317585 874.604 210
1622602325584 882.484 211
1622602333551 890.3330000000001 212
1622602343005 899.6690000000001 213
1622602351117 907.6630000000001 214
1622602359295 915.7220000000001 215
1622602367466 923.7780000000001 216
1622602375731 931.9250000000002 217
1622602383990 940.0620000000001 218
1622602393234 949.1870000000001 219
1622602401543 957.3770000000002 220
1622602409888 965.6020000000002 221
1622602418287 973.8810000000002 222
1622602426709 982.1830000000002 223
1622602435382 990.7360000000002 224
1622602444017 999.2470000000002 225
1622602452977 1008.0810000000001 226
1622602461652 1016.6330000000002 227
1622602470253 1025.1160000000002 228
1622602478874 1033.6200000000001 229
1622602487721 1042.3480000000002 230
1622602496426 1050.9340000000002 231
1622602505184 1059.5750000000003 232
1622602513886 1068.1610000000003 233
1622602522676 1076.8370000000002 234
1622602531575 1085.6210000000003 235
1622602540468 1094.3980000000004 236
1622602549333 1103.1460000000004 237
1622602558533 1112.2290000000005 238
1622602567546 1121.1150000000005 239
1622602576630 1130.0820000000006 240
1622602585762 1139.0930000000005 241
1622602595609 1148.7540000000006 242
1622602604738 1157.7670000000005 243
1622602613935 1166.8450000000005 244
1622602623204 1175.9960000000005 245
1622602632441 1185.1180000000006 246
1622602641779 1194.3400000000006 247
1622602651106 1203.5500000000006 248
1622602660505 1212.8320000000006 249
1622602669986 1222.1940000000006 250
1622602679428 1231.5140000000006 251
1622602688915 1240.8830000000005 252
1622602698455 1250.3050000000005 253
1622602708007 1259.7360000000006 254
1622602717638 1269.2520000000006 255
1622602727221 1278.7170000000006 256
1622602736927 1288.3060000000005 257
1622602746658 1297.9220000000005 258
1622602756439 1307.5870000000004 259
1622602766220 1317.2520000000004 260
1622602776045 1326.9620000000004 261
1622602785925 1336.7270000000005 262
1622602795817 1346.5050000000006 263
1622602805745 1356.3190000000006 264
1622602815773 1366.2310000000007 265
1622602825778 1376.1170000000006 266
1622602835764 1385.9850000000006 267
1622602845897 1396.0010000000007 268
1622602856120 1406.1040000000007 269
1622602866257 1416.1240000000007 270
1622602876486 1426.2360000000008 271
1622602886685 1436.3160000000007 272
1622602896957 1446.4700000000007 273
1622602907777 1457.1670000000006 274
1622602918086 1467.3570000000007 275
1622602928456 1477.6070000000007 276
1622602938809 1487.8400000000006 277
1622602949282 1498.1970000000006 278
1622602959827 1508.6280000000006 279
1622602970349 1519.0340000000006 280
1622602980826 1529.3960000000006 281
1622602991358 1539.8120000000006 282
1622603001960 1550.2980000000007 283
1622603012615 1560.8340000000007 284
1622603023289 1571.3890000000008 285
1622603034015 1581.9940000000008 286
1622603044814 1592.673000000001 287
1622603055664 1603.402000000001 288
1622603066524 1614.141000000001 289
1622603077419 1624.919000000001 290
1622603088337 1635.719000000001 291
1622603099240 1646.508000000001 292
1622603110269 1657.418000000001 293
1622603121294 1668.3270000000011 294
1622603132380 1679.2960000000012 295
1622603143467 1690.2660000000012 296
1622603154711 1701.3950000000011 297
1622603165845 1712.4140000000011 298
1622603177097 1723.5450000000012 299
1622603188340 1734.6690000000012 300
1622603199610 1745.8230000000012 301
1622603211275 1757.3710000000012 302
1622603223070 1769.0440000000012 303
1622603234294 1780.1480000000013 304
1622603245557 1791.2930000000013 305
1622603257002 1802.6190000000013 306
1622603268547 1814.0470000000014 307
1622603279982 1825.3640000000014 308
1622603291926 1837.1910000000014 309
1622603303610 1848.7520000000013 310
1622603315180 1860.2050000000013 311
1622603326941 1871.8470000000013 312
1622603338657 1883.4460000000013 313
1622603350711 1895.3810000000012 314
1622603362512 1907.0660000000012 315
1622603374405 1918.8410000000013 316
1622603386244 1930.5630000000012 317
1622603398119 1942.3220000000013 318
1622603410045 1954.1310000000012 319
1622603421995 1965.9640000000013 320
1622603434000 1977.8510000000012 321
1622603446286 1990.0180000000012 322
1622603458379 2001.9910000000011 323
1622603470424 2013.9140000000011 324
1622603482494 2025.8650000000011 325
1622603494668 2037.907000000001 326
1622603506898 2050.001000000001 327
1622603519115 2062.096000000001 328
1622603531495 2074.357000000001 329
1622603544439 2087.178000000001 330
1622603556719 2099.342000000001 331
1622603569486 2111.990000000001 332
1622603582069 2124.456000000001 333
1622603594457 2136.728000000001 334
1622603607539 2149.693000000001 335
1622603620092 2162.125000000001 336
1622603632838 2174.757000000001 337
1622603645310 2187.112000000001 338
1622603658062 2199.746000000001 339
1622603670706 2212.272000000001 340
1622603683384 2224.832000000001 341
1622603696107 2237.4360000000006 342
1622603708919 2250.1280000000006 343
1622603721704 2262.794000000001 344
1622603734532 2275.5050000000006 345
1622603747507 2288.361000000001 346
1622603760775 2301.5100000000007 347
1622603773788 2314.408000000001 348
1622603786777 2327.2800000000007 349
1622603799830 2340.2130000000006 350
1622603812828 2353.0940000000005 351
1622603825901 2366.0510000000004 352
1622603840298 2380.32 353
1622603854209 2394.0640000000003 354
1622603868056 2407.7900000000004 355
1622603881605 2421.213 356
1622603894849 2434.3390000000004 357
1622603908384 2447.7580000000003 358
1622603921725 2460.9820000000004 359
1622603935091 2474.2300000000005 360
1622603948551 2487.5720000000006 361
1622603961827 2500.7320000000004 362
1622603975212 2514.0040000000004 363
1622603988699 2527.378 364
1622604002169 2540.7250000000004 365
1622604015723 2554.1560000000004 366
1622604029270 2567.5810000000006 367
1622604043551 2581.736000000001 368
1622604057251 2595.312000000001 369
1622604070893 2608.833000000001 370
1622604085104 2622.926000000001 371
1622604098897 2636.601000000001 372
1622604112681 2650.267000000001 373
1622604126454 2663.921000000001 374
1622604140717 2678.0690000000013 375
1622604154677 2691.9150000000013 376
1622604168835 2705.9540000000015 377
1622604182982 2719.9830000000015 378
1622604197950 2734.8290000000015 379
1622604212392 2749.1520000000014 380
1622604227671 2764.314000000001 381
1622604241806 2778.329000000001 382
1622604255990 2792.392000000001 383
1622604270439 2806.7160000000013 384
1622604284977 2821.135000000001 385
1622604299703 2835.740000000001 386
1622604314293 2850.2050000000013 387
1622604328740 2864.528000000001 388
1622604343102 2878.7740000000013 389
1622604357470 2893.0240000000013 390
1622604372876 2908.3130000000015 391
1622604388265 2923.5870000000014 392
1622604402785 2937.9920000000016 393
1622604417341 2952.4280000000017 394
1622604431844 2966.8110000000015 395
1622604447392 2982.2380000000016 396
1622604462574 2997.2960000000016 397
1622604477703 3012.306000000002 398
1622604492519 3026.9950000000017 399
1622604507829 3042.1800000000017 400
1622604523840 3058.0700000000015 401
1622604538688 3072.8010000000017 402
1622604553984 3087.9810000000016 403
1622604569220 3103.1000000000017 404
1622604584281 3118.036000000002 405
1622604599257 3132.895000000002 406
1622604614421 3147.9430000000016 407
1622604629473 3162.8760000000016 408
1622604645189 3178.4620000000014 409
1622604661099 3194.1680000000015 410
1622604676525 3209.4750000000013 411
1622604692802 3225.633000000001 412
1622604708860 3241.565000000001 413
1622604724144 3256.733000000001 414
1622604739976 3272.452000000001 415
1622604755968 3288.324000000001 416
1622604771362 3303.599000000001 417
1622604786782 3318.902000000001 418
1622604802256 3334.258000000001 419
1622604817840 3349.724000000001 420
1622604833557 3365.319000000001 421
1622604849133 3380.773000000001 422
1622604864759 3396.280000000001 423
1622604880570 3411.976000000001 424
1622604896255 3427.540000000001 425
1622604911901 3443.0660000000007 426
1622604927562 3458.611000000001 427
1622604943495 3474.431000000001 428
1622604959997 3490.816000000001 429
1622604975861 3506.564000000001 430
1622604992357 3522.939000000001 431
1622605008179 3538.6450000000013 432
1622605024801 3555.1470000000013 433
1622605040908 3571.1280000000015 434
1622605056933 3587.0300000000016 435
1622605072944 3602.9210000000016 436
1622605088909 3618.7720000000018 437
1622605104941 3634.690000000002 438
1622605120957 3650.5930000000017 439
1622605137154 3666.674000000002 440
1622605154227 3683.632000000002 441
1622605170507 3699.800000000002 442
1622605186785 3715.961000000002 443
1622605202975 3732.0290000000023 444
1622605219216 3748.151000000002 445
1622605235400 3764.217000000002 446
1622605251782 3780.480000000002 447
1622605268457 3797.036000000002 448
1622605285687 3814.142000000002 449
1622605302183 3830.517000000002 450
1622605318728 3846.945000000002 451
1622605335328 3863.428000000002 452
1622605351908 3879.887000000002 453
1622605369021 3896.880000000002 454
1622605386575 3914.3120000000017 455
1622605404129 3931.7400000000016 456
1622605421058 3948.549000000002 457
1622605438105 3965.4770000000017 458
1622605455315 3982.5700000000015 459
1622605472503 3999.6430000000014 460
1622605489559 4016.5820000000012 461
1622605506544 4033.450000000001 462
1622605523583 4050.3700000000013 463
1622605540650 4067.3150000000014 464
1622605557662 4084.2050000000013 465
1622605574706 4101.129000000002 466
1622605591765 4118.066000000002 467
1622605609241 4135.416000000002 468
1622605626700 4152.747000000002 469
1622605644609 4170.537000000002 470
1622605662377 4188.1910000000025 471
1622605679902 4205.600000000002 472
1622605698375 4223.882000000002 473
1622605717157 4242.550000000002 474
1622605735242 4260.516000000002 475
1622605753477 4278.632000000002 476
1622605771059 4296.0970000000025 477
1622605788594 4313.515000000002 478
1622605806164 4330.970000000002 479
1622605824195 4348.875000000002 480
1622605843132 4367.689000000002 481
1622605860789 4385.233000000002 482
1622605878515 4402.843000000002 483
1622605896918 4421.131000000001 484
1622605915038 4439.134000000001 485
1622605932891 4456.869000000001 486
1622605951057 4474.916 487
1622605969110 4492.852 488
1622605986941 4510.564 489
1622606004925 4528.43 490
1622606023071 4546.462 491
1622606041212 4564.484 492
1622606059615 4582.77 493
1622606077814 4600.849 494
1622606095920 4618.834 495
1622606113985 4636.782 496
1622606132114 4654.793000000001 497
1622606150361 4672.921 498
1622606168616 4691.06 499
1622606186975 4709.3 500
