1622864660726 0.9260612769105043 0
1622864662864 0.9270857494365008 1
1622864665134 0.9270857494365008 2
1622864667585 0.9270857494365008 3
1622864670134 0.9270857494365008 4
1622864672820 0.9270857494365008 5
1622864675657 0.9270857494365008 6
1622864678730 0.9270857494365008 7
1622864681929 0.9270857494365008 8
1622864685236 0.9270857494365008 9
1622864688743 0.9270857494365008 10
1622864692459 0.9270857494365008 11
1622864696287 0.9270857494365008 12
1622864700251 0.9270857494365008 13
1622864704364 0.9270857494365008 14
1622864708651 0.9270857494365008 15
1622864713025 0.9270857494365008 16
1622864717685 0.9270857494365008 17
1622864722428 0.9270857494365008 18
1622864727359 0.9270857494365008 19
1622864732470 0.9270857494365008 20
1622864737667 0.9270857494365008 21
1622864743097 0.9270857494365008 22
1622864748640 0.9270857494365008 23
1622864754428 0.9270857494365008 24
1622864760289 0.9270857494365008 25
1622864766334 0.9270857494365008 26
1622864772442 0.9270857494365008 27
1622864778860 0.9270857494365008 28
1622864785413 0.9270857494365008 29
1622864791979 0.9270857494365008 30
1622864798731 0.9270857494365008 31
1622864805685 0.9270857494365008 32
1622864812760 0.9270857494365008 33
1622864820006 0.9270857494365008 34
1622864827408 0.9270857494365008 35
1622864835063 0.9270857494365008 36
1622864842898 0.9270857494365008 37
1622864850831 0.9270857494365008 38
1622864858835 0.9270857494365008 39
1622864867009 0.9270857494365008 40
1622864875412 0.9270857494365008 41
1622864883870 0.9270857494365008 42
1622864892698 0.9270857494365008 43
1622864901576 0.9270857494365008 44
1622864910593 0.9270857494365008 45
1622864919700 0.9270857494365008 46
1622864929055 0.9270857494365008 47
1622864938617 0.9270857494365008 48
1622864948335 0.9270857494365008 49
1622864958087 0.9270857494365008 50
1622864967978 0.9270857494365008 51
1622864978014 0.9270857494365008 52
1622864988278 0.9270857494365008 53
1622864998607 0.9270857494365008 54
1622865009171 0.9270857494365008 55
1622865019910 0.9270857494365008 56
1622865030766 0.9270857494365008 57
1622865041871 0.9270857494365008 58
1622865053102 0.9270857494365008 59
1622865064459 0.9270857494365008 60
1622865076052 0.9270857494365008 61
1622865087627 0.9270857494365008 62
1622865099441 0.9270857494365008 63
1622865111425 0.9270857494365008 64
1622865123548 0.9270857494365008 65
1622865135892 0.9270857494365008 66
1622865148414 0.9270857494365008 67
1622865160903 0.9270857494365008 68
1622865173654 0.9270857494365008 69
1622865186504 0.9270857494365008 70
1622865199574 0.9270857494365008 71
1622865212859 0.9270857494365008 72
1622865226306 0.9270857494365008 73
1622865239787 0.9270857494365008 74
1622865253618 0.9270857494365008 75
1622865267470 0.9270857494365008 76
1622865281566 0.9270857494365008 77
1622865295735 0.9270857494365008 78
1622865310174 0.9270857494365008 79
1622865324822 0.9270857494365008 80
1622865339298 0.9270857494365008 81
1622865353975 0.9270857494365008 82
1622865368933 0.9270857494365008 83
1622865384100 0.9270857494365008 84
1622865399511 0.9270857494365008 85
1622865414910 0.9270857494365008 86
1622865430403 0.9270857494365008 87
1622865446125 0.9270857494365008 88
1622865462041 0.9270857494365008 89
1622865478030 0.9270857494365008 90
1622865494192 0.9270857494365008 91
1622865510554 0.9270857494365008 92
1622865527056 0.9270857494365008 93
1622865543794 0.9270857494365008 94
1622865560632 0.9270857494365008 95
1622865577690 0.9270857494365008 96
1622865594935 0.9270857494365008 97
1622865612370 0.9270857494365008 98
1622865629982 0.9270857494365008 99
1622865647680 0.9270857494365008 100
1622865665354 0.9270857494365008 101
1622865683326 0.9270857494365008 102
1622865701587 0.9270857494365008 103
1622865719866 0.9270857494365008 104
1622865738248 0.9270857494365008 105
1622865756787 0.9270857494365008 106
1622865775581 0.9270857494365008 107
1622865794393 0.9270857494365008 108
1622865813330 0.9270857494365008 109
1622865832510 0.9270857494365008 110
1622865851705 0.9270857494365008 111
1622865871267 0.9270857494365008 112
1622865890883 0.9270857494365008 113
1622865910543 0.9270857494365008 114
1622865930304 0.9270857494365008 115
1622865950262 0.9270857494365008 116
1622865970445 0.9270857494365008 117
1622865990868 0.9270857494365008 118
1622866011293 0.9270857494365008 119
1622866032065 0.9270857494365008 120
1622866052885 0.9270857494365008 121
1622866074001 0.9270857494365008 122
1622866095288 0.9270857494365008 123
1622866116649 0.9270857494365008 124
1622866138285 0.9270857494365008 125
1622866160170 0.9270857494365008 126
1622866182016 0.9270857494365008 127
1622866203828 0.9270857494365008 128
1622866226054 0.9270857494365008 129
1622866248320 0.9270857494365008 130
1622866270585 0.9270857494365008 131
1622866293181 0.9270857494365008 132
1622866316153 0.9270857494365008 133
1622866339016 0.9270857494365008 134
1622866362111 0.9270857494365008 135
1622866385359 0.9270857494365008 136
1622866408649 0.9270857494365008 137
1622866432206 0.9270857494365008 138
1622866455880 0.9270857494365008 139
1622866479753 0.9270857494365008 140
1622866503803 0.9270857494365008 141
1622866527971 0.9270857494365008 142
1622866552348 0.9270857494365008 143
1622866576870 0.9270857494365008 144
1622866601429 0.9270857494365008 145
1622866626316 0.9270857494365008 146
1622866651046 0.9270857494365008 147
1622866676136 0.9270857494365008 148
1622866701192 0.9270857494365008 149
1622866726596 0.9270857494365008 150
1622866752102 0.9270857494365008 151
1622866777894 0.9270857494365008 152
1622866803673 0.9270857494365008 153
1622866829652 0.9270857494365008 154
1622866855862 0.9270857494365008 155
1622866882175 0.9270857494365008 156
1622866908649 0.9270857494365008 157
1622866935485 0.9270857494365008 158
1622866962174 0.9270857494365008 159
1622866989208 0.9270857494365008 160
1622867016456 0.9270857494365008 161
1622867043563 0.9270857494365008 162
1622867070887 0.9270857494365008 163
1622867098481 0.9270857494365008 164
1622867126420 0.9270857494365008 165
1622867154442 0.9270857494365008 166
1622867182559 0.9270857494365008 167
1622867210835 0.9270857494365008 168
1622867239264 0.9270857494365008 169
1622867267821 0.9270857494365008 170
1622867296622 0.9270857494365008 171
1622867325612 0.9270857494365008 172
1622867354662 0.9270857494365008 173
1622867383752 0.9270857494365008 174
1622867412901 0.9270857494365008 175
1622867442396 0.9270857494365008 176
1622867471898 0.9270857494365008 177
1622867501587 0.9270857494365008 178
1622867531729 0.9270857494365008 179
1622867561941 0.9270857494365008 180
1622867592546 0.9270857494365008 181
1622867622931 0.9270857494365008 182
1622867653423 0.9270857494365008 183
1622867684197 0.9270857494365008 184
1622867715223 0.9270857494365008 185
1622867746206 0.9270857494365008 186
1622867777424 0.9270857494365008 187
1622867808746 0.9270857494365008 188
1622867840551 0.9270857494365008 189
1622867872485 0.9270857494365008 190
1622867904392 0.9270857494365008 191
1622867936476 0.9270857494365008 192
1622867968733 0.9270857494365008 193
1622868001058 0.9270857494365008 194
1622868033445 0.9270857494365008 195
1622868066167 0.9270857494365008 196
1622868099097 0.9270857494365008 197
1622868132258 0.9270857494365008 198
1622868165619 0.9270857494365008 199
1622868198734 0.9270857494365008 200
1622868232058 0.9270857494365008 201
1622868265631 0.9270857494365008 202
1622868299579 0.9270857494365008 203
1622868333107 0.9270857494365008 204
1622868367340 0.9270857494365008 205
1622868401299 0.9270857494365008 206
1622868435639 0.9270857494365008 207
1622868470082 0.9270857494365008 208
1622868504697 0.9270857494365008 209
1622868539446 0.9270857494365008 210
1622868574701 0.9270857494365008 211
1622868609795 0.9270857494365008 212
1622868645216 0.9270857494365008 213
1622868680351 0.9270857494365008 214
1622868715632 0.9270857494365008 215
1622868751496 0.9270857494365008 216
1622868787325 0.9270857494365008 217
1622868823416 0.9270857494365008 218
1622868859804 0.9270857494365008 219
1622868895866 0.9270857494365008 220
1622868932332 0.9270857494365008 221
1622868969310 0.9270857494365008 222
1622869006451 0.9270857494365008 223
1622869043079 0.9270857494365008 224
1622869080158 0.9270857494365008 225
1622869117493 0.9270857494365008 226
1622869155101 0.9270857494365008 227
1622869192804 0.9270857494365008 228
1622869230386 0.9270857494365008 229
1622869268394 0.9270857494365008 230
1622869306571 0.9270857494365008 231
1622869345179 0.9270857494365008 232
1622869383936 0.9270857494365008 233
1622869422616 0.9270857494365008 234
1622869461144 0.9270857494365008 235
1622869500374 0.9270857494365008 236
1622869539371 0.9270857494365008 237
1622869578749 0.9270857494365008 238
1622869618244 0.9270857494365008 239
1622869657916 0.9270857494365008 240
1622869697593 0.9270857494365008 241
1622869737613 0.9270857494365008 242
1622869777592 0.9270857494365008 243
1622869817849 0.9270857494365008 244
1622869858359 0.9270857494365008 245
1622869899140 0.9270857494365008 246
1622869939711 0.9270857494365008 247
1622869980482 0.9270857494365008 248
1622870021298 0.9270857494365008 249
1622870062124 0.9270857494365008 250
1622870103425 0.9270857494365008 251
1622870145106 0.9270857494365008 252
1622870186645 0.9270857494365008 253
1622870228330 0.9270857494365008 254
1622870270229 0.9270857494365008 255
1622870312115 0.9270857494365008 256
1622870354104 0.9270857494365008 257
1622870396481 0.9270857494365008 258
1622870438778 0.9270857494365008 259
1622870481455 0.9270857494365008 260
1622870524173 0.9270857494365008 261
1622870567165 0.9270857494365008 262
1622870610203 0.9270857494365008 263
1622870653359 0.9270857494365008 264
1622870696919 0.9270857494365008 265
1622870740513 0.9270857494365008 266
1622870784133 0.9270857494365008 267
1622870827886 0.9270857494365008 268
1622870871832 0.9270857494365008 269
1622870916387 0.9270857494365008 270
1622870960657 0.9270857494365008 271
1622871005188 0.9270857494365008 272
1622871049888 0.9270857494365008 273
1622871095007 0.9270857494365008 274
1622871139985 0.9270857494365008 275
1622871185295 0.9270857494365008 276
1622871230534 0.9270857494365008 277
1622871275817 0.9270857494365008 278
1622871321413 0.9270857494365008 279
1622871367284 0.9270857494365008 280
1622871413608 0.9270857494365008 281
1622871459644 0.9270857494365008 282
1622871505726 0.9270857494365008 283
1622871552235 0.9270857494365008 284
1622871598732 0.9270857494365008 285
1622871645660 0.9270857494365008 286
1622871692182 0.9270857494365008 287
1622871739095 0.9270857494365008 288
1622871786472 0.9270857494365008 289
1622871833574 0.9270857494365008 290
1622871880986 0.9270857494365008 291
1622871928577 0.9270857494365008 292
1622871976271 0.9270857494365008 293
1622872024438 0.9270857494365008 294
1622872072757 0.9270857494365008 295
1622872121190 0.9270857494365008 296
1622872169750 0.9270857494365008 297
1622872218488 0.9270857494365008 298
1622872267395 0.9270857494365008 299
1622872316282 0.9270857494365008 300
1622872365335 0.9270857494365008 301
1622872414652 0.9270857494365008 302
1622872463945 0.9270857494365008 303
1622872513281 0.9270857494365008 304
1622872562845 0.9270857494365008 305
1622872612789 0.9270857494365008 306
1622872662973 0.9270857494365008 307
1622872713070 0.9270857494365008 308
1622872763594 0.9270857494365008 309
1622872813844 0.9270857494365008 310
1622872864785 0.9270857494365008 311
1622872915826 0.9270857494365008 312
1622872966468 0.9270857494365008 313
1622873017641 0.9270857494365008 314
1622873069093 0.9270857494365008 315
1622873120517 0.9270857494365008 316
1622873172169 0.9270857494365008 317
1622873224155 0.9270857494365008 318
1622873276293 0.9270857494365008 319
1622873328689 0.9270857494365008 320
1622873380994 0.9270857494365008 321
1622873433546 0.9270857494365008 322
1622873485808 0.9270857494365008 323
1622873538737 0.9270857494365008 324
1622873591432 0.9270857494365008 325
1622873644412 0.9270857494365008 326
1622873697704 0.9270857494365008 327
1622873750685 0.9270857494365008 328
1622873804299 0.9270857494365008 329
1622873857769 0.9270857494365008 330
1622873911460 0.9270857494365008 331
1622873965319 0.9270857494365008 332
1622874019410 0.9270857494365008 333
1622874073673 0.9270857494365008 334
1622874127960 0.9270857494365008 335
1622874182666 0.9270857494365008 336
1622874237287 0.9270857494365008 337
1622874292212 0.9270857494365008 338
1622874347154 0.9270857494365008 339
1622874402145 0.9270857494365008 340
1622874457155 0.9270857494365008 341
1622874512948 0.9270857494365008 342
1622874568417 0.9270857494365008 343
1622874624473 0.9270857494365008 344
1622874680470 0.9270857494365008 345
1622874736467 0.9270857494365008 346
1622874792681 0.9270857494365008 347
1622874848832 0.9270857494365008 348
1622874905359 0.9270857494365008 349
1622874961842 0.9270857494365008 350
1622875018720 0.9270857494365008 351
1622875075563 0.9270857494365008 352
1622875132826 0.9270857494365008 353
1622875190210 0.9270857494365008 354
1622875247485 0.9270857494365008 355
1622875304894 0.9270857494365008 356
1622875362484 0.9270857494365008 357
1622875420230 0.9270857494365008 358
1622875478481 0.9270857494365008 359
1622875536849 0.9270857494365008 360
1622875595437 0.9270857494365008 361
1622875654252 0.9270857494365008 362
1622875712940 0.9270857494365008 363
1622875771887 0.9270857494365008 364
1622875831041 0.9270857494365008 365
1622875889930 0.9270857494365008 366
1622875949395 0.9270857494365008 367
1622876009138 0.9270857494365008 368
1622876068428 0.9270857494365008 369
1622876128517 0.9270857494365008 370
1622876188689 0.9270857494365008 371
1622876248941 0.9270857494365008 372
1622876309515 0.9270857494365008 373
1622876369871 0.9270857494365008 374
1622876430794 0.9270857494365008 375
1622876491515 0.9270857494365008 376
1622876552573 0.9270857494365008 377
1622876613413 0.9270857494365008 378
1622876674676 0.9270857494365008 379
1622876736382 0.9270857494365008 380
1622876797786 0.9270857494365008 381
1622876859811 0.9270857494365008 382
1622876921642 0.9270857494365008 383
1622876983902 0.9270857494365008 384
1622877046049 0.9270857494365008 385
1622877108448 0.9270857494365008 386
1622877170673 0.9270857494365008 387
1622877233306 0.9270857494365008 388
1622877296433 0.9270857494365008 389
1622877359535 0.9270857494365008 390
1622877422590 0.9270857494365008 391
1622877485738 0.9270857494365008 392
1622877549093 0.9270857494365008 393
1622877612521 0.9270857494365008 394
1622877676228 0.9270857494365008 395
1622877739957 0.9270857494365008 396
1622877804148 0.9270857494365008 397
1622877868238 0.9270857494365008 398
1622877932359 0.9270857494365008 399
1622877997077 0.9270857494365008 400
1622878061931 0.9270857494365008 401
1622878126395 0.9270857494365008 402
1622878191353 0.9270857494365008 403
1622878256185 0.9270857494365008 404
1622878321725 0.9270857494365008 405
1622878386965 0.9270857494365008 406
1622878452595 0.9270857494365008 407
1622878518504 0.9270857494365008 408
1622878584094 0.9270857494365008 409
1622878649898 0.9270857494365008 410
1622878716109 0.9270857494365008 411
1622878782217 0.9270857494365008 412
1622878849093 0.9270857494365008 413
1622878915649 0.9270857494365008 414
1622878982759 0.9270857494365008 415
1622879049971 0.9270857494365008 416
1622879117433 0.9270857494365008 417
1622879184937 0.9270857494365008 418
1622879252290 0.9270857494365008 419
1622879320025 0.9270857494365008 420
1622879387763 0.9270857494365008 421
1622879455726 0.9270857494365008 422
1622879523987 0.9270857494365008 423
1622879592374 0.9270857494365008 424
1622879660589 0.9270857494365008 425
1622879729039 0.9270857494365008 426
1622879797845 0.9270857494365008 427
1622879866603 0.9270857494365008 428
1622879935695 0.9270857494365008 429
1622880005027 0.9270857494365008 430
1622880074583 0.9270857494365008 431
1622880144113 0.9270857494365008 432
1622880213684 0.9270857494365008 433
1622880283478 0.9270857494365008 434
1622880353692 0.9270857494365008 435
1622880424019 0.9270857494365008 436
1622880494165 0.9270857494365008 437
1622880564753 0.9270857494365008 438
1622880635654 0.9270857494365008 439
1622880706682 0.9270857494365008 440
1622880778061 0.9270857494365008 441
1622880849417 0.9270857494365008 442
1622880920927 0.9270857494365008 443
1622880992539 0.9270857494365008 444
1622881064615 0.9270857494365008 445
1622881136111 0.9270857494365008 446
1622881208002 0.9270857494365008 447
1622881280395 0.9270857494365008 448
1622881352798 0.9270857494365008 449
1622881425319 0.9270857494365008 450
1622881497777 0.9270857494365008 451
1622881570149 0.9270857494365008 452
1622881643007 0.9270857494365008 453
1622881715955 0.9270857494365008 454
1622881789124 0.9270857494365008 455
1622881862362 0.9270857494365008 456
1622881935780 0.9270857494365008 457
1622882009176 0.9270857494365008 458
1622882082890 0.9270857494365008 459
1622882156588 0.9270857494365008 460
1622882230935 0.9270857494365008 461
1622882304985 0.9270857494365008 462
1622882379281 0.9270857494365008 463
1622882453359 0.9270857494365008 464
1622882528310 0.9270857494365008 465
1622882603187 0.9270857494365008 466
1622882677748 0.9270857494365008 467
1622882752783 0.9270857494365008 468
1622882828103 0.9270857494365008 469
1622882903595 0.9270857494365008 470
1622882979268 0.9270857494365008 471
1622883055149 0.9270857494365008 472
1622883130682 0.9270857494365008 473
1622883206981 0.9270857494365008 474
1622883283399 0.9270857494365008 475
1622883359947 0.9270857494365008 476
1622883437019 0.9270857494365008 477
1622883514002 0.9270857494365008 478
1622883590765 0.9270857494365008 479
1622883667823 0.9270857494365008 480
1622883745055 0.9270857494365008 481
1622883823055 0.9270857494365008 482
1622883900916 0.9270857494365008 483
1622883978660 0.9270857494365008 484
1622884056472 0.9270857494365008 485
1622884134768 0.9270857494365008 486
1622884213038 0.9270857494365008 487
1622884291543 0.9270857494365008 488
1622884369962 0.9270857494365008 489
1622884448892 0.9270857494365008 490
1622884528095 0.9270857494365008 491
1622884607787 0.9270857494365008 492
1622884687316 0.9270857494365008 493
1622884767061 0.9270857494365008 494
1622884846215 0.9270857494365008 495
1622884925939 0.9270857494365008 496
1622885005361 0.9270857494365008 497
1622885085509 0.9270857494365008 498
1622885165486 0.9270857494365008 499
1622885245746 0.9270857494365008 500
