1622621545086 0.942939087375305 0
1622621546281 0.9361128255769393 1
1622621547435 0.9361128255769393 2
1622621548517 0.9467803015779248 3
1622621549348 0.9467803015779248 4
1622621550028 0.9467803015779248 5
1622621550777 0.9467803015779248 6
1622621551674 0.9467803015779248 7
1622621552484 0.9467803015779248 8
1622621553437 0.9467803015779248 9
1622621554297 0.9467803015779248 10
1622621555232 0.9467803015779248 11
1622621556213 0.9467803015779248 12
1622621557510 0.9467803015779248 13
1622621558527 0.9467803015779248 14
1622621560012 0.9467803015779248 15
1622621561151 0.9467803015779248 16
1622621562344 0.9467803015779248 17
1622621563682 0.9467803015779248 18
1622621565035 0.9467803015779248 19
1622621566382 0.9467803015779248 20
1622621567767 0.9467803015779248 21
1622621569134 0.9467803015779248 22
1622621570530 0.9467803015779248 23
1622621571894 0.9467803015779248 24
1622621573304 0.9467803015779248 25
1622621574815 0.9467803015779248 26
1622621576690 0.9467803015779248 27
1622621578364 0.9467803015779248 28
1622621579987 0.9467803015779248 29
1622621581601 0.9467803015779248 30
1622621583261 0.9467803015779248 31
1622621584878 0.9467803015779248 32
1622621586653 0.9467803015779248 33
1622621588444 0.9467803015779248 34
1622621591250 0.9467803015779248 35
1622621593080 0.9467803015779248 36
1622621595148 0.9467803015779248 37
1622621597220 0.9467803015779248 38
1622621599362 0.9467803015779248 39
1622621602055 0.9467803015779248 40
1622621604154 0.9467803015779248 41
1622621606260 0.9467803015779248 42
1622621608368 0.9467803015779248 43
1622621610461 0.9467803015779248 44
1622621612684 0.9467803015779248 45
1622621614995 0.9467803015779248 46
1622621617249 0.9467803015779248 47
1622621619543 0.9467803015779248 48
1622621621825 0.9467803015779248 49
1622621624140 0.9467803015779248 50
1622621626590 0.9467803015779248 51
1622621629012 0.9467803015779248 52
1622621631652 0.9467803015779248 53
1622621634275 0.9467803015779248 54
1622621636820 0.9467803015779248 55
1622621639372 0.9467803015779248 56
1622621641998 0.9467803015779248 57
1622621644858 0.9467803015779248 58
1622621647834 0.9467803015779248 59
1622621650588 0.9467803015779248 60
1622621653302 0.9467803015779248 61
1622621656078 0.9467803015779248 62
1622621658948 0.9467803015779248 63
1622621661999 0.9467803015779248 64
1622621665811 0.9467803015779248 65
1622621668704 0.9467803015779248 66
1622621671702 0.9467803015779248 67
1622621675082 0.9467803015779248 68
1622621678338 0.9467803015779248 69
1622621682335 0.9467803015779248 70
1622621685570 0.9467803015779248 71
1622621688849 0.9467803015779248 72
1622621692027 0.9467803015779248 73
1622621695317 0.9467803015779248 74
1622621698565 0.9467803015779248 75
1622621701879 0.9467803015779248 76
1622621705192 0.9467803015779248 77
1622621708725 0.9467803015779248 78
1622621712148 0.9467803015779248 79
1622621715757 0.9467803015779248 80
1622621719289 0.9467803015779248 81
1622621722844 0.9467803015779248 82
1622621726577 0.9467803015779248 83
1622621730662 0.9467803015779248 84
1622621734335 0.9467803015779248 85
1622621737926 0.9467803015779248 86
1622621741646 0.9467803015779248 87
1622621745515 0.9467803015779248 88
1622621749365 0.9467803015779248 89
1622621753236 0.9467803015779248 90
1622621757086 0.9467803015779248 91
1622621760900 0.9467803015779248 92
1622621764786 0.9467803015779248 93
1622621768803 0.9467803015779248 94
1622621772789 0.9467803015779248 95
1622621777789 0.9467803015779248 96
1622621781842 0.9467803015779248 97
1622621785948 0.9467803015779248 98
1622621790098 0.9467803015779248 99
1622621794295 0.9467803015779248 100
1622621798735 0.9467803015779248 101
1622621802932 0.9467803015779248 102
1622621807359 0.9467803015779248 103
1622621811823 0.9467803015779248 104
1622621816334 0.9467803015779248 105
1622621820956 0.9467803015779248 106
1622621826684 0.9467803015779248 107
1622621832159 0.9467803015779248 108
1622621836740 0.9467803015779248 109
1622621842113 0.9467803015779248 110
1622621846637 0.9467803015779248 111
1622621851279 0.9467803015779248 112
1622621855955 0.9467803015779248 113
1622621860767 0.9467803015779248 114
1622621865642 0.9467803015779248 115
1622621870361 0.9467803015779248 116
1622621875330 0.9467803015779248 117
1622621880187 0.9467803015779248 118
1622621885750 0.9467803015779248 119
1622621890677 0.9467803015779248 120
1622621895639 0.9467803015779248 121
1622621901351 0.9467803015779248 122
1622621907231 0.9467803015779248 123
1622621912388 0.9467803015779248 124
1622621918380 0.9467803015779248 125
1622621923788 0.9467803015779248 126
1622621928961 0.9467803015779248 127
1622621934943 0.9467803015779248 128
1622621940318 0.9467803015779248 129
1622621945555 0.9467803015779248 130
1622621950814 0.9467803015779248 131
1622621956081 0.9467803015779248 132
1622621961365 0.9467803015779248 133
1622621966694 0.9467803015779248 134
1622621972977 0.9467803015779248 135
1622621978576 0.9467803015779248 136
1622621984173 0.9467803015779248 137
1622621989617 0.9467803015779248 138
1622621995930 0.9467803015779248 139
1622622001790 0.9467803015779248 140
1622622007352 0.9467803015779248 141
1622622012986 0.9467803015779248 142
1622622018660 0.9467803015779248 143
1622622024485 0.9467803015779248 144
1622622030232 0.9467803015779248 145
1622622036007 0.9467803015779248 146
1622622042574 0.9467803015779248 147
1622622049351 0.9467803015779248 148
1622622055906 0.9467803015779248 149
1622622062216 0.9467803015779248 150
1622622068170 0.9467803015779248 151
1622622074156 0.9467803015779248 152
1622622081241 0.9467803015779248 153
1622622087342 0.9467803015779248 154
1622622093571 0.9467803015779248 155
1622622100511 0.9467803015779248 156
1622622106757 0.9467803015779248 157
1622622113186 0.9467803015779248 158
1622622120325 0.9467803015779248 159
1622622127134 0.9467803015779248 160
1622622133896 0.9467803015779248 161
1622622140948 0.9467803015779248 162
1622622148503 0.9467803015779248 163
1622622154922 0.9467803015779248 164
1622622161428 0.9467803015779248 165
1622622167942 0.9467803015779248 166
1622622174504 0.9467803015779248 167
1622622181068 0.9467803015779248 168
1622622187702 0.9467803015779248 169
1622622194346 0.9467803015779248 170
1622622201853 0.9467803015779248 171
1622622209171 0.9467803015779248 172
1622622216073 0.9467803015779248 173
1622622222919 0.9467803015779248 174
1622622230766 0.9467803015779248 175
1622622237596 0.9467803015779248 176
1622622244487 0.9467803015779248 177
1622622251368 0.9467803015779248 178
1622622258389 0.9467803015779248 179
1622622265418 0.9467803015779248 180
1622622272462 0.9467803015779248 181
1622622279988 0.9467803015779248 182
1622622288123 0.9467803015779248 183
1622622295321 0.9467803015779248 184
1622622302512 0.9467803015779248 185
1622622309677 0.9467803015779248 186
1622622316923 0.9467803015779248 187
1622622324214 0.9467803015779248 188
1622622331689 0.9467803015779248 189
1622622339301 0.9467803015779248 190
1622622346672 0.9467803015779248 191
1622622355048 0.9467803015779248 192
1622622363340 0.9467803015779248 193
1622622371177 0.9467803015779248 194
1622622379082 0.9467803015779248 195
1622622386606 0.9467803015779248 196
1622622394265 0.9467803015779248 197
1622622401983 0.9467803015779248 198
1622622409661 0.9467803015779248 199
1622622417344 0.9467803015779248 200
1622622425174 0.9467803015779248 201
1622622433076 0.9467803015779248 202
1622622441498 0.9467803015779248 203
1622622450057 0.9467803015779248 204
1622622458240 0.9467803015779248 205
1622622466199 0.9467803015779248 206
1622622474131 0.9467803015779248 207
1622622482908 0.9467803015779248 208
1622622491035 0.9467803015779248 209
1622622499098 0.9467803015779248 210
1622622507193 0.9467803015779248 211
1622622515298 0.9467803015779248 212
1622622524151 0.9467803015779248 213
1622622532380 0.9467803015779248 214
1622622541008 0.9467803015779248 215
1622622549980 0.9467803015779248 216
1622622558396 0.9467803015779248 217
1622622567528 0.9467803015779248 218
1622622576246 0.9467803015779248 219
1622622585358 0.9467803015779248 220
1622622593822 0.9467803015779248 221
1622622602347 0.9467803015779248 222
1622622610922 0.9467803015779248 223
1622622619472 0.9467803015779248 224
1622622628350 0.9467803015779248 225
1622622637489 0.9467803015779248 226
1622622646513 0.9467803015779248 227
1622622656376 0.9467803015779248 228
1622622665320 0.9467803015779248 229
1622622674123 0.9467803015779248 230
1622622683046 0.9467803015779248 231
1622622691895 0.9467803015779248 232
1622622702102 0.9467803015779248 233
1622622711096 0.9467803015779248 234
1622622720174 0.9467803015779248 235
1622622731979 0.9467803015779248 236
1622622743198 0.9467803015779248 237
1622622752300 0.9467803015779248 238
1622622762096 0.9467803015779248 239
1622622773167 0.9467803015779248 240
1622622782385 0.9467803015779248 241
1622622794827 0.9467803015779248 242
1622622807565 0.9467803015779248 243
1622622818106 0.9467803015779248 244
1622622828188 0.9467803015779248 245
1622622837593 0.9467803015779248 246
1622622848273 0.9467803015779248 247
1622622859647 0.9467803015779248 248
1622622869404 0.9467803015779248 249
1622622879519 0.9467803015779248 250
1622622891161 0.9467803015779248 251
1622622901578 0.9467803015779248 252
1622622912556 0.9467803015779248 253
1622622923524 0.9467803015779248 254
1622622933374 0.9467803015779248 255
1622622943251 0.9467803015779248 256
1622622953298 0.9467803015779248 257
1622622963243 0.9467803015779248 258
1622622973269 0.9467803015779248 259
1622622983428 0.9467803015779248 260
1622622995140 0.9467803015779248 261
1622623006783 0.9467803015779248 262
1622623016792 0.9467803015779248 263
1622623027727 0.9467803015779248 264
1622623037962 0.9467803015779248 265
1622623049976 0.9467803015779248 266
1622623061280 0.9467803015779248 267
1622623071907 0.9467803015779248 268
1622623082203 0.9467803015779248 269
1622623092559 0.9467803015779248 270
1622623103785 0.9467803015779248 271
1622623115864 0.9467803015779248 272
1622623127112 0.9467803015779248 273
1622623137734 0.9467803015779248 274
1622623148617 0.9467803015779248 275
1622623159803 0.9467803015779248 276
1622623170330 0.9467803015779248 277
1622623182627 0.9467803015779248 278
1622623193164 0.9467803015779248 279
1622623204375 0.9467803015779248 280
1622623215643 0.9467803015779248 281
1622623226381 0.9467803015779248 282
1622623237195 0.9467803015779248 283
1622623249121 0.9467803015779248 284
1622623263843 0.9467803015779248 285
1622623275001 0.9467803015779248 286
1622623287149 0.9467803015779248 287
1622623299187 0.9467803015779248 288
1622623310336 0.9467803015779248 289
1622623322004 0.9467803015779248 290
1622623334163 0.9467803015779248 291
1622623346276 0.9467803015779248 292
1622623357839 0.9467803015779248 293
1622623369691 0.9467803015779248 294
1622623380931 0.9467803015779248 295
1622623392472 0.9467803015779248 296
1622623403992 0.9467803015779248 297
1622623415392 0.9467803015779248 298
1622623428526 0.9467803015779248 299
1622623441779 0.9467803015779248 300
1622623454303 0.9467803015779248 301
1622623465852 0.9467803015779248 302
1622623477351 0.9467803015779248 303
1622623488878 0.9467803015779248 304
1622623500685 0.9467803015779248 305
1622623512893 0.9467803015779248 306
1622623525980 0.9467803015779248 307
1622623539396 0.9467803015779248 308
1622623552179 0.9467803015779248 309
1622623563897 0.9467803015779248 310
1622623576538 0.9467803015779248 311
1622623591847 0.9467803015779248 312
1622623605809 0.9467803015779248 313
1622623617713 0.9467803015779248 314
1622623631424 0.9467803015779248 315
1622623643323 0.9467803015779248 316
1622623656474 0.9467803015779248 317
1622623669745 0.9467803015779248 318
1622623683241 0.9467803015779248 319
1622623695649 0.9467803015779248 320
1622623708825 0.9467803015779248 321
1622623723086 0.9467803015779248 322
1622623736659 0.9467803015779248 323
1622623750927 0.9467803015779248 324
1622623763298 0.9467803015779248 325
1622623776066 0.9467803015779248 326
1622623788336 0.9467803015779248 327
1622623800948 0.9467803015779248 328
1622623814474 0.9467803015779248 329
1622623827712 0.9467803015779248 330
1622623840820 0.9467803015779248 331
1622623854354 0.9467803015779248 332
1622623866772 0.9467803015779248 333
1622623880561 0.9467803015779248 334
1622623893235 0.9467803015779248 335
1622623905895 0.9467803015779248 336
1622623919403 0.9467803015779248 337
1622623932268 0.9467803015779248 338
1622623945913 0.9467803015779248 339
1622623959298 0.9467803015779248 340
1622623972332 0.9467803015779248 341
1622623985754 0.9467803015779248 342
1622624001430 0.9467803015779248 343
1622624015936 0.9467803015779248 344
1622624031299 0.9467803015779248 345
1622624047289 0.9467803015779248 346
1622624061968 0.9467803015779248 347
1622624078738 0.9467803015779248 348
1622624091880 0.9467803015779248 349
1622624107626 0.9467803015779248 350
1622624121228 0.9467803015779248 351
1622624136094 0.9467803015779248 352
1622624150425 0.9467803015779248 353
1622624163691 0.9467803015779248 354
1622624179171 0.9467803015779248 355
1622624193594 0.9467803015779248 356
1622624206859 0.9467803015779248 357
1622624220328 0.9467803015779248 358
1622624234754 0.9467803015779248 359
1622624248252 0.9467803015779248 360
1622624262004 0.9467803015779248 361
1622624277330 0.9467803015779248 362
1622624292242 0.9467803015779248 363
1622624305872 0.9467803015779248 364
1622624320272 0.9467803015779248 365
1622624334044 0.9467803015779248 366
1622624347855 0.9467803015779248 367
1622624361639 0.9467803015779248 368
1622624376721 0.9467803015779248 369
1622624392477 0.9467803015779248 370
1622624407585 0.9467803015779248 371
1622624424113 0.9467803015779248 372
1622624438213 0.9467803015779248 373
1622624454203 0.9467803015779248 374
1622624471209 0.9467803015779248 375
1622624486243 0.9467803015779248 376
1622624500678 0.9467803015779248 377
1622624517158 0.9467803015779248 378
1622624531299 0.9467803015779248 379
1622624546047 0.9467803015779248 380
1622624562032 0.9467803015779248 381
1622624578876 0.9467803015779248 382
1622624594544 0.9467803015779248 383
1622624610161 0.9467803015779248 384
1622624626016 0.9467803015779248 385
1622624643296 0.9467803015779248 386
1622624659831 0.9467803015779248 387
1622624674551 0.9467803015779248 388
1622624691907 0.9467803015779248 389
1622624707615 0.9467803015779248 390
1622624724883 0.9467803015779248 391
1622624742155 0.9467803015779248 392
1622624758552 0.9467803015779248 393
1622624774468 0.9467803015779248 394
1622624791759 0.9467803015779248 395
1622624808657 0.9467803015779248 396
1622624823491 0.9467803015779248 397
1622624838408 0.9467803015779248 398
1622624853549 0.9467803015779248 399
1622624868881 0.9467803015779248 400
1622624884313 0.9467803015779248 401
1622624900645 0.9467803015779248 402
1622624917420 0.9467803015779248 403
1622624934968 0.9467803015779248 404
1622624951072 0.9467803015779248 405
1622624969313 0.9467803015779248 406
1622624985679 0.9467803015779248 407
1622625002958 0.9467803015779248 408
1622625019767 0.9467803015779248 409
1622625035241 0.9467803015779248 410
1622625051082 0.9467803015779248 411
1622625070030 0.9467803015779248 412
1622625086388 0.9467803015779248 413
1622625105785 0.9467803015779248 414
1622625121522 0.9467803015779248 415
1622625137086 0.9467803015779248 416
1622625153810 0.9467803015779248 417
1622625170867 0.9467803015779248 418
1622625187028 0.9467803015779248 419
1622625203817 0.9467803015779248 420
1622625219429 0.9467803015779248 421
1622625235137 0.9467803015779248 422
1622625252283 0.9467803015779248 423
1622625269587 0.9467803015779248 424
1622625286953 0.9467803015779248 425
1622625303272 0.9467803015779248 426
1622625320322 0.9467803015779248 427
1622625338471 0.9467803015779248 428
1622625356076 0.9467803015779248 429
1622625372020 0.9467803015779248 430
1622625391302 0.9467803015779248 431
1622625409038 0.9467803015779248 432
1622625427133 0.9467803015779248 433
1622625445836 0.9467803015779248 434
1622625463321 0.9467803015779248 435
1622625480682 0.9467803015779248 436
1622625498065 0.9467803015779248 437
1622625514876 0.9467803015779248 438
1622625533607 0.9467803015779248 439
1622625553286 0.9467803015779248 440
1622625569760 0.9467803015779248 441
1622625590651 0.9467803015779248 442
1622625609568 0.9467803015779248 443
1622625626080 0.9467803015779248 444
1622625643614 0.9467803015779248 445
1622625662894 0.9467803015779248 446
1622625681200 0.9467803015779248 447
1622625701096 0.9467803015779248 448
1622625719802 0.9467803015779248 449
1622625736563 0.9467803015779248 450
1622625754998 0.9467803015779248 451
1622625773629 0.9467803015779248 452
1622625790520 0.9467803015779248 453
1622625811698 0.9467803015779248 454
1622625832452 0.9467803015779248 455
1622625852617 0.9467803015779248 456
1622625871503 0.9467803015779248 457
1622625888951 0.9467803015779248 458
1622625906813 0.9467803015779248 459
1622625925129 0.9467803015779248 460
1622625944069 0.9467803015779248 461
1622625963434 0.9467803015779248 462
1622625981178 0.9467803015779248 463
1622625999520 0.9467803015779248 464
1622626018962 0.9467803015779248 465
1622626037062 0.9467803015779248 466
1622626056450 0.9467803015779248 467
1622626078053 0.9467803015779248 468
1622626097834 0.9467803015779248 469
1622626117252 0.9467803015779248 470
1622626137764 0.9467803015779248 471
1622626156442 0.9467803015779248 472
1622626175754 0.9467803015779248 473
1622626196799 0.9467803015779248 474
1622626215412 0.9467803015779248 475
1622626233955 0.9467803015779248 476
1622626252624 0.9467803015779248 477
1622626273570 0.9467803015779248 478
1622626294223 0.9467803015779248 479
1622626312059 0.9467803015779248 480
1622626329782 0.9467803015779248 481
1622626347625 0.9467803015779248 482
1622626365471 0.9467803015779248 483
1622626383347 0.9467803015779248 484
1622626401347 0.9467803015779248 485
1622626419241 0.9467803015779248 486
1622626439597 0.9467803015779248 487
1622626458454 0.9467803015779248 488
1622626476386 0.9467803015779248 489
1622626494517 0.9467803015779248 490
1622626513620 0.9467803015779248 491
1622626531899 0.9467803015779248 492
1622626550232 0.9467803015779248 493
1622626568471 0.9467803015779248 494
1622626586757 0.9467803015779248 495
1622626605098 0.9467803015779248 496
1622626623418 0.9467803015779248 497
1622626641804 0.9467803015779248 498
1622626660237 0.9467803015779248 499
1622626678744 0.9467803015779248 500
