1622709719623 0.9459142484278487 0
1622709721808 0.9450944780662877 1
1622709723950 0.9444148676304678 2
1622709726213 0.9444148676304678 3
1622709728661 0.9444148676304678 4
1622709731239 0.9444148676304678 5
1622709733991 0.9444148676304678 6
1622709736837 0.9444148676304678 7
1622709739896 0.9444148676304678 8
1622709743065 0.9444148676304678 9
1622709746413 0.9444148676304678 10
1622709749963 0.9444148676304678 11
1622709753578 0.9444148676304678 12
1622709757426 0.9444148676304678 13
1622709761421 0.9444148676304678 14
1622709765522 0.9444148676304678 15
1622709769854 0.9444148676304678 16
1622709774264 0.9444148676304678 17
1622709778889 0.9444148676304678 18
1622709783620 0.9444148676304678 19
1622709788554 0.9444148676304678 20
1622709793646 0.9444148676304678 21
1622709798859 0.9444148676304678 22
1622709804230 0.9444148676304678 23
1622709809715 0.9444148676304678 24
1622709815391 0.9444148676304678 25
1622709821291 0.9444148676304678 26
1622709827385 0.9444148676304678 27
1622709833480 0.9444148676304678 28
1622709839705 0.9444148676304678 29
1622709846208 0.9444148676304678 30
1622709852747 0.9444148676304678 31
1622709859434 0.9444148676304678 32
1622709866331 0.9444148676304678 33
1622709873459 0.9444148676304678 34
1622709880682 0.9444148676304678 35
1622709888097 0.9444148676304678 36
1622709895564 0.9444148676304678 37
1622709903308 0.9444148676304678 38
1622709911190 0.9444148676304678 39
1622709919197 0.9444148676304678 40
1622709927501 0.9444148676304678 41
1622709935878 0.9444148676304678 42
1622709944361 0.9444148676304678 43
1622709953025 0.9444148676304678 44
1622709961811 0.9444148676304678 45
1622709970678 0.9444148676304678 46
1622709979744 0.9444148676304678 47
1622709989036 0.9444148676304678 48
1622709998338 0.9444148676304678 49
1622710007881 0.9444148676304678 50
1622710017646 0.9444148676304678 51
1622710027541 0.9444148676304678 52
1622710037469 0.9444148676304678 53
1622710047622 0.9444148676304678 54
1622710057946 0.9444148676304678 55
1622710068379 0.9444148676304678 56
1622710079050 0.9444148676304678 57
1622710089903 0.9444148676304678 58
1622710100780 0.9444148676304678 59
1622710111801 0.9444148676304678 60
1622710123157 0.9444148676304678 61
1622710134553 0.9444148676304678 62
1622710146039 0.9444148676304678 63
1622710157798 0.9444148676304678 64
1622710169549 0.9444148676304678 65
1622710181507 0.9444148676304678 66
1622710193835 0.9444148676304678 67
1622710206230 0.9444148676304678 68
1622710218821 0.9444148676304678 69
1622710231389 0.9444148676304678 70
1622710244029 0.9444148676304678 71
1622710256944 0.9444148676304678 72
1622710270017 0.9444148676304678 73
1622710283196 0.9444148676304678 74
1622710296671 0.9444148676304678 75
1622710310367 0.9444148676304678 76
1622710324206 0.9444148676304678 77
1622710338093 0.9444148676304678 78
1622710352158 0.9444148676304678 79
1622710366414 0.9444148676304678 80
1622710380704 0.9444148676304678 81
1622710395172 0.9444148676304678 82
1622710409779 0.9444148676304678 83
1622710424656 0.9444148676304678 84
1622710439573 0.9444148676304678 85
1622710454658 0.9444148676304678 86
1622710469986 0.9444148676304678 87
1622710485408 0.9444148676304678 88
1622710500944 0.9444148676304678 89
1622710516593 0.9444148676304678 90
1622710532680 0.9444148676304678 91
1622710548704 0.9444148676304678 92
1622710565013 0.9444148676304678 93
1622710581436 0.9444148676304678 94
1622710597972 0.9444148676304678 95
1622710614628 0.9444148676304678 96
1622710631561 0.9444148676304678 97
1622710648512 0.9444148676304678 98
1622710665614 0.9444148676304678 99
1622710682960 0.9444148676304678 100
1622710700363 0.9444148676304678 101
1622710717783 0.9444148676304678 102
1622710735415 0.9444148676304678 103
1622710753294 0.9444148676304678 104
1622710771162 0.9444148676304678 105
1622710789308 0.9444148676304678 106
1622710807585 0.9444148676304678 107
1622710826181 0.9444148676304678 108
1622710845046 0.9444148676304678 109
1622710863861 0.9444148676304678 110
1622710882746 0.9444148676304678 111
1622710901832 0.9444148676304678 112
1622710921134 0.9444148676304678 113
1622710940626 0.9444148676304678 114
1622710960145 0.9444148676304678 115
1622710979767 0.9444148676304678 116
1622710999788 0.9444148676304678 117
1622711019933 0.9444148676304678 118
1622711040115 0.9444148676304678 119
1622711060538 0.9444148676304678 120
1622711081095 0.9444148676304678 121
1622711101639 0.9444148676304678 122
1622711122402 0.9444148676304678 123
1622711143307 0.9444148676304678 124
1622711164555 0.9444148676304678 125
1622711185899 0.9444148676304678 126
1622711207552 0.9444148676304678 127
1622711229129 0.9444148676304678 128
1622711250841 0.9444148676304678 129
1622711272775 0.9444148676304678 130
1622711294745 0.9444148676304678 131
1622711316885 0.9444148676304678 132
1622711339178 0.9444148676304678 133
1622711361684 0.9444148676304678 134
1622711384469 0.9444148676304678 135
1622711407523 0.9444148676304678 136
1622711430548 0.9444148676304678 137
1622711453681 0.9444148676304678 138
1622711477028 0.9444148676304678 139
1622711500540 0.9444148676304678 140
1622711524023 0.9444148676304678 141
1622711547707 0.9444148676304678 142
1622711571435 0.9444148676304678 143
1622711595612 0.9444148676304678 144
1622711619790 0.9444148676304678 145
1622711644197 0.9444148676304678 146
1622711668746 0.9444148676304678 147
1622711693353 0.9444148676304678 148
1622711718220 0.9444148676304678 149
1622711743128 0.9444148676304678 150
1622711768539 0.9444148676304678 151
1622711793833 0.9444148676304678 152
1622711818995 0.9444148676304678 153
1622711844599 0.9444148676304678 154
1622711870376 0.9444148676304678 155
1622711896441 0.9444148676304678 156
1622711922446 0.9444148676304678 157
1622711948653 0.9444148676304678 158
1622711975066 0.9444148676304678 159
1622712001619 0.9444148676304678 160
1622712028063 0.9444148676304678 161
1622712055024 0.9444148676304678 162
1622712081967 0.9444148676304678 163
1622712109249 0.9444148676304678 164
1622712136621 0.9444148676304678 165
1622712164142 0.9444148676304678 166
1622712191833 0.9444148676304678 167
1622712219400 0.9444148676304678 168
1622712247381 0.9444148676304678 169
1622712275336 0.9444148676304678 170
1622712303362 0.9444148676304678 171
1622712331659 0.9444148676304678 172
1622712360226 0.9444148676304678 173
1622712389156 0.9444148676304678 174
1622712418136 0.9444148676304678 175
1622712447174 0.9444148676304678 176
1622712476435 0.9444148676304678 177
1622712505616 0.9444148676304678 178
1622712534999 0.9444148676304678 179
1622712564671 0.9444148676304678 180
1622712594453 0.9444148676304678 181
1622712624148 0.9444148676304678 182
1622712654349 0.9444148676304678 183
1622712684557 0.9444148676304678 184
1622712714978 0.9444148676304678 185
1622712745477 0.9444148676304678 186
1622712776131 0.9444148676304678 187
1622712807019 0.9444148676304678 188
1622712837992 0.9444148676304678 189
1622712869205 0.9444148676304678 190
1622712900753 0.9444148676304678 191
1622712932371 0.9444148676304678 192
1622712964154 0.9444148676304678 193
1622712996194 0.9444148676304678 194
1622713028194 0.9444148676304678 195
1622713060553 0.9444148676304678 196
1622713093231 0.9444148676304678 197
1622713125833 0.9444148676304678 198
1622713158555 0.9444148676304678 199
1622713191274 0.9444148676304678 200
1622713224019 0.9444148676304678 201
