1622734030643 0.006 0
1622734031167 0.403 1
1622734031701 0.414 2
1622734032266 0.445 3
1622734032860 0.48 4
1622734033489 0.516 5
1622734034152 0.55 6
1622734034850 0.585 7
1622734035590 0.627 8
1622734036369 0.666 9
1622734037180 0.699 10
1622734038022 0.73 11
1622734038900 0.765 12
1622734039819 0.806 13
1622734040760 0.829 14
1622734041736 0.863 15
1622734042743 0.896 16
1622734043814 0.958 17
1622734044916 0.982 18
1622734046937 1.831 19
1622734048210 1.129 20
1622734049406 1.081 21
1622734050636 1.116 22
1622734051894 1.143 23
1622734053212 1.205 24
1622734054538 1.214 25
1622734055938 1.287 26
1622734057372 1.319 27
1622734058830 1.344 28
1622734060326 1.382 29
1622734061844 1.403 30
1622734063437 1.478 31
1622734065034 1.482 32
1622734066668 1.521 33
1622734068347 1.562 34
1622734070034 1.571 35
1622734071772 1.622 36
1622734073529 1.643 37
1622734075328 1.685 38
1622734077177 1.735 39
1622734079067 1.776 40
1622734080982 1.801 41
1622734082938 1.844 42
1622734084939 1.886 43
1622734087000 1.945 44
1622734089105 1.989 45
1622734091235 2.015 46
1622734093386 2.037 47
1622734095548 2.048 48
1622734097748 2.089 49
1622734099959 2.099 50
1622734102238 2.166 51
1622734104555 2.204 52
1622734106898 2.234 53
1622734109306 2.296 54
1622734111735 2.315 55
1622734114202 2.353 56
1622734116685 2.368 57
1622734119182 2.382 58
1622734121754 2.458 59
1622734124336 2.469 60
1622734127019 2.569 61
1622734129694 2.56 62
1622734132393 2.586 63
1622734135133 2.627 64
1622734137906 2.66 65
1622734140686 2.666 66
1622734143536 2.737 67
1622734146388 2.741 68
1622734149335 2.834 69
1622734152314 2.864 70
1622734155324 2.895 71
1622734158360 2.921 72
1622734161445 2.969 73
1622734164518 2.959 74
1622734167694 3.062 75
1622734170859 3.052 76
1622734174093 3.118 77
1622734177355 3.147 78
1622734180644 3.177 79
1622734183949 3.191 80
1622734187313 3.247 81
1622734190669 3.239 82
1622734194062 3.28 83
1622734197487 3.311 84
1622734200984 3.381 85
1622734204503 3.407 86
1622734208058 3.441 87
1622734211656 3.483 88
1622734215271 3.498 89
1622734218952 3.562 90
1622734222674 3.605 91
1622734226433 3.644 92
1622734230211 3.667 93
1622734234013 3.687 94
1622734237871 3.743 95
1622734241747 3.761 96
1622734245663 3.802 97
1622734249637 3.862 98
1622734253635 3.884 99
1622734257669 3.92 100
1622734261724 3.939 101
1622734265893 4.053 102
1622734270026 4.017 103
1622734274190 4.049 104
1622734278470 4.165 105
1622734282720 4.136 106
1622734286992 4.159 107
1622734291327 4.222 108
1622734295712 4.27 109
1622734300131 4.302 110
1622734304528 4.281 111
1622734308990 4.346 112
1622734313492 4.384 113
1622734318030 4.422 114
1622734322601 4.456 115
1622734327238 4.522 116
1622734331881 4.53 117
1622734336578 4.583 118
1622734341304 4.613 119
1622734346077 4.657 120
1622734350891 4.701 121
1622734355757 4.751 122
1622734360617 4.747 123
1622734365516 4.786 124
1622734370453 4.824 125
1622734375438 4.872 126
1622734380438 4.888 127
1622734385496 4.944 128
1622734390584 4.974 129
1622734395702 5.005 130
1622734400809 4.993 131
1622734405937 5.015 132
1622734411160 5.109 133
1622734416416 5.142 134
1622734421755 5.225 135
1622734427075 5.206 136
1622734432425 5.237 137
1622734437852 5.313 138
1622734443291 5.323 139
1622734448772 5.363 140
1622734454253 5.364 141
1622734459826 5.457 142
1622734465364 5.424 143
1622734470968 5.491 144
1622734476642 5.559 145
1622734482324 5.566 146
1622734488076 5.636 147
1622734493839 5.649 148
1622734499619 5.664 149
1622734506380 6.647 150
1622734512219 5.725 151
1622734518078 5.745 152
1622734523985 5.796 153
1622734529915 5.817 154
1622734535884 5.856 155
1622734541905 5.911 156
1622734547957 5.942 157
1622734553994 5.925 158
1622734560091 5.984 159
1622734566251 6.046 160
1622734572389 6.023 161
1622734578610 6.109 162
1622734584856 6.136 163
1622734591142 6.173 164
1622734597423 6.169 165
1622734603843 6.308 166
1622734610199 6.245 167
1622734616600 6.29 168
1622734623071 6.359 169
1622734629585 6.401 170
1622734636097 6.397 171
1622734642606 6.396 172
1622734649208 6.486 173
1622734655812 6.489 174
1622734662462 6.537 175
1622734669206 6.632 176
1622734675898 6.58 177
1622734682684 6.673 178
1622734689539 6.74 179
1622734696431 6.778 180
1622734703285 6.743 181
1622734710234 6.834 182
1622734717175 6.828 183
1622734724161 6.873 184
1622734731226 6.95 185
1622734738331 6.992 186
1622734745386 6.943 187
1622734752512 7.013 188
1622734759774 7.149 189
1622734766943 7.058 190
1622734774258 7.202 191
1622734781585 7.215 192
1622734788874 7.178 193
1622734796199 7.211 194
1622734803535 7.225 195
1622734810957 7.309 196
1622734818420 7.35 197
1622734825957 7.423 198
1622734833463 7.393 199
1622734841079 7.505 200
1622734848732 7.541 201
1622734856370 7.525 202
1622734864032 7.548 203
1622734871724 7.578 204
1622734879459 7.621 205
1622734887247 7.673 206
1622734895013 7.651 207
1622734902900 7.771 208
1622734910840 7.826 209
1622734918808 7.852 210
1622734926790 7.868 211
1622734934845 7.942 212
1622734942860 7.9 213
1622734950909 7.936 214
1622734959037 8.016 215
1622734967156 8.006 216
1622734975408 8.138 217
1622734983601 8.077 218
1622734991859 8.142 219
1622735000102 8.128 220
1622735008525 8.306 221
1622735016840 8.202 222
1622735025263 8.308 223
1622735033686 8.308 224
1622735042207 8.405 225
1622735050721 8.398 226
1622735059244 8.408 227
1622735067840 8.481 228
1622735076511 8.552 229
1622735085087 8.464 230
1622735093840 8.639 231
1622735102570 8.616 232
1622735111367 8.682 233
1622735120120 8.641 234
1622735128930 8.697 235
1622735137913 8.869 236
1622735146791 8.762 237
1622735155753 8.843 238
1622735164700 8.833 239
1622735173695 8.88 240
1622735182735 8.923 241
1622735191807 8.957 242
1622735200959 9.037 243
1622735210124 9.052 244
1622735219316 9.076 245
1622735228558 9.128 246
1622735237855 9.183 247
1622735247209 9.241 248
1622735256582 9.259 249
1622735265930 9.234 250
1622735275391 9.347 251
1622735284846 9.343 252
1622735294329 9.373 253
1622735303870 9.43 254
1622735313403 9.42 255
1622735323050 9.534 256
1622735332607 9.445 257
1622735342196 9.48 258
1622735351884 9.577 259
1622735361647 9.651 260
1622735371429 9.668 261
1622735381243 9.701 262
1622735391159 9.8 263
1622735401053 9.779 264
1622735410984 9.818 265
1622735420908 9.811 266
1622735430877 9.858 267
1622735440896 9.907 268
1622735450941 9.932 269
1622735461034 9.98 270
1622735471119 9.972 271
1622735481241 10.008 272
1622735491488 10.134 273
1622735501733 10.133 274
1622735512023 10.175 275
1622735522357 10.219 276
1622735532712 10.241 277
1622735543118 10.291 278
1622735553486 10.254 279
1622735563921 10.322 280
1622735574408 10.372 281
1622735584922 10.399 282
1622735595452 10.416 283
1622735606013 10.446 284
1622735616662 10.532 285
1622735627278 10.498 286
1622735637989 10.598 287
1622735648677 10.576 288
1622735659408 10.617 289
1622735670200 10.678 290
1622735681035 10.722 291
1622735691913 10.76 292
1622735702821 10.792 293
1622735713761 10.826 294
1622735724761 10.885 295
1622735735789 10.913 296
1622735746885 10.982 297
1622735758007 11.006 298
1622735769145 11.021 299
1622735780327 11.066 300
1622735791493 11.05 301
1622735802700 11.093 302
1622735813949 11.134 303
1622735825342 11.277 304
1622735836632 11.174 305
1622735848085 11.336 306
1622735859486 11.286 307
1622735870902 11.3 308
1622735882415 11.397 309
1622735893980 11.447 310
1622735905538 11.442 311
1622735917157 11.506 312
1622735928776 11.502 313
1622735940444 11.553 314
1622735952126 11.568 315
1622735963916 11.678 316
1622735975641 11.613 317
1622735987453 11.698 318
1622735999309 11.742 319
1622736011185 11.762 320
1622736023082 11.784 321
1622736035008 11.808 322
1622736046993 11.867 323
1622736059001 11.894 324
1622736071007 11.89 325
1622736083078 11.958 326
1622736095216 12.021 327
1622736107430 12.101 328
1622736119689 12.144 329
1622736131958 12.155 330
1622736144218 12.145 331
1622736156552 12.219 332
1622736168924 12.258 333
1622736181332 12.293 334
1622736193705 12.26 335
1622736206214 12.396 336
1622736218697 12.367 337
1622736231233 12.424 338
1622736243800 12.453 339
1622736256308 12.395 340
1622736268977 12.558 341
1622736281688 12.596 342
1622736294377 12.575 343
1622736307060 12.566 344
1622736319830 12.655 345
1622736332527 12.584 346
1622736345363 12.723 347
1622736358263 12.787 348
1622736371222 12.846 349
1622736384166 12.833 350
1622736397198 12.919 351
1622736410179 12.866 352
1622736423206 12.913 353
1622736436352 13.031 354
1622736449450 12.987 355
1622736462666 13.103 356
1622736475847 13.068 357
1622736489168 13.211 358
1622736502476 13.195 359
1622736515839 13.252 360
1622736529216 13.265 361
1622736542534 13.206 362
1622736555949 13.302 363
1622736569412 13.35 364
1622736582940 13.414 365
1622736596498 13.444 366
1622736610046 13.435 367
1622736623690 13.532 368
1622736637204 13.4 369
1622736650858 13.539 370
1622736664584 13.611 371
1622736678337 13.638 372
1622736692131 13.68 373
1622736705823 13.576 374
1622736719686 13.75 375
1622736733571 13.77 376
1622736747542 13.858 377
1622736761544 13.887 378
1622736775524 13.864 379
1622736789574 13.936 380
1622736803640 13.95 381
1622736817682 13.926 382
1622736831836 14.039 383
1622736845991 14.041 384
1622736860237 14.133 385
1622736874494 14.145 386
1622736888811 14.204 387
1622736903046 14.125 388
1622736917358 14.201 389
1622736931749 14.277 390
1622736946217 14.355 391
1622736960676 14.343 392
1622736975161 14.371 393
1622736989698 14.423 394
1622737004271 14.459 395
1622737018826 14.444 396
1622737033513 14.572 397
1622737048191 14.563 398
1622737062817 14.511 399
1622737077616 14.684 400
1622737092447 14.716 401
1622737107230 14.666 402
1622737122106 14.762 403
1622737136995 14.774 404
1622737151882 14.774 405
1622737166867 14.87 406
1622737181869 14.887 407
1622737196821 14.838 408
1622737211898 14.962 409
1622737226985 14.973 410
1622737242150 15.049 411
1622737257272 15.006 412
1622737272463 15.074 413
1622737287671 15.093 414
1622737303045 15.259 415
1622737318285 15.125 416
1622737333648 15.247 417
1622737349022 15.262 418
1622737364478 15.342 419
1622737379810 15.217 420
1622737395227 15.303 421
1622737410760 15.421 422
1622737426382 15.507 423
1622737441905 15.407 424
1622737457623 15.603 425
1622737473328 15.589 426
1622737489089 15.646 427
1622737504838 15.633 428
1622737520582 15.627 429
1622737536396 15.697 430
1622737552318 15.807 431
1622737568127 15.693 432
1622737583987 15.743 433
1622737599924 15.821 434
1622737615861 15.824 435
1622737631818 15.844 436
1622737647737 15.808 437
1622737663796 15.941 438
1622737679953 16.037 439
1622737696100 16.034 440
1622737712236 16.025 441
1622737728466 16.114 442
1622737744749 16.169 443
1622737761085 16.22 444
1622737777407 16.206 445
1622737793789 16.266 446
1622737810271 16.367 447
1622737826713 16.328 448
1622737843176 16.35 449
1622737859684 16.394 450
1622737876116 16.317 451
1622737892518 16.288 452
1622737909130 16.497 453
1622737925810 16.567 454
1622737942469 16.545 455
1622737959176 16.59 456
1622737975977 16.686 457
1622737992658 16.568 458
1622738009340 16.567 459
1622738026148 16.692 460
1622738043021 16.758 461
1622738060016 16.883 462
1622738076949 16.822 463
1622738093968 16.907 464
1622738110948 16.867 465
1622738127955 16.894 466
1622738145041 16.976 467
1622738162280 17.126 468
1622738179419 17.025 469
1622738196607 17.074 470
1622738213822 17.1 471
1622738231075 17.141 472
1622738248374 17.187 473
1622738265672 17.184 474
1622738283040 17.257 475
1622738300540 17.389 476
1622738318011 17.359 477
1622738335509 17.385 478
1622738353037 17.417 479
1622738370514 17.367 480
1622738388092 17.463 481
1622738405690 17.48 482
1622738423351 17.547 483
1622738441057 17.594 484
1622738458895 17.726 485
1622738476658 17.648 486
1622738494488 17.712 487
1622738512370 17.767 488
1622738530464 17.98 489
1622738548451 17.874 490
1622738566449 17.879 491
1622738584428 17.863 492
1622738602502 17.96 493
1622738620725 18.109 494
1622738638866 18.028 495
1622738657046 18.067 496
1622738675241 18.082 497
1622738693490 18.134 498
1622738711787 18.184 499
1622738730116 18.215 500
