1622900352973 -236.8772799772928 0
1622900355337 -236.8772799772928 1
1622900357075 -236.8772799772928 2
1622900359139 -236.8772799772928 3
1622900361566 -236.8772799772928 4
1622900364375 -236.8772799772928 5
1622900367538 -236.8772799772928 6
1622900371046 -236.8772799772928 7
1622900374932 -236.8772799772928 8
1622900379198 -236.8772799772928 9
1622900383836 -236.8772799772928 10
1622900388805 -236.8772799772928 11
1622900394163 -236.8772799772928 12
1622900399886 -236.8772799772928 13
1622900405906 -236.8772799772928 14
1622900412968 -236.8772799772928 15
1622900420055 -236.8772799772928 16
1622900427991 -236.8772799772928 17
1622900435461 -236.8772799772928 18
1622900443238 -236.8772799772928 19
1622900452884 -236.8772799772928 20
1622900461379 -236.8772799772928 21
1622900470282 -236.8772799772928 22
1622900480572 -236.8772799772928 23
1622900490817 -236.8772799772928 24
1622900502521 -236.8772799772928 25
1622900512784 -236.8772799772928 26
1622900523406 -236.8772799772928 27
1622900534393 -236.8772799772928 28
1622900545753 -236.8772799772928 29
1622900557425 -236.8772799772928 30
1622900569505 -236.8772799772928 31
1622900582775 -236.8772799772928 32
1622900595640 -236.8772799772928 33
1622900608699 -236.8772799772928 34
1622900622242 -236.8772799772928 35
1622900636095 -236.8772799772928 36
1622900650327 -236.8772799772928 37
1622900664873 -236.8772799772928 38
1622900679756 -236.8772799772928 39
1622900695060 -236.8772799772928 40
1622900711573 -236.8772799772928 41
1622900727612 -236.8772799772928 42
1622900743898 -236.8772799772928 43
1622900760716 -236.8772799772928 44
1622900777839 -236.8772799772928 45
1622900795270 -236.8772799772928 46
1622900813084 -236.8772799772928 47
1622900831204 -236.8772799772928 48
1622900849672 -236.8772799772928 49
1622900868525 -236.8772799772928 50
1622900887606 -236.8772799772928 51
1622900907005 -236.8772799772928 52
1622900926853 -236.8772799772928 53
1622900947015 -236.8772799772928 54
1622900967460 -236.8772799772928 55
1622900988324 -236.8772799772928 56
1622901009577 -236.8772799772928 57
1622901031113 -236.8772799772928 58
1622901053134 -236.8772799772928 59
1622901075323 -236.8772799772928 60
1622901097971 -236.8772799772928 61
1622901120993 -236.8772799772928 62
1622901145440 -236.8772799772928 63
1622901169427 -236.8772799772928 64
1622901193659 -236.8772799772928 65
1622901218156 -236.8772799772928 66
1622901242923 -236.8772799772928 67
1622901269009 -236.8772799772928 68
1622901294864 -236.8772799772928 69
1622901320572 -236.8772799772928 70
1622901346760 -236.8772799772928 71
1622901373147 -236.8772799772928 72
1622901400889 -236.8772799772928 73
1622901428983 -236.8772799772928 74
1622901456446 -236.8772799772928 75
1622901484074 -236.8772799772928 76
1622901512190 -236.8772799772928 77
1622901540621 -236.8772799772928 78
1622901569498 -236.8772799772928 79
1622901598733 -236.8772799772928 80
1622901628277 -236.8772799772928 81
1622901658281 -236.8772799772928 82
1622901688611 -236.8772799772928 83
1622901719527 -236.8772799772928 84
1622901750574 -236.8772799772928 85
1622901782214 -236.8772799772928 86
1622901814100 -236.8772799772928 87
1622901847445 -236.8772799772928 88
1622901881450 -236.8772799772928 89
1622901914930 -236.8772799772928 90
1622901948090 -236.8772799772928 91
1622901981451 -236.8772799772928 92
1622902015414 -236.8772799772928 93
1622902051456 -236.8772799772928 94
1622902088181 -236.8772799772928 95
1622902123051 -236.8772799772928 96
1622902158940 -236.8772799772928 97
1622902194379 -236.8772799772928 98
1622902230178 -236.8772799772928 99
1622902266205 -236.8772799772928 100
1622902302632 -236.8772799772928 101
1622902339533 -236.8772799772928 102
1622902376763 -236.8772799772928 103
1622902414419 -236.8772799772928 104
1622902453282 -236.8772799772928 105
1622902492753 -236.8772799772928 106
1622902531524 -236.8772799772928 107
1622902570619 -236.8772799772928 108
1622902610099 -236.8772799772928 109
1622902649917 -236.8772799772928 110
1622902691106 -236.8772799772928 111
1622902732419 -236.8772799772928 112
1622902775340 -236.8772799772928 113
1622902816600 -236.8772799772928 114
1622902858048 -236.8772799772928 115
1622902900062 -236.8772799772928 116
1622902942430 -236.8772799772928 117
1622902985196 -236.8772799772928 118
1622903027955 -236.8772799772928 119
1622903071010 -236.8772799772928 120
1622903114535 -236.8772799772928 121
1622903158183 -236.8772799772928 122
1622903202546 -236.8772799772928 123
1622903247027 -236.8772799772928 124
1622903293452 -236.8772799772928 125
1622903338407 -236.8772799772928 126
1622903383158 -236.8772799772928 127
1622903428372 -236.8772799772928 128
1622903473513 -236.8772799772928 129
1622903519165 -236.8772799772928 130
1622903565352 -236.8772799772928 131
1622903611567 -236.8772799772928 132
1622903658110 -236.8772799772928 133
1622903705405 -236.8772799772928 134
1622903752866 -236.8772799772928 135
1622903800713 -236.8772799772928 136
1622903849046 -236.8772799772928 137
1622903897591 -236.8772799772928 138
1622903946539 -236.8772799772928 139
1622903995741 -236.8772799772928 140
1622904046931 -236.8772799772928 141
1622904096797 -236.8772799772928 142
1622904147150 -236.8772799772928 143
1622904199678 -236.8772799772928 144
1622904250758 -236.8772799772928 145
1622904302249 -236.8772799772928 146
1622904353915 -236.8772799772928 147
1622904407403 -236.8772799772928 148
1622904459742 -236.8772799772928 149
1622904512630 -236.8772799772928 150
1622904566887 -236.8772799772928 151
1622904624776 -236.8772799772928 152
1622904678634 -236.8772799772928 153
1622904732619 -236.8772799772928 154
1622904787069 -236.8772799772928 155
1622904842084 -236.8772799772928 156
1622904897367 -236.8772799772928 157
1622904953163 -236.8772799772928 158
1622905011766 -236.8772799772928 159
1622905068937 -236.8772799772928 160
1622905126605 -236.8772799772928 161
1622905184056 -236.8772799772928 162
1622905243197 -236.8772799772928 163
1622905300815 -236.8772799772928 164
1622905358983 -236.8772799772928 165
1622905417126 -236.8772799772928 166
1622905475928 -236.8772799772928 167
1622905535277 -236.8772799772928 168
1622905594756 -236.8772799772928 169
1622905654675 -236.8772799772928 170
1622905714793 -236.8772799772928 171
1622905775290 -236.8772799772928 172
1622905837936 -236.8772799772928 173
1622905901038 -236.8772799772928 174
1622905964512 -236.8772799772928 175
1622906030927 -236.8772799772928 176
1622906096215 -236.8772799772928 177
1622906161943 -236.8772799772928 178
1622906228374 -236.8772799772928 179
1622906293747 -236.8772799772928 180
1622906360308 -236.8772799772928 181
1622906426416 -236.8772799772928 182
1622906495664 -236.8772799772928 183
1622906562084 -236.8772799772928 184
1622906630144 -236.8772799772928 185
1622906697921 -236.8772799772928 186
1622906765405 -236.8772799772928 187
1622906836482 -236.8772799772928 188
1622906904867 -236.8772799772928 189
1622906974421 -236.8772799772928 190
1622907044018 -236.8772799772928 191
1622907113387 -236.8772799772928 192
1622907183302 -236.8772799772928 193
1622907253718 -236.8772799772928 194
1622907325391 -236.8772799772928 195
1622907396389 -236.8772799772928 196
1622907467928 -236.8772799772928 197
1622907539708 -236.8772799772928 198
1622907611778 -236.8772799772928 199
1622907685507 -236.8772799772928 200
1622907759257 -236.8772799772928 201
1622907836414 -236.8772799772928 202
1622907911270 -236.8772799772928 203
1622907986586 -236.8772799772928 204
1622908061373 -236.8772799772928 205
1622908135990 -236.8772799772928 206
1622908213185 -236.8772799772928 207
1622908290531 -236.8772799772928 208
1622908369643 -236.8772799772928 209
1622908446898 -236.8772799772928 210
1622908524726 -236.8772799772928 211
1622908602542 -236.8772799772928 212
1622908682061 -236.8772799772928 213
1622908760657 -236.8772799772928 214
1622908839562 -236.8772799772928 215
1622908919853 -236.8772799772928 216
1622908999512 -236.8772799772928 217
1622909081741 -236.8772799772928 218
1622909160906 -236.8772799772928 219
1622909242466 -236.8772799772928 220
1622909322255 -236.8772799772928 221
1622909403101 -236.8772799772928 222
1622909485175 -236.8772799772928 223
1622909567201 -236.8772799772928 224
1622909648765 -236.8772799772928 225
1622909730912 -236.8772799772928 226
1622909814102 -236.8772799772928 227
1622909896560 -236.8772799772928 228
1622909978766 -236.8772799772928 229
1622910061364 -236.8772799772928 230
1622910144645 -236.8772799772928 231
1622910229064 -236.8772799772928 232
1622910313378 -236.8772799772928 233
1622910398096 -236.8772799772928 234
1622910483982 -236.8772799772928 235
1622910571209 -236.8772799772928 236
1622910656799 -236.8772799772928 237
1622910743072 -236.8772799772928 238
1622910829646 -236.8772799772928 239
1622910916262 -236.8772799772928 240
1622911008590 -236.8772799772928 241
1622911095979 -236.8772799772928 242
1622911185768 -236.8772799772928 243
1622911273921 -236.8772799772928 244
1622911364534 -236.8772799772928 245
1622911454436 -236.8772799772928 246
1622911543428 -236.8772799772928 247
1622911632645 -236.8772799772928 248
1622911722747 -236.8772799772928 249
1622911812559 -236.8772799772928 250
1622911904714 -236.8772799772928 251
1622911995120 -236.8772799772928 252
1622912086838 -236.8772799772928 253
1622912178779 -236.8772799772928 254
1622912271091 -236.8772799772928 255
1622912363947 -236.8772799772928 256
1622912457332 -236.8772799772928 257
1622912550471 -236.8772799772928 258
1622912643842 -236.8772799772928 259
1622912737795 -236.8772799772928 260
1622912830602 -236.8772799772928 261
1622912925057 -236.8772799772928 262
1622913018520 -236.8772799772928 263
1622913111988 -236.8772799772928 264
1622913206036 -236.8772799772928 265
1622913299867 -236.8772799772928 266
1622913394787 -236.8772799772928 267
1622913488733 -236.8772799772928 268
1622913585535 -236.8772799772928 269
1622913679680 -236.8772799772928 270
1622913773994 -236.8772799772928 271
1622913868921 -236.8772799772928 272
1622913966244 -236.8772799772928 273
1622914064082 -236.8772799772928 274
1622914159843 -236.8772799772928 275
1622914258022 -236.8772799772928 276
1622914355272 -236.8772799772928 277
1622914454965 -236.8772799772928 278
1622914552734 -236.8772799772928 279
1622914651578 -236.8772799772928 280
1622914750369 -236.8772799772928 281
1622914848990 -236.8772799772928 282
1622914947627 -236.8772799772928 283
1622915047089 -236.8772799772928 284
1622915146470 -236.8772799772928 285
1622915246079 -236.8772799772928 286
1622915347728 -236.8772799772928 287
1622915448600 -236.8772799772928 288
1622915550602 -236.8772799772928 289
1622915653046 -236.8772799772928 290
1622915754769 -236.8772799772928 291
1622915857560 -236.8772799772928 292
1622915960943 -236.8772799772928 293
1622916066854 -236.8772799772928 294
1622916174775 -236.8772799772928 295
1622916279552 -236.8772799772928 296
1622916383420 -236.8772799772928 297
1622916491125 -236.8772799772928 298
1622916599559 -236.8772799772928 299
1622916704131 -236.8772799772928 300
1622916810800 -236.8772799772928 301
1622916916641 -236.8772799772928 302
1622917024437 -236.8772799772928 303
1622917133827 -236.8772799772928 304
1622917244552 -236.8772799772928 305
1622917353895 -236.8772799772928 306
1622917463688 -236.8772799772928 307
1622917571583 -236.8772799772928 308
1622917679417 -236.8772799772928 309
1622917791825 -236.8772799772928 310
1622917904302 -236.8772799772928 311
1622918014849 -236.8772799772928 312
1622918128114 -236.8772799772928 313
1622918238565 -236.8772799772928 314
1622918349517 -236.8772799772928 315
1622918461342 -236.8772799772928 316
1622918573565 -236.8772799772928 317
1622918684931 -236.8772799772928 318
1622918797874 -236.8772799772928 319
1622918909894 -236.8772799772928 320
1622919024222 -236.8772799772928 321
1622919139419 -236.8772799772928 322
1622919253692 -236.8772799772928 323
1622919367335 -236.8772799772928 324
1622919481549 -236.8772799772928 325
1622919598845 -236.8772799772928 326
1622919714405 -236.8772799772928 327
1622919829545 -236.8772799772928 328
1622919945092 -236.8772799772928 329
1622920061631 -236.8772799772928 330
1622920177783 -236.8772799772928 331
1622920294219 -236.8772799772928 332
1622920410948 -236.8772799772928 333
1622920531461 -236.8772799772928 334
1622920651026 -236.8772799772928 335
1622920770752 -236.8772799772928 336
1622920893075 -236.8772799772928 337
1622921012863 -236.8772799772928 338
1622921133319 -236.8772799772928 339
1622921254192 -236.8772799772928 340
1622921377029 -236.8772799772928 341
1622921501504 -236.8772799772928 342
1622921622111 -236.8772799772928 343
1622921745082 -236.8772799772928 344
1622921870843 -236.8772799772928 345
1622921992815 -236.8772799772928 346
1622922116731 -236.8772799772928 347
1622922241723 -236.8772799772928 348
1622922368722 -236.8772799772928 349
1622922491455 -236.8772799772928 350
1622922617916 -236.8772799772928 351
1622922748654 -236.8772799772928 352
1622922873879 -236.8772799772928 353
1622923000780 -236.8772799772928 354
1622923128831 -236.8772799772928 355
1622923255238 -236.8772799772928 356
1622923382433 -236.8772799772928 357
1622923511678 -236.8772799772928 358
1622923639042 -236.8772799772928 359
1622923768346 -236.8772799772928 360
1622923903515 -236.8772799772928 361
1622924033439 -236.8772799772928 362
1622924164985 -236.8772799772928 363
1622924297025 -236.8772799772928 364
1622924427599 -236.8772799772928 365
1622924560323 -236.8772799772928 366
1622924690210 -236.8772799772928 367
1622924822434 -236.8772799772928 368
1622924953852 -236.8772799772928 369
1622925087871 -236.8772799772928 370
1622925219465 -236.8772799772928 371
1622925351436 -236.8772799772928 372
1622925483434 -236.8772799772928 373
1622925617980 -236.8772799772928 374
1622925750568 -236.8772799772928 375
1622925883971 -236.8772799772928 376
1622926017848 -236.8772799772928 377
1622926151811 -236.8772799772928 378
1622926286158 -236.8772799772928 379
1622926420930 -236.8772799772928 380
1622926558780 -236.8772799772928 381
1622926695017 -236.8772799772928 382
1622926834359 -236.8772799772928 383
1622926973686 -236.8772799772928 384
1622927115281 -236.8772799772928 385
1622927253486 -236.8772799772928 386
1622927390958 -236.8772799772928 387
1622927529668 -236.8772799772928 388
1622927669538 -236.8772799772928 389
1622927808199 -236.8772799772928 390
1622927950650 -236.8772799772928 391
1622928093033 -236.8772799772928 392
1622928238393 -236.8772799772928 393
1622928378156 -236.8772799772928 394
1622928520434 -236.8772799772928 395
1622928661203 -236.8772799772928 396
1622928803986 -236.8772799772928 397
1622928947717 -236.8772799772928 398
1622929094381 -236.8772799772928 399
1622929237737 -236.8772799772928 400
1622929383428 -236.8772799772928 401
1622929529844 -236.8772799772928 402
1622929674870 -236.8772799772928 403
1622929819609 -236.8772799772928 404
1622929964222 -236.8772799772928 405
1622930110008 -236.8772799772928 406
1622930255800 -236.8772799772928 407
1622930402390 -236.8772799772928 408
1622930551665 -236.8772799772928 409
1622930700693 -236.8772799772928 410
1622930846622 -236.8772799772928 411
1622930993036 -236.8772799772928 412
1622931144731 -236.8772799772928 413
1622931295522 -236.8772799772928 414
1622931442737 -236.8772799772928 415
1622931590863 -236.8772799772928 416
1622931739235 -236.8772799772928 417
1622931887139 -236.8772799772928 418
1622932035778 -236.8772799772928 419
1622932185721 -236.8772799772928 420
1622932338912 -236.8772799772928 421
1622932491387 -236.8772799772928 422
1622932642198 -236.8772799772928 423
1622932796206 -236.8772799772928 424
1622932953251 -236.8772799772928 425
1622933104493 -236.8772799772928 426
1622933261272 -236.8772799772928 427
1622933414432 -236.8772799772928 428
1622933572677 -236.8772799772928 429
1622933726275 -236.8772799772928 430
1622933881850 -236.8772799772928 431
1622934035590 -236.8772799772928 432
1622934192947 -236.8772799772928 433
1622934350047 -236.8772799772928 434
1622934505031 -236.8772799772928 435
1622934664970 -236.8772799772928 436
1622934819978 -236.8772799772928 437
1622934977267 -236.8772799772928 438
1622935135868 -236.8772799772928 439
1622935297591 -236.8772799772928 440
1622935455601 -236.8772799772928 441
1622935612302 -236.8772799772928 442
1622935776841 -236.8772799772928 443
1622935939928 -236.8772799772928 444
1622936100160 -236.8772799772928 445
1622936262858 -236.8772799772928 446
1622936424193 -236.8772799772928 447
1622936583708 -236.8772799772928 448
1622936743312 -236.8772799772928 449
1622936907941 -236.8772799772928 450
1622937071747 -236.8772799772928 451
1622937232023 -236.8772799772928 452
1622937393199 -236.8772799772928 453
1622937553636 -236.8772799772928 454
1622937718535 -236.8772799772928 455
1622937883746 -236.8772799772928 456
1622938052983 -236.8772799772928 457
1622938216959 -236.8772799772928 458
1622938380519 -236.8772799772928 459
1622938546135 -236.8772799772928 460
1622938714391 -236.8772799772928 461
1622938880096 -236.8772799772928 462
1622939045536 -236.8772799772928 463
1622939214475 -236.8772799772928 464
1622939380066 -236.8772799772928 465
1622939550100 -236.8772799772928 466
1622939716457 -236.8772799772928 467
1622939882863 -236.8772799772928 468
1622940049143 -236.8772799772928 469
1622940215911 -236.8772799772928 470
1622940383381 -236.8772799772928 471
1622940552575 -236.8772799772928 472
1622940725329 -236.8772799772928 473
1622940893694 -236.8772799772928 474
1622941065085 -236.8772799772928 475
1622941234099 -236.8772799772928 476
1622941408949 -236.8772799772928 477
1622941580388 -236.8772799772928 478
1622941751441 -236.8772799772928 479
1622941922766 -236.8772799772928 480
1622942094099 -236.8772799772928 481
1622942266727 -236.8772799772928 482
1622942444823 -236.8772799772928 483
1622942621346 -236.8772799772928 484
1622942796201 -236.8772799772928 485
1622942972841 -236.8772799772928 486
1622943152602 -236.8772799772928 487
1622943327072 -236.8772799772928 488
1622943502663 -236.8772799772928 489
1622943681274 -236.8772799772928 490
1622943863902 -236.8772799772928 491
1622944041407 -236.8772799772928 492
1622944221981 -236.8772799772928 493
1622944403425 -236.8772799772928 494
1622944581069 -236.8772799772928 495
1622944761528 -236.8772799772928 496
1622944941343 -236.8772799772928 497
1622945123115 -236.8772799772928 498
1622945304288 -236.8772799772928 499
1622945489898 -236.8772799772928 500
