1622900353039 0.009 0
1622900355390 2.077 1
1622900357119 3.6310000000000002 2
1622900359184 5.533 3
1622900361612 7.797000000000001 4
1622900364420 10.440000000000001 5
1622900367585 13.436000000000002 6
1622900371094 16.778000000000002 7
1622900374975 20.500000000000004 8
1622900379249 24.604000000000003 9
1622900383883 29.072000000000003 10
1622900388851 33.878 11
1622900394205 39.068 12
1622900399934 44.628 13
1622900405956 50.477000000000004 14
1622900413031 57.371 15
1622900420105 64.182 16
1622900428036 71.95100000000001 17
1622900435507 79.25800000000001 18
1622900443285 86.873 19
1622900452933 96.352 20
1622900461426 104.68 21
1622900470333 113.417 22
1622900480620 123.536 23
1622900490859 133.617 24
1622900502566 145.16199999999998 25
1622900512825 155.26399999999998 26
1622900523448 165.72599999999997 27
1622900534434 176.55499999999998 28
1622900545793 187.75599999999997 29
1622900557470 199.26999999999998 30
1622900569550 211.188 31
1622900582819 224.29399999999998 32
1622900595685 236.99699999999999 33
1622900608743 249.887 34
1622900622286 263.266 35
1622900636137 276.956 36
1622900650370 291.02700000000004 37
1622900664924 305.41 38
1622900679801 320.127 39
1622900695105 335.264 40
1622900711619 351.611 41
1622900727667 367.485 42
1622900743953 383.592 43
1622900760768 400.236 44
1622900777890 417.186 45
1622900795317 434.448 46
1622900813141 452.099 47
1622900831257 470.046 48
1622900849725 488.344 49
1622900868576 507.02 50
1622900887657 525.928 51
1622900907054 545.159 52
1622900926906 564.837 53
1622900947057 584.827 54
1622900967508 605.116 55
1622900988381 625.8149999999999 56
1622901009626 646.895 57
1622901031158 668.262 58
1622901053178 690.1199999999999 59
1622901075369 712.1479999999999 60
1622901098015 734.6309999999999 61
1622901121055 757.4909999999999 62
1622901145484 781.6559999999998 63
1622901169472 805.4829999999998 64
1622901193704 829.5489999999999 65
1622901218204 853.8829999999998 66
1622901242967 878.4889999999998 67
1622901269053 904.4149999999998 68
1622901294905 930.1089999999998 69
1622901320619 955.6629999999998 70
1622901346808 981.6879999999998 71
1622901373193 1007.9089999999998 72
1622901400934 1035.4909999999998 73
1622901429031 1063.4229999999998 74
1622901456492 1090.7179999999998 75
1622901484118 1118.1799999999998 76
1622901512237 1146.137 77
1622901540666 1174.403 78
1622901569544 1203.119 79
1622901598778 1232.1909999999998 80
1622901628325 1261.572 81
1622901658326 1291.4089999999999 82
1622901688658 1321.5729999999999 83
1622901719573 1352.3239999999998 84
1622901750624 1383.2069999999999 85
1622901782258 1414.6779999999999 86
1622901814150 1446.399 87
1622901847491 1479.5769999999998 88
1622901881500 1513.4169999999997 89
1622901914976 1546.7309999999998 90
1622901948134 1579.7239999999997 91
1622901981498 1612.9219999999998 92
1622902015457 1646.7199999999998 93
1622902051499 1682.5979999999997 94
1622902088231 1719.0959999999998 95
1622902123095 1753.7949999999998 96
1622902158985 1789.5259999999998 97
1622902194425 1824.8039999999999 98
1622902230229 1860.4389999999999 99
1622902266250 1896.2969999999998 100
1622902302678 1932.5579999999998 101
1622902339579 1969.2939999999999 102
1622902376811 2006.357 103
1622902414466 2043.845 104
1622902453327 2082.539 105
1622902492801 2121.846 106
1622902531570 2160.453 107
1622902570666 2199.381 108
1622902610142 2238.694 109
1622902649967 2278.348 110
1622902691152 2319.37 111
1622902732465 2360.518 112
1622902775387 2403.27 113
1622902816646 2444.366 114
1622902858093 2485.65 115
1622902900105 2527.4990000000003 116
1622902942471 2569.7050000000004 117
1622902985238 2612.3110000000006 118
1622903028000 2654.9090000000006 119
1622903071054 2697.8010000000004 120
1622903114580 2741.1670000000004 121
1622903158226 2784.6520000000005 122
1622903202594 2828.8550000000005 123
1622903247069 2873.1680000000006 124
1622903293499 2919.4340000000007 125
1622903338451 2964.2210000000005 126
1622903383205 3008.8160000000003 127
1622903428414 3053.8660000000004 128
1622903473561 3098.8490000000006 129
1622903519209 3144.3370000000004 130
1622903565397 3190.3590000000004 131
1622903611610 3236.4100000000003 132
1622903658150 3282.7950000000005 133
1622903705448 3329.9330000000004 134
1622903752907 3377.2360000000003 135
1622903800755 3424.9280000000003 136
1622903849094 3473.099 137
1622903897637 3521.474 138
1622903946585 3570.259 139
1622903995790 3619.297 140
1622904046976 3670.321 141
1622904096839 3720.025 142
1622904147195 3770.221 143
1622904199726 3822.585 144
1622904250804 3873.5 145
1622904302296 3924.826 146
1622904353961 3976.328 147
1622904407448 4029.653 148
1622904459786 4081.828 149
1622904512675 4134.553 150
1622904566935 4188.646 151
1622904624830 4246.369 152
1622904678686 4300.054999999999 153
1622904732672 4353.870999999999 154
1622904787121 4408.150999999999 155
1622904842141 4462.9969999999985 156
1622904897414 4518.104999999999 157
1622904953209 4573.736999999998 158
1622905011811 4632.175999999999 159
1622905068988 4689.185999999999 160
1622905126660 4746.687999999999 161
1622905184102 4803.954999999999 162
1622905243242 4862.931999999999 163
1622905300858 4920.385999999999 164
1622905359027 4978.392999999998 165
1622905417170 5036.370999999998 166
1622905475973 5095.008999999998 167
1622905535329 5154.190999999998 168
1622905594807 5213.496999999998 169
1622905654724 5273.245999999997 170
1622905714841 5333.197999999998 171
1622905775338 5393.525999999998 172
1622905837981 5456.004999999998 173
1622905901082 5518.939999999999 174
1622905964556 5582.247999999999 175
1622906030971 5648.500999999998 176
1622906096258 5713.626999999999 177
1622906161991 5779.193999999999 178
1622906228419 5845.457999999999 179
1622906293794 5910.663999999999 180
1622906360353 5977.052999999999 181
1622906426463 6043.001999999999 182
1622906495710 6112.085999999998 183
1622906562130 6178.338999999998 184
1622906630192 6246.2379999999985 185
1622906697967 6313.846999999999 186
1622906765454 6381.163999999999 187
1622906836530 6452.070999999999 188
1622906904912 6520.287999999999 189
1622906974544 6589.675999999999 190
1622907044061 6659.0149999999985 191
1622907113430 6728.223999999998 192
1622907183344 6797.979999999999 193
1622907253762 6868.229999999999 194
1622907325436 6939.740999999999 195
1622907396433 7010.578999999999 196
1622907467977 7081.955999999999 197
1622907539752 7153.5689999999995 198
1622907611820 7225.477999999999 199
1622907685553 7299.047 200
1622907759306 7372.6359999999995 201
1622907836475 7449.629 202
1622907911315 7524.211 203
1622907986632 7599.368 204
1622908061415 7673.990000000001 205
1622908136034 7748.447000000001 206
1622908213230 7825.476000000001 207
1622908290576 7902.653 208
1622908369689 7981.597000000001 209
1622908446941 8058.688000000001 210
1622908524769 8136.355000000001 211
1622908602585 8214.010000000002 212
1622908682106 8293.368000000002 213
1622908760706 8371.805000000002 214
1622908839611 8450.544000000002 215
1622908919904 8530.664000000002 216
1622908999565 8610.154000000002 217
1622909081790 8692.215000000002 218
1622909160949 8771.211000000001 219
1622909242510 8852.613000000001 220
1622909322303 8932.238000000001 221
1622909403149 9012.919000000002 222
1622909485220 9094.828000000001 223
1622909567246 9176.693000000001 224
1622909648816 9258.091 225
1622909730960 9340.071 226
1622909814148 9423.095 227
1622909896611 9505.392 228
1622909978812 9587.429 229
1622910061409 9669.863 230
1622910144691 9752.984999999999 231
1622910229113 9837.241999999998 232
1622910313422 9921.391999999998 233
1622910398142 10005.950999999997 234
1622910484033 10091.669999999996 235
1622910571256 10178.726999999997 236
1622910656844 10264.152999999997 237
1622910743117 10350.262999999997 238
1622910829690 10436.676999999998 239
1622910916308 10523.132999999998 240
1622911008635 10615.293999999998 241
1622911096023 10702.521999999997 242
1622911185813 10792.148999999998 243
1622911273965 10880.138999999997 244
1622911364576 10970.588999999998 245
1622911454481 11060.329999999998 246
1622911543475 11149.159999999998 247
1622911632689 11238.210999999998 248
1622911722793 11328.153999999997 249
1622911812603 11417.802999999996 250
1622911904760 11509.796999999997 251
1622911995166 11600.037999999997 252
1622912086882 11691.591999999997 253
1622912178828 11783.370999999997 254
1622912271140 11875.515999999998 255
1622912363995 11968.203999999998 256
1622912457379 12061.423999999997 257
1622912550515 12154.396999999997 258
1622912643889 12247.606999999996 259
1622912737843 12341.397999999996 260
1622912830652 12434.042999999996 261
1622912925099 12528.330999999996 262
1622913018568 12621.633999999996 263
1622913112031 12714.935999999996 264
1622913206081 12808.827999999996 265
1622913299911 12902.498999999996 266
1622913394830 12997.260999999997 267
1622913488776 13091.045999999997 268
1622913585586 13187.686999999996 269
1622913679724 13281.658999999996 270
1622913774038 13375.812999999996 271
1622913868967 13470.575999999997 272
1622913966289 13567.731999999998 273
1622914064127 13665.407999999998 274
1622914159890 13761.003999999997 275
1622914258067 13859.016999999998 276
1622914355315 13956.102999999997 277
1622914455010 14055.634999999997 278
1622914552784 14153.241999999997 279
1622914651623 14251.919999999996 280
1622914750418 14350.548999999997 281
1622914849039 14449.002999999997 282
1622914947674 14547.474999999997 283
1622915047137 14646.772999999997 284
1622915146516 14745.988999999998 285
1622915246127 14845.429999999998 286
1622915347778 14946.911999999998 287
1622915448645 15047.616999999998 288
1622915550652 15149.454999999998 289
1622915653090 15251.730999999998 290
1622915754817 15353.291999999998 291
1622915857604 15455.915999999997 292
1622915960990 15559.136999999997 293
1622916066897 15664.886999999997 294
1622916174820 15772.648999999998 295
1622916279596 15877.264999999998 296
1622916383462 15980.968999999997 297
1622916491169 16088.513999999997 298
1622916599605 16196.782999999998 299
1622916704177 16301.188999999998 300
1622916810847 16407.692 301
1622916916685 16513.365999999998 302
1622917024482 16621.001999999997 303
1622917133870 16730.227999999996 304
1622917244597 16840.791999999994 305
1622917353941 16949.969999999994 306
1622917463734 17059.600999999995 307
1622917571632 17167.330999999995 308
1622917679463 17274.996999999996 309
1622917791871 17387.238999999994 310
1622917904444 17499.550999999996 311
1622918014894 17609.836999999996 312
1622918128167 17722.941999999995 313
1622918238611 17833.170999999995 314
1622918349562 17943.957999999995 315
1622918461393 18055.616999999995 316
1622918573613 18167.665999999994 317
1622918684977 18278.866999999995 318
1622918797923 18391.644999999993 319
1622918909941 18503.495999999992 320
1622919024268 18617.658999999992 321
1622919139469 18732.69099999999 322
1622919253736 18846.79499999999 323
1622919367384 18960.27299999999 324
1622919481601 19074.31999999999 325
1622919598896 19191.440999999988 326
1622919714455 19306.82399999999 327
1622919829595 19421.79299999999 328
1622919945138 19537.16999999999 329
1622920061676 19653.54199999999 330
1622920177832 19769.531999999992 331
1622920294270 19885.799999999992 332
1622920410996 20002.359999999993 333
1622920531509 20122.705999999995 334
1622920651075 20242.103999999996 335
1622920770799 20361.661999999997 336
1622920893126 20483.807999999997 337
1622921012913 20603.424 338
1622921133368 20723.71 339
1622921254237 20844.415 340
1622921377089 20967.09 341
1622921501552 21091.292 342
1622921622161 21211.736 343
1622921745132 21334.535 344
1622921870891 21460.128 345
1622921992861 21581.933 346
1622922116778 21705.678 347
1622922241771 21830.506 348
1622922368770 21957.34 349
1622922491499 22079.906 350
1622922617960 22206.206 351
1622922748699 22336.786999999997 352
1622922873928 22461.845999999998 353
1622923000829 22588.578999999998 354
1622923128878 22716.458 355
1622923255291 22842.698 356
1622923382477 22969.722 357
1622923511724 23098.800000000003 358
1622923639088 23225.998000000003 359
1622923768392 23355.137000000002 360
1622923903559 23490.142000000003 361
1622924033486 23619.902000000002 362
1622924165028 23751.281000000003 363
1622924297077 23883.156000000003 364
1622924427650 24013.558 365
1622924560373 24146.109 366
1622924690257 24275.823 367
1622924822477 24407.881 368
1622924953900 24539.138000000003 369
1622925087922 24672.992000000002 370
1622925219515 24804.414 371
1622925351485 24936.213 372
1622925483482 25068.045 373
1622925618035 25202.417999999998 374
1622925750619 25334.834 375
1622925884015 25468.067 376
1622926017895 25601.782 377
1622926151854 25735.577999999998 378
1622926286204 25869.763 379
1622926420981 26004.369 380
1622926558829 26142.046 381
1622926695068 26278.111999999997 382
1622926834405 26417.279 383
1622926973732 26556.435999999998 384
1622927115326 26697.868 385
1622927253533 26835.91 386
1622927391003 26973.216 387
1622927529713 27111.760000000002 388
1622927669581 27251.468 389
1622927808243 27389.965 390
1622927950698 27532.254 391
1622928093084 27674.473 392
1622928238440 27819.661 393
1622928378208 27959.258 394
1622928520482 28101.366 395
1622928661249 28241.969 396
1622928804044 28384.588 397
1622928947767 28528.069 398
1622929094432 28674.561999999998 399
1622929237788 28817.747 400
1622929383481 28963.257999999998 401
1622929529890 29109.501999999997 402
1622929674934 29254.363999999998 403
1622929819664 29398.809999999998 404
1622929964272 29543.247999999996 405
1622930110056 29688.864999999994 406
1622930255850 29834.491999999995 407
1622930402443 29980.913999999993 408
1622930551719 30130.018999999993 409
1622930700746 30278.876999999993 410
1622930846674 30424.625999999993 411
1622930993083 30570.86999999999 412
1622931144775 30722.40199999999 413
1622931295571 30873.031999999992 414
1622931442782 31020.07899999999 415
1622931590907 31168.03899999999 416
1622931739281 31316.24899999999 417
1622931887184 31463.98799999999 418
1622932035821 31612.459999999992 419
1622932185786 31762.24099999999 420
1622932338956 31915.14999999999 421
1622932491440 32067.46299999999 422
1622932642242 32218.098999999987 423
1622932796250 32371.940999999988 424
1622932953297 32528.82199999999 425
1622933104539 32679.89799999999 426
1622933261317 32836.50899999999 427
1622933414477 32989.50399999999 428
1622933572727 33147.58699999999 429
1622933726324 33301.01899999999 430
1622933881895 33456.426999999996 431
1622934035635 33610.005999999994 432
1622934192997 33767.19899999999 433
1622934350095 33924.12499999999 434
1622934505076 34078.941999999995 435
1622934665017 34238.71399999999 436
1622934820032 34393.558999999994 437
1622934977313 34550.67199999999 438
1622935135913 34709.10899999999 439
1622935297635 34870.66799999999 440
1622935455647 35028.51399999999 441
1622935612350 35185.050999999985 442
1622935776888 35349.425999999985 443
1622935939973 35512.34799999998 444
1622936100209 35672.41799999998 445
1622936262908 35834.946999999986 446
1622936424241 35996.11299999998 447
1622936583757 36155.45699999998 448
1622936743360 36314.89299999998 449
1622936907993 36479.353999999985 450
1622937071796 36642.98799999998 451
1622937232073 36803.09399999998 452
1622937393243 36964.09899999998 453
1622937553680 37124.37299999998 454
1622937718587 37289.106999999975 455
1622937883793 37454.14599999997 456
1622938053030 37623.216999999975 457
1622938217005 37787.03099999997 458
1622938380568 37950.426999999974 459
1622938546179 38115.87499999997 460
1622938714432 38283.96999999997 461
1622938880142 38449.517999999975 462
1622939045581 38614.79699999998 463
1622939214524 38783.570999999974 464
1622939380112 38948.98499999997 465
1622939550142 39118.85599999997 466
1622939716502 39285.05599999997 467
1622939882908 39451.29899999997 468
1622940049189 39617.41599999997 469
1622940215961 39784.01699999997 470
1622940383426 39951.31699999997 471
1622940552619 40120.34499999997 472
1622940725376 40292.93799999997 473
1622940893741 40461.13799999997 474
1622941065131 40632.36299999997 475
1622941234149 40801.20999999997 476
1622941408996 40975.88799999997 477
1622941580439 41147.15999999997 478
1622941751490 41318.039999999964 479
1622941922811 41489.196999999964 480
1622942094149 41660.36299999996 481
1622942266774 41832.821999999964 482
1622942444871 42010.74699999997 483
1622942621392 42187.10299999997 484
1622942796249 42361.787999999964 485
1622942972890 42538.26399999997 486
1622943152645 42717.85699999997 487
1622943327117 42892.16599999997 488
1622943502711 43067.59599999997 489
1622943681322 43246.04099999997 490
1622943863952 43428.50199999997 491
1622944041456 43605.83499999997 492
1622944222035 43786.23999999997 493
1622944403477 43967.509999999966 494
1622944581122 44144.982999999964 495
1622944761578 44325.26999999996 496
1622944941397 44504.91899999996 497
1622945123171 44686.51599999996 498
1622945304348 44867.51099999996 499
1622945489951 45052.93899999996 500
