1622734154507 0.373 0
1622734155020 0.076 1
1622734155550 0.075 2
1622734156111 0.075 3
1622734156726 0.074 4
1622734157352 0.075 5
1622734158024 0.075 6
1622734158719 0.075 7
1622734159471 0.075 8
1622734160249 0.075 9
1622734161069 0.075 10
1622734161913 0.075 11
1622734162822 0.076 12
1622734163783 0.075 13
1622734164747 0.075 14
1622734165740 0.076 15
1622734166772 0.074 16
1622734167857 0.075 17
1622734168964 0.075 18
1622734170098 0.075 19
1622734171275 0.075 20
1622734172478 0.077 21
1622734173719 0.075 22
1622734174999 0.074 23
1622734176321 0.076 24
1622734177682 0.075 25
1622734179074 0.075 26
1622734180492 0.075 27
1622734181959 0.075 28
1622734183449 0.075 29
1622734184982 0.075 30
1622734186561 0.075 31
1622734188177 0.077 32
1622734189820 0.074 33
1622734191504 0.076 34
1622734193199 0.075 35
1622734194947 0.075 36
1622734196748 0.075 37
1622734198567 0.075 38
1622734200405 0.075 39
1622734202302 0.075 40
1622734204242 0.077 41
1622734206218 0.077 42
1622734208214 0.075 43
1622734210270 0.075 44
1622734212315 0.075 45
1622734214414 0.075 46
1622734216569 0.075 47
1622734218765 0.075 48
1622734221001 0.076 49
1622734223259 0.076 50
1622734225541 0.075 51
1622734227857 0.076 52
1622734230231 0.075 53
1622734232654 0.075 54
1622734235109 0.075 55
1622734237562 0.076 56
1622734240092 0.075 57
1622734242643 0.074 58
1622734245245 0.074 59
1622734247856 0.075 60
1622734250477 0.075 61
1622734253193 0.075 62
1622734255899 0.075 63
1622734258655 0.075 64
1622734261466 0.075 65
1622734264283 0.075 66
1622734267113 0.075 67
1622734270031 0.075 68
1622734272946 0.076 69
1622734275929 0.074 70
1622734278926 0.075 71
1622734281962 0.076 72
1622734285057 0.075 73
1622734288190 0.075 74
1622734291384 0.076 75
1622734294566 0.075 76
1622734297809 0.076 77
1622734301031 0.076 78
1622734304359 0.074 79
1622734307708 0.075 80
1622734311070 0.075 81
1622734314499 0.075 82
1622734317943 0.075 83
1622734321445 0.076 84
1622734324991 0.075 85
1622734328534 0.075 86
1622734332154 0.075 87
1622734335774 0.075 88
1622734339404 0.076 89
1622734343079 0.075 90
1622734346838 0.075 91
1622734350599 0.075 92
1622734354399 0.075 93
1622734358914 0.075 94
1622734362725 0.076 95
1622734366573 0.075 96
1622734370503 0.075 97
1622734374464 0.075 98
1622734378406 0.075 99
1622734382413 0.075 100
1622734386466 0.075 101
1622734390568 0.075 102
1622734394699 0.074 103
1622734398866 0.074 104
1622734403066 0.075 105
1622734407303 0.074 106
1622734411560 0.076 107
1622734415857 0.074 108
1622734420191 0.076 109
1622734424592 0.075 110
1622734428980 0.075 111
1622734433399 0.075 112
1622734437884 0.075 113
1622734442430 0.074 114
1622734447006 0.074 115
1622734451612 0.075 116
1622734456255 0.075 117
1622734460892 0.076 118
1622734465557 0.074 119
1622734470307 0.075 120
1622734475088 0.074 121
1622734479907 0.075 122
1622734484713 0.075 123
1622734489619 0.076 124
1622734494546 0.076 125
1622734499488 0.075 126
1622734504483 0.074 127
1622734509503 0.076 128
1622734514573 0.075 129
1622734519650 0.075 130
1622734524803 0.075 131
1622734529926 0.075 132
1622734535121 0.075 133
1622734540336 0.075 134
1622734545590 0.076 135
1622734550933 0.075 136
1622734556333 0.075 137
1622734561852 0.076 138
1622734567348 0.075 139
1622734572869 0.076 140
1622734578435 0.076 141
1622734584004 0.076 142
1622734589650 0.076 143
1622734595308 0.075 144
1622734600966 0.076 145
1622734606625 0.076 146
1622734612290 0.075 147
1622734618005 0.075 148
1622734623720 0.075 149
1622734629538 0.075 150
1622734635490 0.075 151
1622734641378 0.076 152
1622734648299 0.074 153
1622734654284 0.075 154
1622734660304 0.074 155
1622734666339 0.075 156
1622734672415 0.075 157
1622734678523 0.075 158
1622734684691 0.076 159
1622734690958 0.075 160
1622734697168 0.075 161
1622734703501 0.075 162
1622734709843 0.076 163
1622734716197 0.075 164
1622734722560 0.075 165
1622734728958 0.075 166
1622734735368 0.075 167
1622734741811 0.075 168
1622734748347 0.076 169
1622734754863 0.075 170
1622734761473 0.075 171
1622734768073 0.075 172
1622734774752 0.075 173
1622734781482 0.076 174
1622734788282 0.075 175
1622734795029 0.075 176
1622734801827 0.075 177
1622734808610 0.075 178
1622734815450 0.075 179
1622734822309 0.075 180
1622734830226 0.148 181
1622734837231 0.077 182
1622734844283 0.074 183
1622734851369 0.075 184
1622734858507 0.076 185
1622734865638 0.076 186
1622734872831 0.075 187
1622734880030 0.075 188
1622734887311 0.075 189
1622734894650 0.075 190
1622734902118 0.076 191
1622734909447 0.075 192
1622734916930 0.075 193
1622734924388 0.075 194
1622734931909 0.075 195
1622734939415 0.074 196
1622734946988 0.075 197
1622734954618 0.075 198
1622734962302 0.076 199
1622734969989 0.075 200
1622734977726 0.074 201
1622734985546 0.075 202
1622734993307 0.076 203
1622735001092 0.075 204
1622735008931 0.076 205
1622735016793 0.075 206
1622735024732 0.075 207
1622735032650 0.075 208
1622735040563 0.076 209
1622735048588 0.076 210
1622735056620 0.075 211
1622735064817 0.076 212
1622735072925 0.075 213
1622735081137 0.075 214
1622735089308 0.076 215
1622735097609 0.077 216
1622735105999 0.075 217
1622735114319 0.076 218
1622735122649 0.076 219
1622735131056 0.076 220
1622735139526 0.076 221
1622735147997 0.076 222
1622735156509 0.076 223
1622735164997 0.075 224
1622735173571 0.075 225
1622735182161 0.076 226
1622735190713 0.076 227
1622735199385 0.076 228
1622735208135 0.075 229
1622735216931 0.077 230
1622735225745 0.076 231
1622735234572 0.076 232
1622735243368 0.076 233
1622735252273 0.075 234
1622735261349 0.076 235
1622735270302 0.076 236
1622735279309 0.076 237
1622735288994 0.076 238
1622735298024 0.075 239
1622735307079 0.075 240
1622735316211 0.075 241
1622735325419 0.075 242
1622735334584 0.074 243
1622735343808 0.076 244
1622735353109 0.075 245
1622735362299 0.075 246
1622735371700 0.075 247
1622735381043 0.075 248
1622735390471 0.075 249
1622735399961 0.074 250
1622735409399 0.075 251
1622735418924 0.075 252
1622735428403 0.075 253
1622735437982 0.077 254
1622735447577 0.076 255
1622735457235 0.075 256
1622735466841 0.075 257
1622735476564 0.074 258
1622735486327 0.075 259
1622735496033 0.075 260
1622735505808 0.075 261
1622735515684 0.075 262
1622735525721 0.075 263
1622735535703 0.076 264
1622735545689 0.076 265
1622735557083 0.086 266
1622735567184 0.076 267
1622735577290 0.076 268
1622735587736 0.076 269
1622735598012 0.075 270
1622735608148 0.076 271
1622735618345 0.076 272
1622735628716 0.076 273
1622735638987 0.076 274
1622735649302 0.076 275
1622735659657 0.075 276
1622735670087 0.075 277
1622735680557 0.075 278
1622735691038 0.075 279
1622735701530 0.076 280
1622735712090 0.075 281
1622735722623 0.075 282
1622735733209 0.076 283
1622735743816 0.075 284
1622735754449 0.075 285
1622735765112 0.075 286
1622735775847 0.075 287
1622735786601 0.075 288
1622735797413 0.074 289
1622735808192 0.074 290
1622735819041 0.075 291
1622735829991 0.076 292
1622735840959 0.074 293
1622735851989 0.076 294
1622735863012 0.075 295
1622735874094 0.076 296
1622735885324 0.076 297
1622735896461 0.075 298
1622735907683 0.074 299
1622735919577 0.075 300
1622735930834 0.075 301
1622735943106 0.147 302
1622735954491 0.076 303
1622735965937 0.075 304
1622735977404 0.075 305
1622735988960 0.077 306
1622736000502 0.075 307
1622736012066 0.075 308
1622736023761 0.077 309
1622736035465 0.075 310
1622736047210 0.076 311
1622736058957 0.075 312
1622736070687 0.076 313
1622736082543 0.076 314
1622736094426 0.075 315
1622736106279 0.076 316
1622736118157 0.077 317
1622736130247 0.076 318
1622736142285 0.076 319
1622736154364 0.074 320
1622736166425 0.075 321
1622736178589 0.076 322
1622736190772 0.075 323
1622736202943 0.076 324
1622736215128 0.075 325
1622736227351 0.076 326
1622736239610 0.075 327
1622736251863 0.074 328
1622736264290 0.074 329
1622736276664 0.075 330
1622736289208 0.075 331
1622736301666 0.075 332
1622736314116 0.075 333
1622736326644 0.076 334
1622736339260 0.075 335
1622736351997 0.076 336
1622736364659 0.075 337
1622736377278 0.076 338
1622736390014 0.076 339
1622736402711 0.076 340
1622736415522 0.075 341
1622736428378 0.075 342
1622736441345 0.076 343
1622736454222 0.075 344
1622736467158 0.075 345
1622736480127 0.076 346
1622736493126 0.076 347
1622736506141 0.076 348
1622736519192 0.075 349
1622736532278 0.075 350
1622736545416 0.075 351
1622736558644 0.075 352
1622736571839 0.076 353
1622736585035 0.076 354
1622736598280 0.075 355
1622736611616 0.075 356
1622736624931 0.074 357
1622736638365 0.074 358
1622736651810 0.077 359
1622736665230 0.075 360
1622736678800 0.076 361
1622736692346 0.076 362
1622736705955 0.075 363
1622736719515 0.075 364
1622736733152 0.076 365
1622736746781 0.076 366
1622736760537 0.076 367
1622736774329 0.075 368
1622736788178 0.076 369
1622736802017 0.076 370
1622736815912 0.074 371
1622736829815 0.074 372
1622736843723 0.074 373
1622736857689 0.075 374
1622736871618 0.074 375
1622736885560 0.074 376
1622736899628 0.076 377
1622736913769 0.075 378
1622736927899 0.076 379
1622736942074 0.075 380
1622736956284 0.076 381
1622736970540 0.074 382
1622736984794 0.076 383
1622736999250 0.076 384
1622737013574 0.076 385
1622737028012 0.075 386
1622737042516 0.075 387
1622737056962 0.075 388
1622737071517 0.075 389
1622737086115 0.075 390
1622737100739 0.075 391
1622737115528 0.076 392
1622737130160 0.076 393
1622737144821 0.076 394
1622737159564 0.075 395
1622737174312 0.077 396
1622737189135 0.075 397
1622737203960 0.076 398
1622737218831 0.075 399
1622737233739 0.075 400
1622737248683 0.076 401
1622737263653 0.075 402
1622737278719 0.076 403
1622737293773 0.075 404
1622737308863 0.075 405
1622737324032 0.076 406
1622737339177 0.075 407
1622737354367 0.075 408
1622737369549 0.076 409
1622737384849 0.076 410
1622737400147 0.075 411
1622737415515 0.075 412
1622737430867 0.078 413
1622737446273 0.075 414
1622737461730 0.076 415
1622737477287 0.076 416
1622737492767 0.076 417
1622737508312 0.076 418
1622737523901 0.075 419
1622737539492 0.074 420
1622737555050 0.075 421
1622737570710 0.077 422
1622737586490 0.075 423
1622737602237 0.074 424
1622737617999 0.075 425
1622737633770 0.074 426
1622737649610 0.075 427
1622737665467 0.074 428
1622737681402 0.075 429
1622737697377 0.075 430
1622737713460 0.075 431
1622737729569 0.075 432
1622737745645 0.075 433
1622737761751 0.076 434
1622737777898 0.075 435
1622737794034 0.075 436
1622737810315 0.075 437
1622737826490 0.075 438
1622737842812 0.075 439
1622737859176 0.075 440
1622737875610 0.075 441
1622737892071 0.076 442
1622737908533 0.076 443
1622737924995 0.076 444
1622737941435 0.075 445
1622737957981 0.075 446
1622737974697 0.076 447
1622737991315 0.076 448
1622738008012 0.076 449
1622738024765 0.075 450
1622738041542 0.074 451
1622738058290 0.075 452
1622738075163 0.075 453
1622738092014 0.075 454
1622738108841 0.076 455
1622738125855 0.075 456
1622738142868 0.074 457
1622738159787 0.075 458
1622738177548 0.076 459
1622738194495 0.075 460
1622738211912 0.076 461
1622738229886 0.076 462
1622738248878 0.084 463
1622738265970 0.075 464
1622738282887 0.074 465
1622738299906 0.075 466
1622738317146 0.075 467
1622738334354 0.075 468
1622738351610 0.076 469
1622738368925 0.076 470
1622738386255 0.075 471
1622738403580 0.076 472
1622738421933 0.075 473
1622738439288 0.075 474
1622738456768 0.076 475
1622738474368 0.075 476
1622738491864 0.074 477
1622738509303 0.076 478
1622738527205 0.076 479
1622738544826 0.075 480
1622738562537 0.075 481
1622738580285 0.075 482
1622738598026 0.075 483
1622738615862 0.075 484
1622738633776 0.076 485
1622738651815 0.075 486
1622738669713 0.075 487
1622738687597 0.075 488
1622738705493 0.075 489
1622738723486 0.075 490
1622738741620 0.074 491
1622738759770 0.074 492
1622738778204 0.074 493
1622738796337 0.075 494
1622738814618 0.074 495
1622738832776 0.075 496
1622738850970 0.074 497
1622738869338 0.074 498
1622738887692 0.074 499
1622738906227 0.075 500
