1622738886337 50 0
1622738886879 60 1
1622738887405 70 2
1622738887978 80 3
1622738888566 90 4
1622738889188 100 5
1622738889844 110 6
1622738890522 120 7
1622738891251 130 8
1622738892011 140 9
1622738892809 150 10
1622738893644 160 11
1622738894536 170 12
1622738895458 180 13
1622738896399 190 14
1622738897388 200 15
1622738898426 210 16
1622738899463 220 17
1622738900542 230 18
1622738901665 240 19
1622738902828 250 20
1622738904003 260 21
1622738905227 270 22
1622738906486 280 23
1622738907773 290 24
1622738909099 300 25
1622738910477 310 26
1622738911877 320 27
1622738913281 330 28
1622738914762 340 29
1622738916286 350 30
1622738917826 360 31
1622738919407 370 32
1622738921009 380 33
1622738922662 390 34
1622738924332 400 35
1622738926069 410 36
1622738928110 420 37
1622738930057 430 38
1622738931888 440 39
1622738933767 450 40
1622738935656 460 41
1622738937611 470 42
1622738939616 480 43
1622738941634 490 44
1622738943704 500 45
1622738945795 510 46
1622738947919 520 47
1622738950074 530 48
1622738952238 540 49
1622738954486 550 50
1622738957349 560 51
1622738959685 570 52
1622738962023 580 53
1622738964419 590 54
1622738966849 600 55
1622738969288 610 56
1622738971777 620 57
1622738974251 630 58
1622738976809 640 59
1622738979424 650 60
1622738982071 660 61
1622738984746 670 62
1622738987466 680 63
1622738990180 690 64
1622738992975 700 65
1622738995777 710 66
1622738998608 720 67
1622739001464 730 68
1622739004387 740 69
1622739007327 750 70
1622739010296 760 71
1622739013331 770 72
1622739016389 780 73
1622739019476 790 74
1622739022614 800 75
1622739025746 810 76
1622739028937 820 77
1622739032187 830 78
1622739035463 840 79
1622739038804 850 80
1622739042202 860 81
1622739045589 870 82
1622739048989 880 83
1622739052476 890 84
1622739055956 900 85
1622739059484 910 86
1622739063057 920 87
1622739066648 930 88
1622739070295 940 89
1622739073953 950 90
1622739077659 960 91
1622739081425 970 92
1622739085208 980 93
1622739089025 990 94
1622739092881 1000 95
1622739096774 1010 96
1622739100718 1020 97
1622739104621 1030 98
1622739108576 1040 99
1622739112585 1050 100
1622739117450 1060 101
1622739121511 1070 102
1622739125631 1080 103
1622739129771 1090 104
1622739133965 1100 105
1622739138253 1110 106
1622739142517 1120 107
1622739146826 1130 108
1622739151168 1140 109
1622739155624 1150 110
1622739160057 1160 111
1622739164502 1170 112
1622739168925 1180 113
1622739173492 1190 114
1622739178172 1200 115
1622739182767 1210 116
1622739187383 1220 117
1622739192066 1230 118
1622739196786 1240 119
1622739201488 1250 120
1622739206284 1260 121
1622739211107 1270 122
1622739215943 1280 123
1622739220835 1290 124
1622739225762 1300 125
1622739230674 1310 126
1622739235634 1320 127
1622739240619 1330 128
1622739245638 1340 129
1622739250691 1350 130
1622739255822 1360 131
1622739260974 1370 132
1622739266162 1380 133
1622739271381 1390 134
1622739276635 1400 135
1622739281894 1410 136
1622739287234 1420 137
1622739292654 1430 138
1622739298050 1440 139
1622739303521 1450 140
1622739308951 1460 141
1622739314426 1470 142
1622739319932 1480 143
1622739325510 1490 144
1622739331110 1500 145
1622739336811 1510 146
1622739342522 1520 147
1622739348247 1530 148
1622739354025 1540 149
1622739359829 1550 150
1622739365659 1560 151
1622739371587 1570 152
1622739377510 1580 153
1622739383446 1590 154
1622739389416 1600 155
1622739395463 1610 156
1622739401494 1620 157
1622739407596 1630 158
1622739413719 1640 159
1622739419903 1650 160
1622739426116 1660 161
1622739432328 1670 162
1622739438593 1680 163
1622739444894 1690 164
1622739451274 1700 165
1622739457632 1710 166
1622739464025 1720 167
1622739470519 1730 168
1622739476971 1740 169
1622739483499 1750 170
1622739490054 1760 171
1622739496658 1770 172
1622739503373 1780 173
1622739510184 1790 174
1622739517077 1800 175
1622739523808 1810 176
1622739530612 1820 177
1622739537388 1830 178
1622739544207 1840 179
1622739551088 1850 180
1622739558044 1860 181
1622739564959 1870 182
1622739572008 1880 183
1622739579682 1890 184
1622739586778 1900 185
1622739593875 1910 186
1622739601050 1920 187
1622739608256 1930 188
1622739615452 1940 189
1622739622658 1950 190
1622739629950 1960 191
1622739637282 1970 192
1622739644625 1980 193
1622739652018 1990 194
1622739659481 2000 195
1622739666932 2010 196
1622739674397 2020 197
1622739681952 2030 198
1622739689531 2040 199
1622739697144 2050 200
1622739704813 2060 201
1622739712439 2070 202
1622739720218 2080 203
1622739728037 2090 204
1622739735801 2100 205
1622739743647 2110 206
1622739751507 2120 207
1622739759370 2130 208
1622739767294 2140 209
1622739775304 2150 210
1622739783325 2160 211
1622739791356 2170 212
1622739799460 2180 213
1622739807620 2190 214
1622739815783 2200 215
1622739823989 2210 216
1622739832852 2220 217
1622739841144 2230 218
1622739849474 2240 219
1622739857765 2250 220
1622739866168 2260 221
1622739874541 2270 222
1622739882958 2280 223
1622739891442 2290 224
1622739899930 2300 225
1622739908492 2310 226
1622739917082 2320 227
1622739925607 2330 228
1622739934279 2340 229
1622739942970 2350 230
1622739951705 2360 231
1622739960435 2370 232
1622739969255 2380 233
1622739977997 2390 234
1622739986865 2400 235
1622739995808 2410 236
1622740004819 2420 237
1622740013828 2430 238
1622740022775 2440 239
1622740031855 2450 240
1622740040926 2460 241
1622740049984 2470 242
1622740059197 2480 243
1622740068433 2490 244
1622740077692 2500 245
1622740086875 2510 246
1622740096185 2520 247
1622740105518 2530 248
1622740114865 2540 249
1622740124306 2550 250
1622740133718 2560 251
1622740143118 2570 252
1622740152613 2580 253
1622740162128 2590 254
1622740171747 2600 255
1622740181371 2610 256
1622740191039 2620 257
1622740200740 2630 258
1622740210439 2640 259
1622740220239 2650 260
1622740230047 2660 261
1622740239911 2670 262
1622740249705 2680 263
1622740259574 2690 264
1622740269532 2700 265
1622740279521 2710 266
1622740289543 2720 267
1622740299553 2730 268
1622740309593 2740 269
1622740319714 2750 270
1622740329820 2760 271
1622740340023 2770 272
1622740350316 2780 273
1622740360571 2790 274
1622740370940 2800 275
1622740381255 2810 276
1622740391678 2820 277
1622740402122 2830 278
1622740412597 2840 279
1622740423064 2850 280
1622740433560 2860 281
1622740444076 2870 282
1622740454710 2880 283
1622740465363 2890 284
1622740476017 2900 285
1622740486740 2910 286
1622740497476 2920 287
1622740508293 2930 288
1622740519135 2940 289
1622740529958 2950 290
1622740540889 2960 291
1622740551763 2970 292
1622740562763 2980 293
1622740573729 2990 294
1622740584751 3000 295
1622740595844 3010 296
1622740606920 3020 297
1622740618069 3030 298
1622740629268 3040 299
1622740640406 3050 300
1622740651698 3060 301
1622740663029 3070 302
1622740674372 3080 303
1622740685708 3090 304
1622740697059 3100 305
1622740708448 3110 306
1622740720057 3120 307
1622740731503 3130 308
1622740743081 3140 309
1622740754666 3150 310
1622740766244 3160 311
1622740778001 3170 312
1622740789685 3180 313
1622740801428 3190 314
1622740813173 3200 315
1622740824942 3210 316
1622740836847 3220 317
1622740848674 3230 318
1622740860533 3240 319
1622740872448 3250 320
1622740884443 3260 321
1622740896380 3270 322
1622740908499 3280 323
1622740920574 3290 324
1622740932686 3300 325
1622740944853 3310 326
1622740957132 3320 327
1622740969451 3330 328
1622740981803 3340 329
1622740994066 3350 330
1622741006423 3360 331
1622741018855 3370 332
1622741031305 3380 333
1622741043785 3390 334
1622741056202 3400 335
1622741068717 3410 336
1622741081264 3420 337
1622741093831 3430 338
1622741106489 3440 339
1622741119145 3450 340
1622741131834 3460 341
1622741144553 3470 342
1622741157316 3480 343
1622741170861 3490 344
1622741183817 3500 345
1622741196757 3510 346
1622741209652 3520 347
1622741222545 3530 348
1622741235507 3540 349
1622741248610 3550 350
1622741261732 3560 351
1622741274876 3570 352
1622741288071 3580 353
1622741301257 3590 354
1622741314475 3600 355
1622741329331 3610 356
1622741344365 3620 357
1622741357748 3630 358
1622741371086 3640 359
1622741384490 3650 360
1622741397893 3660 361
1622741411348 3670 362
1622741424890 3680 363
1622741438369 3690 364
1622741451953 3700 365
1622741465537 3710 366
1622741479215 3720 367
1622741493786 3730 368
1622741507701 3740 369
1622741522467 3750 370
1622741536262 3760 371
1622741550271 3770 372
1622741564188 3780 373
1622741578069 3790 374
1622741592021 3800 375
1622741605989 3810 376
1622741619991 3820 377
1622741634663 3830 378
1622741648655 3840 379
1622741662688 3850 380
1622741676860 3860 381
1622741690952 3870 382
1622741705267 3880 383
1622741721674 3890 384
1622741735963 3900 385
1622741750241 3910 386
1622741764569 3920 387
1622741778929 3930 388
1622741793350 3940 389
1622741807893 3950 390
1622741822441 3960 391
1622741837033 3970 392
1622741852474 3980 393
1622741869058 3990 394
1622741883709 4000 395
1622741898417 4010 396
1622741913148 4020 397
1622741928003 4030 398
1622741942715 4040 399
1622741957479 4050 400
1622741972315 4060 401
1622741987289 4070 402
1622742002294 4080 403
1622742017240 4090 404
1622742032292 4100 405
1622742047365 4110 406
1622742063657 4120 407
1622742079417 4130 408
1622742094599 4140 409
1622742111550 4150 410
1622742126715 4160 411
1622742142061 4170 412
1622742157363 4180 413
1622742172819 4190 414
1622742188269 4200 415
1622742204427 4210 416
1622742220829 4220 417
1622742236275 4230 418
1622742251804 4240 419
1622742267344 4250 420
1622742282886 4260 421
1622742298456 4270 422
1622742314190 4280 423
1622742329896 4290 424
1622742345702 4300 425
1622742362104 4310 426
1622742379273 4320 427
1622742396008 4330 428
1622742412832 4340 429
1622742429465 4350 430
1622742445454 4360 431
1622742461397 4370 432
1622742477435 4380 433
1622742493418 4390 434
1622742509463 4400 435
1622742525621 4410 436
1622742541780 4420 437
1622742558011 4430 438
1622742574321 4440 439
1622742590625 4450 440
1622742607667 4460 441
1622742624035 4470 442
1622742640467 4480 443
1622742656817 4490 444
1622742673245 4500 445
1622742689667 4510 446
1622742707156 4520 447
1622742727134 4530 448
1622742743752 4540 449
1622742761350 4550 450
1622742779847 4560 451
1622742796533 4570 452
1622742813155 4580 453
1622742831598 4590 454
1622742848423 4600 455
1622742865324 4610 456
1622742884001 4620 457
1622742901841 4630 458
1622742918711 4640 459
1622742936754 4650 460
1622742953790 4660 461
1622742970729 4670 462
1622742987745 4680 463
1622743004880 4690 464
1622743022023 4700 465
1622743039303 4710 466
1622743056681 4720 467
1622743073991 4730 468
1622743091355 4740 469
1622743108706 4750 470
1622743126103 4760 471
1622743143442 4770 472
1622743160973 4780 473
1622743178427 4790 474
1622743196038 4800 475
1622743213915 4810 476
1622743232238 4820 477
1622743251493 4830 478
1622743270081 4840 479
1622743287743 4850 480
1622743305495 4860 481
1622743323282 4870 482
1622743342895 4880 483
1622743360712 4890 484
1622743378658 4900 485
1622743398457 4910 486
1622743416524 4920 487
1622743435431 4930 488
1622743454313 4940 489
1622743474834 4950 490
1622743494218 4960 491
1622743512351 4970 492
1622743531323 4980 493
1622743549529 4990 494
1622743567635 5000 495
1622743585730 5010 496
1622743603974 5020 497
1622743622210 5030 498
1622743641547 5040 499
1622743662660 5050 500
