1622653601697 0.9446524394135288 0
1622653602554 0.9446524394135288 1
1622653603577 0.9446524394135288 2
1622653604784 0.9446524394135288 3
1622653606156 0.9446524394135288 4
1622653607716 0.9446524394135288 5
1622653609453 0.9446524394135288 6
1622653611363 0.9446524394135288 7
1622653613465 0.9446524394135288 8
1622653615766 0.9446524394135288 9
1622653618225 0.9446524394135288 10
1622653620856 0.9446524394135288 11
1622653623641 0.9446524394135288 12
1622653626614 0.9446524394135288 13
1622653629792 0.9446524394135288 14
1622653633139 0.9446524394135288 15
1622653636691 0.9446524394135288 16
1622653640393 0.9446524394135288 17
1622653644290 0.9446524394135288 18
1622653648391 0.9446524394135288 19
1622653652625 0.9446524394135288 20
1622653657071 0.9446524394135288 21
1622653661671 0.9446524394135288 22
1622653666468 0.9446524394135288 23
1622653671462 0.9446524394135288 24
1622653676711 0.9446524394135288 25
1622653682068 0.9446524394135288 26
1622653687657 0.9446524394135288 27
1622653693401 0.9446524394135288 28
1622653699311 0.9446524394135288 29
1622653705353 0.9446524394135288 30
1622653711649 0.9446524394135288 31
1622653717982 0.9446524394135288 32
1622653724579 0.9446524394135288 33
1622653731350 0.9446524394135288 34
1622653738265 0.9446524394135288 35
1622653745436 0.9446524394135288 36
1622653752718 0.9446524394135288 37
1622653760193 0.9446524394135288 38
1622653767940 0.9446524394135288 39
1622653775748 0.9446524394135288 40
1622653783805 0.9446524394135288 41
1622653792030 0.9446524394135288 42
1622653800429 0.9446524394135288 43
1622653809033 0.9446524394135288 44
1622653817805 0.9446524394135288 45
1622653826713 0.9446524394135288 46
1622653835805 0.9446524394135288 47
1622653845163 0.9446524394135288 48
1622653854699 0.9446524394135288 49
1622653864404 0.9446524394135288 50
1622653874237 0.9446524394135288 51
1622653884406 0.9446524394135288 52
1622653894652 0.9446524394135288 53
1622653905094 0.9446524394135288 54
1622653915677 0.9446524394135288 55
1622653926378 0.9446524394135288 56
1622653937333 0.9446524394135288 57
1622653948394 0.9446524394135288 58
1622653959689 0.9446524394135288 59
1622653971189 0.9446524394135288 60
1622653982837 0.9446524394135288 61
1622653994735 0.9446524394135288 62
1622654006702 0.9446524394135288 63
1622654018854 0.9446524394135288 64
1622654031247 0.9446524394135288 65
1622654043813 0.9446524394135288 66
1622654056530 0.9446524394135288 67
1622654069444 0.9446524394135288 68
1622654082635 0.9446524394135288 69
1622654095952 0.9446524394135288 70
1622654109467 0.9446524394135288 71
1622654123068 0.9446524394135288 72
1622654136957 0.9446524394135288 73
1622654150979 0.9446524394135288 74
1622654165247 0.9446524394135288 75
1622654179747 0.9446524394135288 76
1622654194323 0.9446524394135288 77
1622654209110 0.9446524394135288 78
1622654224005 0.9446524394135288 79
1622654239207 0.9446524394135288 80
1622654254582 0.9446524394135288 81
1622654270005 0.9446524394135288 82
1622654285714 0.9446524394135288 83
1622654301553 0.9446524394135288 84
1622654317629 0.9446524394135288 85
1622654333958 0.9446524394135288 86
1622654350493 0.9446524394135288 87
1622654367032 0.9446524394135288 88
1622654383923 0.9446524394135288 89
1622654400936 0.9446524394135288 90
1622654418087 0.9446524394135288 91
1622654435411 0.9446524394135288 92
1622654452815 0.9446524394135288 93
1622654470599 0.9446524394135288 94
1622654488382 0.9446524394135288 95
1622654506418 0.9446524394135288 96
1622654524725 0.9446524394135288 97
1622654543117 0.9446524394135288 98
1622654561667 0.9446524394135288 99
1622654580397 0.9446524394135288 100
1622654599384 0.9446524394135288 101
1622654618521 0.9446524394135288 102
1622654637814 0.9446524394135288 103
1622654657569 0.9446524394135288 104
1622654677225 0.9446524394135288 105
1622654697146 0.9446524394135288 106
1622654717032 0.9446524394135288 107
1622654737160 0.9446524394135288 108
1622654757626 0.9446524394135288 109
1622654778061 0.9446524394135288 110
1622654798791 0.9446524394135288 111
1622654819574 0.9446524394135288 112
1622654840661 0.9446524394135288 113
1622654861677 0.9446524394135288 114
1622654882973 0.9446524394135288 115
1622654904587 0.9446524394135288 116
1622654926230 0.9446524394135288 117
1622654948170 0.9446524394135288 118
1622654970103 0.9446524394135288 119
1622654992372 0.9446524394135288 120
1622655014782 0.9446524394135288 121
1622655037532 0.9446524394135288 122
1622655060418 0.9446524394135288 123
1622655083248 0.9446524394135288 124
1622655106408 0.9446524394135288 125
1622655129932 0.9446524394135288 126
1622655153495 0.9446524394135288 127
1622655177164 0.9446524394135288 128
1622655202804 0.9446524394135288 129
1622655226997 0.9446524394135288 130
1622655251271 0.9446524394135288 131
1622655275816 0.9446524394135288 132
1622655300634 0.9446524394135288 133
1622655325508 0.9446524394135288 134
1622655350632 0.9446524394135288 135
1622655375691 0.9446524394135288 136
1622655401280 0.9446524394135288 137
1622655426955 0.9446524394135288 138
1622655453688 0.9446524394135288 139
1622655479614 0.9446524394135288 140
1622655508080 0.9446524394135288 141
1622655536630 0.9446524394135288 142
1622655563246 0.9446524394135288 143
1622655591057 0.9446524394135288 144
1622655619150 0.9446524394135288 145
1622655647030 0.9446524394135288 146
1622655674290 0.9446524394135288 147
1622655701643 0.9446524394135288 148
1622655729279 0.9446524394135288 149
1622655756721 0.9446524394135288 150
1622655784490 0.9446524394135288 151
1622655812405 0.9446524394135288 152
1622655840552 0.9446524394135288 153
1622655869076 0.9446524394135288 154
1622655897880 0.9446524394135288 155
1622655926470 0.9446524394135288 156
1622655955367 0.9446524394135288 157
1622655984317 0.9446524394135288 158
1622656013506 0.9446524394135288 159
1622656042896 0.9446524394135288 160
1622656072208 0.9446524394135288 161
1622656101588 0.9446524394135288 162
1622656131130 0.9446524394135288 163
1622656160972 0.9446524394135288 164
1622656191075 0.9446524394135288 165
1622656221372 0.9446524394135288 166
1622656251865 0.9446524394135288 167
1622656282435 0.9446524394135288 168
1622656313197 0.9446524394135288 169
1622656343906 0.9446524394135288 170
1622656375135 0.9446524394135288 171
1622656406506 0.9446524394135288 172
1622656437910 0.9446524394135288 173
1622656469696 0.9446524394135288 174
1622656501664 0.9446524394135288 175
1622656534013 0.9446524394135288 176
1622656566580 0.9446524394135288 177
1622656599070 0.9446524394135288 178
1622656632287 0.9446524394135288 179
1622656665097 0.9446524394135288 180
1622656697979 0.9446524394135288 181
1622656731004 0.9446524394135288 182
1622656764163 0.9446524394135288 183
1622656797772 0.9446524394135288 184
1622656831639 0.9446524394135288 185
1622656865750 0.9446524394135288 186
1622656899727 0.9446524394135288 187
1622656934179 0.9446524394135288 188
1622656968634 0.9446524394135288 189
1622657003238 0.9446524394135288 190
1622657037955 0.9446524394135288 191
1622657072728 0.9446524394135288 192
1622657107875 0.9446524394135288 193
1622657143275 0.9446524394135288 194
1622657178881 0.9446524394135288 195
1622657214637 0.9446524394135288 196
1622657250273 0.9446524394135288 197
1622657287377 0.9446524394135288 198
1622657323419 0.9446524394135288 199
1622657359552 0.9446524394135288 200
1622657396031 0.9446524394135288 201
1622657432367 0.9446524394135288 202
1622657469049 0.9446524394135288 203
1622657505568 0.9446524394135288 204
1622657542721 0.9446524394135288 205
1622657579587 0.9446524394135288 206
1622657616862 0.9446524394135288 207
1622657653984 0.9446524394135288 208
1622657691090 0.9446524394135288 209
1622657729736 0.9446524394135288 210
1622657768183 0.9446524394135288 211
1622657806119 0.9446524394135288 212
1622657844233 0.9446524394135288 213
1622657882558 0.9446524394135288 214
1622657921268 0.9446524394135288 215
1622657961048 0.9446524394135288 216
1622658000004 0.9446524394135288 217
1622658039514 0.9446524394135288 218
1622658078865 0.9446524394135288 219
1622658119129 0.9446524394135288 220
1622658158947 0.9446524394135288 221
1622658198889 0.9446524394135288 222
1622658239270 0.9446524394135288 223
1622658279736 0.9446524394135288 224
1622658320278 0.9446524394135288 225
1622658360740 0.9446524394135288 226
1622658401374 0.9446524394135288 227
1622658442509 0.9446524394135288 228
1622658484458 0.9446524394135288 229
1622658525874 0.9446524394135288 230
1622658567453 0.9446524394135288 231
1622658609075 0.9446524394135288 232
1622658650929 0.9446524394135288 233
1622658694303 0.9446524394135288 234
1622658737081 0.9446524394135288 235
1622658779342 0.9446524394135288 236
1622658822223 0.9446524394135288 237
1622658865206 0.9446524394135288 238
1622658908272 0.9446524394135288 239
1622658951524 0.9446524394135288 240
1622658994870 0.9446524394135288 241
1622659038520 0.9446524394135288 242
1622659082404 0.9446524394135288 243
1622659126495 0.9446524394135288 244
1622659170505 0.9446524394135288 245
1622659214921 0.9446524394135288 246
1622659260069 0.9446524394135288 247
1622659304488 0.9446524394135288 248
1622659349113 0.9446524394135288 249
1622659393778 0.9446524394135288 250
1622659438704 0.9446524394135288 251
1622659484375 0.9446524394135288 252
1622659529865 0.9446524394135288 253
1622659576387 0.9446524394135288 254
1622659622336 0.9446524394135288 255
1622659668601 0.9446524394135288 256
1622659714856 0.9446524394135288 257
1622659762224 0.9446524394135288 258
1622659808922 0.9446524394135288 259
1622659856078 0.9446524394135288 260
1622659903395 0.9446524394135288 261
1622659950633 0.9446524394135288 262
1622659998132 0.9446524394135288 263
1622660045910 0.9446524394135288 264
1622660093807 0.9446524394135288 265
1622660142252 0.9446524394135288 266
1622660190777 0.9446524394135288 267
1622660239070 0.9446524394135288 268
1622660287647 0.9446524394135288 269
1622660337100 0.9446524394135288 270
1622660386757 0.9446524394135288 271
1622660438237 0.9446524394135288 272
1622660487946 0.9446524394135288 273
1622660537552 0.9446524394135288 274
1622660587283 0.9446524394135288 275
1622660637621 0.9446524394135288 276
1622660687799 0.9446524394135288 277
1622660738384 0.9446524394135288 278
1622660788695 0.9446524394135288 279
1622660839557 0.9446524394135288 280
1622660891044 0.9446524394135288 281
1622660942275 0.9446524394135288 282
1622660993770 0.9446524394135288 283
1622661044990 0.9446524394135288 284
1622661096438 0.9446524394135288 285
1622661148241 0.9446524394135288 286
1622661200781 0.9446524394135288 287
1622661252951 0.9446524394135288 288
1622661305251 0.9446524394135288 289
1622661357873 0.9446524394135288 290
1622661410521 0.9446524394135288 291
1622661464141 0.9446524394135288 292
1622661517781 0.9446524394135288 293
1622661571064 0.9446524394135288 294
1622661624406 0.9446524394135288 295
1622661678256 0.9446524394135288 296
1622661732243 0.9446524394135288 297
1622661786449 0.9446524394135288 298
1622661840695 0.9446524394135288 299
1622661895092 0.9446524394135288 300
1622661949704 0.9446524394135288 301
1622662005338 0.9446524394135288 302
1622662060529 0.9446524394135288 303
1622662116029 0.9446524394135288 304
1622662172080 0.9446524394135288 305
1622662227671 0.9446524394135288 306
1622662283712 0.9446524394135288 307
1622662339440 0.9446524394135288 308
1622662395289 0.9446524394135288 309
1622662451537 0.9446524394135288 310
1622662508069 0.9446524394135288 311
1622662565317 0.9446524394135288 312
1622662622031 0.9446524394135288 313
1622662679025 0.9446524394135288 314
1622662735904 0.9446524394135288 315
1622662793060 0.9446524394135288 316
1622662850420 0.9446524394135288 317
1622662908011 0.9446524394135288 318
1622662965971 0.9446524394135288 319
1622663025519 0.9446524394135288 320
1622663084309 0.9446524394135288 321
1622663143554 0.9446524394135288 322
1622663202740 0.9446524394135288 323
1622663262317 0.9446524394135288 324
1622663321485 0.9446524394135288 325
1622663380860 0.9446524394135288 326
1622663441196 0.9446524394135288 327
1622663501188 0.9446524394135288 328
1622663561446 0.9446524394135288 329
1622663621814 0.9446524394135288 330
1622663682537 0.9446524394135288 331
1622663743634 0.9446524394135288 332
1622663804725 0.9446524394135288 333
1622663865967 0.9446524394135288 334
1622663927483 0.9446524394135288 335
1622663988660 0.9446524394135288 336
1622664050030 0.9446524394135288 337
1622664112014 0.9446524394135288 338
1622664174876 0.9446524394135288 339
1622664236505 0.9446524394135288 340
1622664299663 0.9446524394135288 341
1622664361539 0.9446524394135288 342
1622664424001 0.9446524394135288 343
1622664485872 0.9446524394135288 344
1622664547946 0.9446524394135288 345
1622664610811 0.9446524394135288 346
1622664674399 0.9446524394135288 347
1622664737397 0.9446524394135288 348
1622664801926 0.9446524394135288 349
1622664864770 0.9446524394135288 350
1622664927390 0.9446524394135288 351
1622664989955 0.9446524394135288 352
1622665052830 0.9446524394135288 353
1622665114581 0.9446524394135288 354
1622665177754 0.9446524394135288 355
1622665241713 0.9446524394135288 356
1622665305145 0.9446524394135288 357
1622665368415 0.9446524394135288 358
1622665430666 0.9446524394135288 359
1622665494085 0.9446524394135288 360
1622665557088 0.9446524394135288 361
1622665619987 0.9446524394135288 362
1622665684196 0.9446524394135288 363
1622665747452 0.9446524394135288 364
1622665811388 0.9446524394135288 365
1622665875172 0.9446524394135288 366
1622665938982 0.9446524394135288 367
1622666003956 0.9446524394135288 368
1622666068136 0.9446524394135288 369
1622666133136 0.9446524394135288 370
1622666197522 0.9446524394135288 371
1622666262036 0.9446524394135288 372
1622666327452 0.9446524394135288 373
1622666392559 0.9446524394135288 374
1622666458129 0.9446524394135288 375
1622666523847 0.9446524394135288 376
1622666589812 0.9446524394135288 377
1622666656613 0.9446524394135288 378
1622666722453 0.9446524394135288 379
1622666788555 0.9446524394135288 380
1622666854655 0.9446524394135288 381
1622666921746 0.9446524394135288 382
1622666988800 0.9446524394135288 383
1622667056298 0.9446524394135288 384
1622667123677 0.9446524394135288 385
1622667190971 0.9446524394135288 386
1622667259221 0.9446524394135288 387
1622667328484 0.9446524394135288 388
1622667397200 0.9446524394135288 389
1622667465654 0.9446524394135288 390
1622667533562 0.9446524394135288 391
1622667602001 0.9446524394135288 392
1622667670580 0.9446524394135288 393
1622667739758 0.9446524394135288 394
1622667808517 0.9446524394135288 395
1622667878127 0.9446524394135288 396
1622667948432 0.9446524394135288 397
1622668017635 0.9446524394135288 398
1622668087065 0.9446524394135288 399
1622668156234 0.9446524394135288 400
1622668226092 0.9446524394135288 401
1622668297149 0.9446524394135288 402
1622668367569 0.9446524394135288 403
1622668438696 0.9446524394135288 404
1622668509474 0.9446524394135288 405
1622668580914 0.9446524394135288 406
1622668652439 0.9446524394135288 407
1622668723736 0.9446524394135288 408
1622668795295 0.9446524394135288 409
1622668866678 0.9446524394135288 410
1622668939276 0.9446524394135288 411
1622669011075 0.9446524394135288 412
1622669083672 0.9446524394135288 413
1622669156219 0.9446524394135288 414
1622669228882 0.9446524394135288 415
1622669302791 0.9446524394135288 416
1622669376218 0.9446524394135288 417
1622669449957 0.9446524394135288 418
1622669524018 0.9446524394135288 419
1622669597861 0.9446524394135288 420
1622669672300 0.9446524394135288 421
1622669746387 0.9446524394135288 422
1622669820827 0.9446524394135288 423
1622669895837 0.9446524394135288 424
1622669970680 0.9446524394135288 425
1622670045790 0.9446524394135288 426
1622670120635 0.9446524394135288 427
1622670196059 0.9446524394135288 428
1622670271403 0.9446524394135288 429
1622670347693 0.9446524394135288 430
1622670424229 0.9446524394135288 431
1622670499941 0.9446524394135288 432
1622670575840 0.9446524394135288 433
1622670651845 0.9446524394135288 434
1622670728697 0.9446524394135288 435
1622670806306 0.9446524394135288 436
1622670882737 0.9446524394135288 437
1622670960930 0.9446524394135288 438
1622671038473 0.9446524394135288 439
1622671116209 0.9446524394135288 440
1622671196396 0.9446524394135288 441
1622671274227 0.9446524394135288 442
1622671352575 0.9446524394135288 443
1622671431061 0.9446524394135288 444
1622671511213 0.9446524394135288 445
1622671589941 0.9446524394135288 446
1622671671806 0.9446524394135288 447
1622671755116 0.9446524394135288 448
1622671838370 0.9446524394135288 449
1622671920948 0.9446524394135288 450
1622672002544 0.9446524394135288 451
1622672083301 0.9446524394135288 452
1622672164551 0.9446524394135288 453
1622672244765 0.9446524394135288 454
1622672326134 0.9446524394135288 455
1622672406017 0.9446524394135288 456
1622672486333 0.9446524394135288 457
1622672566704 0.9446524394135288 458
1622672647683 0.9446524394135288 459
1622672729387 0.9446524394135288 460
1622672810405 0.9446524394135288 461
1622672891618 0.9446524394135288 462
1622672973115 0.9446524394135288 463
1622673055168 0.9446524394135288 464
1622673137236 0.9446524394135288 465
1622673219237 0.9446524394135288 466
1622673301144 0.9446524394135288 467
1622673383287 0.9446524394135288 468
1622673465830 0.9446524394135288 469
1622673550469 0.9446524394135288 470
1622673633705 0.9446524394135288 471
1622673717749 0.9446524394135288 472
1622673800989 0.9446524394135288 473
1622673884784 0.9446524394135288 474
1622673968302 0.9446524394135288 475
1622674052271 0.9446524394135288 476
1622674136336 0.9446524394135288 477
1622674220173 0.9446524394135288 478
1622674304576 0.9446524394135288 479
1622674389347 0.9446524394135288 480
1622674474909 0.9446524394135288 481
1622674560418 0.9446524394135288 482
1622674645392 0.9446524394135288 483
1622674731341 0.9446524394135288 484
1622674816733 0.9446524394135288 485
1622674902794 0.9446524394135288 486
1622674988677 0.9446524394135288 487
1622675074972 0.9446524394135288 488
1622675161713 0.9446524394135288 489
1622675249447 0.9446524394135288 490
1622675338858 0.9446524394135288 491
1622675428889 0.9446524394135288 492
1622675515894 0.9446524394135288 493
1622675603848 0.9446524394135288 494
1622675693693 0.9446524394135288 495
1622675783768 0.9446524394135288 496
1622675875276 0.9446524394135288 497
1622675968695 0.9446524394135288 498
1622676061035 0.9446524394135288 499
1622676151281 0.9446524394135288 500
