1622596706622 0.006 0
1622596707173 0.426 1
1622596707763 0.469 2
1622596708365 0.478 3
1622596708986 0.501 4
1622596709653 0.547 5
1622596710365 0.595 6
1622596711107 0.622 7
1622596711870 0.646 8
1622596712670 0.683 9
1622596713489 0.704 10
1622596714399 0.792 11
1622596715366 0.841 12
1622596716301 0.819 13
1622596717280 0.862 14
1622596718287 0.891 15
1622596719335 0.933 16
1622596720436 0.985 17
1622596721558 1.007 18
1622596722736 1.064 19
1622596723946 1.095 20
1622596725186 1.119 21
1622596726468 1.165 22
1622596727767 1.181 23
1622596729099 1.218 24
1622596730483 1.268 25
1622596731965 1.366 26
1622596733423 1.335 27
1622596734908 1.359 28
1622596737282 2.17 29
1622596738947 1.545 30
1622596740632 1.566 31
1622596742367 1.61 32
1622596744815 2.261 33
1622596746484 1.555 34
1622596748227 1.628 35
1622596749972 1.628 36
1622596751824 1.736 37
1622596753671 1.731 38
1622596755635 1.846 39
1622596757610 1.85 40
1622596759602 1.87 41
1622596761663 1.941 42
1622596763748 1.968 43
1622596765831 1.965 44
1622596767977 1.969 45
1622596770127 2.031 46
1622596772318 2.072 47
1622596774545 2.11 48
1622596776844 2.179 49
1622596779121 2.159 50
1622596781423 2.186 51
1622596783788 2.248 52
1622596786146 2.243 53
1622596788544 2.281 54
1622596790986 2.327 55
1622596793495 2.385 56
1622596795998 2.389 57
1622596798546 2.432 58
1622596801134 2.471 59
1622596803769 2.516 60
1622596806447 2.56 61
1622596809151 2.586 62
1622596811869 2.598 63
1622596814655 2.665 64
1622596817666 2.894 65
1622596820574 2.784 66
1622596823430 2.74 67
1622596826354 2.806 68
1622596829339 2.866 69
1622596832363 2.906 70
1622596835446 2.928 71
1622596838553 2.986 72
1622596841609 2.936 73
1622596844734 3.003 74
1622596847901 3.049 75
1622596851090 3.07 76
1622596854312 3.104 77
1622596857639 3.208 78
1622596860973 3.217 79
1622596864280 3.188 80
1622596867670 3.272 81
1622596871126 3.335 82
1622596874610 3.362 83
1622596878090 3.36 84
1622596881826 3.617 85
1622596885356 3.411 86
1622596888982 3.509 87
1622596892832 3.733 88
1622596896500 3.546 89
1622596900461 3.838 90
1622596904152 3.571 91
1622596908005 3.732 92
1622596912041 3.917 93
1622596916208 4.043 94
1622596920430 4.103 95
1622596924633 4.079 96
1622596928579 3.827 97
1622596932594 3.897 98
1622596936634 3.921 99
1622596940751 3.996 100
1622596944929 4.055 101
1622596949232 4.181 102
1622596953388 4.035 103
1622596957742 4.234 104
1622596962041 4.18 105
1622596966371 4.212 106
1622596970643 4.152 107
1622596974993 4.229 108
1622596979386 4.274 109
1622596983814 4.309 110
1622596988297 4.366 111
1622596992789 4.373 112
1622596997347 4.439 113
1622597001936 4.472 114
1622597006556 4.504 115
1622597011206 4.536 116
1622597015938 4.615 117
1622597020717 4.659 118
1622597025540 4.704 119
1622597030343 4.686 120
1622597035132 4.673 121
1622597040039 4.788 122
1622597044890 4.729 123
1622597049780 4.773 124
1622597054794 4.896 125
1622597059808 4.893 126
1622597064802 4.875 127
1622597069871 4.948 128
1622597074978 4.99 129
1622597080173 5.078 130
1622597085588 5.288 131
1622597090811 5.106 132
1622597096084 5.153 133
1622597101460 5.259 134
1622597106759 5.179 135
1622597112095 5.215 136
1622597117662 5.444 137
1622597123121 5.331 138
1622597128738 5.501 139
1622597134259 5.405 140
1622597139861 5.484 141
1622597145437 5.459 142
1622597151063 5.507 143
1622597156703 5.523 144
1622597162354 5.532 145
1622597168117 5.645 146
1622597173876 5.639 147
1622597179737 5.742 148
1622597185554 5.699 149
1622597191530 5.858 150
1622597197484 5.839 151
1622597203481 5.879 152
1622597209494 5.899 153
1622597215509 5.899 154
1622597221562 5.936 155
1622597227634 5.955 156
1622597233808 6.054 157
1622597240037 6.106 158
1622597246201 6.043 159
1622597252481 6.162 160
1622597259013 6.414 161
1622597265375 6.236 162
1622597271925 6.432 163
1622597278371 6.327 164
1622597284938 6.445 165
1622597291331 6.277 166
1622597297850 6.401 167
1622597305477 7.506 168
1622597313419 7.766 169
1622597320106 6.566 170
1622597326755 6.533 171
1622597333495 6.622 172
1622597340195 6.579 173
1622597347104 6.787 174
1622597354065 6.843 175
1622597360916 6.726 176
1622597367753 6.72 177
1622597374582 6.713 178
1622597381486 6.785 179
1622597388439 6.834 180
1622597395402 6.843 181
1622597402464 6.942 182
1622597409611 7.03 183
1622597416687 6.956 184
1622597423744 6.938 185
1622597430910 7.048 186
1622597438143 7.107 187
1622597446004 7.743 188
1622597453252 7.124 189
1622597460464 7.095 190
1622597467738 7.157 191
1622597475070 7.21 192
1622597482424 7.237 193
1622597489856 7.316 194
1622597497300 7.326 195
1622597504848 7.43 196
1622597512918 7.949 197
1622597520808 7.767 198
1622597528381 7.447 199
1622597537080 8.489 200
1622597545148 7.946 201
1622597552907 7.644 202
1622597560850 7.827 203
1622597569085 8.115 204
1622597577058 7.851 205
1622597585087 7.912 206
1622597593663 8.451 207
1622597602351 8.56 208
1622597610321 7.847 209
1622597618401 7.955 210
1622597626658 8.135 211
1622597634716 7.939 212
1622597643100 8.264 213
1622597651847 8.623 214
1622597660417 8.448 215
1622597668621 8.086 216
1622597677360 8.619 217
1622597685861 8.383 218
1622597694571 8.59 219
1622597703642 8.949 220
1622597712174 8.415 221
1622597721919 9.629 222
1622597730291 8.256 223
1622597738704 8.299 224
1622597747230 8.412 225
1622597755765 8.419 226
1622597764884 9.001 227
1622597773597 8.592 228
1622597782229 8.515 229
1622597790880 8.533 230
1622597799656 8.654 231
1622597808436 8.663 232
1622597817385 8.833 233
1622597826282 8.779 234
1622597835197 8.799 235
1622597844106 8.793 236
1622597853036 8.814 237
1622597862014 8.844 238
1622597871308 9.179 239
1622597880601 9.175 240
1622597889639 8.918 241
1622597898993 9.234 242
1622597908109 9.0 243
1622597917219 8.995 244
1622597926605 9.267 245
1622597936414 9.687 246
1622597946604 10.068 247
1622597955939 9.211 248
1622597965343 9.284 249
1622597974752 9.291 250
1622597984232 9.362 251
1622597993776 9.425 252
1622598003396 9.503 253
1622598012970 9.459 254
1622598022832 9.747 255
1622598032406 9.454 256
1622598042105 9.58 257
1622598051761 9.537 258
1622598061552 9.671 259
1622598071309 9.639 260
1622598081173 9.746 261
1622598091040 9.749 262
1622598100961 9.801 263
1622598111302 10.218 264
1622598121244 9.826 265
1622598131366 10.005 266
1622598141781 10.299 267
1622598152078 10.182 268
1622598162864 10.666 269
1622598173079 10.097 270
1622598183369 10.174 271
1622598193725 10.242 272
1622598204054 10.214 273
1622598215063 10.893 274
1622598225518 10.337 275
1622598235945 10.304 276
1622598246494 10.427 277
1622598256998 10.381 278
1622598268032 10.912 279
1622598279252 11.098 280
1622598290491 11.117 281
1622598301552 10.942 282
1622598312840 11.166 283
1622598324378 11.414 284
1622598335833 11.335 285
1622598346963 11.013 286
1622598358393 11.312 287
1622598369269 10.753 288
1622598380245 10.86 289
1622598391102 10.737 290
1622598402053 10.824 291
1622598413443 11.276 292
1622598424677 11.115 293
1622598435695 10.901 294
1622598446810 10.998 295
1622598458139 11.211 296
1622598469432 11.171 297
1622598480508 10.957 298
1622598492014 11.388 299
1622598503293 11.156 300
1622598514550 11.14 301
1622598526329 11.66 302
1622598538364 11.916 303
1622598550291 11.801 304
1622598561909 11.495 305
1622598573353 11.325 306
1622598584827 11.355 307
1622598596299 11.355 308
1622598607906 11.49 309
1622598619818 11.796 310
1622598631801 11.861 311
1622598643903 11.98 312
1622598655790 11.771 313
1622598668269 12.361 314
1622598680010 11.627 315
1622598691844 11.722 316
1622598703741 11.779 317
1622598716119 12.257 318
1622598727999 11.762 319
1622598740334 12.215 320
1622598752650 12.188 321
1622598764829 12.054 322
1622598777131 12.185 323
1622598789354 12.103 324
1622598801590 12.118 325
1622598813811 12.102 326
1622598825900 11.972 327
1622598838242 12.227 328
1622598850528 12.168 329
1622598862959 12.314 330
1622598875599 12.519 331
1622598888122 12.408 332
1622598900669 12.43 333
1622598913166 12.376 334
1622598925832 12.545 335
1622598938319 12.369 336
1622598950906 12.468 337
1622598963485 12.464 338
1622598976132 12.532 339
1622598988856 12.605 340
1622599001952 12.955 341
1622599014694 12.626 342
1622599027647 12.837 343
1622599040617 12.856 344
1622599054727 13.985 345
1622599067679 12.823 346
1622599080874 13.074 347
1622599094003 13.006 348
1622599107222 13.098 349
1622599120430 13.085 350
1622599133800 13.251 351
1622599146953 13.029 352
1622599160467 13.39 353
1622599174722 14.098 354
1622599188134 13.295 355
1622599201431 13.179 356
1622599214855 13.305 357
1622599228622 13.647 358
1622599242774 14.033 359
1622599256323 13.432 360
1622599269777 13.331 361
1622599283267 13.371 362
1622599296719 13.332 363
1622599310333 13.496 364
1622599324054 13.6 365
1622599337695 13.525 366
1622599351470 13.656 367
1622599365163 13.576 368
1622599378855 13.574 369
1622599392639 13.666 370
1622599406469 13.714 371
1622599420439 13.853 372
1622599434407 13.854 373
1622599449294 14.771 374
1622599463906 14.491 375
1622599478685 14.662 376
1622599492742 13.939 377
1622599507367 14.507 378
1622599522562 15.075 379
1622599536908 14.219 380
1622599551165 14.134 381
1622599565514 14.229 382
1622599579947 14.313 383
1622599594646 14.576 384
1622599608962 14.201 385
1622599623394 14.315 386
1622599637850 14.338 387
1622599652782 14.816 388
1622599667212 14.315 389
1622599681671 14.344 390
1622599696114 14.324 391
1622599710743 14.511 392
1622599725857 14.991 393
1622599740591 14.615 394
1622599755319 14.61 395
1622599770307 14.867 396
1622599784912 14.487 397
1622599800262 15.232 398
1622599815730 15.346 399
1622599830577 14.73 400
1622599845378 14.683 401
1622599860833 15.333 402
1622599876016 15.057 403
1622599891071 14.939 404
1622599906224 15.036 405
1622599921215 14.874 406
1622599936343 15.012 407
1622599951578 15.113 408
1622599966765 15.068 409
1622599981810 14.926 410
1622599997767 15.833 411
1622600014079 16.12 412
1622600029667 15.468 413
1622600045954 16.167 414
1622600061587 15.512 415
1622600077361 15.654 416
1622600093665 16.186 417
1622600109184 15.403 418
1622600124674 15.372 419
1622600140191 15.4 420
1622600155788 15.477 421
1622600171319 15.416 422
1622600186902 15.466 423
1622600202606 15.585 424
1622600218280 15.553 425
1622600233932 15.531 426
1622600249780 15.728 427
1622600266537 16.637 428
1622600282571 15.916 429
1622600298933 16.241 430
1622600315120 16.07 431
1622600331494 16.256 432
1622600347536 15.924 433
1622600363698 16.046 434
1622600380035 16.218 435
1622600396210 16.056 436
1622600412446 16.116 437
1622600428777 16.207 438
1622600445131 16.233 439
1622600461390 16.136 440
1622600477744 16.232 441
1622600494049 16.183 442
1622600510491 16.318 443
1622600526896 16.28 444
1622600543817 16.794 445
1622600560562 16.628 446
1622600577015 16.337 447
1622600593637 16.506 448
1622600610156 16.402 449
1622600626716 16.441 450
1622600643416 16.58 451
1622600660159 16.622 452
1622600676921 16.643 453
1622600693607 16.567 454
1622600710396 16.67 455
1622600727154 16.638 456
1622600744032 16.755 457
1622600760906 16.756 458
1622600777867 16.844 459
1622600796503 18.517 460
1622600813549 16.927 461
1622600830542 16.875 462
1622600847574 16.916 463
1622600864703 17.014 464
1622600881678 16.854 465
1622600900681 18.885 466
1622600918936 18.136 467
1622600936649 17.591 468
1622600954009 17.241 469
1622600971393 17.267 470
1622600989098 17.587 471
1622601006799 17.583 472
1622601024219 17.306 473
1622601042470 18.135 474
1622601060208 17.62 475
1622601078717 18.39 476
1622601097056 18.217 477
1622601114727 17.553 478
1622601132271 17.425 479
1622601150012 17.622 480
1622601167844 17.712 481
1622601185623 17.661 482
1622601203410 17.667 483
1622601221247 17.72 484
1622601239381 18.02 485
1622601258593 19.095 486
1622601276540 17.834 487
1622601294382 17.725 488
1622601312586 18.086 489
1622601330663 17.953 490
1622601349516 18.734 491
1622601367963 18.323 492
1622601386350 18.261 493
1622601404854 18.384 494
1622601422953 17.984 495
1622601441202 18.129 496
1622601459584 18.265 497
1622601478088 18.387 498
1622601496367 18.159 499
1622601514829 18.334 500
