1622601598533 0.38 0
1622601599099 0.456 1
1622601599693 0.532 2
1622601600346 0.607 3
1622601601011 0.6839999999999999 4
1622601601685 0.7599999999999999 5
1622601602404 0.8359999999999999 6
1622601603180 0.9119999999999998 7
1622601604019 0.9889999999999998 8
1622601604866 1.0639999999999998 9
1622601605737 1.1389999999999998 10
1622601606648 1.2139999999999997 11
1622601607603 1.2889999999999997 12
1622601608583 1.3639999999999997 13
1622601609593 1.4419999999999997 14
1622601610650 1.5169999999999997 15
1622601611753 1.5919999999999996 16
1622601612897 1.6679999999999997 17
1622601614079 1.7439999999999998 18
1622601615315 1.8189999999999997 19
1622601616546 1.8949999999999998 20
1622601617817 1.9719999999999998 21
1622601619126 2.0469999999999997 22
1622601620491 2.122 23
1622601621858 2.198 24
1622601623279 2.273 25
1622601624725 2.349 26
1622601626214 2.4250000000000003 27
1622601627768 2.5010000000000003 28
1622601630038 2.6500000000000004 29
1622601631618 2.7290000000000005 30
1622601633272 2.8040000000000007 31
1622601634946 2.879000000000001 32
1622601636658 2.955000000000001 33
1622601638385 3.030000000000001 34
1622601640170 3.1050000000000013 35
1622601641985 3.1820000000000013 36
1622601643854 3.2580000000000013 37
1622601645730 3.3330000000000015 38
1622601647617 3.4090000000000016 39
1622601649549 3.4850000000000017 40
1622601651541 3.560000000000002 41
1622601653569 3.635000000000002 42
1622601655630 3.713000000000002 43
1622601657734 3.790000000000002 44
1622601659852 3.866000000000002 45
1622601662001 3.941000000000002 46
1622601664203 4.0180000000000025 47
1622601666417 4.094000000000002 48
1622601668695 4.170000000000002 49
1622601671003 4.245000000000002 50
1622601673342 4.3210000000000015 51
1622601675705 4.396000000000002 52
1622601678110 4.473000000000002 53
1622601680559 4.548000000000002 54
1622601683842 4.709000000000001 55
1622601686363 4.785000000000001 56
1622601688987 4.861000000000001 57
1622601691638 4.939000000000001 58
1622601694314 5.015000000000001 59
1622601697067 5.094 60
1622601699773 5.1690000000000005 61
1622601702548 5.244000000000001 62
1622601705462 5.3180000000000005 63
1622601708532 5.402 64
1622601711448 5.478 65
1622601714418 5.555 66
1622601717373 5.632 67
1622601720520 5.709 68
1622601723596 5.789 69
1622601726651 5.864999999999999 70
1622601729862 5.944999999999999 71
1622601733044 6.02 72
1622601736224 6.103999999999999 73
1622601739397 6.179999999999999 74
1622601742659 6.2559999999999985 75
1622601746867 6.4129999999999985 76
1622601750157 6.487999999999999 77
1622601753502 6.562999999999999 78
1622601756921 6.637999999999999 79
1622601760343 6.712999999999999 80
1622601763810 6.787999999999999 81
1622601767296 6.8629999999999995 82
1622601770769 6.938999999999999 83
1622601774382 7.013999999999999 84
1622601777974 7.089999999999999 85
1622601781579 7.165999999999999 86
1622601785229 7.241999999999998 87
1622601788969 7.317999999999998 88
1622601792667 7.394999999999998 89
1622601796428 7.469999999999998 90
1622601800234 7.545999999999998 91
1622601804085 7.620999999999998 92
1622601808014 7.697999999999998 93
1622601811958 7.773999999999997 94
1622601815904 7.850999999999997 95
1622601820013 7.9259999999999975 96
1622601824052 8.000999999999998 97
1622601828137 8.076999999999998 98
1622601832226 8.153999999999998 99
1622601836484 8.229999999999999 100
1622601840657 8.304999999999998 101
1622601844860 8.378999999999998 102
1622601849069 8.453999999999997 103
1622601853338 8.530999999999997 104
1622601857637 8.606999999999998 105
1622601862095 8.682999999999998 106
1622601866462 8.758999999999999 107
1622601870857 8.833999999999998 108
1622601875322 8.909999999999998 109
1622601879807 8.985999999999999 110
1622601884372 9.059999999999999 111
1622601888907 9.134999999999998 112
1622601893529 9.210999999999999 113
1622601898132 9.285999999999998 114
1622601902826 9.359999999999998 115
1622601907483 9.435999999999998 116
1622601912266 9.511999999999999 117
1622601917184 9.588999999999999 118
1622601922027 9.663999999999998 119
1622601926893 9.740999999999998 120
1622601931810 9.816999999999998 121
1622601936725 9.891999999999998 122
1622601941734 9.966999999999997 123
1622601946726 10.040999999999997 124
1622601951972 10.117999999999997 125
1622601957242 10.193999999999997 126
1622601962322 10.269999999999998 127
1622601967507 10.345999999999998 128
1622601972694 10.420999999999998 129
1622601977888 10.495999999999997 130
1622601983163 10.570999999999996 131
1622601988433 10.645999999999995 132
1622601993769 10.720999999999995 133
1622601999081 10.795999999999994 134
1622602004593 10.870999999999993 135
1622602010100 10.954999999999993 136
1622602015580 11.030999999999993 137
1622602021094 11.105999999999993 138
1622602026868 11.181999999999993 139
1622602032421 11.256999999999993 140
1622602037988 11.331999999999992 141
1622602043635 11.406999999999991 142
1622602049339 11.480999999999991 143
1622602055042 11.557999999999991 144
1622602060785 11.633999999999991 145
1622602066757 11.70899999999999 146
1622602072572 11.784999999999991 147
1622602078438 11.867999999999991 148
1622602084372 11.944999999999991 149
1622602090411 12.021999999999991 150
1622602096546 12.10299999999999 151
1622602102568 12.17699999999999 152
1622602108617 12.252999999999991 153
1622602114928 12.33099999999999 154
1622602121168 12.409999999999991 155
1622602127628 12.486999999999991 156
1622602133835 12.562999999999992 157
1622602140071 12.637999999999991 158
1622602146345 12.713999999999992 159
1622602152658 12.78899999999999 160
1622602159129 12.86599999999999 161
1622602165445 12.941999999999991 162
1622602171976 13.017999999999992 163
1622602178635 13.092999999999991 164
1622602185670 13.172999999999991 165
1622602192936 13.257999999999992 166
1622602199517 13.334999999999992 167
1622602206090 13.411999999999992 168
1622602213211 13.488999999999992 169
1622602220178 13.565999999999992 170
1622602226883 13.642999999999992 171
1622602233532 13.717999999999991 172
1622602240240 13.79299999999999 173
1622602247162 13.868999999999991 174
1622602253993 13.94599999999999 175
1622602260889 14.02099999999999 176
1622602268520 14.09599999999999 177
1622602275406 14.17299999999999 178
1622602282349 14.247999999999989 179
1622602289543 14.322999999999988 180
1622602296844 14.403999999999987 181
1622602303986 14.478999999999987 182
1622602311136 14.558999999999987 183
1622602318213 14.634999999999987 184
1622602325284 14.710999999999988 185
1622602332608 14.785999999999987 186
1622602339869 14.871999999999987 187
1622602347221 14.944999999999988 188
1622602354748 15.020999999999988 189
1622602362255 15.096999999999989 190
1622602369661 15.17899999999999 191
1622602377050 15.25299999999999 192
1622602384461 15.32699999999999 193
1622602391917 15.401999999999989 194
1622602399499 15.476999999999988 195
1622602407175 15.553999999999988 196
1622602414754 15.628999999999987 197
1622602422342 15.701999999999988 198
1622602430087 15.776999999999987 199
1622602437767 15.852999999999987 200
1622602445501 15.927999999999987 201
1622602453265 16.00199999999999 202
1622602461086 16.076999999999988 203
1622602468929 16.152999999999988 204
1622602476794 16.227999999999987 205
1622602484671 16.302999999999987 206
1622602493020 16.37999999999999 207
1622602501114 16.45699999999999 208
1622602510534 16.53499999999999 209
1622602519421 16.61299999999999 210
1622602527739 16.69199999999999 211
1622602535853 16.76699999999999 212
1622602544009 16.841999999999988 213
1622602552331 16.922999999999988 214
1622602561068 16.99699999999999 215
1622602569993 17.07499999999999 216
1622602578807 17.15399999999999 217
1622602587095 17.22899999999999 218
1622602595422 17.30299999999999 219
1622602603800 17.37799999999999 220
1622602612597 17.45199999999999 221
1622602621707 17.53099999999999 222
1622602630202 17.606999999999992 223
1622602638953 17.680999999999994 224
1622602648153 17.766999999999992 225
1622602656830 17.842999999999993 226
1622602665575 17.918999999999993 227
1622602674247 17.993999999999993 228
1622602683086 18.067999999999994 229
1622602691953 18.145999999999994 230
1622602700752 18.221999999999994 231
1622602709745 18.296999999999993 232
1622602718757 18.372999999999994 233
1622602728566 18.448999999999995 234
1622602737474 18.523999999999994 235
1622602746526 18.600999999999996 236
1622602756320 18.674999999999997 237
1622602765370 18.749999999999996 238
1622602774985 18.824999999999996 239
1622602784722 18.906999999999996 240
1622602793863 18.981999999999996 241
1622602803057 19.056999999999995 242
1622602812250 19.133999999999997 243
1622602821515 19.209999999999997 244
1622602830713 19.285999999999998 245
1622602840131 19.360999999999997 246
1622602849465 19.435999999999996 247
1622602858986 19.510999999999996 248
1622602868441 19.586999999999996 249
1622602877900 19.661999999999995 250
1622602887386 19.735999999999997 251
1622602896850 19.811999999999998 252
1622602906457 19.886 253
1622602916126 19.961 254
1622602925825 20.037 255
1622602935506 20.112 256
1622602945497 20.194 257
1622602955276 20.267 258
1622602965354 20.342 259
1622602975309 20.423 260
1622602985115 20.499 261
1622602995175 20.573 262
1622603005080 20.648 263
1622603015149 20.724 264
1622603026128 20.877 265
1622603036563 20.956 266
1622603047035 21.032 267
1622603057366 21.108 268
1622603067775 21.183 269
1622603078070 21.259 270
1622603088485 21.333000000000002 271
1622603098774 21.410000000000004 272
1622603109146 21.486000000000004 273
1622603119715 21.563000000000006 274
1622603130124 21.639000000000006 275
1622603140758 21.715000000000007 276
1622603152002 21.863000000000007 277
1622603162916 21.939000000000007 278
1622603173441 22.01300000000001 279
1622603184054 22.09000000000001 280
1622603194705 22.16500000000001 281
1622603205357 22.24000000000001 282
1622603216018 22.31600000000001 283
1622603226887 22.39000000000001 284
1622603237621 22.46800000000001 285
1622603248357 22.54300000000001 286
1622603260079 22.62000000000001 287
1622603271055 22.696000000000012 288
1622603283321 22.77900000000001 289
1622603294237 22.85400000000001 290
1622603305504 22.93000000000001 291
1622603316431 23.00600000000001 292
1622603327429 23.08100000000001 293
1622603338524 23.158000000000012 294
1622603349570 23.235000000000014 295
1622603360623 23.311000000000014 296
1622603372020 23.386000000000013 297
1622603384408 23.460000000000015 298
1622603395688 23.534000000000017 299
1622603406964 23.60800000000002 300
1622603418374 23.68200000000002 301
1622603429807 23.75700000000002 302
1622603441194 23.83300000000002 303
1622603452711 23.90900000000002 304
1622603464278 23.983000000000022 305
1622603477233 24.057000000000023 306
1622603488903 24.133000000000024 307
1622603500545 24.207000000000026 308
1622603512312 24.281000000000027 309
1622603524148 24.356000000000027 310
1622603535966 24.439000000000025 311
1622603547792 24.514000000000024 312
1622603559519 24.588000000000026 313
1622603571218 24.664000000000026 314
1622603583034 24.739000000000026 315
1622603594770 24.815000000000026 316
1622603606697 24.891000000000027 317
1622603618601 24.96800000000003 318
1622603630543 25.04200000000003 319
1622603642558 25.11700000000003 320
1622603654498 25.19100000000003 321
1622603667055 25.268000000000033 322
1622603679160 25.347000000000033 323
1622603691376 25.422000000000033 324
1622603703775 25.497000000000032 325
1622603716275 25.573000000000032 326
1622603728441 25.647000000000034 327
1622603741076 25.722000000000033 328
1622603753343 25.796000000000035 329
1622603765678 25.871000000000034 330
1622603778054 25.945000000000036 331
1622603790458 26.020000000000035 332
1622603803023 26.094000000000037 333
1622603815477 26.169000000000036 334
1622603828201 26.246000000000038 335
1622603840739 26.32000000000004 336
1622603853278 26.39700000000004 337
1622603865880 26.471000000000043 338
1622603879023 26.547000000000043 339
1622603891749 26.628000000000043 340
1622603904487 26.704000000000043 341
1622603917193 26.780000000000044 342
1622603930050 26.856000000000044 343
1622603942867 26.931000000000044 344
1622603955818 27.007000000000044 345
1622603968698 27.081000000000046 346
1622603981584 27.155000000000047 347
1622603994469 27.22900000000005 348
1622604007479 27.30300000000005 349
1622604020457 27.377000000000052 350
1622604033516 27.451000000000054 351
1622604046586 27.526000000000053 352
1622604059686 27.599000000000053 353
1622604073475 27.674000000000053 354
1622604086680 27.748000000000054 355
1622604099936 27.823000000000054 356
1622604113396 27.898000000000053 357
1622604126753 27.979000000000052 358
1622604140089 28.053000000000054 359
1622604153453 28.127000000000056 360
1622604166841 28.202000000000055 361
1622604180304 28.278000000000056 362
1622604193754 28.353000000000055 363
1622604207192 28.428000000000054 364
1622604220785 28.503000000000053 365
1622604234487 28.579000000000054 366
1622604248070 28.655000000000054 367
1622604262712 28.731000000000055 368
1622604276588 28.805000000000057 369
1622604290388 28.880000000000056 370
1622604304274 28.956000000000056 371
1622604318256 29.032000000000057 372
1622604332176 29.107000000000056 373
1622604346160 29.183000000000057 374
1622604360897 29.258000000000056 375
1622604374803 29.331000000000056 376
1622604388829 29.405000000000058 377
1622604402916 29.48100000000006 378
1622604417363 29.55700000000006 379
1622604431459 29.63200000000006 380
1622604446483 29.70600000000006 381
1622604460741 29.78000000000006 382
1622604474907 29.85500000000006 383
1622604489160 29.929000000000062 384
1622604503410 30.003000000000064 385
1622604517729 30.080000000000066 386
1622604532077 30.155000000000065 387
1622604546459 30.230000000000064 388
1622604560808 30.304000000000066 389
1622604575212 30.379000000000065 390
1622604589653 30.454000000000065 391
1622604604171 30.530000000000065 392
1622604618639 30.606000000000066 393
1622604633250 30.681000000000065 394
1622604647784 30.756000000000064 395
1622604662462 30.830000000000066 396
1622604677088 30.906000000000066 397
1622604691837 30.980000000000068 398
1622604706617 31.055000000000067 399
1622604721314 31.131000000000068 400
1622604736044 31.20500000000007 401
1622604750907 31.28000000000007 402
1622604765751 31.35700000000007 403
1622604780628 31.434000000000072 404
1622604795571 31.50900000000007 405
1622604810916 31.58400000000007 406
1622604826041 31.66600000000007 407
1622604841130 31.74100000000007 408
1622604856209 31.81600000000007 409
1622604871296 31.89300000000007 410
1622604886469 31.969000000000072 411
1622604901767 32.044000000000075 412
1622604916989 32.11900000000008 413
1622604933534 32.239000000000075 414
1622604949324 32.31400000000008 415
1622604964705 32.39000000000008 416
1622604980421 32.46500000000008 417
1622604996344 32.54100000000008 418
1622605013042 32.61500000000008 419
1622605028571 32.69500000000008 420
1622605044059 32.76900000000008 421
1622605059530 32.84400000000008 422
1622605075150 32.91800000000008 423
1622605090803 32.99100000000008 424
1622605106403 33.065000000000076 425
1622605122072 33.14000000000008 426
1622605137725 33.21500000000008 427
1622605153529 33.28900000000008 428
1622605169436 33.36300000000008 429
1622605185323 33.43900000000008 430
1622605201233 33.51400000000008 431
1622605217099 33.58800000000008 432
1622605233048 33.66100000000008 433
1622605249022 33.73600000000008 434
1622605265037 33.811000000000085 435
1622605281101 33.887000000000086 436
1622605297167 33.961000000000084 437
1622605313254 34.03500000000008 438
1622605329423 34.110000000000085 439
1622605345549 34.18400000000008 440
1622605361873 34.25800000000008 441
1622605379683 34.33200000000008 442
1622605396422 34.40600000000008 443
1622605412947 34.47900000000008 444
1622605429498 34.55400000000008 445
1622605446461 34.62900000000008 446
1622605463128 34.705000000000084 447
1622605480791 34.77900000000008 448
1622605497266 34.854000000000084 449
1622605514312 34.92800000000008 450
1622605531011 35.00200000000008 451
1622605547677 35.07600000000008 452
1622605565409 35.15000000000008 453
1622605582264 35.22500000000008 454
1622605599125 35.29900000000008 455
1622605616270 35.373000000000076 456
1622605633551 35.447000000000074 457
1622605650524 35.523000000000074 458
1622605667409 35.59700000000007 459
1622605684494 35.672000000000075 460
1622605701643 35.74900000000007 461
1622605718679 35.82300000000007 462
1622605737143 35.898000000000074 463
1622605754869 35.97300000000008 464
1622605772037 36.04800000000008 465
1622605789336 36.12300000000008 466
1622605806484 36.198000000000086 467
1622605823672 36.27300000000009 468
1622605840980 36.34800000000009 469
1622605858979 36.42200000000009 470
1622605876547 36.49700000000009 471
1622605894650 36.578000000000095 472
1622605912522 36.6530000000001 473
1622605931470 36.7290000000001 474
1622605949081 36.8060000000001 475
1622605966564 36.8810000000001 476
1622605984080 36.9550000000001 477
1622606001914 37.0300000000001 478
1622606019538 37.1050000000001 479
1622606037223 37.180000000000106 480
1622606054862 37.25300000000011 481
1622606073102 37.327000000000105 482
1622606090869 37.40200000000011 483
1622606108588 37.47500000000011 484
1622606126243 37.549000000000106 485
1622606145131 37.62400000000011 486
1622606163033 37.69900000000011 487
1622606180944 37.774000000000115 488
1622606199135 37.84900000000012 489
1622606217191 37.92400000000012 490
1622606235201 37.99800000000012 491
1622606253306 38.072000000000116 492
1622606272036 38.152000000000115 493
1622606291092 38.29600000000011 494
1622606310021 38.37000000000011 495
1622606328288 38.44400000000011 496
1622606346811 38.51800000000011 497
1622606366616 38.592000000000105 498
1622606385379 38.671000000000106 499
1622606404108 38.74900000000011 500
