1622606250173 0.9451802000652179 0
1622606251207 0.9451093009667658 1
1622606252124 0.9441879591661844 2
1622606252770 0.9441879591661844 3
1622606253385 0.9441879591661844 4
1622606254045 0.9441879591661844 5
1622606254736 0.9441879591661844 6
1622606255465 0.9441879591661844 7
1622606256243 0.9441879591661844 8
1622606257070 0.9441879591661844 9
1622606257862 0.9441879591661844 10
1622606258690 0.9441879591661844 11
1622606259579 0.9441879591661844 12
1622606260500 0.9441879591661844 13
1622606261439 0.9441879591661844 14
1622606262424 0.9441879591661844 15
1622606263456 0.9441879591661844 16
1622606264489 0.9441879591661844 17
1622606265611 0.9441879591661844 18
1622606266729 0.9441879591661844 19
1622606267885 0.9441879591661844 20
1622606269059 0.9441879591661844 21
1622606270276 0.9441879591661844 22
1622606271530 0.9441879591661844 23
1622606272815 0.9441879591661844 24
1622606274139 0.9441879591661844 25
1622606275518 0.9441879591661844 26
1622606276960 0.9441879591661844 27
1622606278367 0.9441879591661844 28
1622606279853 0.9441879591661844 29
1622606281381 0.9441879591661844 30
1622606282919 0.9441879591661844 31
1622606284505 0.9441879591661844 32
1622606286106 0.9441879591661844 33
1622606287748 0.9441879591661844 34
1622606289416 0.9441879591661844 35
1622606291143 0.9441879591661844 36
1622606292887 0.9441879591661844 37
1622606294694 0.9441879591661844 38
1622606296515 0.9441879591661844 39
1622606298390 0.9441879591661844 40
1622606300284 0.9441879591661844 41
1622606302230 0.9441879591661844 42
1622606304242 0.9441879591661844 43
1622606306258 0.9441879591661844 44
1622606308317 0.9441879591661844 45
1622606310391 0.9441879591661844 46
1622606312495 0.9441879591661844 47
1622606314639 0.9441879591661844 48
1622606316796 0.9441879591661844 49
1622606319041 0.9441879591661844 50
1622606321270 0.9441879591661844 51
1622606323591 0.9441879591661844 52
1622606326669 0.9441879591661844 53
1622606329035 0.9441879591661844 54
1622606331425 0.9441879591661844 55
1622606333820 0.9441879591661844 56
1622606336530 0.9441879591661844 57
1622606339108 0.9441879591661844 58
1622606341629 0.9441879591661844 59
1622606344197 0.9441879591661844 60
1622606346788 0.9441879591661844 61
1622606349414 0.9441879591661844 62
1622606352155 0.9441879591661844 63
1622606354842 0.9441879591661844 64
1622606357609 0.9441879591661844 65
1622606360380 0.9441879591661844 66
1622606363168 0.9441879591661844 67
1622606365980 0.9441879591661844 68
1622606368852 0.9441879591661844 69
1622606371741 0.9441879591661844 70
1622606374681 0.9441879591661844 71
1622606377815 0.9441879591661844 72
1622606380828 0.9441879591661844 73
1622606383866 0.9441879591661844 74
1622606386946 0.9441879591661844 75
1622606390032 0.9441879591661844 76
1622606393241 0.9441879591661844 77
1622606396693 0.9441879591661844 78
1622606400230 0.9441879591661844 79
1622606403610 0.9441879591661844 80
1622606406952 0.9441879591661844 81
1622606410287 0.9441879591661844 82
1622606413718 0.9441879591661844 83
1622606417142 0.9441879591661844 84
1622606420577 0.9441879591661844 85
1622606424044 0.9441879591661844 86
1622606427557 0.9441879591661844 87
1622606431084 0.9441879591661844 88
1622606434671 0.9441879591661844 89
1622606438292 0.9441879591661844 90
1622606441949 0.9441879591661844 91
1622606445664 0.9441879591661844 92
1622606449381 0.9441879591661844 93
1622606453146 0.9441879591661844 94
1622606456943 0.9441879591661844 95
1622606460787 0.9441879591661844 96
1622606464679 0.9441879591661844 97
1622606468510 0.9441879591661844 98
1622606472402 0.9441879591661844 99
1622606476355 0.9441879591661844 100
1622606480358 0.9441879591661844 101
1622606484388 0.9441879591661844 102
1622606488531 0.9441879591661844 103
1622606492808 0.9441879591661844 104
1622606497335 0.9441879591661844 105
1622606501963 0.9441879591661844 106
1622606506274 0.9441879591661844 107
1622606510526 0.9441879591661844 108
1622606514804 0.9441879591661844 109
1622606519053 0.9441879591661844 110
1622606523628 0.9441879591661844 111
1622606528153 0.9441879591661844 112
1622606532528 0.9441879591661844 113
1622606537033 0.9441879591661844 114
1622606541524 0.9441879591661844 115
1622606546036 0.9441879591661844 116
1622606550571 0.9441879591661844 117
1622606555194 0.9441879591661844 118
1622606559844 0.9441879591661844 119
1622606564482 0.9441879591661844 120
1622606569210 0.9441879591661844 121
1622606573969 0.9441879591661844 122
1622606578731 0.9441879591661844 123
1622606583492 0.9441879591661844 124
1622606588363 0.9441879591661844 125
1622606593206 0.9441879591661844 126
1622606598087 0.9441879591661844 127
1622606602990 0.9441879591661844 128
1622606607935 0.9441879591661844 129
1622606612927 0.9441879591661844 130
1622606617986 0.9441879591661844 131
1622606623064 0.9441879591661844 132
1622606628170 0.9441879591661844 133
1622606633310 0.9441879591661844 134
1622606638518 0.9441879591661844 135
1622606643747 0.9441879591661844 136
1622606649071 0.9441879591661844 137
1622606654454 0.9441879591661844 138
1622606659816 0.9441879591661844 139
1622606665237 0.9441879591661844 140
1622606670619 0.9441879591661844 141
1622606676057 0.9441879591661844 142
1622606681510 0.9441879591661844 143
1622606687041 0.9441879591661844 144
1622606692597 0.9441879591661844 145
1622606698229 0.9441879591661844 146
1622606703873 0.9441879591661844 147
1622606709555 0.9441879591661844 148
1622606715271 0.9441879591661844 149
1622606721023 0.9441879591661844 150
1622606726790 0.9441879591661844 151
1622606732642 0.9441879591661844 152
1622606738524 0.9441879591661844 153
1622606744402 0.9441879591661844 154
1622606750328 0.9441879591661844 155
1622606756478 0.9441879591661844 156
1622606762470 0.9441879591661844 157
1622606768497 0.9441879591661844 158
1622606774532 0.9441879591661844 159
1622606780600 0.9441879591661844 160
1622606787181 0.9441879591661844 161
1622606793602 0.9441879591661844 162
1622606799753 0.9441879591661844 163
1622606807167 0.9441879591661844 164
1622606814151 0.9441879591661844 165
1622606820538 0.9441879591661844 166
1622606827330 0.9441879591661844 167
1622606834066 0.9441879591661844 168
1622606840445 0.9441879591661844 169
1622606846908 0.9441879591661844 170
1622606853415 0.9441879591661844 171
1622606859929 0.9441879591661844 172
1622606866530 0.9441879591661844 173
1622606873157 0.9441879591661844 174
1622606879848 0.9441879591661844 175
1622606886516 0.9441879591661844 176
1622606893718 0.9441879591661844 177
1622606900829 0.9441879591661844 178
1622606907683 0.9441879591661844 179
1622606914498 0.9441879591661844 180
1622606921403 0.9441879591661844 181
1622606928283 0.9441879591661844 182
1622606935291 0.9441879591661844 183
1622606942639 0.9441879591661844 184
1622606950282 0.9441879591661844 185
1622606957315 0.9441879591661844 186
1622606964385 0.9441879591661844 187
1622606971806 0.9441879591661844 188
1622606979048 0.9441879591661844 189
1622606986187 0.9441879591661844 190
1622606993414 0.9441879591661844 191
1622607000724 0.9441879591661844 192
1622607008728 0.9441879591661844 193
1622607016856 0.9441879591661844 194
1622607024841 0.9441879591661844 195
1622607032205 0.9441879591661844 196
1622607040002 0.9441879591661844 197
1622607047447 0.9441879591661844 198
1622607054945 0.9441879591661844 199
1622607062509 0.9441879591661844 200
1622607070097 0.9441879591661844 201
1622607077628 0.9441879591661844 202
1622607085217 0.9441879591661844 203
1622607092931 0.9441879591661844 204
1622607100603 0.9441879591661844 205
1622607108595 0.9441879591661844 206
1622607117029 0.9441879591661844 207
1622607126048 0.9441879591661844 208
1622607133894 0.9441879591661844 209
1622607141841 0.9441879591661844 210
1622607150231 0.9441879591661844 211
1622607158814 0.9441879591661844 212
1622607167039 0.9441879591661844 213
1622607175112 0.9441879591661844 214
1622607183217 0.9441879591661844 215
1622607191363 0.9441879591661844 216
1622607199610 0.9441879591661844 217
1622607208430 0.9441879591661844 218
1622607217224 0.9441879591661844 219
1622607226095 0.9441879591661844 220
1622607234921 0.9441879591661844 221
1622607243333 0.9441879591661844 222
1622607252222 0.9441879591661844 223
1622607261027 0.9441879591661844 224
1622607269972 0.9441879591661844 225
1622607278638 0.9441879591661844 226
1622607287182 0.9441879591661844 227
1622607295668 0.9441879591661844 228
1622607304280 0.9441879591661844 229
1622607313076 0.9441879591661844 230
1622607322297 0.9441879591661844 231
1622607331684 0.9441879591661844 232
1622607340711 0.9441879591661844 233
1622607349794 0.9441879591661844 234
1622607358622 0.9441879591661844 235
1622607367597 0.9441879591661844 236
1622607376479 0.9441879591661844 237
1622607385361 0.9441879591661844 238
1622607395133 0.9441879591661844 239
1622607405101 0.9441879591661844 240
1622607414067 0.9441879591661844 241
1622607423377 0.9441879591661844 242
1622607433125 0.9441879591661844 243
1622607442451 0.9441879591661844 244
1622607452517 0.9441879591661844 245
1622607461651 0.9441879591661844 246
1622607470958 0.9441879591661844 247
1622607482294 0.9441879591661844 248
1622607492625 0.9441879591661844 249
1622607502118 0.9441879591661844 250
1622607511446 0.9441879591661844 251
1622607520725 0.9441879591661844 252
1622607530347 0.9441879591661844 253
1622607540313 0.9441879591661844 254
1622607550419 0.9441879591661844 255
1622607560191 0.9441879591661844 256
1622607569729 0.9441879591661844 257
1622607579261 0.9441879591661844 258
1622607588833 0.9441879591661844 259
1622607598471 0.9441879591661844 260
1622607608401 0.9441879591661844 261
1622607618893 0.9441879591661844 262
1622607629312 0.9441879591661844 263
1622607639034 0.9441879591661844 264
1622607648862 0.9441879591661844 265
1622607659048 0.9441879591661844 266
1622607668987 0.9441879591661844 267
1622607678841 0.9441879591661844 268
1622607688850 0.9441879591661844 269
1622607699162 0.9441879591661844 270
1622607709355 0.9441879591661844 271
1622607719862 0.9441879591661844 272
1622607730538 0.9441879591661844 273
1622607740770 0.9441879591661844 274
1622607751362 0.9441879591661844 275
1622607761639 0.9441879591661844 276
1622607771923 0.9441879591661844 277
1622607782633 0.9441879591661844 278
1622607793231 0.9441879591661844 279
1622607805606 0.9441879591661844 280
1622607817528 0.9441879591661844 281
1622607828181 0.9441879591661844 282
1622607838690 0.9441879591661844 283
1622607850925 0.9441879591661844 284
1622607862678 0.9441879591661844 285
1622607873304 0.9441879591661844 286
1622607885211 0.9441879591661844 287
1622607896188 0.9441879591661844 288
1622607907089 0.9441879591661844 289
1622607918292 0.9441879591661844 290
1622607929066 0.9441879591661844 291
1622607939786 0.9441879591661844 292
1622607950612 0.9441879591661844 293
1622607961638 0.9441879591661844 294
1622607973779 0.9441879591661844 295
1622607984755 0.9441879591661844 296
1622607995710 0.9441879591661844 297
1622608006772 0.9441879591661844 298
1622608018609 0.9441879591661844 299
1622608030596 0.9441879591661844 300
1622608042480 0.9441879591661844 301
1622608053660 0.9441879591661844 302
1622608064975 0.9441879591661844 303
1622608076229 0.9441879591661844 304
1622608087600 0.9441879591661844 305
1622608099419 0.9441879591661844 306
1622608111078 0.9441879591661844 307
1622608123349 0.9441879591661844 308
1622608134809 0.9441879591661844 309
1622608146691 0.9441879591661844 310
1622608158619 0.9441879591661844 311
1622608171314 0.9441879591661844 312
1622608183287 0.9441879591661844 313
1622608194871 0.9441879591661844 314
1622608206475 0.9441879591661844 315
1622608218121 0.9441879591661844 316
1622608229863 0.9441879591661844 317
1622608242229 0.9441879591661844 318
1622608254117 0.9441879591661844 319
1622608266149 0.9441879591661844 320
1622608278218 0.9441879591661844 321
1622608290634 0.9441879591661844 322
1622608302792 0.9441879591661844 323
1622608314647 0.9441879591661844 324
1622608326750 0.9441879591661844 325
1622608338810 0.9441879591661844 326
1622608350821 0.9441879591661844 327
1622608362865 0.9441879591661844 328
1622608374992 0.9441879591661844 329
1622608387962 0.9441879591661844 330
1622608400544 0.9441879591661844 331
1622608413176 0.9441879591661844 332
1622608425474 0.9441879591661844 333
1622608437840 0.9441879591661844 334
1622608450366 0.9441879591661844 335
1622608463549 0.9441879591661844 336
1622608476001 0.9441879591661844 337
1622608488412 0.9441879591661844 338
1622608500974 0.9441879591661844 339
1622608513563 0.9441879591661844 340
1622608526227 0.9441879591661844 341
1622608539361 0.9441879591661844 342
1622608552322 0.9441879591661844 343
1622608565315 0.9441879591661844 344
1622608578270 0.9441879591661844 345
1622608591300 0.9441879591661844 346
1622608604066 0.9441879591661844 347
1622608617701 0.9441879591661844 348
1622608630457 0.9441879591661844 349
1622608643358 0.9441879591661844 350
1622608656213 0.9441879591661844 351
1622608670047 0.9441879591661844 352
1622608683228 0.9441879591661844 353
1622608696307 0.9441879591661844 354
1622608710183 0.9441879591661844 355
1622608723465 0.9441879591661844 356
1622608737569 0.9441879591661844 357
1622608750723 0.9441879591661844 358
1622608764071 0.9441879591661844 359
1622608777417 0.9441879591661844 360
1622608791228 0.9441879591661844 361
1622608804841 0.9441879591661844 362
1622608818373 0.9441879591661844 363
1622608831616 0.9441879591661844 364
1622608844963 0.9441879591661844 365
1622608858259 0.9441879591661844 366
1622608871685 0.9441879591661844 367
1622608885885 0.9441879591661844 368
1622608900515 0.9441879591661844 369
1622608914064 0.9441879591661844 370
1622608927622 0.9441879591661844 371
1622608941328 0.9441879591661844 372
1622608955221 0.9441879591661844 373
1622608969061 0.9441879591661844 374
1622608983101 0.9441879591661844 375
1622608996937 0.9441879591661844 376
1622609010708 0.9441879591661844 377
1622609024477 0.9441879591661844 378
1622609038322 0.9441879591661844 379
1622609052238 0.9441879591661844 380
1622609066220 0.9441879591661844 381
1622609080084 0.9441879591661844 382
1622609094060 0.9441879591661844 383
1622609108162 0.9441879591661844 384
1622609122162 0.9441879591661844 385
1622609136495 0.9441879591661844 386
1622609150962 0.9441879591661844 387
1622609166348 0.9441879591661844 388
1622609180579 0.9441879591661844 389
1622609195284 0.9441879591661844 390
1622609210378 0.9441879591661844 391
1622609224726 0.9441879591661844 392
1622609239583 0.9441879591661844 393
1622609253946 0.9441879591661844 394
1622609268500 0.9441879591661844 395
1622609282976 0.9441879591661844 396
1622609298176 0.9441879591661844 397
1622609312868 0.9441879591661844 398
1622609327415 0.9441879591661844 399
1622609341987 0.9441879591661844 400
1622609356737 0.9441879591661844 401
1622609371489 0.9441879591661844 402
1622609386251 0.9441879591661844 403
1622609400957 0.9441879591661844 404
1622609417183 0.9441879591661844 405
1622609432379 0.9441879591661844 406
1622609448156 0.9441879591661844 407
1622609463652 0.9441879591661844 408
1622609480580 0.9441879591661844 409
1622609496467 0.9441879591661844 410
1622609511445 0.9441879591661844 411
1622609526861 0.9441879591661844 412
1622609542247 0.9441879591661844 413
1622609557929 0.9441879591661844 414
1622609573258 0.9441879591661844 415
1622609588420 0.9441879591661844 416
1622609603924 0.9441879591661844 417
1622609619177 0.9441879591661844 418
1622609634907 0.9441879591661844 419
1622609650970 0.9441879591661844 420
1622609666269 0.9441879591661844 421
1622609681561 0.9441879591661844 422
1622609697026 0.9441879591661844 423
1622609712606 0.9441879591661844 424
1622609728039 0.9441879591661844 425
1622609744042 0.9441879591661844 426
1622609759559 0.9441879591661844 427
1622609775339 0.9441879591661844 428
1622609791941 0.9441879591661844 429
1622609808111 0.9441879591661844 430
1622609824240 0.9441879591661844 431
1622609839983 0.9441879591661844 432
1622609855872 0.9441879591661844 433
1622609871696 0.9441879591661844 434
1622609887503 0.9441879591661844 435
1622609903799 0.9441879591661844 436
1622609920252 0.9441879591661844 437
1622609936692 0.9441879591661844 438
1622609953681 0.9441879591661844 439
1622609970346 0.9441879591661844 440
1622609986487 0.9441879591661844 441
1622610003578 0.9441879591661844 442
1622610021186 0.9441879591661844 443
1622610037778 0.9441879591661844 444
1622610053994 0.9441879591661844 445
1622610070185 0.9441879591661844 446
1622610086489 0.9441879591661844 447
1622610102696 0.9441879591661844 448
1622610119957 0.9441879591661844 449
1622610136694 0.9441879591661844 450
1622610154547 0.9441879591661844 451
1622610171624 0.9441879591661844 452
1622610188274 0.9441879591661844 453
1622610205656 0.9441879591661844 454
1622610222540 0.9441879591661844 455
1622610239353 0.9441879591661844 456
1622610256153 0.9441879591661844 457
1622610273104 0.9441879591661844 458
1622610290753 0.9441879591661844 459
1622610307699 0.9441879591661844 460
1622610324575 0.9441879591661844 461
1622610341373 0.9441879591661844 462
1622610358180 0.9441879591661844 463
1622610375353 0.9441879591661844 464
1622610392320 0.9441879591661844 465
1622610409448 0.9441879591661844 466
1622610426583 0.9441879591661844 467
1622610443619 0.9441879591661844 468
1622610460744 0.9441879591661844 469
1622610478943 0.9441879591661844 470
1622610496212 0.9441879591661844 471
1622610513374 0.9441879591661844 472
1622610530711 0.9441879591661844 473
1622610547961 0.9441879591661844 474
1622610565335 0.9441879591661844 475
1622610582724 0.9441879591661844 476
1622610600110 0.9441879591661844 477
1622610617394 0.9441879591661844 478
1622610634888 0.9441879591661844 479
1622610652413 0.9441879591661844 480
1622610670847 0.9441879591661844 481
1622610689303 0.9441879591661844 482
1622610707137 0.9441879591661844 483
1622610724944 0.9441879591661844 484
1622610744071 0.9441879591661844 485
1622610761770 0.9441879591661844 486
1622610779596 0.9441879591661844 487
1622610798312 0.9441879591661844 488
1622610816143 0.9441879591661844 489
1622610834103 0.9441879591661844 490
1622610852035 0.9441879591661844 491
1622610869961 0.9441879591661844 492
1622610887875 0.9441879591661844 493
1622610906046 0.9441879591661844 494
1622610924522 0.9441879591661844 495
1622610943850 0.9441879591661844 496
1622610962397 0.9441879591661844 497
1622610980505 0.9441879591661844 498
1622610998876 0.9441879591661844 499
1622611018275 0.9441879591661844 500
