1622606250218 0.005 0
1622606251244 0.81 1
1622606252158 0.715 2
1622606252799 0.496 3
1622606253411 0.493 4
1622606254072 0.539 5
1622606254763 0.569 6
1622606255491 0.607 7
1622606256269 0.657 8
1622606257096 0.706 9
1622606257888 0.676 10
1622606258717 0.712 11
1622606259605 0.772 12
1622606260529 0.803 13
1622606261465 0.818 14
1622606262451 0.871 15
1622606263482 0.916 16
1622606264515 0.917 17
1622606265637 1.005 18
1622606266755 1.002 19
1622606267911 1.039 20
1622606269086 1.058 21
1622606270302 1.1 22
1622606271558 1.137 23
1622606272844 1.165 24
1622606274170 1.202 25
1622606275551 1.256 26
1622606276988 1.311 27
1622606278397 1.287 28
1622606279883 1.365 29
1622606281409 1.406 30
1622606282947 1.42 31
1622606284534 1.467 32
1622606286133 1.48 33
1622606287777 1.526 34
1622606289444 1.547 35
1622606291171 1.608 36
1622606292915 1.625 37
1622606294722 1.687 38
1622606296544 1.702 39
1622606298418 1.754 40
1622606300311 1.773 41
1622606302257 1.827 42
1622606304270 1.893 43
1622606306286 1.895 44
1622606308344 1.939 45
1622606310419 1.956 46
1622606312523 1.986 47
1622606314668 2.024 48
1622606316826 2.035 49
1622606319071 2.122 50
1622606321299 2.108 51
1622606323621 2.199 52
1622606326699 2.955 53
1622606329064 2.244 54
1622606331454 2.271 55
1622606333847 2.275 56
1622606336559 2.586 57
1622606339143 2.447 58
1622606341658 2.395 59
1622606344226 2.446 60
1622606346816 2.47 61
1622606349443 2.507 62
1622606352184 2.62 63
1622606354870 2.568 64
1622606357638 2.647 65
1622606360409 2.65 66
1622606363197 2.668 67
1622606366006 2.694 68
1622606368882 2.755 69
1622606371769 2.767 70
1622606374711 2.821 71
1622606377842 3.006 72
1622606380853 2.896 73
1622606383891 2.924 74
1622606386973 2.965 75
1622606390058 2.97 76
1622606393268 3.092 77
1622606396719 3.33 78
1622606400258 3.414 79
1622606403637 3.259 80
1622606406981 3.224 81
1622606410315 3.216 82
1622606413742 3.313 83
1622606417169 3.31 84
1622606420602 3.314 85
1622606424069 3.352 86
1622606427582 3.398 87
1622606431109 3.413 88
1622606434697 3.472 89
1622606438317 3.503 90
1622606441975 3.543 91
1622606445692 3.598 92
1622606449410 3.598 93
1622606453174 3.645 94
1622606456971 3.679 95
1622606460815 3.724 96
1622606464708 3.773 97
1622606468536 3.712 98
1622606472430 3.776 99
1622606476381 3.835 100
1622606480385 3.886 101
1622606484411 3.913 102
1622606488559 4.031 103
1622606492836 4.154 104
1622606497364 4.402 105
1622606501990 4.505 106
1622606506302 4.192 107
1622606510554 4.133 108
1622606514830 4.159 109
1622606519079 4.133 110
1622606523656 4.46 111
1622606528180 4.398 112
1622606532555 4.258 113
1622606537060 4.388 114
1622606541549 4.374 115
1622606546063 4.398 116
1622606550597 4.419 117
1622606555220 4.507 118
1622606559870 4.534 119
1622606564508 4.523 120
1622606569236 4.613 121
1622606573995 4.642 122
1622606578758 4.644 123
1622606583519 4.643 124
1622606588388 4.755 125
1622606593231 4.728 126
1622606598113 4.768 127
1622606603016 4.789 128
1622606607959 4.83 129
1622606612952 4.878 130
1622606618010 4.946 131
1622606623089 4.965 132
1622606628196 4.991 133
1622606633336 5.025 134
1622606638547 5.09 135
1622606643779 5.108 136
1622606649099 5.201 137
1622606654482 5.262 138
1622606659841 5.243 139
1622606665263 5.305 140
1622606670645 5.265 141
1622606676083 5.32 142
1622606681536 5.335 143
1622606687072 5.414 144
1622606692624 5.434 145
1622606698256 5.515 146
1622606703899 5.526 147
1622606709580 5.564 148
1622606715297 5.601 149
1622606721048 5.635 150
1622606726816 5.651 151
1622606732669 5.735 152
1622606738548 5.765 153
1622606744429 5.762 154
1622606750353 5.808 155
1622606756505 6.035 156
1622606762496 5.861 157
1622606768523 5.911 158
1622606774557 5.919 159
1622606780626 5.954 160
1622606787205 6.465 161
1622606793625 6.304 162
1622606799777 6.04 163
1622606807194 7.3 164
1622606814177 6.859 165
1622606820563 6.265 166
1622606827355 6.676 167
1622606834094 6.617 168
1622606840473 6.26 169
1622606846936 6.346 170
1622606853442 6.389 171
1622606859954 6.398 172
1622606866557 6.486 173
1622606873184 6.511 174
1622606879874 6.57 175
1622606886543 6.552 176
1622606893746 7.083 177
1622606900857 6.988 178
1622606907711 6.726 179
1622606914528 6.694 180
1622606921431 6.785 181
1622606928309 6.76 182
1622606935322 6.888 183
1622606942663 7.226 184
1622606950311 7.525 185
1622606957340 6.911 186
1622606964412 6.954 187
1622606971831 7.304 188
1622606979073 7.125 189
1622606986213 7.024 190
1622606993440 7.111 191
1622607000750 7.195 192
1622607008753 7.887 193
1622607016888 8.007 194
1622607024868 7.789 195
1622607032231 7.249 196
1622607040030 7.681 197
1622607047474 7.329 198
1622607054972 7.381 199
1622607062535 7.447 200
1622607070124 7.473 201
1622607077654 7.414 202
1622607085245 7.471 203
1622607092957 7.596 204
1622607100629 7.556 205
1622607108620 7.877 206
1622607117054 8.317 207
1622607126074 8.902 208
1622607133920 7.729 209
1622607141868 7.83 210
1622607150259 8.271 211
1622607158843 8.459 212
1622607167069 8.099 213
1622607175142 7.951 214
1622607183244 7.984 215
1622607191390 8.029 216
1622607199637 8.129 217
1622607208463 8.701 218
1622607217253 8.664 219
1622607226123 8.746 220
1622607234948 8.701 221
1622607243360 8.293 222
1622607252249 8.771 223
1622607261056 8.686 224
1622607270000 8.818 225
1622607278665 8.545 226
1622607287212 8.425 227
1622607295695 8.364 228
1622607304307 8.494 229
1622607313107 8.677 230
1622607322326 9.094 231
1622607331712 9.263 232
1622607340741 8.902 233
1622607349822 8.959 234
1622607358653 8.709 235
1622607367625 8.851 236
1622607376505 8.763 237
1622607385386 8.765 238
1622607395162 9.657 239
1622607405127 9.821 240
1622607414096 8.851 241
1622607423405 9.19 242
1622607433152 9.625 243
1622607442480 9.208 244
1622607452543 9.941 245
1622607461679 9.018 246
1622607470986 9.188 247
1622607482330 11.212 248
1622607492652 10.126 249
1622607502146 9.373 250
1622607511473 9.208 251
1622607520752 9.161 252
1622607530370 9.504 253
1622607540342 9.855 254
1622607550445 9.976 255
1622607560215 9.653 256
1622607569754 9.426 257
1622607579289 9.418 258
1622607588860 9.454 259
1622607598499 9.521 260
1622607608428 9.812 261
1622607618925 10.366 262
1622607629338 10.289 263
1622607639059 9.605 264
1622607648893 9.71 265
1622607659077 10.061 266
1622607669015 9.812 267
1622607678870 9.733 268
1622607688875 9.885 269
1622607699188 10.198 270
1622607709382 10.07 271
1622607719886 10.389 272
1622607730562 10.563 273
1622607740795 10.12 274
1622607751393 10.477 275
1622607761666 10.136 276
1622607771950 10.167 277
1622607782662 10.592 278
1622607793257 10.475 279
1622607805634 12.175 280
1622607817559 11.802 281
1622607828208 10.523 282
1622607838720 10.39 283
1622607850952 12.114 284
1622607862702 11.636 285
1622607873329 10.513 286
1622607885237 11.791 287
1622607896214 10.855 288
1622607907113 10.779 289
1622607918316 11.089 290
1622607929092 10.66 291
1622607939813 10.605 292
1622607950639 10.708 293
1622607961665 10.908 294
1622607973805 12.024 295
1622607984781 10.861 296
1622607995739 10.839 297
1622608006797 10.94 298
1622608018637 11.722 299
1622608030625 11.87 300
1622608042505 11.762 301
1622608053691 11.064 302
1622608065002 11.192 303
1622608076258 11.136 304
1622608087628 11.252 305
1622608099448 11.691 306
1622608111102 11.54 307
1622608123375 12.158 308
1622608134834 11.345 309
1622608146716 11.769 310
1622608158646 11.81 311
1622608171343 12.574 312
1622608183313 11.847 313
1622608194899 11.467 314
1622608206500 11.486 315
1622608218148 11.531 316
1622608229888 11.625 317
1622608242256 12.252 318
1622608254147 11.769 319
1622608266179 11.906 320
1622608278244 11.947 321
1622608290659 12.296 322
1622608302820 12.042 323
1622608314672 11.735 324
1622608326776 11.986 325
1622608338836 11.942 326
1622608350848 11.894 327
1622608362892 11.93 328
1622608375019 12.011 329
1622608387991 12.852 330
1622608400575 12.46 331
1622608413205 12.447 332
1622608425501 12.177 333
1622608437868 12.249 334
1622608450394 12.406 335
1622608463574 13.056 336
1622608476033 12.331 337
1622608488437 12.29 338
1622608500998 12.448 339
1622608513587 12.475 340
1622608526252 12.549 341
1622608539387 13.02 342
1622608552349 12.844 343
1622608565344 12.876 344
1622608578299 12.829 345
1622608591331 12.911 346
1622608604097 12.641 347
1622608617728 13.51 348
1622608630483 12.638 349
1622608643385 12.784 350
1622608656239 12.738 351
1622608670070 13.719 352
1622608683255 13.07 353
1622608696333 12.962 354
1622608710210 13.759 355
1622608723492 13.162 356
1622608737596 13.98 357
1622608750750 13.037 358
1622608764096 13.23 359
1622608777447 13.231 360
1622608791258 13.689 361
1622608804867 13.489 362
1622608818396 13.417 363
1622608831641 13.132 364
1622608844988 13.233 365
1622608858284 13.182 366
1622608871708 13.312 367
1622608885915 14.086 368
1622608900540 14.508 369
1622608914091 13.433 370
1622608927649 13.441 371
1622608941353 13.589 372
1622608955248 13.778 373
1622608969089 13.721 374
1622608983133 13.92 375
1622608996963 13.714 376
1622609010733 13.654 377
1622609024499 13.655 378
1622609038345 13.735 379
1622609052262 13.803 380
1622609066249 13.868 381
1622609080110 13.745 382
1622609094091 13.861 383
1622609108188 13.982 384
1622609122192 13.883 385
1622609136519 14.211 386
1622609150993 14.353 387
1622609166377 15.259 388
1622609180605 14.111 389
1622609195312 14.588 390
1622609210403 14.972 391
1622609224751 14.234 392
1622609239608 14.742 393
1622609253972 14.248 394
1622609268526 14.436 395
1622609283003 14.359 396
1622609298206 15.082 397
1622609312894 14.572 398
1622609327441 14.431 399
1622609342014 14.455 400
1622609356765 14.631 401
1622609371515 14.633 402
1622609386279 14.645 403
1622609400984 14.587 404
1622609417213 16.108 405
1622609432407 15.069 406
1622609448183 15.653 407
1622609463682 15.371 408
1622609480611 16.736 409
1622609496493 15.763 410
1622609511476 14.861 411
1622609526899 15.292 412
1622609542276 15.2 413
1622609557959 15.56 414
1622609573287 15.196 415
1622609588448 15.039 416
1622609603951 15.385 417
1622609619203 15.136 418
1622609634934 15.615 419
1622609650995 15.946 420
1622609666295 15.185 421
1622609681587 15.177 422
1622609697053 15.35 423
1622609712634 15.461 424
1622609728063 15.315 425
1622609744073 15.889 426
1622609759587 15.393 427
1622609775366 15.661 428
1622609791968 16.469 429
1622609808144 16.051 430
1622609824268 16.0 431
1622609840009 15.623 432
1622609855896 15.772 433
1622609871722 15.712 434
1622609887527 15.691 435
1622609903825 16.183 436
1622609920279 16.335 437
1622609936724 16.315 438
1622609953710 16.864 439
1622609970377 16.543 440
1622609986515 16.017 441
1622610003606 16.968 442
1622610021215 17.479 443
1622610037808 16.472 444
1622610054022 16.093 445
1622610070212 16.073 446
1622610086513 16.185 447
1622610102721 16.094 448
1622610119981 17.074 449
1622610136720 16.625 450
1622610154575 17.733 451
1622610171652 16.953 452
1622610188304 16.531 453
1622610205682 17.26 454
1622610222565 16.764 455
1622610239379 16.696 456
1622610256175 16.684 457
1622610273130 16.839 458
1622610290778 17.532 459
1622610307727 16.827 460
1622610324603 16.756 461
1622610341401 16.678 462
1622610358210 16.686 463
1622610375381 17.05 464
1622610392347 16.849 465
1622610409471 17.01 466
1622610426609 17.024 467
1622610443648 16.92 468
1622610460770 17.004 469
1622610478971 18.082 470
1622610496238 17.144 471
1622610513399 17.046 472
1622610530740 17.221 473
1622610547988 17.129 474
1622610565367 17.256 475
1622610582754 17.262 476
1622610600140 17.262 477
1622610617421 17.161 478
1622610634913 17.379 479
1622610652446 17.409 480
1622610670876 18.306 481
1622610689331 18.335 482
1622610707165 17.715 483
1622610724969 17.687 484
1622610744097 19.007 485
1622610761795 17.585 486
1622610779624 17.71 487
1622610798339 18.597 488
1622610816169 17.713 489
1622610834130 17.844 490
1622610852061 17.815 491
1622610869992 17.809 492
1622610887901 17.791 493
1622610906075 18.055 494
1622610924548 18.358 495
1622610943874 19.213 496
1622610962421 18.432 497
1622610980536 17.992 498
1622610998909 18.246 499
1622611018308 19.273 500
