1622822190027 33 0
1622822192223 17 1
1622822194375 15 2
1622822196648 15 3
1622822199111 15 4
1622822201706 15 5
1622822204478 15 6
1622822207343 15 7
1622822210410 15 8
1622822213591 15 9
1622822216948 15 10
1622822220505 15 11
1622822224129 15 12
1622822227994 15 13
1622822232002 15 14
1622822236126 15 15
1622822240475 15 16
1622822244905 15 17
1622822249555 15 18
1622822254312 15 19
1622822259265 15 20
1622822264381 15 21
1622822269620 15 22
1622822275002 15 23
1622822280508 15 24
1622822286212 15 25
1622822292137 15 26
1622822298265 15 27
1622822304384 15 28
1622822310635 15 29
1622822317166 15 30
1622822323732 15 31
1622822330449 15 32
1622822337399 15 33
1622822344554 15 34
1622822351806 15 35
1622822359262 15 36
1622822366752 15 37
1622822374531 15 38
1622822382438 15 39
1622822390490 15 40
1622822398784 15 41
1622822407192 15 42
1622822415731 15 43
1622822424428 15 44
1622822433245 15 45
1622822442158 15 46
1622822451263 15 47
1622822460602 15 48
1622822469946 15 49
1622822479538 15 50
1622822489352 15 51
1622822499290 15 52
1622822509271 15 53
1622822519467 15 54
1622822529837 15 55
1622822540318 15 56
1622822551046 15 57
1622822561948 15 58
1622822572879 15 59
1622822583960 15 60
1622822595382 15 61
1622822606821 15 62
1622822618369 15 63
1622822630182 15 64
1622822641993 15 65
1622822654016 15 66
1622822666408 15 67
1622822678857 15 68
1622822691517 15 69
1622822704145 15 70
1622822716869 15 71
1622822729830 15 72
1622822742982 15 73
1622822756239 15 74
1622822769790 15 75
1622822783537 15 76
1622822797454 15 77
1622822811427 15 78
1622822825546 15 79
1622822839867 15 80
1622822854216 15 81
1622822868759 15 82
1622822883416 15 83
1622822898368 15 84
1622822913329 15 85
1622822928486 15 86
1622822943882 15 87
1622822959382 15 88
1622822974986 15 89
1622822990695 15 90
1622823006838 15 91
1622823022931 15 92
1622823039311 15 93
1622823055770 15 94
1622823072343 15 95
1622823089033 15 96
1622823106034 15 97
1622823122998 15 98
1622823140127 15 99
1622823157503 15 100
1622823174946 15 101
1622823192396 15 102
1622823210078 15 103
1622823227984 15 104
1622823245898 15 105
1622823264087 15 106
1622823282388 15 107
1622823301015 15 108
1622823319898 15 109
1622823338731 15 110
1622823357657 15 111
1622823376791 15 112
1622823396135 15 113
1622823415661 15 114
1622823435255 15 115
1622823454902 15 116
1622823474970 15 117
1622823495175 15 118
1622823515402 15 119
1622823535920 15 120
1622823556532 15 121
1622823577086 15 122
1622823597905 15 123
1622823618873 15 124
1622823640207 15 125
1622823661600 15 126
1622823683318 15 127
1622823704942 15 128
1622823726677 15 129
1622823748673 15 130
1622823770672 15 131
1622823792838 15 132
1622823815200 15 133
1622823837743 15 134
1622823860587 15 135
1622823883639 15 136
1622823906695 15 137
1622823929846 15 138
1622823953250 15 139
1622823976804 15 140
1622824000312 15 141
1622824024050 15 142
1622824047835 15 143
1622824072024 15 144
1622824096257 15 145
1622824120681 15 146
1622824145279 15 147
1622824169933 15 148
1622824194860 15 149
1622824219838 15 150
1622824245302 15 151
1622824270640 15 152
1622824295867 15 153
1622824321539 15 154
1622824347401 15 155
1622824373557 15 156
1622824399638 15 157
1622824425960 15 158
1622824452439 15 159
1622824479050 15 160
1622824505575 15 161
1622824532610 15 162
1622824559640 15 163
1622824586985 15 164
1622824614444 15 165
1622824642020 15 166
1622824669789 15 167
1622824697393 15 168
1622824725439 15 169
1622824753461 15 170
1622824781561 15 171
1622824809944 15 172
1622824838588 15 173
1622824867601 15 174
1622824896674 15 175
1622824925788 15 176
1622824955137 15 177
1622824984374 15 178
1622825013826 15 179
1622825043571 15 180
1622825073421 15 181
1622825103205 15 182
1622825133483 15 183
1622825163745 15 184
1622825194235 15 185
1622825224813 15 186
1622825255537 15 187
1622825286488 15 188
1622825317541 15 189
1622825348813 15 190
1622825380419 15 191
1622825412113 15 192
1622825443999 15 193
1622825476113 15 194
1622825508192 15 195
1622825540597 15 196
1622825573329 15 197
1622825605946 15 198
1622825638709 15 199
1622825671461 15 200
1622825704302 15 201
1622825737169 15 202
1622825770499 15 203
1622825803852 15 204
1622825837261 15 205
1622825870865 15 206
1622825904651 15 207
1622825938640 15 208
1622825973003 15 209
1622826007504 15 210
1622826042040 15 211
1622826076630 15 212
1622826111398 15 213
1622826146536 15 214
1622826181924 15 215
1622826217360 15 216
1622826252857 15 217
1622826288306 15 218
1622826323990 15 219
1622826360036 15 220
1622826396064 15 221
1622826432010 15 222
1622826468231 15 223
1622826504863 15 224
1622826541796 15 225
1622826578695 15 226
1622826615779 15 227
1622826652968 15 228
1622826690392 15 229
1622826727946 15 230
1622826765404 15 231
1622826802899 15 232
1622826840948 15 233
1622826878964 15 234
1622826917364 15 235
1622826955669 15 236
1622826994354 15 237
1622827033138 15 238
1622827072001 15 239
1622827110796 15 240
1622827149978 15 241
1622827189331 15 242
1622827228630 15 243
1622827268186 15 244
1622827307889 15 245
1622827347830 15 246
1622827387933 15 247
1622827428375 15 248
1622827468856 15 249
1622827509179 15 250
1622827549827 15 251
1622827590551 15 252
1622827631525 15 253
1622827672642 15 254
1622827713916 15 255
1622827755291 15 256
1622827796765 15 257
1622827838703 15 258
1622827880408 15 259
1622827922442 15 260
1622827964550 15 261
1622828006951 15 262
1622828049314 15 263
1622828091918 15 264
1622828134395 15 265
1622828177173 15 266
1622828220465 15 267
1622828263543 15 268
1622828307077 15 269
1622828350649 15 270
1622828394820 15 271
1622828438708 15 272
1622828482808 15 273
1622828527062 15 274
1622828571262 15 275
1622828615694 15 276
1622828660245 15 277
1622828705274 15 278
1622828750212 15 279
1622828795374 15 280
1622828840756 15 281
1622828886319 15 282
1622828931848 15 283
1622828977488 15 284
1622829023764 15 285
1622829069771 15 286
1622829116129 15 287
1622829162284 15 288
1622829209195 15 289
1622829256103 15 290
1622829302588 15 291
1622829349769 15 292
1622829396788 15 293
1622829444103 15 294
1622829491163 15 295
1622829538772 15 296
1622829586603 15 297
1622829634464 15 298
1622829682509 15 299
1622829730929 15 300
1622829779476 15 301
1622829827843 15 302
1622829876697 15 303
1622829925338 15 304
1622829974319 15 305
1622830023516 15 306
1622830072882 15 307
1622830122368 15 308
1622830171950 15 309
1622830221747 15 310
1622830271444 15 311
1622830321824 15 312
1622830372119 15 313
1622830422447 15 314
1622830472949 15 315
1622830524004 15 316
1622830574499 15 317
1622830625468 15 318
1622830676654 15 319
1622830727908 15 320
1622830779317 15 321
1622830830955 15 322
1622830882955 15 323
1622830934843 15 324
1622830986461 15 325
1622831038808 15 326
1622831091326 15 327
1622831143624 15 328
1622831196531 15 329
1622831249445 15 330
1622831302291 15 331
1622831355770 15 332
1622831409500 15 333
1622831463096 15 334
1622831516731 15 335
1622831570567 15 336
1622831624614 15 337
1622831678818 15 338
1622831733370 15 339
1622831788015 15 340
1622831842790 15 341
1622831897677 15 342
1622831952647 15 343
1622832007872 15 344
1622832062946 15 345
1622832118406 15 346
1622832173769 15 347
1622832229748 15 348
1622832285824 15 349
1622832341703 15 350
1622832397793 15 351
1622832453612 15 352
1622832510237 15 353
1622832566831 15 354
1622832623840 15 355
1622832680533 15 356
1622832737438 15 357
1622832794487 15 358
1622832852212 15 359
1622832909497 15 360
1622832967092 15 361
1622833025241 15 362
1622833083348 15 363
1622833141376 15 364
1622833199617 15 365
1622833257890 15 366
1622833316361 15 367
1622833375312 15 368
1622833434102 15 369
1622833493324 15 370
1622833552463 15 371
1622833612182 15 372
1622833671594 15 373
1622833731528 15 374
1622833791703 15 375
1622833851619 15 376
1622833912191 15 377
1622833972560 15 378
1622834033034 15 379
1622834093584 15 380
1622834154375 15 381
1622834215206 15 382
1622834276373 15 383
1622834337332 15 384
1622834398790 15 385
1622834460492 15 386
1622834522069 15 387
1622834583802 15 388
1622834645709 15 389
1622834708141 15 390
1622834770550 15 391
1622834832961 15 392
1622834895655 15 393
1622834958549 15 394
1622835021447 15 395
1622835084450 15 396
1622835147825 15 397
1622835211371 15 398
1622835275106 15 399
1622835339052 15 400
1622835402658 15 401
1622835466336 15 402
1622835530590 15 403
1622835595199 15 404
1622835659966 15 405
1622835724367 15 406
1622835789042 15 407
1622835854288 15 408
1622835919203 15 409
1622835984658 15 410
1622836050040 15 411
1622836115504 15 412
1622836181027 15 413
1622836246757 15 414
1622836312996 15 415
1622836378971 15 416
1622836445102 15 417
1622836511989 15 418
1622836578312 15 419
1622836644864 15 420
1622836711698 15 421
1622836778607 15 422
1622836845803 15 423
1622836913271 15 424
1622836980727 15 425
1622837048661 15 426
1622837116578 15 427
1622837184482 15 428
1622837252982 15 429
1622837321534 15 430
1622837390270 15 431
1622837459184 15 432
1622837527906 15 433
1622837596501 15 434
1622837665379 15 435
1622837734431 15 436
1622837804039 15 437
1622837872987 15 438
1622837942514 15 439
1622838012615 15 440
1622838082596 15 441
1622838152494 15 442
1622838222513 15 443
1622838292816 15 444
1622838363353 15 445
1622838433768 15 446
1622838504315 15 447
1622838575409 15 448
1622838646481 15 449
1622838718114 15 450
1622838789411 15 451
1622838861001 15 452
1622838932933 15 453
1622839004903 15 454
1622839076700 15 455
1622839149120 15 456
1622839221369 15 457
1622839294194 15 458
1622839367116 15 459
1622839439796 15 460
1622839512788 15 461
1622839586309 15 462
1622839659417 15 463
1622839732799 15 464
1622839806542 15 465
1622839880503 15 466
1622839954260 15 467
1622840028049 15 468
1622840102086 15 469
1622840176696 15 470
1622840251678 15 471
1622840326607 15 472
1622840401694 15 473
1622840477212 15 474
1622840552441 15 475
1622840627732 15 476
1622840703283 15 477
1622840779310 15 478
1622840854805 15 479
1622840930928 15 480
1622841007237 15 481
1622841083680 15 482
1622841159746 15 483
1622841236595 15 484
1622841313685 15 485
1622841390866 15 486
1622841467972 15 487
1622841545296 15 488
1622841623083 15 489
1622841700653 15 490
1622841778103 15 491
1622841856113 15 492
1622841934212 15 493
1622842012369 15 494
1622842090971 15 495
1622842170108 15 496
1622842248952 15 497
1622842327929 15 498
1622842407138 15 499
1622842486340 15 500
