1622822190059 1.241 0
1622822192242 1.489 1
1622822194392 1.739 2
1622822196666 1.987 3
1622822199129 2.237 4
1622822201724 2.487 5
1622822204497 2.736 6
1622822207360 2.9890000000000003 7
1622822210428 3.2380000000000004 8
1622822213609 3.4860000000000007 9
1622822216966 3.7330000000000005 10
1622822220522 3.9820000000000007 11
1622822224147 4.229000000000001 12
1622822228012 4.476000000000001 13
1622822232020 4.724000000000001 14
1622822236144 4.970000000000001 15
1622822240493 5.221000000000001 16
1622822244923 5.471000000000001 17
1622822249573 5.7170000000000005 18
1622822254329 5.964 19
1622822259283 6.213 20
1622822264399 6.46 21
1622822269637 6.715 22
1622822275020 6.9639999999999995 23
1622822280525 7.212999999999999 24
1622822286230 7.461999999999999 25
1622822292155 7.7109999999999985 26
1622822298283 7.9609999999999985 27
1622822304402 8.210999999999999 28
1622822310653 8.458999999999998 29
1622822317183 8.708999999999998 30
1622822323750 8.956999999999997 31
1622822330467 9.209999999999997 32
1622822337416 9.458999999999998 33
1622822344571 9.707999999999998 34
1622822351823 9.955999999999998 35
1622822359280 10.201999999999998 36
1622822366769 10.448999999999998 37
1622822374549 10.695999999999998 38
1622822382456 10.945999999999998 39
1622822390507 11.196999999999997 40
1622822398801 11.445999999999998 41
1622822407211 11.693999999999997 42
1622822415749 11.944999999999997 43
1622822424446 12.192999999999996 44
1622822433263 12.440999999999995 45
1622822442176 12.690999999999995 46
1622822451280 12.938999999999995 47
1622822460619 13.187999999999995 48
1622822469964 13.434999999999995 49
1622822479556 13.682999999999995 50
1622822489369 13.932999999999995 51
1622822499307 14.181999999999995 52
1622822509288 14.431999999999995 53
1622822519484 14.678999999999995 54
1622822529855 14.925999999999995 55
1622822540335 15.172999999999995 56
1622822551063 15.422999999999995 57
1622822561965 15.671999999999995 58
1622822572896 15.920999999999996 59
1622822583979 16.171999999999997 60
1622822595400 16.417999999999996 61
1622822606839 16.665999999999997 62
1622822618386 16.913999999999998 63
1622822630199 17.162 64
1622822642011 17.409 65
1622822654034 17.657999999999998 66
1622822666425 17.906999999999996 67
1622822678875 18.154999999999998 68
1622822691534 18.403 69
1622822704163 18.653 70
1622822716886 18.9 71
1622822729848 19.15 72
1622822743000 19.4 73
1622822756257 19.647 74
1622822769807 19.895 75
1622822783555 20.143 76
1622822797471 20.393 77
1622822811444 20.64 78
1622822825563 20.889 79
1622822839884 21.136 80
1622822854234 21.384 81
1622822868777 21.633 82
1622822883434 21.883 83
1622822898386 22.133 84
1622822913346 22.383 85
1622822928504 22.631 86
1622822943899 22.878 87
1622822959399 23.128 88
1622822975005 23.375 89
1622822990712 23.624 90
1622823006855 23.872 91
1622823022948 24.118 92
1622823039328 24.369 93
1622823055788 24.618 94
1622823072360 24.863999999999997 95
1622823089051 25.112 96
1622823106052 25.357999999999997 97
1622823123016 25.606999999999996 98
1622823140145 25.854999999999997 99
1622823157520 26.101999999999997 100
1622823174964 26.347999999999995 101
1622823192413 26.597999999999995 102
1622823210096 26.844999999999995 103
1622823228002 27.093999999999994 104
1622823245916 27.340999999999994 105
1622823264105 27.587999999999994 106
1622823282406 27.834999999999994 107
1622823301033 28.080999999999992 108
1622823319915 28.32699999999999 109
1622823338749 28.574999999999992 110
1622823357675 28.821999999999992 111
1622823376808 29.069999999999993 112
1622823396153 29.316999999999993 113
1622823415679 29.561999999999994 114
1622823435273 29.809999999999995 115
1622823454920 30.055999999999994 116
1622823474987 30.300999999999995 117
1622823495192 30.547999999999995 118
1622823515419 30.794999999999995 119
1622823535937 31.042999999999996 120
1622823556549 31.291999999999994 121
1622823577104 31.537999999999993 122
1622823597923 31.783999999999992 123
1622823618890 32.03199999999999 124
1622823640225 32.27899999999999 125
1622823661618 32.52599999999999 126
1622823683336 32.77199999999999 127
1622823704960 33.017999999999994 128
1622823726695 33.26299999999999 129
1622823748690 33.51099999999999 130
1622823770689 33.75799999999999 131
1622823792856 34.002999999999986 132
1622823815217 34.249999999999986 133
1622823837761 34.49899999999999 134
1622823860604 34.74599999999999 135
1622823883657 34.99299999999999 136
1622823906712 35.23999999999999 137
1622823929863 35.48699999999999 138
1622823953267 35.73599999999999 139
1622823976821 35.98099999999999 140
1622824000330 36.22699999999999 141
1622824024068 36.47499999999999 142
1622824047853 36.719999999999985 143
1622824072042 36.96499999999998 144
1622824096275 37.21299999999998 145
1622824120699 37.45799999999998 146
1622824145296 37.70399999999998 147
1622824169950 37.94999999999998 148
1622824194877 38.19999999999998 149
1622824219856 38.44799999999998 150
1622824245320 38.69399999999998 151
1622824270658 38.94099999999998 152
1622824295884 39.18799999999998 153
1622824321557 39.43499999999998 154
1622824347419 39.68199999999998 155
1622824373576 39.92899999999998 156
1622824399655 40.17499999999998 157
1622824425978 40.420999999999985 158
1622824452456 40.667999999999985 159
1622824479067 40.91599999999998 160
1622824505593 41.16099999999998 161
1622824532628 41.40999999999998 162
1622824559658 41.65799999999998 163
1622824587002 41.90399999999998 164
1622824614462 42.14899999999998 165
1622824642037 42.39899999999998 166
1622824669806 42.64499999999998 167
1622824697411 42.89199999999998 168
1622824725456 43.13899999999998 169
1622824753478 43.384999999999984 170
1622824781578 43.631999999999984 171
1622824809962 43.878999999999984 172
1622824838607 44.12699999999998 173
1622824867619 44.37499999999998 174
1622824896692 44.62199999999998 175
1622824925806 44.86899999999998 176
1622824955155 45.116999999999976 177
1622824984392 45.363999999999976 178
1622825013843 45.610999999999976 179
1622825043588 45.857999999999976 180
1622825073439 46.10299999999997 181
1622825103223 46.348999999999975 182
1622825133501 46.595999999999975 183
1622825163762 46.84199999999998 184
1622825194252 47.08899999999998 185
1622825224830 47.33799999999998 186
1622825255554 47.58599999999998 187
1622825286505 47.833999999999975 188
1622825317558 48.08199999999997 189
1622825348830 48.327999999999975 190
1622825380437 48.57699999999998 191
1622825412131 48.82599999999998 192
1622825444017 49.07299999999998 193
1622825476132 49.32199999999998 194
1622825508210 49.567999999999984 195
1622825540614 49.816999999999986 196
1622825573347 50.06499999999998 197
1622825605964 50.31299999999998 198
1622825638727 50.56199999999998 199
1622825671479 50.80899999999998 200
1622825704319 51.05399999999998 201
1622825737186 51.29899999999998 202
1622825770516 51.54599999999998 203
1622825803869 51.790999999999976 204
1622825837278 52.04299999999998 205
1622825870882 52.29199999999998 206
1622825904668 52.53899999999998 207
1622825938658 52.78899999999998 208
1622825973021 53.03599999999998 209
1622826007522 53.28299999999998 210
1622826042058 53.53099999999998 211
1622826076648 53.77799999999998 212
1622826111417 54.02399999999998 213
1622826146553 54.26999999999998 214
1622826181941 54.51699999999998 215
1622826217378 54.762999999999984 216
1622826252875 55.009999999999984 217
1622826288324 55.25799999999998 218
1622826324008 55.50499999999998 219
1622826360053 55.75099999999998 220
1622826396082 55.996999999999986 221
1622826432028 56.243999999999986 222
1622826468248 56.48999999999999 223
1622826504880 56.73699999999999 224
1622826541813 56.984999999999985 225
1622826578712 57.23099999999999 226
1622826615797 57.475999999999985 227
1622826652985 57.72399999999998 228
1622826690409 57.96899999999998 229
1622826727964 58.21499999999998 230
1622826765422 58.460999999999984 231
1622826802917 58.70699999999999 232
1622826840966 58.953999999999986 233
1622826878982 59.203999999999986 234
1622826917382 59.448999999999984 235
1622826955687 59.695999999999984 236
1622826994372 59.94099999999998 237
1622827033155 60.18599999999998 238
1622827072018 60.43499999999998 239
1622827110814 60.68199999999998 240
1622827149995 60.92699999999998 241
1622827189349 61.171999999999976 242
1622827228647 61.41999999999997 243
1622827268203 61.66699999999997 244
1622827307907 61.91499999999997 245
1622827347847 62.16199999999997 246
1622827387951 62.40899999999997 247
1622827428392 62.65599999999997 248
1622827468874 62.90099999999997 249
1622827509196 63.148999999999965 250
1622827549844 63.395999999999965 251
1622827590569 63.642999999999965 252
1622827631542 63.889999999999965 253
1622827672659 64.13699999999997 254
1622827713933 64.38399999999997 255
1622827755308 64.62999999999997 256
1622827796782 64.87499999999997 257
1622827838721 65.12199999999997 258
1622827880426 65.36799999999997 259
1622827922459 65.61599999999997 260
1622827964568 65.86399999999998 261
1622828006969 66.10999999999997 262
1622828049332 66.35599999999997 263
1622828091936 66.60199999999996 264
1622828134413 66.84899999999996 265
1622828177191 67.09699999999997 266
1622828220483 67.34299999999996 267
1622828263560 67.59199999999996 268
1622828307095 67.83799999999995 269
1622828350666 68.08599999999996 270
1622828394837 68.33199999999995 271
1622828438725 68.57799999999995 272
1622828482826 68.82599999999995 273
1622828527079 69.07499999999995 274
1622828571280 69.32199999999995 275
1622828615712 69.56699999999995 276
1622828660263 69.81499999999996 277
1622828705292 70.05999999999996 278
1622828750229 70.30599999999995 279
1622828795391 70.55399999999996 280
1622828840773 70.80299999999995 281
1622828886336 71.04899999999995 282
1622828931866 71.29499999999994 283
1622828977506 71.54099999999994 284
1622829023782 71.78899999999994 285
1622829069788 72.03799999999994 286
1622829116147 72.28399999999993 287
1622829162301 72.52999999999993 288
1622829209212 72.77799999999993 289
1622829256121 73.02499999999993 290
1622829302605 73.27199999999993 291
1622829349786 73.51899999999993 292
1622829396806 73.76499999999993 293
1622829444121 74.01299999999993 294
1622829491180 74.26099999999994 295
1622829538790 74.50899999999994 296
1622829586621 74.75599999999994 297
1622829634481 75.00299999999994 298
1622829682526 75.24999999999994 299
1622829730947 75.49599999999994 300
1622829779494 75.74299999999994 301
1622829827861 75.99199999999993 302
1622829876715 76.23899999999993 303
1622829925356 76.48599999999993 304
1622829974336 76.73199999999993 305
1622830023534 76.98799999999993 306
1622830072899 77.23499999999993 307
1622830122387 77.48099999999992 308
1622830171967 77.72999999999992 309
1622830221765 77.97799999999992 310
1622830271462 78.22499999999992 311
1622830321842 78.47299999999993 312
1622830372137 78.72099999999993 313
1622830422465 78.96699999999993 314
1622830472967 79.21699999999993 315
1622830524021 79.46399999999993 316
1622830574517 79.71099999999993 317
1622830625485 79.96199999999993 318
1622830676672 80.20699999999994 319
1622830727926 80.45199999999994 320
1622830779335 80.69999999999995 321
1622830830973 80.94699999999995 322
1622830882972 81.19199999999995 323
1622830934861 81.43799999999995 324
1622830986479 81.68599999999995 325
1622831038826 81.93099999999995 326
1622831091344 82.17899999999996 327
1622831143642 82.42499999999995 328
1622831196549 82.67399999999995 329
1622831249463 82.92099999999995 330
1622831302309 83.16799999999995 331
1622831355788 83.41699999999994 332
1622831409518 83.66499999999995 333
1622831463114 83.91199999999995 334
1622831516748 84.15799999999994 335
1622831570585 84.40599999999995 336
1622831624631 84.65299999999995 337
1622831678835 84.89899999999994 338
1622831733388 85.14499999999994 339
1622831788032 85.39299999999994 340
1622831842807 85.63899999999994 341
1622831897695 85.88499999999993 342
1622831952665 86.13299999999994 343
1622832007889 86.38099999999994 344
1622832062964 86.62899999999995 345
1622832118424 86.87499999999994 346
1622832173786 87.12299999999995 347
1622832229766 87.36899999999994 348
1622832285842 87.61599999999994 349
1622832341720 87.86199999999994 350
1622832397810 88.10799999999993 351
1622832453630 88.35699999999993 352
1622832510255 88.60599999999992 353
1622832566848 88.85199999999992 354
1622832623858 89.09699999999992 355
1622832680550 89.34299999999992 356
1622832737456 89.58799999999992 357
1622832794505 89.83499999999992 358
1622832852230 90.08699999999992 359
1622832909515 90.33499999999992 360
1622832967110 90.58099999999992 361
1622833025258 90.82999999999991 362
1622833083366 91.07599999999991 363
1622833141394 91.32299999999991 364
1622833199635 91.57099999999991 365
1622833257908 91.81899999999992 366
1622833316379 92.06599999999992 367
1622833375330 92.31199999999991 368
1622833434120 92.55899999999991 369
1622833493341 92.80599999999991 370
1622833552481 93.05399999999992 371
1622833612200 93.30099999999992 372
1622833671612 93.54999999999991 373
1622833731545 93.79899999999991 374
1622833791721 94.0459999999999 375
1622833851637 94.29399999999991 376
1622833912208 94.54099999999991 377
1622833972578 94.78799999999991 378
1622834033051 95.0339999999999 379
1622834093602 95.2799999999999 380
1622834154393 95.5259999999999 381
1622834215224 95.7729999999999 382
1622834276390 96.0199999999999 383
1622834337350 96.26599999999989 384
1622834398808 96.51199999999989 385
1622834460510 96.75799999999988 386
1622834522086 97.00299999999989 387
1622834583820 97.24999999999989 388
1622834645726 97.49499999999989 389
1622834708159 97.7429999999999 390
1622834770567 97.98899999999989 391
1622834832979 98.23599999999989 392
1622834895672 98.48299999999989 393
1622834958567 98.7279999999999 394
1622835021465 98.9759999999999 395
1622835084467 99.2219999999999 396
1622835147843 99.46799999999989 397
1622835211389 99.71499999999989 398
1622835275124 99.96099999999988 399
1622835339070 100.20799999999988 400
1622835402676 100.45399999999988 401
1622835466353 100.70099999999988 402
1622835530608 100.94699999999987 403
1622835595216 101.19399999999987 404
1622835659984 101.44499999999988 405
1622835724385 101.69499999999988 406
1622835789060 101.94299999999988 407
1622835854306 102.19099999999989 408
1622835919221 102.44299999999988 409
1622835984676 102.68899999999988 410
1622836050057 102.93599999999988 411
1622836115522 103.18099999999988 412
1622836181045 103.42599999999989 413
1622836246774 103.67199999999988 414
1622836313013 103.91899999999988 415
1622836378988 104.16399999999989 416
1622836445120 104.41199999999989 417
1622836512007 104.6569999999999 418
1622836578330 104.9039999999999 419
1622836644881 105.1509999999999 420
1622836711715 105.39699999999989 421
1622836778625 105.64399999999989 422
1622836845821 105.8919999999999 423
1622836913289 106.1399999999999 424
1622836980744 106.3889999999999 425
1622837048679 106.6359999999999 426
1622837116596 106.8809999999999 427
1622837184500 107.1279999999999 428
1622837252999 107.3729999999999 429
1622837321552 107.6189999999999 430
1622837390288 107.8669999999999 431
1622837459201 108.1129999999999 432
1622837527924 108.3589999999999 433
1622837596518 108.6029999999999 434
1622837665397 108.85199999999989 435
1622837734448 109.09899999999989 436
1622837804058 109.3469999999999 437
1622837873005 109.5939999999999 438
1622837942531 109.8409999999999 439
1622838012632 110.0879999999999 440
1622838082614 110.3359999999999 441
1622838152511 110.5829999999999 442
1622838222531 110.8299999999999 443
1622838292834 111.0769999999999 444
1622838363370 111.3229999999999 445
1622838433786 111.5679999999999 446
1622838504333 111.8169999999999 447
1622838575427 112.0639999999999 448
1622838646498 112.3089999999999 449
1622838718131 112.5549999999999 450
1622838789428 112.7989999999999 451
1622838861019 113.0469999999999 452
1622838932950 113.29299999999989 453
1622839004920 113.53999999999989 454
1622839076718 113.78599999999989 455
1622839149138 114.03199999999988 456
1622839221387 114.27899999999988 457
1622839294212 114.52399999999989 458
1622839367135 114.77199999999989 459
1622839439814 115.01899999999989 460
1622839512806 115.26499999999989 461
1622839586327 115.51199999999989 462
1622839659435 115.75899999999989 463
1622839732817 116.00899999999989 464
1622839806559 116.25399999999989 465
1622839880520 116.5019999999999 466
1622839954278 116.7459999999999 467
1622840028066 116.9929999999999 468
1622840102104 117.2399999999999 469
1622840176713 117.4869999999999 470
1622840251696 117.7309999999999 471
1622840326625 117.9779999999999 472
1622840401712 118.2219999999999 473
1622840477229 118.4689999999999 474
1622840552459 118.7159999999999 475
1622840627750 118.9609999999999 476
1622840703301 119.2049999999999 477
1622840779327 119.4509999999999 478
1622840854822 119.69699999999989 479
1622840930946 119.94399999999989 480
1622841007255 120.1919999999999 481
1622841083697 120.4369999999999 482
1622841159763 120.6819999999999 483
1622841236613 120.92999999999991 484
1622841313703 121.17699999999991 485
1622841390884 121.42399999999991 486
1622841467990 121.6699999999999 487
1622841545314 121.9159999999999 488
1622841623100 122.1609999999999 489
1622841700670 122.4049999999999 490
1622841778120 122.6509999999999 491
1622841856131 122.89399999999989 492
1622841934230 123.1359999999999 493
1622842012387 123.37899999999989 494
1622842090989 123.62199999999989 495
1622842170125 123.86499999999988 496
1622842248970 124.10799999999988 497
1622842327947 124.34999999999988 498
1622842407155 124.58999999999988 499
1622842486358 124.83199999999988 500
