1622628950735 -91.3784184977016 0
1622628952658 -15.393110428898105 1
1622628954497 -15.393110428898105 2
1622628956559 -15.393110428898105 3
1622628958757 -15.393110428898105 4
1622628961147 -15.393110428898105 5
1622628963688 -15.393110428898105 6
1622628966396 -15.393110428898105 7
1622628969235 -15.393110428898105 8
1622628972277 -15.393110428898105 9
1622628975403 -15.393110428898105 10
1622628978728 -15.393110428898105 11
1622628982192 -15.393110428898105 12
1622628985788 -15.393110428898105 13
1622628989578 -15.393110428898105 14
1622628993624 -15.393110428898105 15
1622628997651 -15.393110428898105 16
1622629001924 -15.393110428898105 17
1622629006386 -15.393110428898105 18
1622629011024 -15.393110428898105 19
1622629015806 -15.393110428898105 20
1622629020707 -15.393110428898105 21
1622629025778 -15.393110428898105 22
1622629031041 -15.393110428898105 23
1622629036493 -15.393110428898105 24
1622629042092 -15.393110428898105 25
1622629047741 -15.393110428898105 26
1622629053608 -15.393110428898105 27
1622629059542 -15.393110428898105 28
1622629065643 -15.393110428898105 29
1622629071841 -15.393110428898105 30
1622629078244 -15.393110428898105 31
1622629084821 -15.393110428898105 32
1622629091603 -15.393110428898105 33
1622629098351 -15.393110428898105 34
1622629105429 -15.393110428898105 35
1622629112625 -15.393110428898105 36
1622629120082 -15.393110428898105 37
1622629127650 -15.393110428898105 38
1622629135249 -15.393110428898105 39
1622629143143 -15.393110428898105 40
1622629151033 -15.393110428898105 41
1622629159238 -15.393110428898105 42
1622629167547 -15.393110428898105 43
1622629176109 -15.393110428898105 44
1622629184784 -15.393110428898105 45
1622629193482 -15.393110428898105 46
1622629202459 -15.393110428898105 47
1622629211625 -15.393110428898105 48
1622629220789 -15.393110428898105 49
1622629230219 -15.393110428898105 50
1622629239706 -15.393110428898105 51
1622629249524 -15.393110428898105 52
1622629259499 -15.393110428898105 53
1622629269579 -15.393110428898105 54
1622629279751 -15.393110428898105 55
1622629290228 -15.393110428898105 56
1622629300716 -15.393110428898105 57
1622629311537 -15.393110428898105 58
1622629322340 -15.393110428898105 59
1622629333363 -15.393110428898105 60
1622629344570 -15.393110428898105 61
1622629355822 -15.393110428898105 62
1622629367322 -15.393110428898105 63
1622629379033 -15.393110428898105 64
1622629390899 -15.393110428898105 65
1622629402945 -15.393110428898105 66
1622629415153 -15.393110428898105 67
1622629427497 -15.393110428898105 68
1622629439961 -15.393110428898105 69
1622629452547 -15.393110428898105 70
1622629465250 -15.393110428898105 71
1622629478229 -15.393110428898105 72
1622629491302 -15.393110428898105 73
1622629504511 -15.393110428898105 74
1622629517893 -15.393110428898105 75
1622629531293 -15.393110428898105 76
1622629544998 -15.393110428898105 77
1622629558942 -15.393110428898105 78
1622629572868 -15.393110428898105 79
1622629587040 -15.393110428898105 80
1622629601266 -15.393110428898105 81
1622629615714 -15.393110428898105 82
1622629630466 -15.393110428898105 83
1622629645418 -15.393110428898105 84
1622629660371 -15.393110428898105 85
1622629675655 -15.393110428898105 86
1622629690713 -15.393110428898105 87
1622629706018 -15.393110428898105 88
1622629721556 -15.393110428898105 89
1622629737260 -15.393110428898105 90
1622629753069 -15.393110428898105 91
1622629769089 -15.393110428898105 92
1622629785312 -15.393110428898105 93
1622629801718 -15.393110428898105 94
1622629818172 -15.393110428898105 95
1622629834941 -15.393110428898105 96
1622629851584 -15.393110428898105 97
1622629868553 -15.393110428898105 98
1622629885738 -15.393110428898105 99
1622629903229 -15.393110428898105 100
1622629920894 -15.393110428898105 101
1622629938631 -15.393110428898105 102
1622629956605 -15.393110428898105 103
1622629974403 -15.393110428898105 104
1622629992545 -15.393110428898105 105
1622630010748 -15.393110428898105 106
1622630029045 -15.393110428898105 107
1622630047559 -15.393110428898105 108
1622630066172 -15.393110428898105 109
1622630085044 -15.393110428898105 110
1622630103960 -15.393110428898105 111
1622630123218 -15.393110428898105 112
1622630142653 -15.393110428898105 113
1622630162133 -15.393110428898105 114
1622630181819 -15.393110428898105 115
1622630201808 -15.393110428898105 116
1622630221926 -15.393110428898105 117
1622630242098 -15.393110428898105 118
1622630262417 -15.393110428898105 119
1622630283004 -15.393110428898105 120
1622630303672 -15.393110428898105 121
1622630324324 -15.393110428898105 122
1622630345047 -15.393110428898105 123
1622630366166 -15.393110428898105 124
1622630387490 -15.393110428898105 125
1622630408734 -15.393110428898105 126
1622630430082 -15.393110428898105 127
1622630452007 -15.393110428898105 128
1622630474026 -15.393110428898105 129
1622630496074 -15.393110428898105 130
1622630518011 -15.393110428898105 131
1622630540256 -15.393110428898105 132
1622630562764 -15.393110428898105 133
1622630585356 -15.393110428898105 134
1622630608117 -15.393110428898105 135
1622630631117 -15.393110428898105 136
1622630654118 -15.393110428898105 137
1622630677432 -15.393110428898105 138
1622630700755 -15.393110428898105 139
1622630724358 -15.393110428898105 140
1622630748064 -15.393110428898105 141
1622630771979 -15.393110428898105 142
1622630795822 -15.393110428898105 143
1622630819874 -15.393110428898105 144
1622630844427 -15.393110428898105 145
1622630869018 -15.393110428898105 146
1622630893663 -15.393110428898105 147
1622630918523 -15.393110428898105 148
1622630943598 -15.393110428898105 149
1622630968704 -15.393110428898105 150
1622630994071 -15.393110428898105 151
1622631019408 -15.393110428898105 152
1622631045000 -15.393110428898105 153
1622631071020 -15.393110428898105 154
1622631097157 -15.393110428898105 155
1622631123367 -15.393110428898105 156
1622631149692 -15.393110428898105 157
1622631176361 -15.393110428898105 158
1622631203076 -15.393110428898105 159
1622631229994 -15.393110428898105 160
1622631257053 -15.393110428898105 161
1622631284265 -15.393110428898105 162
1622631311433 -15.393110428898105 163
1622631338752 -15.393110428898105 164
1622631366319 -15.393110428898105 165
1622631393911 -15.393110428898105 166
1622631421973 -15.393110428898105 167
1622631450104 -15.393110428898105 168
1622631478469 -15.393110428898105 169
1622631506742 -15.393110428898105 170
1622631535051 -15.393110428898105 171
1622631563476 -15.393110428898105 172
1622631592239 -15.393110428898105 173
1622631621366 -15.393110428898105 174
1622631650146 -15.393110428898105 175
1622631679320 -15.393110428898105 176
1622631708838 -15.393110428898105 177
1622631738527 -15.393110428898105 178
1622631768463 -15.393110428898105 179
1622631798318 -15.393110428898105 180
1622631828487 -15.393110428898105 181
1622631858636 -15.393110428898105 182
1622631888770 -15.393110428898105 183
1622631919285 -15.393110428898105 184
1622631950185 -15.393110428898105 185
1622631981014 -15.393110428898105 186
1622632012265 -15.393110428898105 187
1622632043372 -15.393110428898105 188
1622632074576 -15.393110428898105 189
1622632105873 -15.393110428898105 190
1622632137638 -15.393110428898105 191
1622632169398 -15.393110428898105 192
1622632201258 -15.393110428898105 193
1622632233282 -15.393110428898105 194
1622632265455 -15.393110428898105 195
1622632297795 -15.393110428898105 196
1622632330136 -15.393110428898105 197
1622632362858 -15.393110428898105 198
1622632395920 -15.393110428898105 199
1622632429008 -15.393110428898105 200
1622632462162 -15.393110428898105 201
1622632495485 -15.393110428898105 202
1622632529063 -15.393110428898105 203
1622632562615 -15.393110428898105 204
1622632596226 -15.393110428898105 205
1622632630171 -15.393110428898105 206
1622632664446 -15.393110428898105 207
1622632698895 -15.393110428898105 208
1622632733262 -15.393110428898105 209
1622632768061 -15.393110428898105 210
1622632802691 -15.393110428898105 211
1622632837627 -15.393110428898105 212
1622632872922 -15.393110428898105 213
1622632908342 -15.393110428898105 214
1622632943682 -15.393110428898105 215
1622632979583 -15.393110428898105 216
1622633015253 -15.393110428898105 217
1622633051388 -15.393110428898105 218
1622633087694 -15.393110428898105 219
1622633123682 -15.393110428898105 220
1622633159884 -15.393110428898105 221
1622633196365 -15.393110428898105 222
1622633232795 -15.393110428898105 223
1622633269654 -15.393110428898105 224
1622633306796 -15.393110428898105 225
1622633343849 -15.393110428898105 226
1622633381240 -15.393110428898105 227
1622633418449 -15.393110428898105 228
1622633458557 -15.393110428898105 229
1622633498854 -15.393110428898105 230
1622633540698 -15.393110428898105 231
1622633583028 -15.393110428898105 232
1622633625698 -15.393110428898105 233
1622633668642 -15.393110428898105 234
1622633711542 -15.393110428898105 235
1622633755193 -15.393110428898105 236
1622633798253 -15.393110428898105 237
1622633841926 -15.393110428898105 238
1622633885856 -15.393110428898105 239
1622633929601 -15.393110428898105 240
1622633972041 -15.393110428898105 241
1622634015406 -15.393110428898105 242
1622634058049 -15.393110428898105 243
1622634101228 -15.393110428898105 244
1622634144136 -15.393110428898105 245
1622634187103 -15.393110428898105 246
1622634230385 -15.393110428898105 247
1622634273935 -15.393110428898105 248
1622634317693 -15.393110428898105 249
1622634361525 -15.393110428898105 250
1622634405257 -15.393110428898105 251
1622634449037 -15.393110428898105 252
1622634492472 -15.393110428898105 253
1622634536499 -15.393110428898105 254
1622634580700 -15.393110428898105 255
1622634624616 -15.393110428898105 256
1622634669256 -15.393110428898105 257
1622634714311 -15.393110428898105 258
1622634759302 -15.393110428898105 259
1622634804421 -15.393110428898105 260
1622634849819 -15.393110428898105 261
1622634895140 -15.393110428898105 262
1622634940817 -15.393110428898105 263
1622634986917 -15.393110428898105 264
1622635033142 -15.393110428898105 265
1622635079508 -15.393110428898105 266
1622635125730 -15.393110428898105 267
1622635172082 -15.393110428898105 268
1622635218470 -15.393110428898105 269
1622635265498 -15.393110428898105 270
1622635312457 -15.393110428898105 271
1622635359783 -15.393110428898105 272
1622635407174 -15.393110428898105 273
1622635454395 -15.393110428898105 274
1622635502175 -15.393110428898105 275
1622635549875 -15.393110428898105 276
1622635597736 -15.393110428898105 277
1622635646164 -15.393110428898105 278
1622635694391 -15.393110428898105 279
1622635742987 -15.393110428898105 280
1622635791727 -15.393110428898105 281
1622635840064 -15.393110428898105 282
1622635889069 -15.393110428898105 283
1622635938228 -15.393110428898105 284
1622635987289 -15.393110428898105 285
1622636036864 -15.393110428898105 286
1622636086595 -15.393110428898105 287
1622636136168 -15.393110428898105 288
1622636185709 -15.393110428898105 289
1622636235528 -15.393110428898105 290
1622636285518 -15.393110428898105 291
1622636335463 -15.393110428898105 292
1622636386226 -15.393110428898105 293
1622636436772 -15.393110428898105 294
1622636487607 -15.393110428898105 295
1622636538042 -15.393110428898105 296
1622636589140 -15.393110428898105 297
1622636640461 -15.393110428898105 298
1622636691976 -15.393110428898105 299
1622636743476 -15.393110428898105 300
1622636795310 -15.393110428898105 301
1622636847025 -15.393110428898105 302
1622636899357 -15.393110428898105 303
1622636951495 -15.393110428898105 304
1622637004098 -15.393110428898105 305
1622637056521 -15.393110428898105 306
1622637109557 -15.393110428898105 307
1622637162319 -15.393110428898105 308
1622637215626 -15.393110428898105 309
1622637268751 -15.393110428898105 310
1622637322337 -15.393110428898105 311
1622637376022 -15.393110428898105 312
1622637429750 -15.393110428898105 313
1622637483820 -15.393110428898105 314
1622637538159 -15.393110428898105 315
1622637592302 -15.393110428898105 316
1622637646974 -15.393110428898105 317
1622637701701 -15.393110428898105 318
1622637756805 -15.393110428898105 319
1622637811667 -15.393110428898105 320
1622637867276 -15.393110428898105 321
1622637922567 -15.393110428898105 322
1622637978153 -15.393110428898105 323
1622638033707 -15.393110428898105 324
1622638089332 -15.393110428898105 325
1622638144935 -15.393110428898105 326
1622638199301 -15.393110428898105 327
1622638252964 -15.393110428898105 328
1622638306372 -15.393110428898105 329
1622638360059 -15.393110428898105 330
1622638413644 -15.393110428898105 331
1622638467639 -15.393110428898105 332
1622638521902 -15.393110428898105 333
1622638576346 -15.393110428898105 334
1622638630907 -15.393110428898105 335
1622638685697 -15.393110428898105 336
1622638740519 -15.393110428898105 337
1622638795737 -15.393110428898105 338
1622638850965 -15.393110428898105 339
1622638906024 -15.393110428898105 340
1622638961405 -15.393110428898105 341
1622639017172 -15.393110428898105 342
1622639072936 -15.393110428898105 343
1622639128390 -15.393110428898105 344
1622639184499 -15.393110428898105 345
1622639240782 -15.393110428898105 346
1622639297229 -15.393110428898105 347
1622639353848 -15.393110428898105 348
1622639410259 -15.393110428898105 349
1622639467183 -15.393110428898105 350
1622639524197 -15.393110428898105 351
1622639581240 -15.393110428898105 352
1622639638663 -15.393110428898105 353
1622639696306 -15.393110428898105 354
1622639753746 -15.393110428898105 355
1622639811435 -15.393110428898105 356
1622639869225 -15.393110428898105 357
1622639926901 -15.393110428898105 358
1622639985043 -15.393110428898105 359
1622640043010 -15.393110428898105 360
1622640101490 -15.393110428898105 361
1622640160124 -15.393110428898105 362
1622640218857 -15.393110428898105 363
1622640277818 -15.393110428898105 364
1622640337009 -15.393110428898105 365
1622640396522 -15.393110428898105 366
1622640456099 -15.393110428898105 367
1622640516031 -15.393110428898105 368
1622640575562 -15.393110428898105 369
1622640635541 -15.393110428898105 370
1622640695312 -15.393110428898105 371
1622640755694 -15.393110428898105 372
1622640816109 -15.393110428898105 373
1622640876706 -15.393110428898105 374
1622640937356 -15.393110428898105 375
1622640997949 -15.393110428898105 376
1622641058386 -15.393110428898105 377
1622641119012 -15.393110428898105 378
1622641183914 -15.393110428898105 379
1622641249826 -15.393110428898105 380
1622641316177 -15.393110428898105 381
1622641382390 -15.393110428898105 382
1622641448995 -15.393110428898105 383
1622641515878 -15.393110428898105 384
1622641582101 -15.393110428898105 385
1622641648935 -15.393110428898105 386
1622641715921 -15.393110428898105 387
1622641782989 -15.393110428898105 388
1622641850475 -15.393110428898105 389
1622641918150 -15.393110428898105 390
1622641985762 -15.393110428898105 391
1622642053493 -15.393110428898105 392
1622642121787 -15.393110428898105 393
1622642189531 -15.393110428898105 394
1622642253191 -15.393110428898105 395
1622642320557 -15.393110428898105 396
1622642386690 -15.393110428898105 397
1622642451928 -15.393110428898105 398
1622642516255 -15.393110428898105 399
1622642580597 -15.393110428898105 400
1622642644605 -15.393110428898105 401
1622642709037 -15.393110428898105 402
1622642773455 -15.393110428898105 403
1622642838192 -15.393110428898105 404
1622642902963 -15.393110428898105 405
1622642968074 -15.393110428898105 406
1622643033191 -15.393110428898105 407
1622643098574 -15.393110428898105 408
1622643164176 -15.393110428898105 409
1622643229730 -15.393110428898105 410
1622643295167 -15.393110428898105 411
1622643361295 -15.393110428898105 412
1622643427414 -15.393110428898105 413
1622643493835 -15.393110428898105 414
1622643563941 -15.393110428898105 415
1622643634489 -15.393110428898105 416
1622643702612 -15.393110428898105 417
1622643773648 -15.393110428898105 418
1622643841806 -15.393110428898105 419
1622643909145 -15.393110428898105 420
1622643977049 -15.393110428898105 421
1622644045417 -15.393110428898105 422
1622644114467 -15.393110428898105 423
1622644182433 -15.393110428898105 424
1622644250432 -15.393110428898105 425
1622644318905 -15.393110428898105 426
1622644387336 -15.393110428898105 427
1622644455431 -15.393110428898105 428
1622644524212 -15.393110428898105 429
1622644593185 -15.393110428898105 430
1622644662249 -15.393110428898105 431
1622644731671 -15.393110428898105 432
1622644801196 -15.393110428898105 433
1622644870931 -15.393110428898105 434
1622644940553 -15.393110428898105 435
1622645010144 -15.393110428898105 436
1622645080285 -15.393110428898105 437
1622645150364 -15.393110428898105 438
1622645220700 -15.393110428898105 439
1622645291012 -15.393110428898105 440
1622645361445 -15.393110428898105 441
1622645432206 -15.393110428898105 442
1622645503042 -15.393110428898105 443
1622645574051 -15.393110428898105 444
1622645645033 -15.393110428898105 445
1622645716625 -15.393110428898105 446
1622645787996 -15.393110428898105 447
1622645859299 -15.393110428898105 448
1622645930987 -15.393110428898105 449
1622646002696 -15.393110428898105 450
1622646074532 -15.393110428898105 451
1622646146566 -15.393110428898105 452
1622646218766 -15.393110428898105 453
1622646291521 -15.393110428898105 454
1622646364109 -15.393110428898105 455
1622646436826 -15.393110428898105 456
1622646510082 -15.393110428898105 457
1622646583666 -15.393110428898105 458
1622646657209 -15.393110428898105 459
1622646730594 -15.393110428898105 460
1622646804432 -15.393110428898105 461
1622646878511 -15.393110428898105 462
1622646952971 -15.393110428898105 463
1622647027330 -15.393110428898105 464
1622647101299 -15.393110428898105 465
1622647175805 -15.393110428898105 466
1622647250475 -15.393110428898105 467
1622647325639 -15.393110428898105 468
1622647400779 -15.393110428898105 469
1622647475988 -15.393110428898105 470
1622647551343 -15.393110428898105 471
1622647627091 -15.393110428898105 472
1622647702813 -15.393110428898105 473
1622647778786 -15.393110428898105 474
1622647855123 -15.393110428898105 475
1622647931408 -15.393110428898105 476
1622648007749 -15.393110428898105 477
1622648084015 -15.393110428898105 478
1622648160981 -15.393110428898105 479
1622648237608 -15.393110428898105 480
1622648314585 -15.393110428898105 481
1622648392341 -15.393110428898105 482
1622648470220 -15.393110428898105 483
1622648547605 -15.393110428898105 484
1622648625423 -15.393110428898105 485
1622648703377 -15.393110428898105 486
1622648781542 -15.393110428898105 487
1622648859614 -15.393110428898105 488
1622648939505 -15.393110428898105 489
1622649019379 -15.393110428898105 490
1622649100206 -15.393110428898105 491
1622649180491 -15.393110428898105 492
1622649260833 -15.393110428898105 493
1622649341656 -15.393110428898105 494
1622649420502 -15.393110428898105 495
1622649499642 -15.393110428898105 496
1622649579212 -15.393110428898105 497
1622649659292 -15.393110428898105 498
1622649739468 -15.393110428898105 499
1622649819159 -15.393110428898105 500
