1622898580208 0.117 0
1622898581759 0.114 1
1622898583688 0.116 2
1622898585951 0.116 3
1622898588573 0.115 4
1622898591545 0.116 5
1622898594874 0.115 6
1622898598576 0.117 7
1622898602637 0.117 8
1622898607056 0.116 9
1622898611805 0.118 10
1622898617007 0.114 11
1622898622470 0.115 12
1622898628323 0.116 13
1622898634517 0.116 14
1622898641102 0.117 15
1622898648058 0.118 16
1622898655382 0.115 17
1622898663079 0.115 18
1622898671098 0.115 19
1622898679446 0.118 20
1622898688235 0.117 21
1622898697394 0.118 22
1622898706897 0.112 23
1622898716761 0.114 24
1622898727059 0.116 25
1622898737657 0.117 26
1622898748626 0.116 27
1622898760057 0.114 28
1622898771804 0.114 29
1622898783835 0.118 30
1622898796261 0.117 31
1622898808991 0.116 32
1622898822159 0.115 33
1622898835647 0.114 34
1622898849474 0.116 35
1622898863779 0.116 36
1622898878409 0.117 37
1622898893283 0.112 38
1622898908604 0.118 39
1622898924256 0.115 40
1622898940381 0.116 41
1622898956727 0.118 42
1622898973475 0.12 43
1622898990564 0.117 44
1622899008113 0.115 45
1622899026036 0.117 46
1622899044338 0.119 47
1622899063004 0.117 48
1622899081974 0.115 49
1622899101439 0.117 50
1622899121191 0.115 51
1622899141181 0.116 52
1622899161426 0.115 53
1622899182214 0.114 54
1622899204173 0.115 55
1622899225328 0.134 56
1622899246983 0.114 57
1622899268897 0.113 58
1622899291137 0.113 59
1622899313769 0.113 60
1622899336650 0.117 61
1622899359821 0.115 62
1622899383425 0.111 63
1622899407317 0.112 64
1622899431540 0.11 65
1622899456013 0.11 66
1622899481010 0.111 67
1622899506295 0.113 68
1622899531708 0.113 69
1622899557661 0.112 70
1622899583899 0.113 71
1622899610370 0.112 72
1622899637256 0.115 73
1622899664372 0.114 74
1622899691851 0.112 75
1622899719771 0.111 76
1622899748072 0.114 77
1622899776551 0.11 78
1622899805394 0.113 79
1622899834739 0.111 80
1622899864528 0.111 81
1622899894477 0.112 82
1622899925230 0.113 83
1622899956028 0.111 84
1622899987259 0.116 85
1622900019293 0.115 86
1622900051632 0.116 87
1622900084386 0.112 88
1622900117529 0.114 89
1622900150808 0.114 90
1622900184393 0.114 91
1622900218559 0.112 92
1622900252994 0.114 93
1622900287813 0.109 94
1622900323067 0.158 95
1622900358433 0.113 96
1622900393968 0.111 97
1622900429964 0.111 98
1622900466310 0.113 99
1622900503151 0.117 100
1622900540194 0.11 101
1622900577800 0.113 102
1622900615579 0.116 103
1622900654045 0.117 104
1622900692926 0.113 105
1622900732131 0.112 106
1622900771541 0.112 107
1622900811251 0.114 108
1622900851410 0.112 109
1622900891792 0.114 110
1622900932504 0.116 111
1622900973564 0.114 112
1622901015075 0.117 113
1622901056842 0.116 114
1622901098827 0.116 115
1622901141236 0.118 116
1622901184131 0.112 117
1622901226599 0.112 118
1622901270246 0.115 119
1622901314039 0.116 120
1622901357520 0.111 121
1622901401524 0.112 122
1622901445280 0.11 123
1622901490096 0.116 124
1622901534774 0.114 125
1622901579547 0.113 126
1622901624699 0.114 127
1622901669823 0.117 128
1622901715298 0.116 129
1622901761345 0.115 130
1622901808453 0.11 131
1622901856173 0.118 132
1622901903263 0.114 133
1622901950972 0.113 134
1622901998794 0.115 135
1622902046902 0.114 136
1622902095522 0.11 137
1622902144619 0.113 138
1622902193836 0.115 139
1622902243354 0.112 140
1622902293287 0.113 141
1622902343320 0.112 142
1622902394171 0.114 143
1622902445373 0.114 144
1622902496943 0.114 145
1622902548993 0.113 146
1622902601458 0.115 147
1622902653938 0.111 148
1622902706843 0.113 149
1622902760278 0.112 150
1622902813941 0.117 151
1622902867869 0.115 152
1622902922169 0.116 153
1622902977056 0.115 154
1622903032151 0.115 155
1622903087638 0.116 156
1622903143424 0.118 157
1622903199538 0.117 158
1622903256323 0.115 159
1622903313222 0.113 160
1622903370370 0.114 161
1622903427661 0.116 162
1622903485390 0.109 163
1622903543791 0.114 164
1622903602185 0.115 165
1622903661080 0.118 166
1622903720406 0.115 167
1622903780113 0.113 168
1622903840239 0.112 169
1622903900434 0.113 170
1622903961314 0.113 171
1622904022449 0.115 172
1622904083963 0.111 173
1622904146185 0.115 174
1622904208660 0.115 175
1622904271435 0.114 176
1622904334769 0.115 177
1622904398227 0.117 178
1622904462206 0.112 179
1622904526588 0.115 180
1622904591304 0.114 181
1622904655961 0.116 182
1622904721234 0.116 183
1622904786969 0.117 184
1622904852774 0.116 185
1622904919268 0.114 186
1622904986317 0.114 187
1622905053742 0.115 188
1622905121263 0.114 189
1622905189416 0.116 190
1622905258574 0.112 191
1622905327078 0.113 192
1622905396021 0.116 193
1622905464951 0.112 194
1622905534384 0.114 195
1622905603808 0.112 196
1622905673888 0.118 197
1622905743974 0.114 198
1622905814566 0.117 199
1622905886014 0.113 200
1622905958500 0.114 201
1622906031439 0.113 202
1622906104731 0.114 203
1622906178325 0.115 204
1622906252259 0.112 205
1622906326943 0.113 206
1622906401991 0.115 207
1622906476908 0.113 208
1622906552438 0.114 209
1622906628568 0.113 210
1622906704533 0.118 211
1622906780976 0.115 212
1622906857575 0.115 213
1622906934988 0.117 214
1622907012589 0.114 215
1622907090075 0.115 216
1622907168363 0.113 217
1622907247351 0.112 218
1622907325906 0.113 219
1622907405061 0.112 220
1622907484424 0.116 221
1622907564685 0.113 222
1622907645691 0.117 223
1622907726475 0.113 224
1622907808231 0.115 225
1622907889820 0.113 226
1622907972747 0.115 227
1622908055049 0.115 228
1622908137511 0.113 229
1622908220696 0.118 230
1622908303885 0.118 231
1622908387231 0.114 232
1622908471334 0.114 233
1622908555653 0.113 234
1622908640748 0.116 235
1622908725837 0.114 236
1622908811354 0.116 237
1622908897174 0.117 238
1622908983328 0.111 239
1622909070259 0.115 240
1622909157035 0.116 241
1622909244533 0.114 242
1622909332601 0.114 243
1622909420818 0.111 244
1622909509532 0.113 245
1622909598225 0.112 246
1622909687490 0.113 247
1622909778119 0.114 248
1622909868546 0.116 249
1622909959024 0.115 250
1622910050985 0.116 251
1622910141858 0.116 252
1622910233041 0.111 253
1622910325608 0.115 254
1622910417889 0.115 255
1622910511121 0.117 256
1622910605212 0.119 257
1622910699024 0.118 258
1622910793039 0.117 259
1622910887163 0.114 260
1622910982105 0.112 261
1622911077665 0.113 262
1622911173898 0.114 263
1622911269964 0.112 264
1622911365960 0.111 265
1622911462202 0.112 266
1622911558593 0.111 267
1622911655914 0.112 268
1622911753066 0.119 269
1622911850575 0.116 270
1622911948200 0.114 271
1622912046738 0.114 272
1622912145285 0.116 273
1622912244646 0.115 274
1622912344013 0.117 275
1622912444338 0.115 276
1622912543942 0.117 277
1622912644381 0.112 278
1622912745215 0.113 279
1622912846412 0.117 280
1622912947025 0.116 281
1622913048773 0.112 282
1622913150878 0.122 283
1622913253113 0.112 284
1622913355691 0.114 285
1622913458593 0.111 286
1622913563690 0.111 287
1622913668931 0.109 288
1622913771061 0.115 289
1622913876320 0.113 290
1622913979138 0.112 291
1622914082206 0.111 292
1622914182911 0.111 293
1622914284839 0.115 294
1622914385946 0.112 295
1622914487218 0.111 296
1622914590881 0.116 297
1622914693996 0.114 298
1622914796357 0.115 299
1622914899134 0.117 300
1622915002960 0.114 301
1622915106481 0.116 302
1622915210881 0.113 303
1622915316189 0.116 304
1622915421366 0.114 305
1622915527769 0.113 306
1622915633383 0.114 307
1622915739697 0.113 308
1622915845990 0.113 309
1622915952633 0.125 310
1622916060327 0.114 311
1622916167939 0.116 312
1622916276368 0.117 313
1622916385393 0.114 314
1622916494309 0.115 315
1622916603592 0.117 316
1622916713270 0.112 317
1622916823312 0.11 318
1622916933863 0.112 319
1622917044940 0.117 320
1622917155728 0.11 321
1622917266633 0.115 322
1622917378724 0.113 323
1622917490731 0.114 324
1622917602642 0.112 325
1622917714796 0.114 326
1622917828517 0.117 327
1622917942112 0.112 328
1622918055986 0.113 329
1622918170461 0.116 330
1622918285612 0.117 331
1622918400897 0.118 332
1622918515981 0.115 333
1622918631242 0.114 334
1622918747513 0.115 335
1622918864323 0.118 336
1622918981508 0.113 337
1622919099148 0.114 338
1622919217021 0.116 339
1622919335183 0.119 340
1622919453754 0.113 341
1622919573619 0.117 342
1622919693047 0.118 343
1622919812801 0.115 344
1622919932296 0.112 345
1622920051792 0.117 346
1622920171804 0.12 347
1622920291495 0.114 348
1622920412352 0.115 349
1622920533847 0.111 350
1622920655013 0.113 351
1622920776689 0.114 352
1622920899256 0.115 353
1622921022015 0.116 354
1622921146249 0.114 355
1622921270366 0.114 356
1622921394105 0.112 357
1622921518188 0.114 358
1622921641959 0.117 359
1622921766510 0.111 360
1622921891200 0.113 361
1622922017316 0.114 362
1622922143894 0.116 363
1622922271006 0.115 364
1622922398112 0.113 365
1622922525827 0.115 366
1622922653106 0.114 367
1622922780890 0.116 368
1622922909124 0.114 369
1622923037943 0.11 370
1622923167488 0.112 371
1622923297369 0.12 372
1622923427788 0.111 373
1622923558104 0.112 374
1622923688241 0.113 375
1622923818931 0.114 376
1622923950084 0.111 377
1622924081242 0.117 378
1622924214367 0.112 379
1622924347517 0.113 380
1622924480678 0.111 381
1622924614404 0.11 382
1622924748775 0.113 383
1622924883249 0.117 384
1622925018246 0.116 385
1622925153340 0.12 386
1622925288726 0.114 387
1622925428402 0.111 388
1622925564648 0.113 389
1622925700476 0.11 390
1622925849662 0.113 391
1622925992576 0.113 392
1622926136606 0.114 393
1622926280317 0.11 394
1622926424331 0.117 395
1622926568915 0.113 396
1622926713563 0.112 397
1622926857866 0.113 398
1622927001713 0.114 399
1622927146075 0.112 400
1622927291073 0.118 401
1622927436814 0.115 402
1622927584259 0.114 403
1622927731846 0.117 404
1622927879458 0.116 405
1622928028484 0.115 406
1622928177062 0.116 407
1622928326847 0.115 408
1622928476515 0.114 409
1622928625577 0.115 410
1622928774559 0.116 411
1622928923279 0.117 412
1622929073579 0.116 413
1622929224031 0.118 414
1622929374282 0.116 415
1622929526352 0.116 416
1622929679653 0.119 417
1622929839381 0.116 418
1622929993105 0.11 419
1622930146498 0.115 420
1622930298283 0.113 421
1622930451502 0.112 422
1622930605204 0.114 423
1622930758616 0.114 424
1622930913274 0.111 425
1622931068109 0.117 426
1622931223487 0.113 427
1622931378768 0.114 428
1622931534621 0.111 429
1622931690598 0.115 430
1622931846995 0.115 431
1622932003452 0.112 432
1622932160447 0.114 433
1622932320220 0.111 434
1622932478770 0.115 435
1622932638912 0.111 436
1622932798892 0.113 437
1622932960453 0.121 438
1622933121694 0.115 439
1622933283165 0.116 440
1622933444833 0.116 441
1622933606399 0.117 442
1622933768839 0.114 443
1622933930483 0.115 444
1622934092703 0.113 445
1622934255079 0.113 446
1622934417850 0.114 447
1622934579889 0.113 448
1622934742750 0.115 449
1622934906282 0.114 450
1622935070045 0.115 451
1622935234537 0.116 452
1622935399238 0.12 453
1622935564673 0.117 454
1622935729677 0.115 455
1622935895788 0.115 456
1622936062214 0.113 457
1622936228853 0.112 458
1622936395897 0.113 459
1622936563318 0.113 460
1622936730528 0.111 461
1622936898273 0.118 462
1622937066221 0.114 463
1622937235640 0.115 464
1622937404736 0.115 465
1622937575575 0.115 466
1622937746674 0.115 467
1622937917277 0.116 468
1622938088424 0.115 469
1622938259635 0.113 470
1622938430953 0.116 471
1622938602984 0.114 472
1622938774968 0.112 473
1622938947861 0.112 474
1622939121442 0.117 475
1622939294921 0.116 476
1622939468624 0.112 477
1622939643768 0.113 478
1622939818894 0.112 479
1622939994282 0.115 480
1622940170155 0.113 481
1622940356214 0.114 482
1622940532807 0.115 483
1622940709822 0.113 484
1622940886785 0.113 485
1622941064198 0.116 486
1622941241431 0.118 487
1622941418118 0.115 488
1622941594943 0.111 489
1622941772086 0.112 490
1622941949785 0.112 491
1622942131794 0.11 492
1622942312403 0.112 493
1622942492721 0.112 494
1622942674877 0.115 495
1622942856949 0.115 496
1622943039582 0.114 497
1622943223132 0.112 498
1622943406110 0.115 499
1622943589147 0.113 500
