1622758240628 -123.22195548621607 0
1622758241172 -47.16163340665223 1
1622758241696 -25.463039977738404 2
1622758242771 -25.463039977738404 3
1622758243754 -25.463039977738404 4
1622758244455 -25.463039977738404 5
1622758245111 -25.463039977738404 6
1622758246225 -25.463039977738404 7
1622758247263 -25.463039977738404 8
1622758248556 -25.463039977738404 9
1622758249409 -25.463039977738404 10
1622758250248 -25.463039977738404 11
1622758251145 -25.463039977738404 12
1622758252077 -25.463039977738404 13
1622758253028 -25.463039977738404 14
1622758254030 -25.463039977738404 15
1622758255079 -25.463039977738404 16
1622758257012 -25.463039977738404 17
1622758258241 -25.463039977738404 18
1622758259383 -25.463039977738404 19
1622758260562 -25.463039977738404 20
1622758261760 -25.463039977738404 21
1622758263001 -25.463039977738404 22
1622758264286 -25.463039977738404 23
1622758265594 -25.463039977738404 24
1622758266941 -25.463039977738404 25
1622758268350 -25.463039977738404 26
1622758269788 -25.463039977738404 27
1622758271235 -25.463039977738404 28
1622758272746 -25.463039977738404 29
1622758274301 -25.463039977738404 30
1622758275870 -25.463039977738404 31
1622758277479 -25.463039977738404 32
1622758279113 -25.463039977738404 33
1622758280793 -25.463039977738404 34
1622758282494 -25.463039977738404 35
1622758284262 -25.463039977738404 36
1622758286049 -25.463039977738404 37
1622758287893 -25.463039977738404 38
1622758289745 -25.463039977738404 39
1622758291655 -25.463039977738404 40
1622758293580 -25.463039977738404 41
1622758295555 -25.463039977738404 42
1622758297588 -25.463039977738404 43
1622758299644 -25.463039977738404 44
1622758301749 -25.463039977738404 45
1622758304241 -25.463039977738404 46
1622758306778 -25.463039977738404 47
1622758308967 -25.463039977738404 48
1622758311160 -25.463039977738404 49
1622758313433 -25.463039977738404 50
1622758315691 -25.463039977738404 51
1622758318040 -25.463039977738404 52
1622758320419 -25.463039977738404 53
1622758323738 -25.463039977738404 54
1622758326207 -25.463039977738404 55
1622758328762 -25.463039977738404 56
1622758332245 -25.463039977738404 57
1622758334722 -25.463039977738404 58
1622758337288 -25.463039977738404 59
1622758339908 -25.463039977738404 60
1622758342579 -25.463039977738404 61
1622758345292 -25.463039977738404 62
1622758348022 -25.463039977738404 63
1622758350753 -25.463039977738404 64
1622758353571 -25.463039977738404 65
1622758356396 -25.463039977738404 66
1622758359245 -25.463039977738404 67
1622758362117 -25.463039977738404 68
1622758365053 -25.463039977738404 69
1622758368013 -25.463039977738404 70
1622758371010 -25.463039977738404 71
1622758374061 -25.463039977738404 72
1622758378039 -25.463039977738404 73
1622758381148 -25.463039977738404 74
1622758384294 -25.463039977738404 75
1622758387519 -25.463039977738404 76
1622758391758 -25.463039977738404 77
1622758395331 -25.463039977738404 78
1622758398738 -25.463039977738404 79
1622758402089 -25.463039977738404 80
1622758405515 -25.463039977738404 81
1622758408936 -25.463039977738404 82
1622758412346 -25.463039977738404 83
1622758415856 -25.463039977738404 84
1622758419328 -25.463039977738404 85
1622758422862 -25.463039977738404 86
1622758426440 -25.463039977738404 87
1622758430024 -25.463039977738404 88
1622758433682 -25.463039977738404 89
1622758437358 -25.463039977738404 90
1622758441075 -25.463039977738404 91
1622758444851 -25.463039977738404 92
1622758448655 -25.463039977738404 93
1622758452499 -25.463039977738404 94
1622758456357 -25.463039977738404 95
1622758460272 -25.463039977738404 96
1622758465291 -25.463039977738404 97
1622758469443 -25.463039977738404 98
1622758473421 -25.463039977738404 99
1622758477449 -25.463039977738404 100
1622758481504 -25.463039977738404 101
1622758485589 -25.463039977738404 102
1622758489740 -25.463039977738404 103
1622758493900 -25.463039977738404 104
1622758498130 -25.463039977738404 105
1622758502432 -25.463039977738404 106
1622758506716 -25.463039977738404 107
1622758511939 -25.463039977738404 108
1622758516301 -25.463039977738404 109
1622758520998 -25.463039977738404 110
1622758526009 -25.463039977738404 111
1622758531631 -25.463039977738404 112
1622758536464 -25.463039977738404 113
1622758541161 -25.463039977738404 114
1622758545738 -25.463039977738404 115
1622758550348 -25.463039977738404 116
1622758554989 -25.463039977738404 117
1622758559700 -25.463039977738404 118
1622758566007 -25.463039977738404 119
1622758570749 -25.463039977738404 120
1622758575564 -25.463039977738404 121
1622758580413 -25.463039977738404 122
1622758585279 -25.463039977738404 123
1622758590128 -25.463039977738404 124
1622758595081 -25.463039977738404 125
1622758600016 -25.463039977738404 126
1622758605019 -25.463039977738404 127
1622758610041 -25.463039977738404 128
1622758615876 -25.463039977738404 129
1622758621846 -25.463039977738404 130
1622758627833 -25.463039977738404 131
1622758633017 -25.463039977738404 132
1622758638248 -25.463039977738404 133
1622758644358 -25.463039977738404 134
1622758649837 -25.463039977738404 135
1622758655112 -25.463039977738404 136
1622758660479 -25.463039977738404 137
1622758665911 -25.463039977738404 138
1622758671333 -25.463039977738404 139
1622758676833 -25.463039977738404 140
1622758682299 -25.463039977738404 141
1622758687796 -25.463039977738404 142
1622758693323 -25.463039977738404 143
1622758699193 -25.463039977738404 144
1622758705727 -25.463039977738404 145
1622758711867 -25.463039977738404 146
1622758717751 -25.463039977738404 147
1622758723505 -25.463039977738404 148
1622758729313 -25.463039977738404 149
1622758735975 -25.463039977738404 150
1622758741800 -25.463039977738404 151
1622758747706 -25.463039977738404 152
1622758753674 -25.463039977738404 153
1622758760365 -25.463039977738404 154
1622758766371 -25.463039977738404 155
1622758772435 -25.463039977738404 156
1622758778462 -25.463039977738404 157
1622758784546 -25.463039977738404 158
1622758790675 -25.463039977738404 159
1622758796843 -25.463039977738404 160
1622758803910 -25.463039977738404 161
1622758810326 -25.463039977738404 162
1622758816593 -25.463039977738404 163
1622758822899 -25.463039977738404 164
1622758829255 -25.463039977738404 165
1622758835614 -25.463039977738404 166
1622758842023 -25.463039977738404 167
1622758849428 -25.463039977738404 168
1622758855890 -25.463039977738404 169
1622758862422 -25.463039977738404 170
1622758869003 -25.463039977738404 171
1622758875604 -25.463039977738404 172
1622758882276 -25.463039977738404 173
1622758888987 -25.463039977738404 174
1622758895731 -25.463039977738404 175
1622758902456 -25.463039977738404 176
1622758910104 -25.463039977738404 177
1622758916885 -25.463039977738404 178
1622758923704 -25.463039977738404 179
1622758930600 -25.463039977738404 180
1622758937576 -25.463039977738404 181
1622758944528 -25.463039977738404 182
1622758952554 -25.463039977738404 183
1622758960648 -25.463039977738404 184
1622758967814 -25.463039977738404 185
1622758976051 -25.463039977738404 186
1622758984826 -25.463039977738404 187
1622758992700 -25.463039977738404 188
1622758999916 -25.463039977738404 189
1622759007156 -25.463039977738404 190
1622759014481 -25.463039977738404 191
1622759021825 -25.463039977738404 192
1622759029199 -25.463039977738404 193
1622759036613 -25.463039977738404 194
1622759044048 -25.463039977738404 195
1622759051477 -25.463039977738404 196
1622759058924 -25.463039977738404 197
1622759066475 -25.463039977738404 198
1622759074049 -25.463039977738404 199
1622759081692 -25.463039977738404 200
1622759090259 -25.463039977738404 201
1622759097901 -25.463039977738404 202
1622759106611 -25.463039977738404 203
1622759114594 -25.463039977738404 204
1622759123231 -25.463039977738404 205
1622759131860 -25.463039977738404 206
1622759141944 -25.463039977738404 207
1622759151224 -25.463039977738404 208
1622759159547 -25.463039977738404 209
1622759167579 -25.463039977738404 210
1622759175676 -25.463039977738404 211
1622759183727 -25.463039977738404 212
1622759191826 -25.463039977738404 213
1622759200305 -25.463039977738404 214
1622759208679 -25.463039977738404 215
1622759218606 -25.463039977738404 216
1622759226857 -25.463039977738404 217
1622759235132 -25.463039977738404 218
1622759243455 -25.463039977738404 219
1622759252714 -25.463039977738404 220
1622759261105 -25.463039977738404 221
1622759269485 -25.463039977738404 222
1622759279089 -25.463039977738404 223
1622759288142 -25.463039977738404 224
1622759296660 -25.463039977738404 225
1622759305244 -25.463039977738404 226
1622759314836 -25.463039977738404 227
1622759324239 -25.463039977738404 228
1622759332935 -25.463039977738404 229
1622759342163 -25.463039977738404 230
1622759352999 -25.463039977738404 231
1622759364451 -25.463039977738404 232
1622759373303 -25.463039977738404 233
1622759382084 -25.463039977738404 234
1622759390978 -25.463039977738404 235
1622759399941 -25.463039977738404 236
1622759408921 -25.463039977738404 237
1622759417887 -25.463039977738404 238
1622759426848 -25.463039977738404 239
1622759437659 -25.463039977738404 240
1622759446687 -25.463039977738404 241
1622759455691 -25.463039977738404 242
1622759464873 -25.463039977738404 243
1622759474086 -25.463039977738404 244
1622759483367 -25.463039977738404 245
1622759492664 -25.463039977738404 246
1622759502049 -25.463039977738404 247
1622759511433 -25.463039977738404 248
1622759520824 -25.463039977738404 249
1622759531394 -25.463039977738404 250
1622759540814 -25.463039977738404 251
1622759550208 -25.463039977738404 252
1622759559713 -25.463039977738404 253
1622759569217 -25.463039977738404 254
1622759578831 -25.463039977738404 255
1622759588446 -25.463039977738404 256
1622759598081 -25.463039977738404 257
1622759607782 -25.463039977738404 258
1622759617495 -25.463039977738404 259
1622759628100 -25.463039977738404 260
1622759638615 -25.463039977738404 261
1622759649296 -25.463039977738404 262
1622759659141 -25.463039977738404 263
1622759669059 -25.463039977738404 264
1622759680418 -25.463039977738404 265
1622759690445 -25.463039977738404 266
1622759700509 -25.463039977738404 267
1622759710564 -25.463039977738404 268
1622759720627 -25.463039977738404 269
1622759731570 -25.463039977738404 270
1622759741661 -25.463039977738404 271
1622759751859 -25.463039977738404 272
1622759762150 -25.463039977738404 273
1622759772415 -25.463039977738404 274
1622759782781 -25.463039977738404 275
1622759793083 -25.463039977738404 276
1622759803460 -25.463039977738404 277
1622759813825 -25.463039977738404 278
1622759824246 -25.463039977738404 279
1622759834693 -25.463039977738404 280
1622759846026 -25.463039977738404 281
1622759856634 -25.463039977738404 282
1622759867263 -25.463039977738404 283
1622759877906 -25.463039977738404 284
1622759888541 -25.463039977738404 285
1622759900068 -25.463039977738404 286
1622759910830 -25.463039977738404 287
1622759922573 -25.463039977738404 288
1622759933479 -25.463039977738404 289
1622759944315 -25.463039977738404 290
1622759955309 -25.463039977738404 291
1622759967246 -25.463039977738404 292
1622759978268 -25.463039977738404 293
1622759989248 -25.463039977738404 294
1622760000245 -25.463039977738404 295
1622760011326 -25.463039977738404 296
1622760023146 -25.463039977738404 297
1622760034300 -25.463039977738404 298
1622760045529 -25.463039977738404 299
1622760056692 -25.463039977738404 300
1622760068035 -25.463039977738404 301
1622760079442 -25.463039977738404 302
1622760090865 -25.463039977738404 303
1622760102231 -25.463039977738404 304
1622760113584 -25.463039977738404 305
1622760124957 -25.463039977738404 306
1622760136522 -25.463039977738404 307
1622760147941 -25.463039977738404 308
1622760159516 -25.463039977738404 309
1622760172615 -25.463039977738404 310
1622760184202 -25.463039977738404 311
1622760195927 -25.463039977738404 312
1622760208944 -25.463039977738404 313
1622760222047 -25.463039977738404 314
1622760234781 -25.463039977738404 315
1622760246581 -25.463039977738404 316
1622760260173 -25.463039977738404 317
1622760272067 -25.463039977738404 318
1622760285970 -25.463039977738404 319
1622760297892 -25.463039977738404 320
1622760309858 -25.463039977738404 321
1622760321746 -25.463039977738404 322
1622760333825 -25.463039977738404 323
1622760347466 -25.463039977738404 324
1622760360551 -25.463039977738404 325
1622760372711 -25.463039977738404 326
1622760384972 -25.463039977738404 327
1622760397239 -25.463039977738404 328
1622760409490 -25.463039977738404 329
1622760421719 -25.463039977738404 330
1622760434055 -25.463039977738404 331
1622760446441 -25.463039977738404 332
1622760458848 -25.463039977738404 333
1622760471305 -25.463039977738404 334
1622760484667 -25.463039977738404 335
1622760497194 -25.463039977738404 336
1622760510503 -25.463039977738404 337
1622760523042 -25.463039977738404 338
1622760535661 -25.463039977738404 339
1622760548283 -25.463039977738404 340
1622760560950 -25.463039977738404 341
1622760573647 -25.463039977738404 342
1622760586377 -25.463039977738404 343
1622760601135 -25.463039977738404 344
1622760613998 -25.463039977738404 345
1622760626862 -25.463039977738404 346
1622760639685 -25.463039977738404 347
1622760652545 -25.463039977738404 348
1622760665418 -25.463039977738404 349
1622760678457 -25.463039977738404 350
1622760691508 -25.463039977738404 351
1622760704644 -25.463039977738404 352
1622760717800 -25.463039977738404 353
1622760730983 -25.463039977738404 354
1622760744193 -25.463039977738404 355
1622760757378 -25.463039977738404 356
1622760772664 -25.463039977738404 357
1622760786039 -25.463039977738404 358
1622760799375 -25.463039977738404 359
1622760812696 -25.463039977738404 360
1622760826887 -25.463039977738404 361
1622760840296 -25.463039977738404 362
1622760854885 -25.463039977738404 363
1622760870220 -25.463039977738404 364
1622760883891 -25.463039977738404 365
1622760897515 -25.463039977738404 366
1622760912101 -25.463039977738404 367
1622760925928 -25.463039977738404 368
1622760939786 -25.463039977738404 369
1622760955068 -25.463039977738404 370
1622760968865 -25.463039977738404 371
1622760982852 -25.463039977738404 372
1622760997672 -25.463039977738404 373
1622761012337 -25.463039977738404 374
1622761026279 -25.463039977738404 375
1622761041069 -25.463039977738404 376
1622761055061 -25.463039977738404 377
1622761069049 -25.463039977738404 378
1622761083120 -25.463039977738404 379
1622761097235 -25.463039977738404 380
1622761111634 -25.463039977738404 381
1622761127721 -25.463039977738404 382
1622761142309 -25.463039977738404 383
1622761156584 -25.463039977738404 384
1622761170827 -25.463039977738404 385
1622761185055 -25.463039977738404 386
1622761199399 -25.463039977738404 387
1622761213689 -25.463039977738404 388
1622761228065 -25.463039977738404 389
1622761242536 -25.463039977738404 390
1622761257993 -25.463039977738404 391
1622761273473 -25.463039977738404 392
1622761288274 -25.463039977738404 393
1622761303614 -25.463039977738404 394
1622761318245 -25.463039977738404 395
1622761335568 -25.463039977738404 396
1622761350322 -25.463039977738404 397
1622761365129 -25.463039977738404 398
1622761379776 -25.463039977738404 399
1622761394507 -25.463039977738404 400
1622761409311 -25.463039977738404 401
1622761424212 -25.463039977738404 402
1622761439120 -25.463039977738404 403
1622761454892 -25.463039977738404 404
1622761469914 -25.463039977738404 405
1622761486740 -25.463039977738404 406
1622761502290 -25.463039977738404 407
1622761518126 -25.463039977738404 408
1622761533319 -25.463039977738404 409
1622761548580 -25.463039977738404 410
1622761563785 -25.463039977738404 411
1622761579910 -25.463039977738404 412
1622761596194 -25.463039977738404 413
1622761611582 -25.463039977738404 414
1622761627003 -25.463039977738404 415
1622761642259 -25.463039977738404 416
1622761657653 -25.463039977738404 417
1622761673035 -25.463039977738404 418
1622761689109 -25.463039977738404 419
1622761704596 -25.463039977738404 420
1622761721022 -25.463039977738404 421
1622761736648 -25.463039977738404 422
1622761752410 -25.463039977738404 423
1622761768067 -25.463039977738404 424
1622761783727 -25.463039977738404 425
1622761799523 -25.463039977738404 426
1622761815443 -25.463039977738404 427
1622761831305 -25.463039977738404 428
1622761847236 -25.463039977738404 429
1622761863209 -25.463039977738404 430
1622761879259 -25.463039977738404 431
1622761895148 -25.463039977738404 432
1622761911200 -25.463039977738404 433
1622761927171 -25.463039977738404 434
1622761943190 -25.463039977738404 435
1622761959275 -25.463039977738404 436
1622761975367 -25.463039977738404 437
1622761991507 -25.463039977738404 438
1622762007728 -25.463039977738404 439
1622762024618 -25.463039977738404 440
1622762041692 -25.463039977738404 441
1622762058985 -25.463039977738404 442
1622762075451 -25.463039977738404 443
1622762091811 -25.463039977738404 444
1622762108336 -25.463039977738404 445
1622762125612 -25.463039977738404 446
1622762144518 -25.463039977738404 447
1622762161088 -25.463039977738404 448
1622762178150 -25.463039977738404 449
1622762194914 -25.463039977738404 450
1622762211635 -25.463039977738404 451
1622762228381 -25.463039977738404 452
1622762245031 -25.463039977738404 453
1622762261894 -25.463039977738404 454
1622762278744 -25.463039977738404 455
1622762295599 -25.463039977738404 456
1622762312449 -25.463039977738404 457
1622762329344 -25.463039977738404 458
1622762346164 -25.463039977738404 459
1622762363248 -25.463039977738404 460
1622762380295 -25.463039977738404 461
1622762397213 -25.463039977738404 462
1622762415295 -25.463039977738404 463
1622762432529 -25.463039977738404 464
1622762449761 -25.463039977738404 465
1622762467064 -25.463039977738404 466
1622762484482 -25.463039977738404 467
1622762501927 -25.463039977738404 468
1622762519437 -25.463039977738404 469
1622762536916 -25.463039977738404 470
1622762555229 -25.463039977738404 471
1622762572523 -25.463039977738404 472
1622762590017 -25.463039977738404 473
1622762608558 -25.463039977738404 474
1622762626111 -25.463039977738404 475
1622762643633 -25.463039977738404 476
1622762661185 -25.463039977738404 477
1622762678663 -25.463039977738404 478
1622762696320 -25.463039977738404 479
1622762713960 -25.463039977738404 480
1622762731655 -25.463039977738404 481
1622762750315 -25.463039977738404 482
1622762768303 -25.463039977738404 483
1622762788200 -25.463039977738404 484
1622762807811 -25.463039977738404 485
1622762827613 -25.463039977738404 486
1622762846445 -25.463039977738404 487
1622762864513 -25.463039977738404 488
1622762882514 -25.463039977738404 489
1622762900577 -25.463039977738404 490
1622762918747 -25.463039977738404 491
1622762936931 -25.463039977738404 492
1622762956333 -25.463039977738404 493
1622762974625 -25.463039977738404 494
1622762992734 -25.463039977738404 495
1622763011726 -25.463039977738404 496
1622763030044 -25.463039977738404 497
1622763048321 -25.463039977738404 498
1622763066701 -25.463039977738404 499
1622763085860 -25.463039977738404 500
