1622729342198 50 0
1622729342732 60 1
1622729343276 70 2
1622729343863 80 3
1622729344461 90 4
1622729345102 100 5
1622729345782 110 6
1622729346497 120 7
1622729347254 130 8
1622729348040 140 9
1622729348851 150 10
1622729349711 160 11
1622729350582 170 12
1622729351509 180 13
1622729352467 190 14
1622729353468 200 15
1622729354506 210 16
1622729355582 220 17
1622729356683 230 18
1622729357809 240 19
1622729358965 250 20
1622729360171 260 21
1622729361424 270 22
1622729362721 280 23
1622729364020 290 24
1622729365374 300 25
1622729366771 310 26
1622729368194 320 27
1622729369651 330 28
1622729371148 340 29
1622729372692 350 30
1622729374262 360 31
1622729375884 370 32
1622729377524 380 33
1622729379200 390 34
1622729380907 400 35
1622729382674 410 36
1622729384428 420 37
1622729386247 430 38
1622729388113 440 39
1622729389986 450 40
1622729391920 460 41
1622729393851 470 42
1622729395848 480 43
1622729397901 490 44
1622729399993 500 45
1622729402127 510 46
1622729404289 520 47
1622729406482 530 48
1622729408678 540 49
1622729410932 550 50
1622729413212 560 51
1622729415563 570 52
1622729417931 580 53
1622729420297 590 54
1622729422744 600 55
1622729425213 610 56
1622729427725 620 57
1622729430264 630 58
1622729432854 640 59
1622729435499 650 60
1622729438147 660 61
1622729440846 670 62
1622729443570 680 63
1622729446328 690 64
1622729449089 700 65
1622729451910 710 66
1622729454736 720 67
1622729457616 730 68
1622729460528 740 69
1622729463494 750 70
1622729466486 760 71
1622729469547 770 72
1622729472621 780 73
1622729475722 790 74
1622729478905 800 75
1622729482117 810 76
1622729485376 820 77
1622729488654 830 78
1622729491889 840 79
1622729495213 850 80
1622729498525 860 81
1622729501941 870 82
1622729505355 880 83
1622729508845 890 84
1622729512350 900 85
1622729515893 910 86
1622729519477 920 87
1622729523057 930 88
1622729526774 940 89
1622729530434 950 90
1622729534140 960 91
1622729537951 970 92
1622729541713 980 93
1622729545568 990 94
1622729549508 1000 95
1622729553443 1010 96
1622729557401 1020 97
1622729561367 1030 98
1622729565356 1040 99
1622729569412 1050 100
1622729573515 1060 101
1622729577663 1070 102
1622729581790 1080 103
1622729585968 1090 104
1622729590164 1100 105
1622729594416 1110 106
1622729598729 1120 107
1622729603065 1130 108
1622729607442 1140 109
1622729611860 1150 110
1622729616277 1160 111
1622729620751 1170 112
1622729625293 1180 113
1622729629820 1190 114
1622729634415 1200 115
1622729639061 1210 116
1622729643733 1220 117
1622729648444 1230 118
1622729653172 1240 119
1622729657908 1250 120
1622729662728 1260 121
1622729667580 1270 122
1622729672467 1280 123
1622729677375 1290 124
1622729682277 1300 125
1622729687293 1310 126
1622729692295 1320 127
1622729697326 1330 128
1622729702369 1340 129
1622729707480 1350 130
1622729712598 1360 131
1622729717790 1370 132
1622729722981 1380 133
1622729728198 1390 134
1622729733477 1400 135
1622729738763 1410 136
1622729744127 1420 137
1622729749549 1430 138
1622729755006 1440 139
1622729760485 1450 140
1622729766013 1460 141
1622729771532 1470 142
1622729777040 1480 143
1622729782604 1490 144
1622729788276 1500 145
1622729793903 1510 146
1622729799696 1520 147
1622729805445 1530 148
1622729811221 1540 149
1622729817099 1550 150
1622729822925 1560 151
1622729828874 1570 152
1622729834781 1580 153
1622729840719 1590 154
1622729846745 1600 155
1622729852772 1610 156
1622729858848 1620 157
1622729864967 1630 158
1622729871113 1640 159
1622729877313 1650 160
1622729883496 1660 161
1622729889688 1670 162
1622729895995 1680 163
1622729902270 1690 164
1622729908593 1700 165
1622729915037 1710 166
1622729921496 1720 167
1622729927975 1730 168
1622729934456 1740 169
1622729940988 1750 170
1622729947560 1760 171
1622729954157 1770 172
1622729960810 1780 173
1622729967558 1790 174
1622729974271 1800 175
1622729981153 1810 176
1622729987974 1820 177
1622729994805 1830 178
1622730001753 1840 179
1622730008605 1850 180
1622730015555 1860 181
1622730022507 1870 182
1622730029485 1880 183
1622730036539 1890 184
1622730043641 1900 185
1622730050740 1910 186
1622730057871 1920 187
1622730065027 1930 188
1622730072172 1940 189
1622730080411 1950 190
1622730087625 1960 191
1622730094933 1970 192
1622730102329 1980 193
1622730109679 1990 194
1622730117154 2000 195
1622730124635 2010 196
1622730132276 2020 197
1622730139895 2030 198
1622730147455 2040 199
1622730155145 2050 200
1622730162898 2060 201
1622730170634 2070 202
1622730178383 2080 203
1622730186194 2090 204
1622730194068 2100 205
1622730201916 2110 206
1622730209772 2120 207
1622730217692 2130 208
1622730225691 2140 209
1622730233674 2150 210
1622730241738 2160 211
1622730249766 2170 212
1622730257950 2180 213
1622730266029 2190 214
1622730274229 2200 215
1622730282452 2210 216
1622730290699 2220 217
1622730299013 2230 218
1622730307350 2240 219
1622730315724 2250 220
1622730324207 2260 221
1622730332679 2270 222
1622730341149 2280 223
1622730349709 2290 224
1622730358253 2300 225
1622730366792 2310 226
1622730375431 2320 227
1622730384176 2330 228
1622730392919 2340 229
1622730401684 2350 230
1622730410416 2360 231
1622730419242 2370 232
1622730428074 2380 233
1622730436995 2390 234
1622730445952 2400 235
1622730455003 2410 236
1622730464047 2420 237
1622730473072 2430 238
1622730482129 2440 239
1622730491230 2450 240
1622730500384 2460 241
1622730509566 2470 242
1622730518788 2480 243
1622730527996 2490 244
1622730537279 2500 245
1622730546647 2510 246
1622730555973 2520 247
1622730565355 2530 248
1622730574797 2540 249
1622730584212 2550 250
1622730593686 2560 251
1622730603184 2570 252
1622730612737 2580 253
1622730622346 2590 254
1622730632015 2600 255
1622730641731 2610 256
1622730651418 2620 257
1622730661182 2630 258
1622730670916 2640 259
1622730680760 2650 260
1622730690661 2660 261
1622730700552 2670 262
1622730710454 2680 263
1622730720320 2690 264
1622730730299 2700 265
1622730740461 2710 266
1622730750479 2720 267
1622730760592 2730 268
1622730770691 2740 269
1622730780873 2750 270
1622730791079 2760 271
1622730801383 2770 272
1622730811751 2780 273
1622730822024 2790 274
1622730832443 2800 275
1622730842963 2810 276
1622730853492 2820 277
1622730863977 2830 278
1622730874478 2840 279
1622730885062 2850 280
1622730895673 2860 281
1622730906252 2870 282
1622730916942 2880 283
1622730927624 2890 284
1622730938342 2900 285
1622730949081 2910 286
1622730959836 2920 287
1622730970709 2930 288
1622730981630 2940 289
1622730992521 2950 290
1622731003436 2960 291
1622731014411 2970 292
1622731025425 2980 293
1622731036448 2990 294
1622731047527 3000 295
1622731058655 3010 296
1622731069813 3020 297
1622731080921 3030 298
1622731092130 3040 299
1622731103334 3050 300
1622731114625 3060 301
1622731126011 3070 302
1622731137347 3080 303
1622731148735 3090 304
1622731160212 3100 305
1622731171613 3110 306
1622731183190 3120 307
1622731194764 3130 308
1622731206401 3140 309
1622731218025 3150 310
1622731229766 3160 311
1622731241527 3170 312
1622731253260 3180 313
1622731265053 3190 314
1622731276894 3200 315
1622731288786 3210 316
1622731300646 3220 317
1622731312532 3230 318
1622731324442 3240 319
1622731336425 3250 320
1622731348513 3260 321
1622731360500 3270 322
1622731372603 3280 323
1622731384692 3290 324
1622731396842 3300 325
1622731409075 3310 326
1622731421336 3320 327
1622731433612 3330 328
1622731445957 3340 329
1622731458317 3350 330
1622731470708 3360 331
1622731483161 3370 332
1622731495602 3380 333
1622731508079 3390 334
1622731520683 3400 335
1622731533211 3410 336
1622731545812 3420 337
1622731558448 3430 338
1622731571114 3440 339
1622731583796 3450 340
1622731596610 3460 341
1622731609371 3470 342
1622731622180 3480 343
1622731635041 3490 344
1622731647866 3500 345
1622731660766 3510 346
1622731673715 3520 347
1622731686764 3530 348
1622731699689 3540 349
1622731712826 3550 350
1622731725891 3560 351
1622731739117 3570 352
1622731752265 3580 353
1622731765457 3590 354
1622731778657 3600 355
1622731791955 3610 356
1622731805255 3620 357
1622731818578 3630 358
1622731832031 3640 359
1622731845381 3650 360
1622731858942 3660 361
1622731872402 3670 362
1622731885994 3680 363
1622731899601 3690 364
1622731913180 3700 365
1622731926789 3710 366
1622731940542 3720 367
1622731954370 3730 368
1622731968170 3740 369
1622731982026 3750 370
1622731995872 3760 371
1622732009741 3770 372
1622732023628 3780 373
1622732037504 3790 374
1622732051518 3800 375
1622732065503 3810 376
1622732079409 3820 377
1622732093514 3830 378
1622732107638 3840 379
1622732121767 3850 380
1622732135951 3860 381
1622732150132 3870 382
1622732164458 3880 383
1622732178787 3890 384
1622732193124 3900 385
1622732207520 3910 386
1622732221917 3920 387
1622732236427 3930 388
1622732250998 3940 389
1622732265417 3950 390
1622732279967 3960 391
1622732294653 3970 392
1622732309279 3980 393
1622732323953 3990 394
1622732338660 4000 395
1622732353388 4010 396
1622732368122 4020 397
1622732382950 4030 398
1622732397775 4040 399
1622732412694 4050 400
1622732427660 4060 401
1622732442693 4070 402
1622732457638 4080 403
1622732472654 4090 404
1622732487726 4100 405
1622732502775 4110 406
1622732517944 4120 407
1622732533068 4130 408
1622732548270 4140 409
1622732563506 4150 410
1622732578827 4160 411
1622732594186 4170 412
1622732609546 4180 413
1622732625062 4190 414
1622732640595 4200 415
1622732656022 4210 416
1622732671583 4220 417
1622732687080 4230 418
1622732702651 4240 419
1622732718234 4250 420
1622732733851 4260 421
1622732749579 4270 422
1622732765232 4280 423
1622732780915 4290 424
1622732796684 4300 425
1622732812487 4310 426
1622732828295 4320 427
1622732844098 4330 428
1622732860013 4340 429
1622732875864 4350 430
1622732891837 4360 431
1622732907873 4370 432
1622732923949 4380 433
1622732940039 4390 434
1622732956196 4400 435
1622732972424 4410 436
1622732988627 4420 437
1622733004911 4430 438
1622733021115 4440 439
1622733037389 4450 440
1622733053854 4460 441
1622733070272 4470 442
1622733086636 4480 443
1622733103141 4490 444
1622733119607 4500 445
1622733136124 4510 446
1622733152755 4520 447
1622733169381 4530 448
1622733186028 4540 449
1622733202760 4550 450
1622733219434 4560 451
1622733236193 4570 452
1622733253069 4580 453
1622733270094 4590 454
1622733287016 4600 455
1622733303951 4610 456
1622733320863 4620 457
1622733337888 4630 458
1622733354833 4640 459
1622733371886 4650 460
1622733388905 4660 461
1622733405883 4670 462
1622733423054 4680 463
1622733440249 4690 464
1622733457521 4700 465
1622733474817 4710 466
1622733492096 4720 467
1622733509362 4730 468
1622733526630 4740 469
1622733544021 4750 470
1622733561388 4760 471
1622733578856 4770 472
1622733596321 4780 473
1622733613803 4790 474
1622733631425 4800 475
1622733649011 4810 476
1622733666621 4820 477
1622733684274 4830 478
1622733701906 4840 479
1622733719636 4850 480
1622733737519 4860 481
1622733755342 4870 482
1622733773188 4880 483
1622733791247 4890 484
1622733809132 4900 485
1622733827115 4910 486
1622733845076 4920 487
1622733863092 4930 488
1622733881191 4940 489
1622733899284 4950 490
1622733917376 4960 491
1622733935665 4970 492
1622733953921 4980 493
1622733972184 4990 494
1622733990548 5000 495
1622734008962 5010 496
1622734027355 5020 497
1622734045847 5030 498
1622734064310 5040 499
1622734082810 5050 500
