1622729342192 27 0
1622729342727 14 1
1622729343271 14 2
1622729343858 14 3
1622729344456 14 4
1622729345098 14 5
1622729345777 14 6
1622729346493 14 7
1622729347248 14 8
1622729348035 14 9
1622729348847 14 10
1622729349707 14 11
1622729350578 14 12
1622729351504 14 13
1622729352463 14 14
1622729353464 14 15
1622729354501 14 16
1622729355577 14 17
1622729356679 14 18
1622729357805 14 19
1622729358961 14 20
1622729360166 14 21
1622729361420 14 22
1622729362716 14 23
1622729364015 14 24
1622729365369 14 25
1622729366766 14 26
1622729368190 14 27
1622729369646 14 28
1622729371143 14 29
1622729372687 14 30
1622729374258 14 31
1622729375879 14 32
1622729377520 14 33
1622729379195 14 34
1622729380903 14 35
1622729382670 14 36
1622729384424 14 37
1622729386242 14 38
1622729388109 14 39
1622729389982 14 40
1622729391915 14 41
1622729393847 14 42
1622729395845 14 43
1622729397897 14 44
1622729399988 14 45
1622729402123 14 46
1622729404285 14 47
1622729406478 14 48
1622729408674 14 49
1622729410928 14 50
1622729413208 14 51
1622729415559 14 52
1622729417927 14 53
1622729420292 14 54
1622729422739 14 55
1622729425209 14 56
1622729427721 14 57
1622729430259 14 58
1622729432850 14 59
1622729435495 14 60
1622729438143 14 61
1622729440841 14 62
1622729443565 14 63
1622729446323 14 64
1622729449085 14 65
1622729451906 14 66
1622729454732 14 67
1622729457611 14 68
1622729460524 14 69
1622729463490 14 70
1622729466482 14 71
1622729469543 14 72
1622729472616 14 73
1622729475718 14 74
1622729478901 14 75
1622729482112 14 76
1622729485372 14 77
1622729488650 14 78
1622729491885 14 79
1622729495209 14 80
1622729498520 14 81
1622729501937 14 82
1622729505351 14 83
1622729508840 14 84
1622729512345 14 85
1622729515888 14 86
1622729519472 14 87
1622729523053 14 88
1622729526769 14 89
1622729530430 14 90
1622729534136 14 91
1622729537947 14 92
1622729541709 14 93
1622729545563 14 94
1622729549503 14 95
1622729553438 14 96
1622729557397 14 97
1622729561362 14 98
1622729565351 14 99
1622729569407 14 100
1622729573510 14 101
1622729577658 14 102
1622729581785 14 103
1622729585964 14 104
1622729590160 14 105
1622729594412 14 106
1622729598725 14 107
1622729603061 14 108
1622729607438 14 109
1622729611855 14 110
1622729616273 14 111
1622729620747 14 112
1622729625289 14 113
1622729629815 14 114
1622729634411 14 115
1622729639056 14 116
1622729643728 14 117
1622729648440 14 118
1622729653167 14 119
1622729657904 14 120
1622729662724 14 121
1622729667576 14 122
1622729672463 14 123
1622729677370 14 124
1622729682272 14 125
1622729687289 14 126
1622729692291 14 127
1622729697321 14 128
1622729702365 14 129
1622729707475 14 130
1622729712594 14 131
1622729717786 14 132
1622729722977 14 133
1622729728194 14 134
1622729733472 14 135
1622729738758 14 136
1622729744123 14 137
1622729749545 14 138
1622729755002 14 139
1622729760480 14 140
1622729766009 14 141
1622729771527 14 142
1622729777036 14 143
1622729782600 14 144
1622729788272 14 145
1622729793899 14 146
1622729799692 14 147
1622729805440 14 148
1622729811216 14 149
1622729817095 14 150
1622729822920 14 151
1622729828869 14 152
1622729834776 14 153
1622729840715 14 154
1622729846741 14 155
1622729852768 14 156
1622729858843 14 157
1622729864963 14 158
1622729871109 14 159
1622729877308 14 160
1622729883491 14 161
1622729889684 14 162
1622729895991 14 163
1622729902265 14 164
1622729908588 14 165
1622729915033 14 166
1622729921491 14 167
1622729927970 14 168
1622729934451 14 169
1622729940983 14 170
1622729947555 14 171
1622729954153 14 172
1622729960806 14 173
1622729967553 14 174
1622729974266 14 175
1622729981149 14 176
1622729987970 14 177
1622729994800 14 178
1622730001749 14 179
1622730008600 14 180
1622730015551 14 181
1622730022503 14 182
1622730029480 14 183
1622730036535 14 184
1622730043637 14 185
1622730050736 14 186
1622730057867 14 187
1622730065023 14 188
1622730072168 14 189
1622730080407 14 190
1622730087621 14 191
1622730094928 14 192
1622730102324 14 193
1622730109675 14 194
1622730117149 14 195
1622730124630 14 196
1622730132272 14 197
1622730139891 14 198
1622730147450 14 199
1622730155140 14 200
1622730162893 14 201
1622730170630 14 202
1622730178379 14 203
1622730186190 14 204
1622730194064 14 205
1622730201912 14 206
1622730209767 14 207
1622730217687 14 208
1622730225686 14 209
1622730233670 14 210
1622730241734 14 211
1622730249762 14 212
1622730257945 14 213
1622730266025 14 214
1622730274225 14 215
1622730282448 14 216
1622730290694 14 217
1622730299008 14 218
1622730307345 14 219
1622730315720 14 220
1622730324203 14 221
1622730332674 14 222
1622730341144 14 223
1622730349705 14 224
1622730358248 14 225
1622730366788 14 226
1622730375427 14 227
1622730384172 14 228
1622730392915 14 229
1622730401679 14 230
1622730410410 14 231
1622730419238 14 232
1622730428065 14 233
1622730436991 14 234
1622730445947 14 235
1622730454998 14 236
1622730464041 14 237
1622730473067 14 238
1622730482125 14 239
1622730491226 14 240
1622730500379 14 241
1622730509562 14 242
1622730518784 14 243
1622730527991 14 244
1622730537274 14 245
1622730546643 14 246
1622730555969 14 247
1622730565351 14 248
1622730574793 14 249
1622730584208 14 250
1622730593682 14 251
1622730603180 14 252
1622730612732 14 253
1622730622341 14 254
1622730632011 14 255
1622730641727 14 256
1622730651414 14 257
1622730661178 14 258
1622730670912 14 259
1622730680756 14 260
1622730690657 14 261
1622730700548 14 262
1622730710449 14 263
1622730720316 14 264
1622730730295 14 265
1622730740457 14 266
1622730750475 14 267
1622730760587 14 268
1622730770687 14 269
1622730780869 14 270
1622730791074 14 271
1622730801379 14 272
1622730811747 14 273
1622730822019 14 274
1622730832439 14 275
1622730842959 14 276
1622730853488 14 277
1622730863972 14 278
1622730874474 14 279
1622730885058 14 280
1622730895669 14 281
1622730906248 14 282
1622730916937 14 283
1622730927620 14 284
1622730938337 14 285
1622730949077 14 286
1622730959831 14 287
1622730970705 14 288
1622730981626 14 289
1622730992517 14 290
1622731003431 14 291
1622731014407 14 292
1622731025421 14 293
1622731036443 14 294
1622731047523 14 295
1622731058650 14 296
1622731069808 14 297
1622731080916 14 298
1622731092125 14 299
1622731103330 14 300
1622731114620 14 301
1622731126007 14 302
1622731137343 14 303
1622731148731 14 304
1622731160207 14 305
1622731171609 14 306
1622731183185 14 307
1622731194760 14 308
1622731206396 14 309
1622731218021 14 310
1622731229762 14 311
1622731241523 14 312
1622731253255 14 313
1622731265049 14 314
1622731276890 14 315
1622731288781 14 316
1622731300641 14 317
1622731312528 14 318
1622731324437 14 319
1622731336421 14 320
1622731348509 14 321
1622731360496 14 322
1622731372598 14 323
1622731384687 14 324
1622731396837 14 325
1622731409071 14 326
1622731421332 14 327
1622731433608 14 328
1622731445952 14 329
1622731458312 14 330
1622731470703 14 331
1622731483157 14 332
1622731495597 14 333
1622731508075 14 334
1622731520679 14 335
1622731533207 14 336
1622731545808 14 337
1622731558443 14 338
1622731571110 14 339
1622731583791 14 340
1622731596605 14 341
1622731609367 14 342
1622731622176 14 343
1622731635036 14 344
1622731647861 14 345
1622731660762 14 346
1622731673711 14 347
1622731686759 14 348
1622731699685 14 349
1622731712822 14 350
1622731725886 14 351
1622731739113 14 352
1622731752260 14 353
1622731765453 14 354
1622731778653 14 355
1622731791951 14 356
1622731805250 14 357
1622731818573 14 358
1622731832026 14 359
1622731845376 14 360
1622731858938 14 361
1622731872398 14 362
1622731885989 14 363
1622731899597 14 364
1622731913176 14 365
1622731926785 14 366
1622731940538 14 367
1622731954366 14 368
1622731968165 14 369
1622731982022 14 370
1622731995868 14 371
1622732009737 14 372
1622732023623 14 373
1622732037500 14 374
1622732051513 14 375
1622732065499 14 376
1622732079405 14 377
1622732093510 14 378
1622732107634 14 379
1622732121763 14 380
1622732135947 14 381
1622732150128 14 382
1622732164454 14 383
1622732178783 14 384
1622732193119 14 385
1622732207516 14 386
1622732221913 14 387
1622732236423 14 388
1622732250993 14 389
1622732265413 14 390
1622732279963 14 391
1622732294649 14 392
1622732309275 14 393
1622732323949 14 394
1622732338656 14 395
1622732353383 14 396
1622732368118 14 397
1622732382945 14 398
1622732397771 14 399
1622732412690 14 400
1622732427656 14 401
1622732442689 14 402
1622732457634 14 403
1622732472650 14 404
1622732487722 14 405
1622732502771 14 406
1622732517939 14 407
1622732533064 14 408
1622732548266 14 409
1622732563501 14 410
1622732578823 14 411
1622732594181 14 412
1622732609542 14 413
1622732625056 14 414
1622732640588 14 415
1622732656018 14 416
1622732671578 14 417
1622732687075 14 418
1622732702645 14 419
1622732718229 14 420
1622732733846 14 421
1622732749575 14 422
1622732765227 14 423
1622732780910 14 424
1622732796680 14 425
1622732812482 14 426
1622732828291 14 427
1622732844094 14 428
1622732860008 14 429
1622732875859 14 430
1622732891833 14 431
1622732907869 14 432
1622732923945 14 433
1622732940035 14 434
1622732956191 14 435
1622732972420 14 436
1622732988622 14 437
1622733004907 14 438
1622733021111 14 439
1622733037385 14 440
1622733053850 14 441
1622733070268 14 442
1622733086632 14 443
1622733103137 14 444
1622733119602 14 445
1622733136120 14 446
1622733152750 14 447
1622733169377 14 448
1622733186024 14 449
1622733202755 14 450
1622733219430 14 451
1622733236189 14 452
1622733253064 14 453
1622733270090 14 454
1622733287010 14 455
1622733303947 14 456
1622733320858 14 457
1622733337884 14 458
1622733354828 14 459
1622733371882 14 460
1622733388901 14 461
1622733405879 14 462
1622733423050 14 463
1622733440245 14 464
1622733457516 14 465
1622733474813 14 466
1622733492092 14 467
1622733509358 14 468
1622733526626 14 469
1622733544016 14 470
1622733561384 14 471
1622733578852 14 472
1622733596316 14 473
1622733613799 14 474
1622733631420 14 475
1622733649007 14 476
1622733666617 14 477
1622733684269 14 478
1622733701902 14 479
1622733719631 14 480
1622733737515 14 481
1622733755338 14 482
1622733773184 14 483
1622733791242 14 484
1622733809128 14 485
1622733827111 14 486
1622733845072 14 487
1622733863088 14 488
1622733881187 14 489
1622733899280 14 490
1622733917372 14 491
1622733935660 14 492
1622733953916 14 493
1622733972179 14 494
1622733990544 14 495
1622734008958 14 496
1622734027350 14 497
1622734045842 14 498
1622734064305 14 499
1622734082805 14 500
