1622729342217 0.373 0
1622729342746 0.449 1
1622729343289 0.523 2
1622729343876 0.598 3
1622729344472 0.6729999999999999 4
1622729345114 0.7469999999999999 5
1622729345793 0.8219999999999998 6
1622729346509 0.8959999999999998 7
1622729347266 0.9709999999999998 8
1622729348052 1.0449999999999997 9
1622729348863 1.1209999999999998 10
1622729349723 1.1969999999999998 11
1622729350594 1.271 12
1622729351521 1.347 13
1622729352479 1.421 14
1622729353480 1.494 15
1622729354518 1.569 16
1622729355594 1.643 17
1622729356695 1.718 18
1622729357821 1.794 19
1622729358977 1.869 20
1622729360183 1.944 21
1622729361436 2.018 22
1622729362733 2.0919999999999996 23
1622729364033 2.1659999999999995 24
1622729365387 2.2399999999999993 25
1622729366783 2.3149999999999995 26
1622729368206 2.3899999999999997 27
1622729369663 2.465 28
1622729371160 2.54 29
1622729372704 2.615 30
1622729374275 2.6900000000000004 31
1622729375896 2.7640000000000002 32
1622729377537 2.838 33
1622729379212 2.9130000000000003 34
1622729380919 2.987 35
1622729382686 3.061 36
1622729384439 3.135 37
1622729386258 3.211 38
1622729388125 3.2849999999999997 39
1622729389998 3.36 40
1622729391930 3.4339999999999997 41
1622729393863 3.509 42
1622729395859 3.584 43
1622729397912 3.658 44
1622729400004 3.733 45
1622729402138 3.8080000000000003 46
1622729404301 3.8830000000000005 47
1622729406494 3.9570000000000003 48
1622729408689 4.031000000000001 49
1622729410943 4.105 50
1622729413224 4.180000000000001 51
1622729415575 4.2540000000000004 52
1622729417941 4.329000000000001 53
1622729420308 4.404000000000001 54
1622729422755 4.479000000000001 55
1622729425225 4.553000000000001 56
1622729427736 4.628000000000001 57
1622729430275 4.703000000000001 58
1622729432865 4.778000000000001 59
1622729435510 4.8530000000000015 60
1622729438159 4.929000000000001 61
1622729440858 5.004000000000001 62
1622729443581 5.078000000000001 63
1622729446338 5.153000000000001 64
1622729449100 5.2280000000000015 65
1622729451921 5.303000000000002 66
1622729454747 5.378000000000002 67
1622729457626 5.453000000000002 68
1622729460539 5.528000000000002 69
1622729463505 5.603000000000002 70
1622729466496 5.678000000000003 71
1622729469559 5.753000000000003 72
1622729472633 5.828000000000003 73
1622729475733 5.903000000000003 74
1622729478916 5.977000000000003 75
1622729482129 6.052000000000003 76
1622729485387 6.127000000000003 77
1622729488665 6.201000000000003 78
1622729491900 6.275000000000003 79
1622729495225 6.350000000000003 80
1622729498537 6.425000000000003 81
1622729501951 6.499000000000003 82
1622729505367 6.573000000000003 83
1622729508856 6.647000000000003 84
1622729512362 6.722000000000003 85
1622729515904 6.796000000000003 86
1622729519488 6.870000000000003 87
1622729523069 6.945000000000003 88
1622729526786 7.020000000000003 89
1622729530446 7.095000000000003 90
1622729534153 7.1700000000000035 91
1622729537963 7.245000000000004 92
1622729541724 7.3190000000000035 93
1622729545579 7.394000000000004 94
1622729549520 7.4680000000000035 95
1622729553454 7.542000000000003 96
1622729557413 7.618000000000003 97
1622729561379 7.692000000000003 98
1622729565368 7.767000000000003 99
1622729569424 7.842000000000003 100
1622729573527 7.917000000000003 101
1622729577675 7.991000000000003 102
1622729581802 8.066000000000003 103
1622729585981 8.140000000000002 104
1622729590177 8.215000000000002 105
1622729594427 8.291000000000002 106
1622729598741 8.366000000000001 107
1622729603077 8.440000000000001 108
1622729607454 8.514000000000001 109
1622729611872 8.589 110
1622729616288 8.664 111
1622729620761 8.738999999999999 112
1622729625305 8.812999999999999 113
1622729629832 8.887999999999998 114
1622729634427 8.961999999999998 115
1622729639072 9.037999999999998 116
1622729643744 9.111999999999998 117
1622729648456 9.185999999999998 118
1622729653183 9.260999999999997 119
1622729657918 9.334999999999997 120
1622729662741 9.408999999999997 121
1622729667592 9.483999999999996 122
1622729672479 9.558999999999996 123
1622729677386 9.634999999999996 124
1622729682288 9.708999999999996 125
1622729687305 9.782999999999996 126
1622729692306 9.857999999999995 127
1622729697337 9.932999999999995 128
1622729702381 10.006999999999994 129
1622729707491 10.080999999999994 130
1622729712610 10.154999999999994 131
1622729717802 10.229999999999993 132
1622729722992 10.304999999999993 133
1622729728210 10.378999999999992 134
1622729733489 10.453999999999992 135
1622729738774 10.527999999999992 136
1622729744139 10.600999999999992 137
1622729749561 10.675999999999991 138
1622729755017 10.75099999999999 139
1622729760496 10.82599999999999 140
1622729766025 10.89999999999999 141
1622729771543 10.97399999999999 142
1622729777052 11.048999999999989 143
1622729782616 11.123999999999988 144
1622729788288 11.199999999999989 145
1622729793915 11.273999999999988 146
1622729799709 11.347999999999988 147
1622729805457 11.421999999999988 148
1622729811232 11.496999999999987 149
1622729817111 11.571999999999987 150
1622729822937 11.646999999999986 151
1622729828885 11.720999999999986 152
1622729834793 11.795999999999985 153
1622729840732 11.870999999999984 154
1622729846758 11.944999999999984 155
1622729852784 12.018999999999984 156
1622729858860 12.092999999999984 157
1622729864979 12.167999999999983 158
1622729871125 12.242999999999983 159
1622729877325 12.316999999999982 160
1622729883507 12.390999999999982 161
1622729889700 12.465999999999982 162
1622729896007 12.541999999999982 163
1622729902281 12.615999999999982 164
1622729908604 12.690999999999981 165
1622729915049 12.764999999999981 166
1622729921507 12.83899999999998 167
1622729927986 12.91299999999998 168
1622729934468 12.98699999999998 169
1622729941000 13.06099999999998 170
1622729947572 13.13599999999998 171
1622729954170 13.210999999999979 172
1622729960822 13.285999999999978 173
1622729967571 13.359999999999978 174
1622729974284 13.433999999999978 175
1622729981166 13.507999999999978 176
1622729987986 13.581999999999978 177
1622729994818 13.656999999999977 178
1622730001765 13.730999999999977 179
1622730008616 13.805999999999976 180
1622730015566 13.879999999999976 181
1622730022518 13.955999999999976 182
1622730029496 14.030999999999976 183
1622730036550 14.104999999999976 184
1622730043653 14.179999999999975 185
1622730050751 14.254999999999974 186
1622730057881 14.329999999999973 187
1622730065038 14.403999999999973 188
1622730072183 14.478999999999973 189
1622730080422 14.624999999999973 190
1622730087636 14.699999999999973 191
1622730094944 14.774999999999972 192
1622730102341 14.849999999999971 193
1622730109690 14.92499999999997 194
1622730117165 14.99999999999997 195
1622730124646 15.074999999999969 196
1622730132288 15.149999999999968 197
1622730139906 15.224999999999968 198
1622730147466 15.299999999999967 199
1622730155157 15.373999999999967 200
1622730162910 15.448999999999966 201
1622730170646 15.522999999999966 202
1622730178395 15.597999999999965 203
1622730186206 15.673999999999966 204
1622730194080 15.748999999999965 205
1622730201928 15.823999999999964 206
1622730209783 15.898999999999964 207
1622730217703 15.972999999999963 208
1622730225702 16.047999999999963 209
1622730233686 16.122999999999962 210
1622730241750 16.196999999999964 211
1622730249778 16.271999999999963 212
1622730257961 16.347999999999963 213
1622730266040 16.422999999999963 214
1622730274241 16.498999999999963 215
1622730282464 16.573999999999963 216
1622730290711 16.648999999999962 217
1622730299026 16.72399999999996 218
1622730307362 16.79899999999996 219
1622730315737 16.87399999999996 220
1622730324218 16.94999999999996 221
1622730332692 17.02499999999996 222
1622730341162 17.09999999999996 223
1622730349722 17.17399999999996 224
1622730358264 17.24899999999996 225
1622730366804 17.32499999999996 226
1622730375443 17.39999999999996 227
1622730384188 17.47499999999996 228
1622730392931 17.549999999999958 229
1622730401696 17.62599999999996 230
1622730410429 17.69999999999996 231
1622730419253 17.77599999999996 232
1622730428086 17.85099999999996 233
1622730437008 17.92599999999996 234
1622730445964 18.00099999999996 235
1622730455015 18.075999999999958 236
1622730464059 18.150999999999957 237
1622730473084 18.225999999999956 238
1622730482141 18.301999999999957 239
1622730491241 18.376999999999956 240
1622730500395 18.451999999999956 241
1622730509578 18.526999999999955 242
1622730518800 18.600999999999956 243
1622730528008 18.674999999999958 244
1622730537291 18.749999999999957 245
1622730546660 18.824999999999957 246
1622730555984 18.899999999999956 247
1622730565367 18.973999999999958 248
1622730574808 19.048999999999957 249
1622730584223 19.123999999999956 250
1622730593698 19.198999999999955 251
1622730603195 19.273999999999955 252
1622730612749 19.347999999999956 253
1622730622358 19.422999999999956 254
1622730632026 19.497999999999955 255
1622730641742 19.572999999999954 256
1622730651430 19.648999999999955 257
1622730661194 19.723999999999954 258
1622730670928 19.798999999999953 259
1622730680772 19.873999999999953 260
1622730690673 19.948999999999952 261
1622730700564 20.02399999999995 262
1622730710466 20.09999999999995 263
1622730720332 20.175999999999952 264
1622730730310 20.25099999999995 265
1622730740473 20.32599999999995 266
1622730750491 20.40099999999995 267
1622730760604 20.47599999999995 268
1622730770704 20.55099999999995 269
1622730780885 20.625999999999948 270
1622730791090 20.700999999999947 271
1622730801396 20.77499999999995 272
1622730811764 20.84899999999995 273
1622730822036 20.92499999999995 274
1622730832456 21.00099999999995 275
1622730842975 21.076999999999952 276
1622730853504 21.152999999999953 277
1622730863989 21.228999999999953 278
1622730874490 21.304999999999954 279
1622730885074 21.379999999999953 280
1622730895685 21.456999999999955 281
1622730906264 21.531999999999954 282
1622730916953 21.605999999999955 283
1622730927636 21.681999999999956 284
1622730938353 21.756999999999955 285
1622730949093 21.831999999999955 286
1622730959848 21.905999999999956 287
1622730970721 21.980999999999955 288
1622730981642 22.056999999999956 289
1622730992533 22.131999999999955 290
1622731003448 22.206999999999955 291
1622731014423 22.281999999999954 292
1622731025437 22.355999999999955 293
1622731036460 22.432999999999957 294
1622731047539 22.507999999999956 295
1622731058666 22.583999999999957 296
1622731069824 22.659999999999958 297
1622731080932 22.73399999999996 298
1622731092142 22.80899999999996 299
1622731103346 22.88299999999996 300
1622731114637 22.95799999999996 301
1622731126022 23.03299999999996 302
1622731137359 23.10899999999996 303
1622731148747 23.18399999999996 304
1622731160223 23.258999999999958 305
1622731171624 23.33299999999996 306
1622731183201 23.40799999999996 307
1622731194777 23.482999999999958 308
1622731206412 23.55999999999996 309
1622731218038 23.63599999999996 310
1622731229778 23.71199999999996 311
1622731241538 23.78799999999996 312
1622731253272 23.86299999999996 313
1622731265066 23.936999999999962 314
1622731276907 24.012999999999963 315
1622731288798 24.087999999999962 316
1622731300659 24.16299999999996 317
1622731312544 24.23799999999996 318
1622731324454 24.31299999999996 319
1622731336437 24.38799999999996 320
1622731348526 24.46299999999996 321
1622731360511 24.53899999999996 322
1622731372615 24.61299999999996 323
1622731384704 24.686999999999962 324
1622731396853 24.76199999999996 325
1622731409086 24.83699999999996 326
1622731421348 24.910999999999962 327
1622731433624 24.98599999999996 328
1622731445969 25.06099999999996 329
1622731458328 25.13599999999996 330
1622731470720 25.21099999999996 331
1622731483173 25.28599999999996 332
1622731495614 25.360999999999958 333
1622731508091 25.435999999999957 334
1622731520695 25.50999999999996 335
1622731533223 25.584999999999958 336
1622731545824 25.65899999999996 337
1622731558459 25.73299999999996 338
1622731571125 25.80799999999996 339
1622731583808 25.88299999999996 340
1622731596621 25.95699999999996 341
1622731609383 26.03199999999996 342
1622731622192 26.10699999999996 343
1622731635053 26.18199999999996 344
1622731647877 26.25699999999996 345
1622731660778 26.331999999999958 346
1622731673727 26.40599999999996 347
1622731686775 26.48099999999996 348
1622731699701 26.55499999999996 349
1622731712838 26.62999999999996 350
1622731725903 26.70499999999996 351
1622731739128 26.77899999999996 352
1622731752276 26.852999999999962 353
1622731765468 26.92799999999996 354
1622731778668 27.00299999999996 355
1622731791967 27.07799999999996 356
1622731805267 27.15299999999996 357
1622731818590 27.22899999999996 358
1622731832043 27.30399999999996 359
1622731845392 27.37899999999996 360
1622731858954 27.453999999999958 361
1622731872414 27.52999999999996 362
1622731886006 27.604999999999958 363
1622731899613 27.67899999999996 364
1622731913193 27.75499999999996 365
1622731926800 27.82899999999996 366
1622731940553 27.90399999999996 367
1622731954381 27.97899999999996 368
1622731968181 28.05399999999996 369
1622731982037 28.12899999999996 370
1622731995883 28.20299999999996 371
1622732009753 28.276999999999962 372
1622732023639 28.352999999999962 373
1622732037515 28.42799999999996 374
1622732051529 28.50299999999996 375
1622732065515 28.57799999999996 376
1622732079420 28.65299999999996 377
1622732093524 28.72799999999996 378
1622732107649 28.80399999999996 379
1622732121778 28.87999999999996 380
1622732135962 28.95499999999996 381
1622732150143 29.02999999999996 382
1622732164468 29.10599999999996 383
1622732178798 29.18099999999996 384
1622732193135 29.255999999999958 385
1622732207532 29.32999999999996 386
1622732221928 29.40599999999996 387
1622732236439 29.48099999999996 388
1622732251009 29.55599999999996 389
1622732265429 29.630999999999958 390
1622732279978 29.706999999999958 391
1622732294663 29.781999999999957 392
1622732309291 29.856999999999957 393
1622732323964 29.93099999999996 394
1622732338671 30.005999999999958 395
1622732353399 30.080999999999957 396
1622732368134 30.155999999999956 397
1622732382961 30.229999999999958 398
1622732397786 30.30399999999996 399
1622732412706 30.37899999999996 400
1622732427672 30.453999999999958 401
1622732442705 30.52999999999996 402
1622732457650 30.604999999999958 403
1622732472667 30.68099999999996 404
1622732487737 30.755999999999958 405
1622732502786 30.82999999999996 406
1622732517955 30.90499999999996 407
1622732533079 30.979999999999958 408
1622732548282 31.054999999999957 409
1622732563517 31.130999999999958 410
1622732578837 31.20499999999996 411
1622732594197 31.27899999999996 412
1622732609557 31.35399999999996 413
1622732625078 31.42899999999996 414
1622732640614 31.50399999999996 415
1622732656036 31.57799999999996 416
1622732671595 31.651999999999962 417
1622732687091 31.72699999999996 418
1622732702663 31.80199999999996 419
1622732718246 31.875999999999962 420
1622732733863 31.95099999999996 421
1622732749591 32.02499999999996 422
1622732765242 32.100999999999964 423
1622732780926 32.175999999999966 424
1622732796695 32.249999999999964 425
1622732812497 32.325999999999965 426
1622732828307 32.40099999999997 427
1622732844111 32.47599999999997 428
1622732860025 32.54999999999997 429
1622732875876 32.62399999999997 430
1622732891848 32.69999999999997 431
1622732907884 32.773999999999965 432
1622732923961 32.84899999999997 433
1622732940050 32.92399999999997 434
1622732956207 32.998999999999974 435
1622732972436 33.07399999999998 436
1622732988639 33.14899999999998 437
1622733004923 33.22299999999998 438
1622733021127 33.296999999999976 439
1622733037400 33.37199999999998 440
1622733053867 33.44699999999998 441
1622733070283 33.521999999999984 442
1622733086648 33.59599999999998 443
1622733103153 33.67299999999998 444
1622733119618 33.74699999999998 445
1622733136136 33.82199999999998 446
1622733152768 33.89799999999998 447
1622733169393 33.97199999999998 448
1622733186039 34.04599999999998 449
1622733202771 34.119999999999976 450
1622733219446 34.19499999999998 451
1622733236205 34.26999999999998 452
1622733253080 34.34599999999998 453
1622733270106 34.42299999999998 454
1622733287027 34.49699999999998 455
1622733303963 34.57099999999998 456
1622733320874 34.64699999999998 457
1622733337900 34.72199999999998 458
1622733354845 34.79699999999998 459
1622733371899 34.871999999999986 460
1622733388916 34.945999999999984 461
1622733405895 35.021999999999984 462
1622733423066 35.09699999999999 463
1622733440261 35.17199999999999 464
1622733457533 35.24699999999999 465
1622733474829 35.321999999999996 466
1622733492107 35.395999999999994 467
1622733509373 35.471 468
1622733526642 35.547 469
1622733544032 35.622 470
1622733561399 35.696 471
1622733578868 35.771 472
1622733596332 35.846000000000004 473
1622733613816 35.92100000000001 474
1622733631437 35.995000000000005 475
1622733649022 36.07000000000001 476
1622733666633 36.14500000000001 477
1622733684286 36.22000000000001 478
1622733701918 36.29400000000001 479
1622733719648 36.369000000000014 480
1622733737531 36.44400000000002 481
1622733755354 36.51900000000002 482
1622733773200 36.59300000000002 483
1622733791258 36.667000000000016 484
1622733809144 36.74200000000002 485
1622733827127 36.81800000000002 486
1622733845088 36.89200000000002 487
1622733863103 36.96700000000002 488
1622733881203 37.04200000000002 489
1622733899296 37.11600000000002 490
1622733917387 37.19000000000002 491
1622733935677 37.26500000000002 492
1622733953933 37.340000000000025 493
1622733972196 37.41400000000002 494
1622733990560 37.48800000000002 495
1622734008974 37.563000000000024 496
1622734027366 37.639000000000024 497
1622734045858 37.71400000000003 498
1622734064322 37.78900000000003 499
1622734082822 37.86400000000003 500
