1622616100431 0.006 0
1622616100998 0.444 1
1622616101581 0.902 2
1622616102215 1.4100000000000001 3
1622616102877 1.947 4
1622616103558 2.507 5
1622616104270 3.1020000000000003 6
1622616105028 3.74 7
1622616105800 4.393000000000001 8
1622616106616 5.091000000000001 9
1622616107479 5.836000000000001 10
1622616108374 6.612000000000001 11
1622616109304 7.426000000000001 12
1622616110254 8.260000000000002 13
1622616111243 9.133000000000001 14
1622616112283 10.057 15
1622616113352 11.01 16
1622616115176 12.629 17
1622616116306 13.642 18
1622616117487 14.706999999999999 19
1622616118677 15.783 20
1622616120571 17.561 21
1622616121918 18.779 22
1622616123238 19.982 23
1622616124638 21.265 24
1622616126031 22.542 25
1622616127485 23.880000000000003 26
1622616128960 25.240000000000002 27
1622616130459 26.622000000000003 28
1622616132012 28.055000000000003 29
1622616133615 29.539 30
1622616135254 31.058 31
1622616136946 32.628 32
1622616138633 34.198 33
1622616140367 35.807 34
1622616142148 37.462 35
1622616143967 39.156000000000006 36
1622616145804 40.87100000000001 37
1622616147669 42.61500000000001 38
1622616149566 44.38800000000001 39
1622616151512 46.207000000000015 40
1622616153579 48.076000000000015 41
1622616155604 49.975000000000016 42
1622616157767 52.009000000000015 43
1622616159974 54.097000000000016 44
1622616162138 56.13900000000002 45
1622616164322 58.20200000000002 46
1622616166638 60.39300000000002 47
1622616168983 62.61400000000002 48
1622616171336 64.84100000000002 49
1622616173741 67.12100000000002 50
1622616176183 69.43900000000002 51
1622616178543 71.67900000000002 52
1622616180961 73.97100000000002 53
1622616183434 76.32200000000002 54
1622616185968 78.73400000000002 55
1622616188511 81.15300000000002 56
1622616191090 83.60700000000001 57
1622616193651 86.043 58
1622616196235 88.50800000000001 59
1622616198844 90.99600000000001 60
1622616201523 93.555 61
1622616204267 96.18100000000001 62
1622616207048 98.84300000000002 63
1622616210062 101.73500000000001 64
1622616213063 104.60900000000001 65
1622616215916 107.34400000000001 66
1622616218833 110.13900000000001 67
1622616221781 112.96600000000001 68
1622616224774 115.84100000000001 69
1622616227837 118.78500000000001 70
1622616230875 121.70500000000001 71
1622616233997 124.70600000000002 72
1622616237165 127.75500000000002 73
1622616240292 130.76200000000003 74
1622616243527 133.87700000000004 75
1622616246789 137.02100000000004 76
1622616250164 140.27900000000005 77
1622616253473 143.47000000000006 78
1622616256798 146.67900000000006 79
1622616260191 149.95400000000006 80
1622616263591 153.23600000000008 81
1622616267066 156.59200000000007 82
1622616270542 159.95000000000007 83
1622616274067 163.35300000000007 84
1622616277642 166.80700000000007 85
1622616281214 170.25900000000007 86
1622616284851 173.78000000000006 87
1622616288512 177.32600000000005 88
1622616292190 180.88600000000005 89
1622616295971 184.54400000000004 90
1622616299733 188.18900000000005 91
1622616303548 191.88600000000005 92
1622616307430 195.64400000000006 93
1622616311339 199.42500000000007 94
1622616315244 203.20800000000006 95
1622616319206 207.04600000000005 96
1622616323195 210.90800000000004 97
1622616327269 214.86000000000004 98
1622616331299 218.77000000000004 99
1622616335411 222.75500000000005 100
1622616339555 226.77200000000005 101
1622616343721 230.82000000000005 102
1622616347896 234.87200000000004 103
1622616352150 239.00400000000005 104
1622616356481 243.21100000000004 105
1622616361150 247.74900000000005 106
1622616365634 252.10300000000007 107
1622616370327 256.66900000000004 108
1622616375009 261.22200000000004 109
1622616379487 265.57700000000006 110
1622616384192 270.15600000000006 111
1622616388761 274.60300000000007 112
1622616393290 279.0110000000001 113
1622616397885 283.4840000000001 114
1622616402547 288.0240000000001 115
1622616407190 292.5460000000001 116
1622616411864 297.0980000000001 117
1622616416617 301.7280000000001 118
1622616421416 306.40500000000014 119
1622616426476 311.34700000000015 120
1622616431402 316.15400000000017 121
1622616436332 320.96500000000015 122
1622616441553 326.06300000000016 123
1622616446969 331.35900000000015 124
1622616452029 336.29000000000013 125
1622616457108 341.2470000000001 126
1622616462203 346.2210000000001 127
1622616467340 351.2390000000001 128
1622616472507 356.2860000000001 129
1622616477724 361.3850000000001 130
1622616483100 366.6440000000001 131
1622616488378 371.80700000000013 132
1622616494034 377.3460000000001 133
1622616499388 382.5790000000001 134
1622616504751 387.8230000000001 135
1622616510165 393.1170000000001 136
1622616515687 398.51400000000007 137
1622616521206 403.9030000000001 138
1622616526717 409.29100000000005 139
1622616532247 414.70000000000005 140
1622616537886 420.21500000000003 141
1622616543513 425.725 142
1622616549139 431.237 143
1622616554866 436.841 144
1622616560653 442.50600000000003 145
1622616566421 448.149 146
1622616572232 453.835 147
1622616578052 459.53 148
1622616583932 465.289 149
1622616589851 471.086 150
1622616595762 476.87600000000003 151
1622616601975 482.96700000000004 152
1622616608013 488.88300000000004 153
1622616614088 494.83700000000005 154
1622616620748 501.302 155
1622616626790 507.223 156
1622616632923 513.237 157
1622616639069 519.266 158
1622616645279 525.357 159
1622616651454 531.414 160
1622616657782 537.626 161
1622616664167 543.894 162
1622616670677 550.285 163
1622616677246 556.735 164
1622616683786 563.159 165
1622616690186 569.441 166
1622616696688 575.823 167
1622616703351 582.365 168
1622616709938 588.835 169
1622616716694 595.4680000000001 170
1622616723311 601.965 171
1622616730089 608.624 172
1622616736757 615.172 173
1622616743490 621.782 174
1622616750252 628.4250000000001 175
1622616757066 635.1200000000001 176
1622616763908 641.8430000000001 177
1622616770854 648.6640000000001 178
1622616777792 655.4820000000001 179
1622616784786 662.3560000000001 180
1622616791736 669.1880000000001 181
1622616799101 676.4380000000001 182
1622616806432 683.6440000000001 183
1622616813486 690.5800000000002 184
1622616820513 697.4910000000001 185
1622616827706 704.5660000000001 186
1622616835028 711.7690000000001 187
1622616842397 719.0200000000001 188
1622616849673 726.1800000000001 189
1622616857458 733.845 190
1622616864832 741.102 191
1622616872219 748.371 192
1622616879971 756.006 193
1622616887832 763.745 194
1622616895348 771.142 195
1622616902925 778.6 196
1622616910526 786.071 197
1622616918323 793.745 198
1622616925983 801.278 199
1622616933699 808.871 200
1622616941358 816.413 201
1622616949572 824.5070000000001 202
1622616957619 832.426 203
1622616965453 840.142 204
1622616973292 847.8610000000001 205
1622616981296 855.7470000000001 206
1622616989276 863.6120000000001 207
1622616997233 871.4530000000001 208
1622617005187 879.2900000000001 209
1622617013336 887.3220000000001 210
1622617021383 895.2460000000001 211
1622617029433 903.1780000000001 212
1622617037551 911.1790000000001 213
1622617045666 919.1750000000001 214
1622617054530 927.9200000000001 215
1622617062818 936.0910000000001 216
1622617071194 944.3480000000001 217
1622617080124 953.1510000000001 218
1622617088494 961.4000000000001 219
1622617096947 969.729 220
1622617105390 978.048 221
1622617113920 986.456 222
1622617122506 994.915 223
1622617131120 1003.4069999999999 224
1622617139786 1011.9509999999999 225
1622617148660 1020.704 226
1622617157418 1029.337 227
1622617166165 1037.96 228
1622617174943 1046.617 229
1622617183749 1055.305 230
1622617192618 1064.053 231
1622617201647 1072.9550000000002 232
1622617210713 1081.8970000000002 233
1622617219667 1090.7310000000002 234
1622617228694 1099.6360000000002 235
1622617237693 1108.5120000000002 236
1622617246772 1117.4720000000002 237
1622617255931 1126.5130000000001 238
1622617265218 1135.6750000000002 239
1622617274464 1144.804 240
1622617283673 1153.892 241
1622617292954 1163.055 242
1622617303726 1173.633 243
1622617313580 1183.372 244
1622617322928 1192.6000000000001 245
1622617332409 1201.96 246
1622617341843 1211.27 247
1622617351292 1220.597 248
1622617360910 1230.086 249
1622617371111 1240.087 250
1622617381316 1250.097 251
1622617390938 1259.6009999999999 252
1622617400513 1269.058 253
1622617410192 1278.616 254
1622617419869 1288.176 255
1622617429623 1297.8129999999999 256
1622617439310 1307.3819999999998 257
1622617449163 1317.1129999999998 258
1622617459216 1327.0389999999998 259
1622617469077 1336.7809999999997 260
1622617479000 1346.5879999999997 261
1622617489422 1356.8919999999998 262
1622617499552 1366.9009999999998 263
1622617509712 1376.945 264
1622617519821 1386.9399999999998 265
1622617530008 1397.0069999999998 266
1622617540205 1407.0869999999998 267
1622617550458 1417.2229999999997 268
1622617560780 1427.4269999999997 269
1622617571061 1437.5909999999997 270
1622617581409 1447.8209999999997 271
1622617591781 1458.0719999999997 272
1622617602372 1468.5419999999997 273
1622617613123 1479.1729999999998 274
1622617623675 1489.6039999999998 275
1622617634266 1500.081 276
1622617644759 1510.4599999999998 277
1622617655299 1520.8839999999998 278
1622617665955 1531.4199999999998 279
1622617677218 1542.5679999999998 280
1622617688045 1553.2719999999997 281
1622617698909 1564.0199999999998 282
1622617709808 1574.8009999999997 283
1622617720586 1585.4569999999997 284
1622617731332 1596.0819999999997 285
1622617742307 1606.9339999999997 286
1622617753196 1617.7009999999998 287
1622617764216 1628.6039999999998 288
1622617775123 1639.388 289
1622617786066 1650.2089999999998 290
1622617797028 1661.0489999999998 291
1622617808497 1672.3909999999998 292
1622617820044 1683.819 293
1622617831362 1695.011 294
1622617842600 1706.127 295
1622617854501 1717.9099999999999 296
1622617865896 1729.1909999999998 297
1622617877184 1740.3519999999999 298
1622617888524 1751.571 299
1622617899902 1762.831 300
1622617911296 1774.1029999999998 301
1622617922701 1785.387 302
1622617934170 1796.734 303
1622617945769 1808.2079999999999 304
1622617957395 1819.7069999999999 305
1622617968977 1831.1689999999999 306
1622617981108 1843.176 307
1622617992846 1854.789 308
1622618004546 1866.37 309
1622618016219 1877.924 310
1622618028005 1889.588 311
1622618039854 1901.322 312
1622618051943 1913.291 313
1622618064316 1925.543 314
1622618076156 1937.2679999999998 315
1622618088074 1949.0659999999998 316
1622618100599 1961.4609999999998 317
1622618112765 1973.5019999999997 318
1622618124949 1985.5679999999998 319
1622618137100 1997.5969999999998 320
1622618149346 2009.7229999999997 321
1622618161596 2021.8529999999998 322
1622618173875 2034.0109999999997 323
1622618186243 2046.2549999999997 324
1622618198564 2058.457 325
1622618210963 2070.728 326
1622618223518 2083.158 327
1622618236090 2095.6059999999998 328
1622618248493 2107.8889999999997 329
1622618260993 2120.269 330
1622618273613 2132.772 331
1622618285968 2145.008 332
1622618298406 2157.328 333
1622618310923 2169.727 334
1622618323559 2182.2439999999997 335
1622618336246 2194.8089999999997 336
1622618349132 2207.553 337
1622618361793 2220.091 338
1622618374488 2232.663 339
1622618388145 2246.195 340
1622618400899 2258.826 341
1622618414037 2271.838 342
1622618427272 2284.9350000000004 343
1622618441041 2298.4960000000005 344
1622618454068 2311.4060000000004 345
1622618467055 2324.2760000000003 346
1622618481088 2338.1910000000003 347
1622618494125 2351.1090000000004 348
1622618507815 2364.6810000000005 349
1622618520820 2377.5630000000006 350
1622618534204 2390.8270000000007 351
1622618548034 2404.540000000001 352
1622618562296 2418.685000000001 353
1622618575651 2431.9210000000007 354
1622618589080 2445.232000000001 355
1622618602720 2458.7470000000008 356
1622618615991 2471.893000000001 357
1622618629245 2485.020000000001 358
1622618643452 2499.103000000001 359
1622618656936 2512.463000000001 360
1622618670461 2525.862000000001 361
1622618684049 2539.326000000001 362
1622618697637 2552.793000000001 363
1622618711352 2566.384000000001 364
1622618725006 2579.920000000001 365
1622618738715 2593.512000000001 366
1622618752430 2607.110000000001 367
1622618766553 2621.118000000001 368
1622618780287 2634.736000000001 369
1622618794126 2648.457000000001 370
1622618807964 2662.178000000001 371
1622618821827 2675.9250000000006 372
1622618836162 2690.1370000000006 373
1622618850050 2703.9070000000006 374
1622618863980 2717.7190000000005 375
1622618877995 2731.6190000000006 376
1622618892072 2745.5760000000005 377
1622618906273 2759.6630000000005 378
1622618920552 2773.8200000000006 379
1622618934818 2787.9590000000007 380
1622618949043 2802.0610000000006 381
1622618963485 2816.3820000000005 382
1622618977865 2830.6430000000005 383
1622618992195 2844.8520000000003 384
1622619006809 2859.3460000000005 385
1622619022110 2874.5300000000007 386
1622619036521 2888.8200000000006 387
1622619050953 2903.1370000000006 388
1622619065468 2917.5380000000005 389
1622619080125 2932.0750000000003 390
1622619094751 2946.581 391
1622619109396 2961.0950000000003 392
1622619125321 2976.8160000000003 393
1622619139962 2991.3410000000003 394
1622619154719 3005.9800000000005 395
1622619169336 3020.4810000000007 396
1622619184605 3035.6340000000005 397
1622619199638 3050.5520000000006 398
1622619215179 3065.9730000000004 399
1622619230254 3080.9310000000005 400
1622619245794 3096.3480000000004 401
1622619260996 3111.4280000000003 402
1622619277236 3127.543 403
1622619292284 3142.462 404
1622619308139 3158.195 405
1622619323613 3173.54 406
1622619338680 3188.488 407
1622619353821 3203.508 408
1622619368904 3218.4689999999996 409
1622619384422 3233.865 410
1622619400133 3249.4509999999996 411
1622619415319 3264.5229999999997 412
1622619430627 3279.7099999999996 413
1622619446326 3295.2899999999995 414
1622619461714 3310.5559999999996 415
1622619477147 3325.874 416
1622619492695 3341.3039999999996 417
1622619509188 3357.6699999999996 418
1622619524853 3373.2079999999996 419
1622619540642 3388.8759999999997 420
1622619556533 3404.644 421
1622619572372 3420.3669999999997 422
1622619588372 3436.247 423
1622619604398 3452.156 424
1622619620148 3467.787 425
1622619636023 3483.547 426
1622619651779 3499.189 427
1622619667634 3514.926 428
1622619683489 3530.662 429
1622619699369 3546.423 430
1622619715430 3562.3599999999997 431
1622619731418 3578.2249999999995 432
1622619748060 3594.7439999999992 433
1622619764334 3610.8939999999993 434
1622619780502 3626.9459999999995 435
1622619797019 3643.3369999999995 436
1622619813662 3659.8609999999994 437
1622619829907 3675.9859999999994 438
1622619846446 3692.408999999999 439
1622619862882 3708.727999999999 440
1622619879434 3725.157999999999 441
1622619895914 3741.518999999999 442
1622619912503 3757.987999999999 443
1622619929128 3774.492999999999 444
1622619945724 3790.970999999999 445
1622619962333 3807.461999999999 446
1622619978968 3823.979999999999 447
1622619995510 3840.402999999999 448
1622620013290 3858.063999999999 449
1622620031402 3875.9669999999987 450
1622620048098 3892.5419999999986 451
1622620064834 3909.1369999999984 452
1622620082208 3926.3809999999985 453
1622620099150 3943.1929999999984 454
1622620116104 3960.026999999998 455
1622620132995 3976.7869999999984 456
1622620150533 3994.1239999999984 457
1622620167760 4011.2279999999982 458
1622620185622 4028.900999999998 459
1622620202932 4046.094999999998 460
1622620220450 4063.480999999998 461
1622620237895 4080.760999999998 462
1622620255240 4097.9879999999985 463
1622620272724 4115.3499999999985 464
1622620290064 4132.571999999998 465
1622620307292 4149.680999999999 466
1622620324725 4166.990999999999 467
1622620343928 4186.0689999999995 468
1622620361338 4203.3589999999995 469
1622620378788 4220.688999999999 470
1622620397064 4238.846 471
1622620414310 4255.974999999999 472
1622620431691 4273.241999999999 473
1622620449307 4290.739999999999 474
1622620466684 4308.001999999999 475
1622620484496 4325.696999999998 476
1622620501945 4343.024999999999 477
1622620519462 4360.423999999999 478
1622620536913 4377.749999999999 479
1622620554752 4395.460999999999 480
1622620572456 4413.0419999999995 481
1622620590729 4431.196 482
1622620608710 4449.055 483
1622620626921 4467.151 484
1622620645244 4485.357 485
1622620663516 4503.512 486
1622620681485 4521.366 487
1622620699538 4539.301 488
1622620717803 4557.447 489
1622620736411 4575.934 490
1622620754715 4594.115 491
1622620773012 4612.29 492
1622620792696 4631.851 493
1622620811046 4650.081999999999 494
1622620829554 4668.472 495
1622620847962 4686.759999999999 496
1622620866545 4705.222999999999 497
1622620885439 4723.989999999999 498
1622620904176 4742.589999999999 499
1622620924802 4762.777999999999 500
