1622587043686 0.006 0
1622587044252 0.44 1
1622587044809 0.431 2
1622587045384 0.451 3
1622587046015 0.507 4
1622587046667 0.53 5
1622587047347 0.559 6
1622587048072 0.609 7
1622587049069 0.633 8
1622587049975 0.772 9
1622587050792 0.7 10
1622587051620 0.713 11
1622587052511 0.77 12
1622587054268 1.564 13
1622587055450 1.013 14
1622587056437 0.872 15
1622587057458 0.908 16
1622587058508 0.932 17
1622587059607 0.982 18
1622587060745 1.023 19
1622587061914 1.053 20
1622587063114 1.084 21
1622587064339 1.111 22
1622587065603 1.149 23
1622587066922 1.204 24
1622587068277 1.236 25
1622587069715 1.32 26
1622587071123 1.291 27
1622587072601 1.362 28
1622587074064 1.344 29
1622587075586 1.405 30
1622587077123 1.421 31
1622587078780 1.51 32
1622587080488 1.57 33
1622587082200 1.584 34
1622587083969 1.647 35
1622587085721 1.634 36
1622587087503 1.631 37
1622587089366 1.739 38
1622587091185 1.701 39
1622587093110 1.807 40
1622587095013 1.784 41
1622587096996 1.863 42
1622587098986 1.868 43
1622587100982 1.876 44
1622587103127 2.027 45
1622587105440 2.186 46
1622587107683 2.121 47
1622587109845 2.042 48
1622587112072 2.107 49
1622587114330 2.138 50
1622587116588 2.139 51
1622587118858 2.151 52
1622587121209 2.233 53
1622587123557 2.228 54
1622587126053 2.376 55
1622587128541 2.366 56
1622587131173 2.514 57
1622587133885 2.591 58
1622587136565 2.554 59
1622587139145 2.435 60
1622587141884 2.611 61
1622587144546 2.542 62
1622587147296 2.629 63
1622587150011 2.593 64
1622587152846 2.717 65
1622587155693 2.728 66
1622587158633 2.811 67
1622587161525 2.765 68
1622587164412 2.766 69
1622587167331 2.798 70
1622587170312 2.855 71
1622587173289 2.858 72
1622587176314 2.906 73
1622587179366 2.933 74
1622587182454 2.968 75
1622587185596 3.022 76
1622587188791 3.078 77
1622587192082 3.174 78
1622587195418 3.217 79
1622587198759 3.218 80
1622587202155 3.274 81
1622587205594 3.321 82
1622587208969 3.256 83
1622587212496 3.402 84
1622587215965 3.345 85
1622587219652 3.451 86
1622587223192 3.42 87
1622587226880 3.566 88
1622587230460 3.459 89
1622587234146 3.568 90
1622587237798 3.53 91
1622587241514 3.597 92
1622587245225 3.593 93
1622587248975 3.632 94
1622587252806 3.714 95
1622587256605 3.681 96
1622587260485 3.76 97
1622587264421 3.809 98
1622587268342 3.798 99
1622587272718 4.257 100
1622587276983 4.14 101
1622587281170 4.069 102
1622587285377 4.088 103
1622587289572 4.078 104
1622587293873 4.184 105
1622587298006 4.015 106
1622587302359 4.237 107
1622587306864 4.389 108
1622587311278 4.297 109
1622587315571 4.176 110
1622587320064 4.374 111
1622587324486 4.299 112
1622587329206 4.597 113
1622587333896 4.562 114
1622587338535 4.518 115
1622587343190 4.535 116
1622587347884 4.575 117
1622587352629 4.622 118
1622587357417 4.667 119
1622587362253 4.714 120
1622587367089 4.716 121
1622587372409 5.201 122
1622587377435 4.907 123
1622587382416 4.861 124
1622587387443 4.905 125
1622587393412 5.804 126
1622587398392 4.864 127
1622587403412 4.901 128
1622587408477 4.947 129
1622587413628 5.033 130
1622587418807 5.052 131
1622587424074 5.147 132
1622587429419 5.224 133
1622587434789 5.181 134
1622587440235 5.296 135
1622587445713 5.358 136
1622587451391 5.553 137
1622587457074 5.563 138
1622587462702 5.506 139
1622587468428 5.609 140
1622587474078 5.532 141
1622587479785 5.557 142
1622587485472 5.56 143
1622587491347 5.757 144
1622587497188 5.716 145
1622587503078 5.757 146
1622587508930 5.73 147
1622587514783 5.734 148
1622587520727 5.828 149
1622587526643 5.798 150
1622587532667 5.901 151
1622587538962 6.146 152
1622587545106 6.023 153
1622587551235 6.009 154
1622587557536 6.18 155
1622587564225 6.565 156
1622587570773 6.425 157
1622587577048 6.155 158
1622587583336 6.168 159
1622587589638 6.179 160
1622587596005 6.244 161
1622587602400 6.272 162
1622587608886 6.358 163
1622587615402 6.387 164
1622587621950 6.423 165
1622587628426 6.356 166
1622587634922 6.379 167
1622587641536 6.495 168
1622587648202 6.547 169
1622587655274 6.952 170
1622587661947 6.556 171
1622587668695 6.629 172
1622587675491 6.676 173
1622587682299 6.688 174
1622587689116 6.697 175
1622587695974 6.738 176
1622587702947 6.857 177
1622587710096 6.992 178
1622587717772 7.536 179
1622587725475 7.578 180
1622587732910 7.314 181
1622587740202 7.13 182
1622587747353 7.007 183
1622587754502 7.033 184
1622587761792 7.17 185
1622587769002 7.092 186
1622587776337 7.216 187
1622587783613 7.156 188
1622587791001 7.268 189
1622587798510 7.391 190
1622587805945 7.313 191
1622587813411 7.344 192
1622587820892 7.364 193
1622587828446 7.436 194
1622587836065 7.502 195
1622587843692 7.507 196
1622587852347 8.537 197
1622587860087 7.622 198
1622587869059 8.851 199
1622587877352 8.15 200
1622587885642 8.165 201
1622587893963 8.196 202
1622587902148 8.059 203
1622587910030 7.758 204
1622587918005 7.855 205
1622587925856 7.727 206
1622587933767 7.792 207
1622587941742 7.853 208
1622587949676 7.818 209
1622587957715 7.924 210
1622587965746 7.915 211
1622587973879 8.016 212
1622587981968 7.969 213
1622587990152 8.065 214
1622587998403 8.13 215
1622588006799 8.273 216
1622588015025 8.106 217
1622588023456 8.31 218
1622588031865 8.289 219
1622588040337 8.33 220
1622588048940 8.485 221
1622588057485 8.425 222
1622588065945 8.34 223
1622588074555 8.489 224
1622588083129 8.455 225
1622588091855 8.609 226
1622588100510 8.534 227
1622588109370 8.743 228
1622588117966 8.48 229
1622588126750 8.668 230
1622588135434 8.563 231
1622588144357 8.806 232
1622588153198 8.721 233
1622588162012 8.695 234
1622588171405 9.274 235
1622588180388 8.865 236
1622588189446 8.94 237
1622588198594 9.029 238
1622588207668 8.958 239
1622588216814 9.029 240
1622588225980 9.05 241
1622588235258 9.158 242
1622588244722 9.34 243
1622588254098 9.255 244
1622588263546 9.329 245
1622588272774 9.111 246
1622588282249 9.359 247
1622588291654 9.291 248
1622588301231 9.464 249
1622588311803 10.457 250
1622588321562 9.637 251
1622588331095 9.412 252
1622588340878 9.663 253
1622588350694 9.688 254
1622588360694 9.877 255
1622588370365 9.552 256
1622588380357 9.873 257
1622588390230 9.751 258
1622588400318 9.97 259
1622588410362 9.926 260
1622588420416 9.935 261
1622588430529 9.995 262
1622588440633 9.977 263
1622588451166 10.319 264
1622588461703 10.416 265
1622588472386 10.56 266
1622588482997 10.49 267
1622588493232 10.11 268
1622588503585 10.232 269
1622588513948 10.245 270
1622588524212 10.149 271
1622588534589 10.263 272
1622588545258 10.554 273
1622588555606 10.23 274
1622588565995 10.27 275
1622588576428 10.313 276
1622588586919 10.329 277
1622588597683 10.622 278
1622588608265 10.459 279
1622588618828 10.443 280
1622588629696 10.749 281
1622588640870 11.052 282
1622588651478 10.49 283
1622588662067 10.47 284
1622588672781 10.592 285
1622588683502 10.601 286
1622588694458 10.835 287
1622588705763 11.184 288
1622588716912 11.031 289
1622588727885 10.859 290
1622588738924 10.92 291
1622588750100 11.057 292
1622588761054 10.837 293
1622588772115 10.943 294
1622588783186 10.951 295
1622588794275 10.971 296
1622588805959 11.566 297
1622588817269 11.166 298
1622588828440 11.054 299
1622588839737 11.179 300
1622588852012 12.087 301
1622588863615 11.484 302
1622588875315 11.584 303
1622588887140 11.707 304
1622588898603 11.346 305
1622588910202 11.483 306
1622588921910 11.588 307
1622588933583 11.553 308
1622588945297 11.592 309
1622588957015 11.598 310
1622588968822 11.688 311
1622588980707 11.764 312
1622588992549 11.722 313
1622589005025 12.356 314
1622589017189 12.041 315
1622589029508 12.19 316
1622589042680 13.049 317
1622589055020 12.217 318
1622589067067 11.93 319
1622589079240 12.055 320
1622589091411 12.053 321
1622589104587 13.058 322
1622589116890 12.185 323
1622589129130 12.12 324
1622589141402 12.149 325
1622589153798 12.276 326
1622589166230 12.311 327
1622589178589 12.238 328
1622589191527 12.817 329
1622589204239 12.586 330
1622589216715 12.356 331
1622589229538 12.699 332
1622589242388 12.721 333
1622589255529 13.017 334
1622589268402 12.75 335
1622589281142 12.616 336
1622589294236 12.974 337
1622589307092 12.73 338
1622589320002 12.788 339
1622589332814 12.688 340
1622589345940 13.006 341
1622589359526 13.461 342
1622589373173 13.518 343
1622589386415 13.119 344
1622589399600 13.059 345
1622589413836 14.117 346
1622589427914 13.956 347
1622589441798 13.763 348
1622589456032 14.112 349
1622589469569 13.415 350
1622589483018 13.331 351
1622589496279 13.144 352
1622589509677 13.28 353
1622589523037 13.239 354
1622589536364 13.207 355
1622589549882 13.399 356
1622589563274 13.277 357
1622589577130 13.741 358
1622589590646 13.4 359
1622589604398 13.634 360
1622589618569 14.049 361
1622589632640 13.951 362
1622589646522 13.765 363
1622589661239 14.585 364
1622589675348 13.976 365
1622589689091 13.596 366
1622589703044 13.834 367
1622589716958 13.791 368
1622589730923 13.849 369
1622589744879 13.837 370
1622589758838 13.841 371
1622589772938 13.982 372
1622589787770 14.71 373
1622589802262 14.37 374
1622589816954 14.563 375
1622589831723 14.649 376
1622589846338 14.492 377
1622589860515 14.059 378
1622589875337 14.703 379
1622589889972 14.515 380
1622589904283 14.193 381
1622589918653 14.251 382
1622589933033 14.264 383
1622589947439 14.291 384
1622589961846 14.292 385
1622589976441 14.479 386
1622589991806 15.247 387
1622590006367 14.446 388
1622590021332 14.848 389
1622590036137 14.682 390
1622590050865 14.606 391
1622590065606 14.62 392
1622590080401 14.67 393
1622590095195 14.672 394
1622590110915 15.599 395
1622590126676 15.639 396
1622590141529 14.739 397
1622590156311 14.664 398
1622590171311 14.881 399
1622590186487 15.059 400
1622590201463 14.858 401
1622590216798 15.215 402
1622590232449 15.529 403
1622590247531 14.964 404
1622590262583 14.935 405
1622590277805 15.103 406
1622590292847 14.922 407
1622590308281 15.311 408
1622590323535 15.133 409
1622590338677 15.025 410
1622590354202 15.407 411
1622590369782 15.461 412
1622590385244 15.345 413
1622590400840 15.464 414
1622590417241 16.213 415
1622590432560 15.201 416
1622590448078 15.399 417
1622590464275 16.076 418
1622590479978 15.541 419
1622590496788 16.685 420
1622590513750 16.842 421
1622590530302 16.423 422
1622590546091 15.666 423
1622590562004 15.783 424
1622590578075 15.953 425
1622590593993 15.802 426
1622590609870 15.76 427
1622590625823 15.837 428
1622590641955 16.015 429
1622590657972 15.895 430
1622590674197 16.104 431
1622590690200 15.876 432
1622590706384 16.064 433
1622590723237 16.735 434
1622590740006 16.649 435
1622590756350 16.224 436
1622590772716 16.246 437
1622590789096 16.259 438
1622590806512 17.295 439
1622590823834 17.199 440
1622590841022 17.069 441
1622590857675 16.531 442
1622590874080 16.284 443
1622590890808 16.609 444
1622590907278 16.345 445
1622590923862 16.464 446
1622590941106 17.123 447
1622590958803 17.576 448
1622590975906 16.982 449
1622590992587 16.56 450
1622591010142 17.43 451
1622591027568 17.236 452
1622591044345 16.659 453
1622591061110 16.651 454
1622591077959 16.734 455
1622591094942 16.867 456
1622591112049 16.991 457
1622591129057 16.89 458
1622591146186 17.013 459
1622591163567 17.264 460
1622591181850 18.165 461
1622591199004 17.038 462
1622591216304 17.181 463
1622591233472 17.05 464
1622591250754 17.161 465
1622591268212 17.342 466
1622591285715 17.384 467
1622591303616 17.78 468
1622591321258 17.521 469
1622591339083 17.706 470
1622591356857 17.654 471
1622591374778 17.803 472
1622591392322 17.426 473
1622591409997 17.558 474
1622591427775 17.658 475
1622591445435 17.541 476
1622591463317 17.764 477
1622591481317 17.878 478
1622591499298 17.86 479
1622591517309 17.891 480
1622591535267 17.842 481
1622591553226 17.842 482
1622591571278 17.935 483
1622591589329 17.931 484
1622591608323 18.872 485
1622591626838 18.394 486
1622591645749 18.786 487
1622591664705 18.834 488
1622591683110 18.286 489
1622591701847 18.618 490
1622591720165 18.198 491
1622591738743 18.461 492
1622591757501 18.64 493
1622591776876 19.255 494
1622591795477 18.475 495
1622591814353 18.75 496
1622591833070 18.597 497
1622591852362 19.167 498
1622591871785 19.3 499
1622591891429 19.52 500
