1622596756837 50 0
1622596757410 60 1
1622596757976 70 2
1622596758572 80 3
1622596759205 90 4
1622596759864 100 5
1622596760554 110 6
1622596761298 120 7
1622596762066 130 8
1622596762874 140 9
1622596763719 150 10
1622596764582 160 11
1622596765488 170 12
1622596766436 180 13
1622596767431 190 14
1622596768504 200 15
1622596769613 210 16
1622596770771 220 17
1622596771910 230 18
1622596773086 240 19
1622596774300 250 20
1622596775552 260 21
1622596776850 270 22
1622596778195 280 23
1622596779541 290 24
1622596781149 300 25
1622596783454 310 26
1622596784939 320 27
1622596786527 330 28
1622596788046 340 29
1622596789632 350 30
1622596791253 360 31
1622596792910 370 32
1622596794570 380 33
1622596796328 390 34
1622596798110 400 35
1622596799864 410 36
1622596801685 420 37
1622596803548 430 38
1622596805501 440 39
1622596807445 450 40
1622596809398 460 41
1622596811374 470 42
1622596813414 480 43
1622596815481 490 44
1622596817616 500 45
1622596819901 510 46
1622596822088 520 47
1622596824951 530 48
1622596827342 540 49
1622596829742 550 50
1622596832100 560 51
1622596834479 570 52
1622596836951 580 53
1622596840338 590 54
1622596842919 600 55
1622596845480 610 56
1622596848209 620 57
1622596850797 630 58
1622596853564 640 59
1622596856360 650 60
1622596859238 660 61
1622596862148 670 62
1622596865024 680 63
1622596867830 690 64
1622596870647 700 65
1622596873500 710 66
1622596876345 720 67
1622596879247 730 68
1622596882204 740 69
1622596885216 750 70
1622596888416 760 71
1622596891559 770 72
1622596894683 780 73
1622596897889 790 74
1622596901071 800 75
1622596904298 810 76
1622596907543 820 77
1622596910807 830 78
1622596914099 840 79
1622596917971 850 80
1622596921371 860 81
1622596924820 870 82
1622596928343 880 83
1622596931951 890 84
1622596935533 900 85
1622596939111 910 86
1622596942803 920 87
1622596946508 930 88
1622596950463 940 89
1622596954390 950 90
1622596958186 960 91
1622596962029 970 92
1622596965904 980 93
1622596969799 990 94
1622596973772 1000 95
1622596977703 1010 96
1622596981846 1020 97
1622596985960 1030 98
1622596990036 1040 99
1622596994165 1050 100
1622596998363 1060 101
1622597002542 1070 102
1622597006867 1080 103
1622597011157 1090 104
1622597015538 1100 105
1622597020136 1110 106
1622597024642 1120 107
1622597029137 1130 108
1622597033595 1140 109
1622597038219 1150 110
1622597043072 1160 111
1622597047806 1170 112
1622597052544 1180 113
1622597057487 1190 114
1622597062168 1200 115
1622597066987 1210 116
1622597072067 1220 117
1622597076984 1230 118
1622597081782 1240 119
1622597086636 1250 120
1622597091497 1260 121
1622597096423 1270 122
1622597101711 1280 123
1622597107181 1290 124
1622597112594 1300 125
1622597118036 1310 126
1622597123108 1320 127
1622597128209 1330 128
1622597133377 1340 129
1622597138661 1350 130
1622597143919 1360 131
1622597149381 1370 132
1622597154823 1380 133
1622597160154 1390 134
1622597165553 1400 135
1622597170986 1410 136
1622597176710 1420 137
1622597182520 1430 138
1622597188126 1440 139
1622597193825 1450 140
1622597199670 1460 141
1622597205554 1470 142
1622597211709 1480 143
1622597217797 1490 144
1622597223554 1500 145
1622597229352 1510 146
1622597235143 1520 147
1622597240977 1530 148
1622597246855 1540 149
1622597252755 1550 150
1622597258723 1560 151
1622597264724 1570 152
1622597270818 1580 153
1622597276929 1590 154
1622597283015 1600 155
1622597289109 1610 156
1622597295293 1620 157
1622597301516 1630 158
1622597307680 1640 159
1622597313885 1650 160
1622597320202 1660 161
1622597326516 1670 162
1622597332871 1680 163
1622597339186 1690 164
1622597345617 1700 165
1622597352018 1710 166
1622597358399 1720 167
1622597364948 1730 168
1622597371668 1740 169
1622597378232 1750 170
1622597384877 1760 171
1622597391585 1770 172
1622597398432 1780 173
1622597405211 1790 174
1622597411955 1800 175
1622597418815 1810 176
1622597425782 1820 177
1622597432737 1830 178
1622597439735 1840 179
1622597446624 1850 180
1622597453622 1860 181
1622597460606 1870 182
1622597467680 1880 183
1622597474764 1890 184
1622597481941 1900 185
1622597489143 1910 186
1622597496423 1920 187
1622597503710 1930 188
1622597511001 1940 189
1622597518347 1950 190
1622597525877 1960 191
1622597533480 1970 192
1622597541874 1980 193
1622597549575 1990 194
1622597557278 2000 195
1622597564887 2010 196
1622597572567 2020 197
1622597580230 2030 198
1622597587975 2040 199
1622597595743 2050 200
1622597603493 2060 201
1622597611328 2070 202
1622597619119 2080 203
1622597627017 2090 204
1622597635082 2100 205
1622597643038 2110 206
1622597651009 2120 207
1622597658990 2130 208
1622597667475 2140 209
1622597675714 2150 210
1622597683843 2160 211
1622597691999 2170 212
1622597700193 2180 213
1622597708420 2190 214
1622597716727 2200 215
1622597724928 2210 216
1622597733209 2220 217
1622597742044 2230 218
1622597751072 2240 219
1622597759690 2250 220
1622597768221 2260 221
1622597777069 2270 222
1622597786004 2280 223
1622597795507 2290 224
1622597804317 2300 225
1622597812965 2310 226
1622597821687 2320 227
1622597830538 2330 228
1622597839282 2340 229
1622597848096 2350 230
1622597856909 2360 231
1622597865867 2370 232
1622597874943 2380 233
1622597884060 2390 234
1622597893142 2400 235
1622597902255 2410 236
1622597911450 2420 237
1622597920652 2430 238
1622597929854 2440 239
1622597939079 2450 240
1622597949108 2460 241
1622597959151 2470 242
1622597968977 2480 243
1622597979139 2490 244
1622597988801 2500 245
1622597998157 2510 246
1622598007651 2520 247
1622598017372 2530 248
1622598027112 2540 249
1622598036755 2550 250
1622598046593 2560 251
1622598056156 2570 252
1622598065753 2580 253
1622598075426 2590 254
1622598085162 2600 255
1622598094954 2610 256
1622598104728 2620 257
1622598115098 2630 258
1622598125054 2640 259
1622598134911 2650 260
1622598144864 2660 261
1622598154924 2670 262
1622598165050 2680 263
1622598175585 2690 264
1622598185970 2700 265
1622598196981 2710 266
1622598207583 2720 267
1622598218260 2730 268
1622598229353 2740 269
1622598240498 2750 270
1622598251449 2760 271
1622598261787 2770 272
1622598272610 2780 273
1622598283888 2790 274
1622598294942 2800 275
1622598306007 2810 276
1622598316477 2820 277
1622598326997 2830 278
1622598337579 2840 279
1622598348514 2850 280
1622598359644 2860 281
1622598370374 2870 282
1622598381802 2880 283
1622598392751 2890 284
1622598403863 2900 285
1622598414612 2910 286
1622598425390 2920 287
1622598436727 2930 288
1622598447720 2940 289
1622598458758 2950 290
1622598469831 2960 291
1622598481063 2970 292
1622598492469 2980 293
1622598503610 2990 294
1622598514778 3000 295
1622598525955 3010 296
1622598537314 3020 297
1622598548720 3030 298
1622598560202 3040 299
1622598571674 3050 300
1622598583148 3060 301
1622598594692 3070 302
1622598606316 3080 303
1622598618033 3090 304
1622598629784 3100 305
1622598641477 3110 306
1622598653213 3120 307
1622598664971 3130 308
1622598676713 3140 309
1622598688404 3150 310
1622598700101 3160 311
1622598711913 3170 312
1622598723671 3180 313
1622598735576 3190 314
1622598748226 3200 315
1622598760740 3210 316
1622598772963 3220 317
1622598785077 3230 318
1622598797416 3240 319
1622598810289 3250 320
1622598823692 3260 321
1622598836590 3270 322
1622598849310 3280 323
1622598862138 3290 324
1622598874254 3300 325
1622598886924 3310 326
1622598900000 3320 327
1622598913361 3330 328
1622598926573 3340 329
1622598938905 3350 330
1622598951290 3360 331
1622598964354 3370 332
1622598977883 3380 333
1622598990723 3390 334
1622599004351 3400 335
1622599016943 3410 336
1622599029593 3420 337
1622599042264 3430 338
1622599055008 3440 339
1622599068134 3450 340
1622599081318 3460 341
1622599095375 3470 342
1622599109517 3480 343
1622599123151 3490 344
1622599136094 3500 345
1622599149526 3510 346
1622599163766 3520 347
1622599177600 3530 348
1622599191474 3540 349
1622599204635 3550 350
1622599217843 3560 351
1622599231101 3570 352
1622599244396 3580 353
1622599257759 3590 354
1622599271197 3600 355
1622599284603 3610 356
1622599298249 3620 357
1622599311837 3630 358
1622599325490 3640 359
1622599338959 3650 360
1622599352477 3660 361
1622599366054 3670 362
1622599379731 3680 363
1622599393363 3690 364
1622599407131 3700 365
1622599420931 3710 366
1622599434716 3720 367
1622599448658 3730 368
1622599462682 3740 369
1622599476691 3750 370
1622599490553 3760 371
1622599504481 3770 372
1622599518868 3780 373
1622599533880 3790 374
1622599548956 3800 375
1622599564304 3810 376
1622599579225 3820 377
1622599593671 3830 378
1622599608170 3840 379
1622599623602 3850 380
1622599639113 3860 381
1622599653756 3870 382
1622599668429 3880 383
1622599683733 3890 384
1622599698069 3900 385
1622599713321 3910 386
1622599728120 3920 387
1622599742634 3930 388
1622599757072 3940 389
1622599771500 3950 390
1622599786824 3960 391
1622599801423 3970 392
1622599815980 3980 393
1622599830605 3990 394
1622599845497 4000 395
1622599860677 4010 396
1622599875420 4020 397
1622599890584 4030 398
1622599905573 4040 399
1622599920769 4050 400
1622599935607 4060 401
1622599950442 4070 402
1622599965435 4080 403
1622599981049 4090 404
1622599996419 4100 405
1622600011443 4110 406
1622600026433 4120 407
1622600041526 4130 408
1622600056679 4140 409
1622600072771 4150 410
1622600088889 4160 411
1622600104212 4170 412
1622600119548 4180 413
1622600135741 4190 414
1622600151956 4200 415
1622600167391 4210 416
1622600182878 4220 417
1622600198533 4230 418
1622600214506 4240 419
1622600230211 4250 420
1622600245941 4260 421
1622600261552 4270 422
1622600277645 4280 423
1622600293294 4290 424
1622600309034 4300 425
1622600325757 4310 426
1622600341662 4320 427
1622600357639 4330 428
1622600374549 4340 429
1622600390794 4350 430
1622600406715 4360 431
1622600422629 4370 432
1622600438718 4380 433
1622600454748 4390 434
1622600471429 4400 435
1622600488071 4410 436
1622600504457 4420 437
1622600521589 4430 438
1622600537801 4440 439
1622600554104 4450 440
1622600570599 4460 441
1622600587098 4470 442
1622600603678 4480 443
1622600620350 4490 444
1622600636805 4500 445
1622600653246 4510 446
1622600670420 4520 447
1622600687197 4530 448
1622600705276 4540 449
1622600722289 4550 450
1622600739453 4560 451
1622600756611 4570 452
1622600773670 4580 453
1622600790972 4590 454
1622600808747 4600 455
1622600826515 4610 456
1622600843521 4620 457
1622600860955 4630 458
1622600878155 4640 459
1622600895509 4650 460
1622600912827 4660 461
1622600930800 4670 462
1622600948135 4680 463
1622600965379 4690 464
1622600982793 4700 465
1622601000251 4710 466
1622601017602 4720 467
1622601035034 4730 468
1622601052496 4740 469
1622601069932 4750 470
1622601087444 4760 471
1622601105044 4770 472
1622601122609 4780 473
1622601140958 4790 474
1622601158549 4800 475
1622601176105 4810 476
1622601194874 4820 477
1622601212701 4830 478
1622601231178 4840 479
1622601250190 4850 480
1622601268136 4860 481
1622601285997 4870 482
1622601304021 4880 483
1622601322132 4890 484
1622601340177 4900 485
1622601358238 4910 486
1622601376337 4920 487
1622601394610 4930 488
1622601412765 4940 489
1622601430837 4950 490
1622601448965 4960 491
1622601467170 4970 492
1622601485337 4980 493
1622601503858 4990 494
1622601522113 5000 495
1622601540700 5010 496
1622601559177 5020 497
1622601577599 5030 498
1622601595927 5040 499
1622601614365 5050 500
