1622724597509 -154.96243616485182 0
1622724598038 -30.13342478523097 1
1622724598567 -30.13342478523097 2
1622724599127 -30.13342478523097 3
1622724599723 -30.13342478523097 4
1622724600349 -30.13342478523097 5
1622724601009 -30.13342478523097 6
1622724601705 -30.13342478523097 7
1622724602442 -30.13342478523097 8
1622724603219 -30.13342478523097 9
1622724604027 -30.13342478523097 10
1622724604862 -30.13342478523097 11
1622724605734 -30.13342478523097 12
1622724606652 -30.13342478523097 13
1622724607592 -30.13342478523097 14
1622724608561 -30.13342478523097 15
1622724609565 -30.13342478523097 16
1622724610633 -30.13342478523097 17
1622724611724 -30.13342478523097 18
1622724612830 -30.13342478523097 19
1622724614010 -30.13342478523097 20
1622724615205 -30.13342478523097 21
1622724616432 -30.13342478523097 22
1622724617684 -30.13342478523097 23
1622724618995 -30.13342478523097 24
1622724620317 -30.13342478523097 25
1622724621712 -30.13342478523097 26
1622724623132 -30.13342478523097 27
1622724624576 -30.13342478523097 28
1622724626058 -30.13342478523097 29
1622724627562 -30.13342478523097 30
1622724629137 -30.13342478523097 31
1622724630716 -30.13342478523097 32
1622724632339 -30.13342478523097 33
1622724634002 -30.13342478523097 34
1622724635672 -30.13342478523097 35
1622724637392 -30.13342478523097 36
1622724639134 -30.13342478523097 37
1622724640922 -30.13342478523097 38
1622724642749 -30.13342478523097 39
1622724644621 -30.13342478523097 40
1622724646515 -30.13342478523097 41
1622724648454 -30.13342478523097 42
1622724650430 -30.13342478523097 43
1622724652454 -30.13342478523097 44
1622724654519 -30.13342478523097 45
1622724656610 -30.13342478523097 46
1622724658739 -30.13342478523097 47
1622724660878 -30.13342478523097 48
1622724663054 -30.13342478523097 49
1622724665247 -30.13342478523097 50
1622724667504 -30.13342478523097 51
1622724669797 -30.13342478523097 52
1622724672118 -30.13342478523097 53
1622724674502 -30.13342478523097 54
1622724676904 -30.13342478523097 55
1622724679347 -30.13342478523097 56
1622724681798 -30.13342478523097 57
1622724684261 -30.13342478523097 58
1622724686799 -30.13342478523097 59
1622724689351 -30.13342478523097 60
1622724691982 -30.13342478523097 61
1622724694602 -30.13342478523097 62
1622724697277 -30.13342478523097 63
1622724699988 -30.13342478523097 64
1622724702730 -30.13342478523097 65
1622724705486 -30.13342478523097 66
1622724708303 -30.13342478523097 67
1622724711125 -30.13342478523097 68
1622724714044 -30.13342478523097 69
1622724716992 -30.13342478523097 70
1622724719966 -30.13342478523097 71
1622724722970 -30.13342478523097 72
1622724726023 -30.13342478523097 73
1622724729066 -30.13342478523097 74
1622724732212 -30.13342478523097 75
1622724735343 -30.13342478523097 76
1622724738537 -30.13342478523097 77
1622724741759 -30.13342478523097 78
1622724745009 -30.13342478523097 79
1622724748279 -30.13342478523097 80
1622724751603 -30.13342478523097 81
1622724754918 -30.13342478523097 82
1622724758277 -30.13342478523097 83
1622724761666 -30.13342478523097 84
1622724765122 -30.13342478523097 85
1622724768611 -30.13342478523097 86
1622724772129 -30.13342478523097 87
1622724775691 -30.13342478523097 88
1622724779262 -30.13342478523097 89
1622724782897 -30.13342478523097 90
1622724786582 -30.13342478523097 91
1622724790300 -30.13342478523097 92
1622724794035 -30.13342478523097 93
1622724797793 -30.13342478523097 94
1622724801609 -30.13342478523097 95
1622724805443 -30.13342478523097 96
1622724809317 -30.13342478523097 97
1622724813256 -30.13342478523097 98
1622724817218 -30.13342478523097 99
1622724821208 -30.13342478523097 100
1622724825216 -30.13342478523097 101
1622724829309 -30.13342478523097 102
1622724833378 -30.13342478523097 103
1622724837497 -30.13342478523097 104
1622724841723 -30.13342478523097 105
1622724845922 -30.13342478523097 106
1622724850150 -30.13342478523097 107
1622724854429 -30.13342478523097 108
1622724858755 -30.13342478523097 109
1622724863117 -30.13342478523097 110
1622724867454 -30.13342478523097 111
1622724871857 -30.13342478523097 112
1622724876298 -30.13342478523097 113
1622724880780 -30.13342478523097 114
1622724885300 -30.13342478523097 115
1622724889881 -30.13342478523097 116
1622724894471 -30.13342478523097 117
1622724899111 -30.13342478523097 118
1622724903791 -30.13342478523097 119
1622724908513 -30.13342478523097 120
1622724913272 -30.13342478523097 121
1622724918069 -30.13342478523097 122
1622724922879 -30.13342478523097 123
1622724927735 -30.13342478523097 124
1622724932624 -30.13342478523097 125
1622724937570 -30.13342478523097 126
1622724942513 -30.13342478523097 127
1622724947520 -30.13342478523097 128
1622724952553 -30.13342478523097 129
1622724957616 -30.13342478523097 130
1622724962665 -30.13342478523097 131
1622724967748 -30.13342478523097 132
1622724972902 -30.13342478523097 133
1622724978081 -30.13342478523097 134
1622724983350 -30.13342478523097 135
1622724988613 -30.13342478523097 136
1622724993891 -30.13342478523097 137
1622724999252 -30.13342478523097 138
1622725004616 -30.13342478523097 139
1622725010021 -30.13342478523097 140
1622725015431 -30.13342478523097 141
1622725020933 -30.13342478523097 142
1622725026411 -30.13342478523097 143
1622725031948 -30.13342478523097 144
1622725037548 -30.13342478523097 145
1622725043180 -30.13342478523097 146
1622725048871 -30.13342478523097 147
1622725054574 -30.13342478523097 148
1622725060291 -30.13342478523097 149
1622725066131 -30.13342478523097 150
1622725072058 -30.13342478523097 151
1622725077991 -30.13342478523097 152
1622725083955 -30.13342478523097 153
1622725089914 -30.13342478523097 154
1622725095906 -30.13342478523097 155
1622725101969 -30.13342478523097 156
1622725108065 -30.13342478523097 157
1622725114144 -30.13342478523097 158
1622725120263 -30.13342478523097 159
1622725126415 -30.13342478523097 160
1622725132525 -30.13342478523097 161
1622725138723 -30.13342478523097 162
1622725144953 -30.13342478523097 163
1622725151209 -30.13342478523097 164
1622725157462 -30.13342478523097 165
1622725163861 -30.13342478523097 166
1622725170201 -30.13342478523097 167
1622725176581 -30.13342478523097 168
1622725183026 -30.13342478523097 169
1622725189517 -30.13342478523097 170
1622725196008 -30.13342478523097 171
1622725202513 -30.13342478523097 172
1622725209097 -30.13342478523097 173
1622725215682 -30.13342478523097 174
1622725222306 -30.13342478523097 175
1622725229021 -30.13342478523097 176
1622725235679 -30.13342478523097 177
1622725242427 -30.13342478523097 178
1622725249236 -30.13342478523097 179
1622725256085 -30.13342478523097 180
1622725262904 -30.13342478523097 181
1622725269801 -30.13342478523097 182
1622725276687 -30.13342478523097 183
1622725283629 -30.13342478523097 184
1622725290648 -30.13342478523097 185
1622725297714 -30.13342478523097 186
1622725304758 -30.13342478523097 187
1622725311917 -30.13342478523097 188
1622725319191 -30.13342478523097 189
1622725326397 -30.13342478523097 190
1622725333751 -30.13342478523097 191
1622725341124 -30.13342478523097 192
1622725348453 -30.13342478523097 193
1622725355814 -30.13342478523097 194
1622725363174 -30.13342478523097 195
1622725370633 -30.13342478523097 196
1622725378132 -30.13342478523097 197
1622725385714 -30.13342478523097 198
1622725393261 -30.13342478523097 199
1622725400906 -30.13342478523097 200
1622725408594 -30.13342478523097 201
1622725416254 -30.13342478523097 202
1622725423925 -30.13342478523097 203
1622725432543 -30.13342478523097 204
1622725440223 -30.13342478523097 205
1622725448011 -30.13342478523097 206
1622725455797 -30.13342478523097 207
1622725463718 -30.13342478523097 208
1622725471681 -30.13342478523097 209
1622725479675 -30.13342478523097 210
1622725487706 -30.13342478523097 211
1622725495814 -30.13342478523097 212
1622725503874 -30.13342478523097 213
1622725512010 -30.13342478523097 214
1622725520147 -30.13342478523097 215
1622725528268 -30.13342478523097 216
1622725536538 -30.13342478523097 217
1622725544731 -30.13342478523097 218
1622725552993 -30.13342478523097 219
1622725561276 -30.13342478523097 220
1622725569709 -30.13342478523097 221
1622725578041 -30.13342478523097 222
1622725586464 -30.13342478523097 223
1622725594930 -30.13342478523097 224
1622725603508 -30.13342478523097 225
1622725612031 -30.13342478523097 226
1622725620551 -30.13342478523097 227
1622725629167 -30.13342478523097 228
1622725637837 -30.13342478523097 229
1622725646436 -30.13342478523097 230
1622725655209 -30.13342478523097 231
1622725663946 -30.13342478523097 232
1622725672746 -30.13342478523097 233
1622725681520 -30.13342478523097 234
1622725690374 -30.13342478523097 235
1622725699349 -30.13342478523097 236
1622725708248 -30.13342478523097 237
1622725717229 -30.13342478523097 238
1622725726244 -30.13342478523097 239
1622725735292 -30.13342478523097 240
1622725744403 -30.13342478523097 241
1622725753531 -30.13342478523097 242
1622725762722 -30.13342478523097 243
1622725771965 -30.13342478523097 244
1622725781204 -30.13342478523097 245
1622725790516 -30.13342478523097 246
1622725799841 -30.13342478523097 247
1622725809237 -30.13342478523097 248
1622725818589 -30.13342478523097 249
1622725828004 -30.13342478523097 250
1622725837492 -30.13342478523097 251
1622725846991 -30.13342478523097 252
1622725856514 -30.13342478523097 253
1622725866057 -30.13342478523097 254
1622725875625 -30.13342478523097 255
1622725885272 -30.13342478523097 256
1622725894862 -30.13342478523097 257
1622725904491 -30.13342478523097 258
1622725914205 -30.13342478523097 259
1622725923994 -30.13342478523097 260
1622725933812 -30.13342478523097 261
1622725943652 -30.13342478523097 262
1622725953575 -30.13342478523097 263
1622725963505 -30.13342478523097 264
1622725973459 -30.13342478523097 265
1622725983410 -30.13342478523097 266
1622725993403 -30.13342478523097 267
1622726003427 -30.13342478523097 268
1622726013472 -30.13342478523097 269
1622726023575 -30.13342478523097 270
1622726033668 -30.13342478523097 271
1622726043810 -30.13342478523097 272
1622726054059 -30.13342478523097 273
1622726064310 -30.13342478523097 274
1622726074628 -30.13342478523097 275
1622726084971 -30.13342478523097 276
1622726095324 -30.13342478523097 277
1622726105736 -30.13342478523097 278
1622726116099 -30.13342478523097 279
1622726126538 -30.13342478523097 280
1622726137043 -30.13342478523097 281
1622726147537 -30.13342478523097 282
1622726158085 -30.13342478523097 283
1622726168670 -30.13342478523097 284
1622726179311 -30.13342478523097 285
1622726189952 -30.13342478523097 286
1622726200704 -30.13342478523097 287
1622726211402 -30.13342478523097 288
1622726222138 -30.13342478523097 289
1622726232964 -30.13342478523097 290
1622726243807 -30.13342478523097 291
1622726254703 -30.13342478523097 292
1622726265638 -30.13342478523097 293
1622726276601 -30.13342478523097 294
1622726287623 -30.13342478523097 295
1622726298633 -30.13342478523097 296
1622726309752 -30.13342478523097 297
1622726320888 -30.13342478523097 298
1622726332034 -30.13342478523097 299
1622726343218 -30.13342478523097 300
1622726354407 -30.13342478523097 301
1622726365610 -30.13342478523097 302
1622726376870 -30.13342478523097 303
1622726388288 -30.13342478523097 304
1622726399597 -30.13342478523097 305
1622726411074 -30.13342478523097 306
1622726422484 -30.13342478523097 307
1622726433913 -30.13342478523097 308
1622726445456 -30.13342478523097 309
1622726457038 -30.13342478523097 310
1622726468643 -30.13342478523097 311
1622726480311 -30.13342478523097 312
1622726491971 -30.13342478523097 313
1622726503662 -30.13342478523097 314
1622726515336 -30.13342478523097 315
1622726527128 -30.13342478523097 316
1622726538848 -30.13342478523097 317
1622726550662 -30.13342478523097 318
1622726562516 -30.13342478523097 319
1622726574399 -30.13342478523097 320
1622726586324 -30.13342478523097 321
1622726598289 -30.13342478523097 322
1622726610294 -30.13342478523097 323
1622726622296 -30.13342478523097 324
1622726634310 -30.13342478523097 325
1622726646383 -30.13342478523097 326
1622726658514 -30.13342478523097 327
1622726670709 -30.13342478523097 328
1622726682971 -30.13342478523097 329
1622726695236 -30.13342478523097 330
1622726707508 -30.13342478523097 331
1622726719862 -30.13342478523097 332
1622726732285 -30.13342478523097 333
1622726744705 -30.13342478523097 334
1622726757094 -30.13342478523097 335
1622726769631 -30.13342478523097 336
1622726782135 -30.13342478523097 337
1622726794681 -30.13342478523097 338
1622726807248 -30.13342478523097 339
1622726819793 -30.13342478523097 340
1622726832481 -30.13342478523097 341
1622726846000 -30.13342478523097 342
1622726858556 -30.13342478523097 343
1622726871963 -30.13342478523097 344
1622726885120 -30.13342478523097 345
1622726897778 -30.13342478523097 346
1622726910588 -30.13342478523097 347
1622726923432 -30.13342478523097 348
1622726936887 -30.13342478523097 349
1622726950971 -30.13342478523097 350
1622726964077 -30.13342478523097 351
1622726978094 -30.13342478523097 352
1622726991120 -30.13342478523097 353
1622727004248 -30.13342478523097 354
1622727017310 -30.13342478523097 355
1622727030480 -30.13342478523097 356
1622727043617 -30.13342478523097 357
1622727056900 -30.13342478523097 358
1622727070176 -30.13342478523097 359
1622727083470 -30.13342478523097 360
1622727096789 -30.13342478523097 361
1622727110042 -30.13342478523097 362
1622727123377 -30.13342478523097 363
1622727136762 -30.13342478523097 364
1622727150202 -30.13342478523097 365
1622727163663 -30.13342478523097 366
1622727177121 -30.13342478523097 367
1622727190694 -30.13342478523097 368
1622727204117 -30.13342478523097 369
1622727217689 -30.13342478523097 370
1622727231321 -30.13342478523097 371
1622727246620 -30.13342478523097 372
1622727260984 -30.13342478523097 373
1622727274627 -30.13342478523097 374
1622727288405 -30.13342478523097 375
1622727302190 -30.13342478523097 376
1622727316277 -30.13342478523097 377
1622727330273 -30.13342478523097 378
1622727344182 -30.13342478523097 379
1622727358175 -30.13342478523097 380
1622727372624 -30.13342478523097 381
1622727386606 -30.13342478523097 382
1622727400707 -30.13342478523097 383
1622727414782 -30.13342478523097 384
1622727428894 -30.13342478523097 385
1622727443023 -30.13342478523097 386
1622727457257 -30.13342478523097 387
1622727471655 -30.13342478523097 388
1622727486170 -30.13342478523097 389
1622727500832 -30.13342478523097 390
1622727515254 -30.13342478523097 391
1622727529609 -30.13342478523097 392
1622727544112 -30.13342478523097 393
1622727559246 -30.13342478523097 394
1622727573704 -30.13342478523097 395
1622727588174 -30.13342478523097 396
1622727602784 -30.13342478523097 397
1622727617593 -30.13342478523097 398
1622727632925 -30.13342478523097 399
1622727647614 -30.13342478523097 400
1622727662312 -30.13342478523097 401
1622727676985 -30.13342478523097 402
1622727693944 -30.13342478523097 403
1622727709000 -30.13342478523097 404
1622727723775 -30.13342478523097 405
1622727738665 -30.13342478523097 406
1622727753559 -30.13342478523097 407
1622727768421 -30.13342478523097 408
1622727783395 -30.13342478523097 409
1622727798445 -30.13342478523097 410
1622727813514 -30.13342478523097 411
1622727828588 -30.13342478523097 412
1622727843705 -30.13342478523097 413
1622727859820 -30.13342478523097 414
1622727875111 -30.13342478523097 415
1622727890310 -30.13342478523097 416
1622727905618 -30.13342478523097 417
1622727920925 -30.13342478523097 418
1622727937199 -30.13342478523097 419
1622727952539 -30.13342478523097 420
1622727967960 -30.13342478523097 421
1622727983447 -30.13342478523097 422
1622727999050 -30.13342478523097 423
1622728014540 -30.13342478523097 424
1622728030234 -30.13342478523097 425
1622728045907 -30.13342478523097 426
1622728061601 -30.13342478523097 427
1622728077318 -30.13342478523097 428
1622728092993 -30.13342478523097 429
1622728108748 -30.13342478523097 430
1622728124629 -30.13342478523097 431
1622728140394 -30.13342478523097 432
1622728157505 -30.13342478523097 433
1622728176253 -30.13342478523097 434
1622728195104 -30.13342478523097 435
1622728211502 -30.13342478523097 436
1622728227493 -30.13342478523097 437
1622728243580 -30.13342478523097 438
1622728259740 -30.13342478523097 439
1622728275892 -30.13342478523097 440
1622728292008 -30.13342478523097 441
1622728308224 -30.13342478523097 442
1622728324492 -30.13342478523097 443
1622728340856 -30.13342478523097 444
1622728357220 -30.13342478523097 445
1622728373654 -30.13342478523097 446
1622728390091 -30.13342478523097 447
1622728406482 -30.13342478523097 448
1622728422917 -30.13342478523097 449
1622728439406 -30.13342478523097 450
1622728455824 -30.13342478523097 451
1622728472209 -30.13342478523097 452
1622728488772 -30.13342478523097 453
1622728505492 -30.13342478523097 454
1622728522132 -30.13342478523097 455
1622728538814 -30.13342478523097 456
1622728555651 -30.13342478523097 457
1622728572341 -30.13342478523097 458
1622728589014 -30.13342478523097 459
1622728605836 -30.13342478523097 460
1622728622700 -30.13342478523097 461
1622728639688 -30.13342478523097 462
1622728656640 -30.13342478523097 463
1622728673630 -30.13342478523097 464
1622728690844 -30.13342478523097 465
1622728708116 -30.13342478523097 466
1622728725477 -30.13342478523097 467
1622728742979 -30.13342478523097 468
1622728760408 -30.13342478523097 469
1622728777894 -30.13342478523097 470
1622728795142 -30.13342478523097 471
1622728812552 -30.13342478523097 472
1622728829837 -30.13342478523097 473
1622728847238 -30.13342478523097 474
1622728864542 -30.13342478523097 475
1622728882176 -30.13342478523097 476
1622728899808 -30.13342478523097 477
1622728917492 -30.13342478523097 478
1622728935135 -30.13342478523097 479
1622728952787 -30.13342478523097 480
1622728970531 -30.13342478523097 481
1622728988269 -30.13342478523097 482
1622729006073 -30.13342478523097 483
1622729023904 -30.13342478523097 484
1622729041824 -30.13342478523097 485
1622729059744 -30.13342478523097 486
1622729077688 -30.13342478523097 487
1622729095712 -30.13342478523097 488
1622729114004 -30.13342478523097 489
1622729132780 -30.13342478523097 490
1622729150795 -30.13342478523097 491
1622729168837 -30.13342478523097 492
1622729186992 -30.13342478523097 493
1622729205241 -30.13342478523097 494
1622729223396 -30.13342478523097 495
1622729241641 -30.13342478523097 496
1622729259827 -30.13342478523097 497
1622729278066 -30.13342478523097 498
1622729296437 -30.13342478523097 499
1622729314855 -30.13342478523097 500
