1622724267774 0.006 0
1622724268325 0.436 1
1622724268885 0.444 2
1622724269472 0.469 3
1622724270103 0.513 4
1622724270764 0.546 5
1622724271470 0.592 6
1622724272194 0.609 7
1622724272950 0.641 8
1622724273754 0.693 9
1622724274590 0.725 10
1622724275465 0.763 11
1622724276363 0.786 12
1622724277306 0.828 13
1622724278295 0.876 14
1622724279321 0.913 15
1622724280353 0.918 16
1622724281458 0.991 17
1622724282587 1.017 18
1622724283738 1.038 19
1622724284949 1.099 20
1622724286173 1.112 21
1622724287453 1.167 22
1622724288766 1.201 23
1622724290086 1.207 24
1622724291467 1.268 25
1622724292892 1.31 26
1622724294371 1.364 27
1622724295876 1.391 28
1622724297435 1.443 29
1622724299005 1.456 30
1622724300574 1.459 31
1622724302216 1.532 32
1622724303886 1.556 33
1622724305574 1.577 34
1622724307287 1.6 35
1622724309065 1.664 36
1622724310893 1.715 37
1622724312732 1.729 38
1622724314603 1.759 39
1622724316531 1.818 40
1622724318472 1.83 41
1622724320461 1.878 42
1622724322457 1.883 43
1622724324534 1.966 44
1622724326625 1.982 45
1622724328766 2.031 46
1622724330953 2.076 47
1622724333168 2.104 48
1622724335396 2.117 49
1622724337667 2.159 50
1622724339996 2.217 51
1622724342347 2.243 52
1622724344732 2.275 53
1622724347147 2.303 54
1622724349611 2.352 55
1622724352124 2.402 56
1622724354617 2.382 57
1622724357178 2.451 58
1622724359750 2.459 59
1622724362423 2.56 60
1622724365109 2.574 61
1622724367845 2.624 62
1622724370595 2.638 63
1622724373359 2.651 64
1622724376156 2.682 65
1622724379020 2.751 66
1622724381924 2.791 67
1622724384867 2.832 68
1622724387846 2.866 69
1622724390846 2.887 70
1622724393892 2.932 71
1622724396978 2.97 72
1622724400086 2.995 73
1622724403216 3.018 74
1622724406410 3.081 75
1622724409639 3.114 76
1622724412873 3.118 77
1622724416171 3.182 78
1622724419515 3.233 79
1622724422848 3.222 80
1622724426267 3.305 81
1622724429717 3.336 82
1622724433187 3.359 83
1622724436681 3.384 84
1622724440204 3.414 85
1622724443762 3.449 86
1622724447364 3.493 87
1622724450998 3.523 88
1622724454663 3.553 89
1622724458337 3.561 90
1622724462069 3.621 91
1622724465838 3.655 92
1622724469637 3.685 93
1622724473484 3.735 94
1622724477388 3.792 95
1622724481289 3.79 96
1622724485213 3.812 97
1622724489209 3.884 98
1622724493255 3.935 99
1622724497319 3.951 100
1622724501432 4.0 101
1622724505549 4.005 102
1622724509726 4.063 103
1622724513959 4.122 104
1622724518166 4.094 105
1622724522450 4.169 106
1622724526769 4.206 107
1622724531144 4.26 108
1622724535542 4.285 109
1622724539952 4.295 110
1622724544439 4.376 111
1622724548935 4.384 112
1622724553465 4.419 113
1622724558008 4.432 114
1622724562599 4.479 115
1622724567199 4.488 116
1622724571896 4.587 117
1622724576626 4.618 118
1622724581361 4.623 119
1622724586160 4.686 120
1622724590986 4.716 121
1622724595810 4.712 122
1622724600698 4.776 123
1622724605621 4.813 124
1622724610571 4.838 125
1622724615569 4.885 126
1622724620568 4.886 127
1622724625595 4.917 128
1622724630700 4.995 129
1622724635868 5.057 130
1622724641076 5.096 131
1622724646293 5.102 132
1622724651592 5.186 133
1622724656869 5.166 134
1622724662283 5.305 135
1622724667619 5.225 136
1622724673020 5.29 137
1622724678504 5.374 138
1622724683968 5.354 139
1622724689464 5.384 140
1622724695088 5.511 141
1622724700688 5.486 142
1622724706313 5.513 143
1622724712001 5.576 144
1622724717698 5.585 145
1622724723452 5.642 146
1622724729193 5.628 147
1622724735021 5.713 148
1622724740842 5.71 149
1622724746771 5.817 150
1622724752690 5.806 151
1622724758587 5.786 152
1622724764580 5.881 153
1622724770613 5.922 154
1622724776721 5.997 155
1622724782783 5.95 156
1622724788941 6.045 157
1622724795183 6.129 158
1622724801406 6.111 159
1622724807604 6.085 160
1622724813887 6.17 161
1622724820287 6.287 162
1622724826724 6.323 163
1622724833143 6.306 164
1622724839542 6.286 165
1622724846003 6.349 166
1622724852551 6.436 167
1622724859054 6.39 168
1622724865648 6.481 169
1622724872299 6.538 170
1622724878885 6.473 171
1622724885603 6.606 172
1622724892332 6.617 173
1622724899064 6.618 174
1622724905846 6.669 175
1622724912639 6.678 176
1622724919459 6.707 177
1622724926384 6.813 178
1622724933287 6.79 179
1622724940262 6.862 180
1622724947237 6.862 181
1622724954256 6.906 182
1622724961314 6.943 183
1622724968392 6.967 184
1622724975528 7.024 185
1622724982662 7.022 186
1622724989837 7.063 187
1622724997131 7.181 188
1622725004433 7.192 189
1622725011773 7.226 190
1622725019162 7.278 191
1622725026603 7.33 192
1622725034072 7.357 193
1622725041532 7.35 194
1622725049027 7.384 195
1622725056543 7.405 196
1622725064116 7.462 197
1622725071687 7.459 198
1622725079374 7.574 199
1622725087032 7.545 200
1622725094694 7.55 201
1622725102498 7.693 202
1622725110330 7.721 203
1622725118207 7.762 204
1622725126050 7.731 205
1622725133951 7.788 206
1622725141851 7.79 207
1622725149760 7.799 208
1622725157767 7.895 209
1622725165825 7.946 210
1622725173879 7.943 211
1622725181956 7.964 212
1622725190115 8.045 213
1622725198333 8.104 214
1622725206527 8.082 215
1622725214725 8.088 216
1622725223026 8.184 217
1622725231381 8.242 218
1622725239757 8.265 219
1622725248190 8.322 220
1622725256644 8.342 221
1622725265199 8.441 222
1622725273762 8.453 223
1622725282364 8.487 224
1622725290963 8.487 225
1622725299536 8.463 226
1622725308332 8.682 227
1622725316988 8.544 228
1622725325728 8.629 229
1622725334533 8.694 230
1622725343276 8.632 231
1622725352127 8.74 232
1622725361033 8.795 233
1622725369944 8.801 234
1622725378902 8.844 235
1622725387895 8.879 236
1622725396882 8.877 237
1622725405952 8.955 238
1622725415010 8.945 239
1622725424157 9.037 240
1622725433327 9.058 241
1622725442420 8.981 242
1622725451656 9.123 243
1622725460950 9.184 244
1622725470208 9.144 245
1622725479492 9.172 246
1622725488907 9.305 247
1622725498434 9.416 248
1622725507891 9.346 249
1622725517427 9.426 250
1622725527024 9.485 251
1622725536659 9.525 252
1622725546288 9.517 253
1622725555898 9.499 254
1622725565625 9.614 255
1622725575307 9.571 256
1622725584981 9.56 257
1622725594643 9.551 258
1622725604481 9.724 259
1622725614354 9.762 260
1622725624247 9.783 261
1622725634113 9.751 262
1622725644111 9.885 263
1622725654101 9.877 264
1622725664136 9.924 265
1622725674189 9.94 266
1622725684287 9.988 267
1622725694493 10.094 268
1622725704642 10.037 269
1622725714896 10.141 270
1622725725238 10.231 271
1622725735569 10.219 272
1622725745940 10.257 273
1622725756346 10.291 274
1622725766782 10.324 275
1622725777197 10.302 276
1622725787677 10.368 277
1622725798200 10.411 278
1622725808810 10.5 279
1622725819359 10.438 280
1622725829940 10.47 281
1622725840673 10.622 282
1622725851300 10.515 283
1622725862074 10.66 284
1622725872767 10.582 285
1622725883656 10.777 286
1622725894370 10.604 287
1622725905256 10.772 288
1622725916155 10.787 289
1622725927029 10.762 290
1622725938003 10.86 291
1622725949003 10.885 292
1622725960142 11.026 293
1622725971329 11.074 294
1622725982472 11.029 295
1622725993667 11.082 296
1622726004947 11.168 297
1622726016218 11.158 298
1622726027485 11.156 299
1622726038809 11.21 300
1622726050186 11.264 301
1622726061606 11.307 302
1622726073025 11.307 303
1622726084463 11.324 304
1622726096007 11.433 305
1622726107490 11.372 306
1622726119000 11.398 307
1622726130543 11.432 308
1622726142117 11.461 309
1622726153730 11.499 310
1622726165422 11.578 311
1622726177089 11.555 312
1622726188794 11.594 313
1622726200483 11.578 314
1622726212311 11.715 315
1622726224181 11.757 316
1622726236037 11.744 317
1622726247924 11.773 318
1622726259901 11.864 319
1622726271944 11.93 320
1622726283925 11.871 321
1622726295987 11.951 322
1622726308125 12.027 323
1622726320282 12.045 324
1622726332528 12.131 325
1622726344823 12.178 326
1622726357020 12.085 327
1622726369241 12.109 328
1622726381565 12.209 329
1622726394020 12.339 330
1622726406431 12.299 331
1622726418923 12.379 332
1622726431400 12.365 333
1622726443922 12.41 334
1622726456367 12.332 335
1622726469065 12.587 336
1622726481724 12.546 337
1622726494407 12.569 338
1622726507208 12.689 339
1622726519997 12.675 340
1622726532771 12.659 341
1622726545612 12.729 342
1622726558438 12.713 343
1622726571409 12.859 344
1622726584328 12.807 345
1622726597332 12.892 346
1622726610300 12.857 347
1622726623294 12.882 348
1622726636371 12.966 349
1622726649502 13.018 350
1622726662680 13.064 351
1622726675884 13.092 352
1622726689053 13.056 353
1622726702206 13.04 354
1622726715453 13.134 355
1622726728690 13.124 356
1622726742067 13.263 357
1622726755480 13.302 358
1622726769014 13.422 359
1622726782438 13.309 360
1622726795984 13.433 361
1622726809575 13.471 362
1622726823076 13.386 363
1622726836790 13.601 364
1622726850431 13.523 365
1622726864114 13.573 366
1622726877954 13.725 367
1622726891806 13.713 368
1622726905751 13.819 369
1622726919603 13.738 370
1622726933552 13.838 371
1622726947416 13.751 372
1622726961380 13.852 373
1622726975350 13.859 374
1622726989367 13.903 375
1622727003314 13.833 376
1622727017373 13.949 377
1622727031560 14.073 378
1622727045681 14.011 379
1622727059866 14.071 380
1622727074121 14.143 381
1622727088461 14.226 382
1622727102730 14.156 383
1622727116959 14.112 384
1622727131328 14.258 385
1622727145800 14.359 386
1622727160274 14.36 387
1622727174832 14.447 388
1622727189564 14.618 389
1622727204267 14.591 390
1622727218825 14.444 391
1622727233355 14.417 392
1622727247998 14.53 393
1622727262805 14.693 394
1622727277693 14.774 395
1622727292643 14.836 396
1622727307583 14.824 397
1622727322645 14.949 398
1622727337769 15.013 399
1622727352672 14.792 400
1622727367605 14.819 401
1622727382606 14.891 402
1622727397701 14.982 403
1622727413121 15.308 404
1622727428474 15.24 405
1622727443978 15.39 406
1622727459271 15.182 407
1622727474537 15.153 408
1622727489831 15.178 409
1622727505198 15.255 410
1622727520147 14.831 411
1622727535323 15.065 412
1622727550269 14.834 413
1622727565329 14.947 414
1622727580334 14.893 415
1622727595419 14.975 416
1622727610651 15.121 417
1622727625903 15.138 418
1622727641199 15.182 419
1622727656499 15.188 420
1622727671833 15.224 421
1622727687221 15.276 422
1622727702710 15.378 423
1622727718302 15.482 424
1622727734040 15.627 425
1622727749693 15.539 426
1622727765321 15.519 427
1622727781002 15.572 428
1622727796932 15.816 429
1622727812823 15.773 430
1622727828579 15.639 431
1622727844527 15.834 432
1622727860583 15.942 433
1622727876596 15.898 434
1622727892656 15.946 435
1622727908635 15.865 436
1622727924631 15.883 437
1622727941000 16.255 438
1622727957125 16.013 439
1622727973415 16.179 440
1622727989647 16.119 441
1622728005987 16.229 442
1622728022336 16.234 443
1622728038641 16.193 444
1622728054874 16.122 445
1622728071180 16.196 446
1622728087553 16.261 447
1622728103964 16.299 448
1622728120487 16.411 449
1622728136817 16.222 450
1622728153110 16.181 451
1622728169505 16.28 452
1622728186000 16.379 453
1622728202604 16.496 454
1622728218863 16.149 455
1622728235191 16.219 456
1622728251675 16.375 457
1622728268181 16.397 458
1622728284749 16.459 459
1622728301460 16.603 460
1622728318127 16.557 461
1622728334840 16.604 462
1622728351646 16.695 463
1622728368537 16.782 464
1622728385562 16.913 465
1622728402763 17.09 466
1622728419663 16.789 467
1622728436615 16.841 468
1622728453500 16.772 469
1622728470764 17.152 470
1622728488052 17.175 471
1622728505396 17.233 472
1622728522847 17.338 473
1622728540378 17.419 474
1622728557872 17.38 475
1622728575708 17.724 476
1622728593634 17.811 477
1622728611479 17.732 478
1622728629299 17.706 479
1622728646178 16.768 480
1622728662808 16.516 481
1622728680533 17.612 482
1622728697801 17.154 483
1622728714946 17.03 484
1622728732092 17.026 485
1622728749370 17.163 486
1622728766629 17.147 487
1622728784785 18.043 488
1622728802990 18.095 489
1622728820967 17.865 490
1622728839137 18.059 491
1622728856707 17.461 492
1622728874057 17.239 493
1622728891511 17.344 494
1622728909176 17.558 495
1622728926925 17.64 496
1622728944995 17.964 497
1622728962691 17.588 498
1622728979860 17.063 499
1622728996725 16.758 500
