1622649820548 1.26 0
1622649822467 0.25 1
1622649824332 0.25 2
1622649826421 0.259 3
1622649828624 0.25 4
1622649831019 0.252 5
1622649833570 0.252 6
1622649836273 0.251 7
1622649839117 0.252 8
1622649842160 0.251 9
1622649845296 0.253 10
1622649848633 0.251 11
1622649852115 0.25 12
1622649855734 0.252 13
1622649859531 0.253 14
1622649863572 0.254 15
1622649867597 0.251 16
1622649871863 0.251 17
1622649876341 0.251 18
1622649880985 0.253 19
1622649885783 0.25 20
1622649890687 0.25 21
1622649895750 0.25 22
1622649901012 0.251 23
1622649906464 0.252 24
1622649912078 0.251 25
1622649917755 0.254 26
1622649923630 0.252 27
1622649929570 0.25 28
1622649935679 0.25 29
1622649941905 0.252 30
1622649948359 0.25 31
1622649954959 0.249 32
1622649961762 0.249 33
1622649968556 0.251 34
1622649975685 0.252 35
1622649982919 0.251 36
1622649990409 0.25 37
1622649998029 0.252 38
1622650005701 0.253 39
1622650013633 0.251 40
1622650021564 0.25 41
1622650029814 0.249 42
1622650038194 0.251 43
1622650046782 0.249 44
1622650055510 0.252 45
1622650064273 0.255 46
1622650073310 0.259 47
1622650082509 0.251 48
1622650091731 0.25 49
1622650101229 0.251 50
1622650110744 0.252 51
1622650120608 0.251 52
1622650130652 0.251 53
1622650140775 0.251 54
1622650151008 0.253 55
1622650161558 0.251 56
1622650172092 0.25 57
1622650182974 0.25 58
1622650193838 0.251 59
1622650204899 0.25 60
1622650216187 0.25 61
1622650227480 0.253 62
1622650239036 0.25 63
1622650250808 0.252 64
1622650262721 0.25 65
1622650274864 0.251 66
1622650287127 0.251 67
1622650299542 0.251 68
1622650312073 0.251 69
1622650324718 0.251 70
1622650337515 0.25 71
1622650350449 0.252 72
1622650363588 0.254 73
1622650376873 0.264 74
1622650390318 0.25 75
1622650403799 0.25 76
1622650417540 0.249 77
1622650431562 0.25 78
1622650445534 0.249 79
1622650459771 0.251 80
1622650474031 0.249 81
1622650488546 0.252 82
1622650503319 0.249 83
1622650518346 0.251 84
1622650533333 0.25 85
1622650548712 0.253 86
1622650563805 0.251 87
1622650579206 0.251 88
1622650594766 0.25 89
1622650610571 0.251 90
1622650626451 0.25 91
1622650642568 0.251 92
1622650658859 0.25 93
1622650675347 0.252 94
1622650691865 0.252 95
1622650708737 0.249 96
1622650725489 0.252 97
1622650742525 0.251 98
1622650759823 0.253 99
1622650777328 0.25 100
1622650795035 0.253 101
1622650812788 0.249 102
1622650830781 0.25 103
1622650848689 0.249 104
1622650866914 0.251 105
1622650885216 0.249 106
1622650903582 0.249 107
1622650922179 0.26 108
1622650940870 0.251 109
1622650959801 0.251 110
1622650978794 0.251 111
1622650998104 0.25 112
1622651017597 0.25 113
1622651037134 0.251 114
1622651056896 0.251 115
1622651076928 0.25 116
1622651097090 0.25 117
1622651117353 0.25 118
1622651137692 0.25 119
1622651158323 0.251 120
1622651179067 0.251 121
1622651199824 0.249 122
1622651220688 0.252 123
1622651241932 0.251 124
1622651263367 0.253 125
1622651284746 0.25 126
1622651306246 0.249 127
1622651328307 0.251 128
1622651350453 0.251 129
1622651372638 0.252 130
1622651394709 0.251 131
1622651417050 0.249 132
1622651439638 0.252 133
1622651462339 0.253 134
1622651485219 0.25 135
1622651508310 0.251 136
1622651531379 0.251 137
1622651554783 0.25 138
1622651578210 0.249 139
1622651601918 0.251 140
1622651625737 0.249 141
1622651649743 0.249 142
1622651673701 0.25 143
1622651697878 0.252 144
1622651722578 0.25 145
1622651747313 0.251 146
1622651772080 0.249 147
1622651797066 0.251 148
1622651822276 0.249 149
1622651847505 0.251 150
1622651873107 0.251 151
1622651898557 0.252 152
1622651924233 0.25 153
1622651950084 0.258 154
1622651976189 0.248 155
1622652002386 0.25 156
1622652028665 0.249 157
1622652055294 0.25 158
1622652082002 0.253 159
1622652108903 0.249 160
1622652135920 0.249 161
1622652163117 0.251 162
1622652190304 0.25 163
1622652217641 0.251 164
1622652245187 0.249 165
1622652272769 0.253 166
1622652300776 0.251 167
1622652328917 0.251 168
1622652357283 0.254 169
1622652385677 0.249 170
1622652414130 0.249 171
1622652442706 0.251 172
1622652471626 0.253 173
1622652500902 0.253 174
1622652529840 0.25 175
1622652559133 0.251 176
1622652588686 0.25 177
1622652618425 0.25 178
1622652648415 0.248 179
1622652678350 0.254 180
1622652708574 0.249 181
1622652738767 0.249 182
1622652768949 0.249 183
1622652799511 0.253 184
1622652830519 0.249 185
1622652861426 0.251 186
1622652892735 0.251 187
1622652923898 0.248 188
1622652955148 0.25 189
1622652986541 0.255 190
1622653018336 0.252 191
1622653050166 0.252 192
1622653082087 0.249 193
1622653114208 0.25 194
1622653146466 0.249 195
1622653178902 0.253 196
1622653211347 0.249 197
1622653244164 0.25 198
1622653277346 0.259 199
1622653310561 0.253 200
1622653343799 0.252 201
1622653377208 0.25 202
1622653410849 0.252 203
1622653444543 0.249 204
1622653478288 0.249 205
1622653512391 0.25 206
1622653546785 0.248 207
1622653581316 0.252 208
1622653615787 0.251 209
1622653650680 0.252 210
1622653685338 0.251 211
1622653720325 0.249 212
1622653755719 0.251 213
1622653791195 0.253 214
1622653826604 0.252 215
1622653862542 0.251 216
1622653898270 0.251 217
1622653934471 0.251 218
1622653970823 0.252 219
1622654006875 0.253 220
1622654043163 0.249 221
1622654079659 0.252 222
1622654116305 0.248 223
1622654153326 0.249 224
1622654190602 0.25 225
1622654227833 0.252 226
1622654265368 0.25 227
1622654302726 0.249 228
1622654340602 0.25 229
1622654378363 0.251 230
1622654416238 0.251 231
1622654454220 0.251 232
1622654492435 0.251 233
1622654530997 0.251 234
1622654569470 0.25 235
1622654608668 0.252 236
1622654647349 0.247 237
1622654686579 0.251 238
1622654725979 0.25 239
1622654765294 0.249 240
1622654804981 0.25 241
1622654844837 0.249 242
1622654884798 0.249 243
1622654925147 0.249 244
1622654965300 0.252 245
1622655005588 0.251 246
1622655046041 0.254 247
1622655086712 0.253 248
1622655127601 0.249 249
1622655168810 0.25 250
1622655210151 0.249 251
1622655251504 0.249 252
1622655292759 0.254 253
1622655334423 0.252 254
1622655376181 0.248 255
1622655417811 0.253 256
1622655459959 0.25 257
1622655502388 0.25 258
1622655544935 0.25 259
1622655587700 0.25 260
1622655630390 0.249 261
1622655673310 0.25 262
1622655716515 0.249 263
1622655759980 0.249 264
1622655803539 0.251 265
1622655847453 0.249 266
1622655891178 0.25 267
1622655934949 0.252 268
1622655978764 0.251 269
1622656023236 0.25 270
1622656067739 0.251 271
1622656112480 0.252 272
1622656157260 0.25 273
1622656201872 0.254 274
1622656247055 0.249 275
1622656292257 0.249 276
1622656337593 0.25 277
1622656383322 0.251 278
1622656428898 0.251 279
1622656474815 0.251 280
1622656521061 0.251 281
1622656566756 0.253 282
1622656613208 0.252 283
1622656659650 0.249 284
1622656706206 0.252 285
1622656753057 0.251 286
1622656800135 0.249 287
1622656847124 0.25 288
1622656894001 0.252 289
1622656941229 0.251 290
1622656988607 0.25 291
1622657035979 0.25 292
1622657084017 0.251 293
1622657131970 0.252 294
1622657180127 0.25 295
1622657228022 0.25 296
1622657276436 0.252 297
1622657325161 0.25 298
1622657373812 0.252 299
1622657422751 0.253 300
1622657471874 0.254 301
1622657520987 0.252 302
1622657570511 0.248 303
1622657619990 0.249 304
1622657669704 0.251 305
1622657719506 0.25 306
1622657769702 0.249 307
1622657819817 0.251 308
1622657870203 0.254 309
1622657920515 0.25 310
1622657971319 0.25 311
1622658022286 0.25 312
1622658073085 0.25 313
1622658124243 0.25 314
1622658175748 0.25 315
1622658227144 0.251 316
1622658278886 0.249 317
1622658330716 0.25 318
1622658382881 0.25 319
1622658434952 0.252 320
1622658487505 0.251 321
1622658539994 0.25 322
1622658592830 0.251 323
1622658645675 0.251 324
1622658698517 0.251 325
1622658751497 0.249 326
1622658805076 0.251 327
1622658858692 0.251 328
1622658912041 0.25 329
1622658965762 0.252 330
1622659019389 0.248 331
1622659073309 0.251 332
1622659127615 0.249 333
1622659182070 0.25 334
1622659236569 0.253 335
1622659291266 0.25 336
1622659346070 0.251 337
1622659401253 0.25 338
1622659456300 0.25 339
1622659511286 0.253 340
1622659566685 0.25 341
1622659622243 0.252 342
1622659678044 0.253 343
1622659733558 0.248 344
1622659789517 0.253 345
1622659845826 0.251 346
1622659902193 0.248 347
1622659958610 0.251 348
1622660015021 0.249 349
1622660072063 0.252 350
1622660129127 0.25 351
1622660186128 0.25 352
1622660243641 0.251 353
1622660301353 0.252 354
1622660358789 0.249 355
1622660416543 0.251 356
1622660474340 0.251 357
1622660532071 0.254 358
1622660590191 0.25 359
1622660648194 0.251 360
1622660706725 0.251 361
1622660765417 0.251 362
1622660824210 0.253 363
1622660883172 0.25 364
1622660942424 0.251 365
1622661001951 0.248 366
1622661061459 0.25 367
1622661121431 0.25 368
1622661180926 0.251 369
1622661240784 0.252 370
1622661300540 0.25 371
1622661360876 0.251 372
1622661421298 0.249 373
1622661481939 0.252 374
1622661542503 0.252 375
1622661603531 0.25 376
1622661664394 0.249 377
1622661725423 0.251 378
1622661786468 0.251 379
1622661847849 0.247 380
1622661909591 0.249 381
1622661971318 0.248 382
1622662033425 0.249 383
1622662095827 0.251 384
1622662157782 0.251 385
1622662220215 0.252 386
1622662282820 0.254 387
1622662345517 0.25 388
1622662408662 0.253 389
1622662471955 0.249 390
1622662534933 0.248 391
1622662598157 0.251 392
1622662661841 0.25 393
1622662725453 0.25 394
1622662789219 0.251 395
1622662853034 0.25 396
1622662917424 0.249 397
1622662981889 0.249 398
1622663046514 0.25 399
1622663111465 0.251 400
1622663176078 0.25 401
1622663241038 0.25 402
1622663305998 0.255 403
1622663371359 0.249 404
1622663436798 0.254 405
1622663502493 0.251 406
1622663568194 0.252 407
1622663634361 0.252 408
1622663700425 0.252 409
1622663766483 0.249 410
1622663832634 0.25 411
1622663899500 0.251 412
1622663966335 0.25 413
1622664033391 0.249 414
1622664100654 0.249 415
1622664167841 0.248 416
1622664235144 0.251 417
1622664302878 0.249 418
1622664370537 0.253 419
1622664438300 0.249 420
1622664506546 0.248 421
1622664574453 0.25 422
1622664642999 0.251 423
1622664711350 0.254 424
1622664779969 0.249 425
1622664849095 0.249 426
1622664918083 0.249 427
1622664986785 0.25 428
1622665056160 0.252 429
1622665125753 0.25 430
1622665195304 0.251 431
1622665265326 0.251 432
1622665335510 0.248 433
1622665405876 0.249 434
1622665476208 0.251 435
1622665546408 0.252 436
1622665616958 0.25 437
1622665687687 0.248 438
1622665758736 0.25 439
1622665829693 0.25 440
1622665900598 0.25 441
1622665971879 0.25 442
1622666043264 0.249 443
1622666114902 0.25 444
1622666186447 0.255 445
1622666258659 0.249 446
1622666330659 0.25 447
1622666402535 0.251 448
1622666474769 0.25 449
1622666547011 0.25 450
1622666619520 0.249 451
1622666692200 0.249 452
1622666764980 0.251 453
1622666838170 0.254 454
1622666911344 0.25 455
1622666984674 0.252 456
1622667058477 0.25 457
1622667132753 0.25 458
1622667206696 0.251 459
1622667280479 0.251 460
1622667354791 0.25 461
1622667429346 0.249 462
1622667504284 0.251 463
1622667579020 0.251 464
1622667653587 0.251 465
1622667728570 0.249 466
1622667803647 0.252 467
1622667879459 0.25 468
1622667955123 0.249 469
1622668030768 0.25 470
1622668106571 0.25 471
1622668182942 0.249 472
1622668259042 0.25 473
1622668335377 0.249 474
1622668412044 0.252 475
1622668488681 0.249 476
1622668565430 0.25 477
1622668642174 0.252 478
1622668719549 0.25 479
1622668796886 0.254 480
1622668874450 0.253 481
1622668952589 0.254 482
1622669030939 0.251 483
1622669108735 0.25 484
1622669186635 0.249 485
1622669264748 0.253 486
1622669343038 0.252 487
1622669421232 0.249 488
1622669499626 0.25 489
1622669578149 0.252 490
1622669657463 0.252 491
1622669736329 0.25 492
1622669815553 0.25 493
1622669895068 0.251 494
1622669974619 0.251 495
1622670054192 0.249 496
1622670134095 0.249 497
1622670214382 0.256 498
1622670294963 0.249 499
1622670375250 0.25 500
