1622606421908 50 0
1622606422459 60 1
1622606423024 70 2
1622606423640 80 3
1622606424272 90 4
1622606424949 100 5
1622606425629 110 6
1622606426351 120 7
1622606427101 130 8
1622606427880 140 9
1622606428689 150 10
1622606429544 160 11
1622606430412 170 12
1622606431335 180 13
1622606432296 190 14
1622606433290 200 15
1622606434323 210 16
1622606435398 220 17
1622606436496 230 18
1622606437618 240 19
1622606438770 250 20
1622606439970 260 21
1622606441217 270 22
1622606442506 280 23
1622606443793 290 24
1622606445135 300 25
1622606446523 310 26
1622606448351 320 27
1622606449888 330 28
1622606451385 340 29
1622606452928 350 30
1622606454502 360 31
1622606456125 370 32
1622606457771 380 33
1622606459455 390 34
1622606461155 400 35
1622606462916 410 36
1622606464666 420 37
1622606466489 430 38
1622606468352 440 39
1622606470213 450 40
1622606472148 460 41
1622606474080 470 42
1622606476080 480 43
1622606478112 490 44
1622606480183 500 45
1622606482287 510 46
1622606484549 520 47
1622606486722 530 48
1622606488911 540 49
1622606491151 550 50
1622606493410 560 51
1622606495757 570 52
1622606498114 580 53
1622606500467 590 54
1622606502901 600 55
1622606505368 610 56
1622606507870 620 57
1622606510404 630 58
1622606513013 640 59
1622606515655 650 60
1622606518307 660 61
1622606521008 670 62
1622606523731 680 63
1622606526503 690 64
1622606529491 700 65
1622606532367 710 66
1622606535365 720 67
1622606538278 730 68
1622606541188 740 69
1622606544164 750 70
1622606547159 760 71
1622606550438 770 72
1622606553521 780 73
1622606556636 790 74
1622606559839 800 75
1622606563068 810 76
1622606566342 820 77
1622606569626 830 78
1622606572864 840 79
1622606576189 850 80
1622606579503 860 81
1622606582916 870 82
1622606586342 880 83
1622606589837 890 84
1622606593331 900 85
1622606596864 910 86
1622606600451 920 87
1622606604045 930 88
1622606608663 940 89
1622606612315 950 90
1622606616021 960 91
1622606619850 970 92
1622606624297 980 93
1622606628982 990 94
1622606633025 1000 95
1622606637777 1010 96
1622606641703 1020 97
1622606645649 1030 98
1622606649637 1040 99
1622606653672 1050 100
1622606657758 1060 101
1622606661926 1070 102
1622606666218 1080 103
1622606671340 1090 104
1622606675513 1100 105
1622606679748 1110 106
1622606684044 1120 107
1622606688484 1130 108
1622606693085 1140 109
1622606697786 1150 110
1622606702425 1160 111
1622606707244 1170 112
1622606712096 1180 113
1622606716993 1190 114
1622606721810 1200 115
1622606726583 1210 116
1622606731705 1220 117
1622606736486 1230 118
1622606741490 1240 119
1622606746497 1250 120
1622606751476 1260 121
1622606756320 1270 122
1622606761205 1280 123
1622606766352 1290 124
1622606771860 1300 125
1622606777081 1310 126
1622606782090 1320 127
1622606787149 1330 128
1622606792206 1340 129
1622606797348 1350 130
1622606802502 1360 131
1622606808658 1370 132
1622606814128 1380 133
1622606819820 1390 134
1622606825201 1400 135
1622606830847 1410 136
1622606836620 1420 137
1622606842227 1430 138
1622606847639 1440 139
1622606853342 1450 140
1622606859087 1460 141
1622606865518 1470 142
1622606871048 1480 143
1622606876619 1490 144
1622606882323 1500 145
1622606887979 1510 146
1622606893785 1520 147
1622606899577 1530 148
1622606905386 1540 149
1622606911283 1550 150
1622606917127 1560 151
1622606923215 1570 152
1622606929606 1580 153
1622606935641 1590 154
1622606942577 1600 155
1622606948886 1610 156
1622606954950 1620 157
1622606961083 1630 158
1622606967255 1640 159
1622606973468 1650 160
1622606980223 1660 161
1622606986892 1670 162
1622606993486 1680 163
1622607000127 1690 164
1622607006609 1700 165
1622607013078 1710 166
1622607019553 1720 167
1622607026055 1730 168
1622607032548 1740 169
1622607039078 1750 170
1622607045658 1760 171
1622607053431 1770 172
1622607060395 1780 173
1622607067087 1790 174
1622607073796 1800 175
1622607080622 1810 176
1622607087403 1820 177
1622607094176 1830 178
1622607101198 1840 179
1622607109046 1850 180
1622607116048 1860 181
1622607124084 1870 182
1622607132105 1880 183
1622607140516 1890 184
1622607148804 1900 185
1622607156285 1910 186
1622607163422 1920 187
1622607170912 1930 188
1622607179219 1940 189
1622607187170 1950 190
1622607194359 1960 191
1622607201692 1970 192
1622607209089 1980 193
1622607216455 1990 194
1622607224090 2000 195
1622607232042 2010 196
1622607239992 2020 197
1622607247536 2030 198
1622607255035 2040 199
1622607262633 2050 200
1622607270312 2060 201
1622607278362 2070 202
1622607286071 2080 203
1622607293844 2090 204
1622607302369 2100 205
1622607310124 2110 206
1622607317931 2120 207
1622607325818 2130 208
1622607334772 2140 209
1622607343485 2150 210
1622607351840 2160 211
1622607360455 2170 212
1622607369009 2180 213
1622607377311 2190 214
1622607385539 2200 215
1622607394618 2210 216
1622607403191 2220 217
1622607411677 2230 218
1622607419945 2240 219
1622607428293 2250 220
1622607437654 2260 221
1622607446089 2270 222
1622607454530 2280 223
1622607463062 2290 224
1622607472524 2300 225
1622607481032 2310 226
1622607490465 2320 227
1622607499819 2330 228
1622607508475 2340 229
1622607517405 2350 230
1622607527073 2360 231
1622607535827 2370 232
1622607545299 2380 233
1622607554650 2390 234
1622607563528 2400 235
1622607572459 2410 236
1622607581396 2420 237
1622607590400 2430 238
1622607599362 2440 239
1622607608407 2450 240
1622607617590 2460 241
1622607626739 2470 242
1622607636975 2480 243
1622607646577 2490 244
1622607655901 2500 245
1622607667072 2510 246
1622607676414 2520 247
1622607685789 2530 248
1622607695209 2540 249
1622607704611 2550 250
1622607714109 2560 251
1622607723595 2570 252
1622607733937 2580 253
1622607744865 2590 254
1622607755247 2600 255
1622607764850 2610 256
1622607774669 2620 257
1622607786385 2630 258
1622607796525 2640 259
1622607806372 2650 260
1622607816924 2660 261
1622607827735 2670 262
1622607837531 2680 263
1622607848071 2690 264
1622607857935 2700 265
1622607867901 2710 266
1622607877825 2720 267
1622607888833 2730 268
1622607898831 2740 269
1622607909509 2750 270
1622607920296 2760 271
1622607930599 2770 272
1622607941002 2780 273
1622607951617 2790 274
1622607961915 2800 275
1622607973250 2810 276
1622607984341 2820 277
1622607995387 2830 278
1622608005940 2840 279
1622608016679 2850 280
1622608028519 2860 281
1622608039919 2870 282
1622608051057 2880 283
1622608062473 2890 284
1622608073486 2900 285
1622608085814 2910 286
1622608098107 2920 287
1622608108849 2930 288
1622608119635 2940 289
1622608130412 2950 290
1622608141390 2960 291
1622608152334 2970 292
1622608163543 2980 293
1622608175189 2990 294
1622608186965 3000 295
1622608198264 3010 296
1622608209288 3020 297
1622608220367 3030 298
1622608231570 3040 299
1622608242768 3050 300
1622608253947 3060 301
1622608265651 3070 302
1622608277229 3080 303
1622608288835 3090 304
1622608300301 3100 305
1622608312219 3110 306
1622608323836 3120 307
1622608336088 3130 308
1622608347673 3140 309
1622608359137 3150 310
1622608370709 3160 311
1622608382454 3170 312
1622608394034 3180 313
1622608406290 3190 314
1622608418312 3200 315
1622608430088 3210 316
1622608441843 3220 317
1622608453599 3230 318
1622608467106 3240 319
1622608479636 3250 320
1622608493605 3260 321
1622608506339 3270 322
1622608518970 3280 323
1622608530952 3290 324
1622608542973 3300 325
1622608555106 3310 326
1622608567236 3320 327
1622608579353 3330 328
1622608591563 3340 329
1622608603772 3350 330
1622608616459 3360 331
1622608630959 3370 332
1622608644368 3380 333
1622608656766 3390 334
1622608669365 3400 335
1622608682206 3410 336
1622608695631 3420 337
1622608709083 3430 338
1622608722033 3440 339
1622608735122 3450 340
1622608748596 3460 341
1622608762322 3470 342
1622608775884 3480 343
1622608789933 3490 344
1622608802733 3500 345
1622608816624 3510 346
1622608830478 3520 347
1622608846221 3530 348
1622608860429 3540 349
1622608874172 3550 350
1622608887781 3560 351
1622608901788 3570 352
1622608917347 3580 353
1622608930359 3590 354
1622608944388 3600 355
1622608957504 3610 356
1622608970627 3620 357
1622608985597 3630 358
1622608999370 3640 359
1622609012604 3650 360
1622609027736 3660 361
1622609041042 3670 362
1622609055475 3680 363
1622609069517 3690 364
1622609083670 3700 365
1622609098734 3710 366
1622609112367 3720 367
1622609126423 3730 368
1622609140955 3740 369
1622609155313 3750 370
1622609170156 3760 371
1622609184355 3770 372
1622609198070 3780 373
1622609211778 3790 374
1622609225638 3800 375
1622609239450 3810 376
1622609253187 3820 377
1622609267709 3830 378
1622609282139 3840 379
1622609296103 3850 380
1622609310109 3860 381
1622609324144 3870 382
1622609338488 3880 383
1622609352689 3890 384
1622609367325 3900 385
1622609382118 3910 386
1622609396366 3920 387
1622609411264 3930 388
1622609426945 3940 389
1622609441237 3950 390
1622609457619 3960 391
1622609472459 3970 392
1622609487322 3980 393
1622609502807 3990 394
1622609518672 4000 395
1622609533704 4010 396
1622609549861 4020 397
1622609565969 4030 398
1622609581781 4040 399
1622609596604 4050 400
1622609611482 4060 401
1622609626475 4070 402
1622609641336 4080 403
1622609657071 4090 404
1622609672886 4100 405
1622609688722 4110 406
1622609703710 4120 407
1622609719099 4130 408
1622609735003 4140 409
1622609751031 4150 410
1622609767441 4160 411
1622609782691 4170 412
1622609797879 4180 413
1622609813249 4190 414
1622609828564 4200 415
1622609844567 4210 416
1622609860998 4220 417
1622609878442 4230 418
1622609894322 4240 419
1622609910904 4250 420
1622609926897 4260 421
1622609942400 4270 422
1622609958641 4280 423
1622609974402 4290 424
1622609989982 4300 425
1622610005549 4310 426
1622610021102 4320 427
1622610036782 4330 428
1622610054486 4340 429
1622610070864 4350 430
1622610087359 4360 431
1622610104103 4370 432
1622610121614 4380 433
1622610137447 4390 434
1622610153382 4400 435
1622610170207 4410 436
1622610186169 4420 437
1622610202265 4430 438
1622610218310 4440 439
1622610235740 4450 440
1622610253676 4460 441
1622610272543 4470 442
1622610288712 4480 443
1622610305309 4490 444
1622610321867 4500 445
1622610338773 4510 446
1622610355415 4520 447
1622610372545 4530 448
1622610390153 4540 449
1622610407276 4550 450
1622610425072 4560 451
1622610441655 4570 452
1622610458315 4580 453
1622610476470 4590 454
1622610493215 4600 455
1622610513174 4610 456
1622610530672 4620 457
1622610548382 4630 458
1622610565114 4640 459
1622610581914 4650 460
1622610599982 4660 461
1622610617876 4670 462
1622610634893 4680 463
1622610658450 4690 464
1622610676447 4700 465
1622610694320 4710 466
1622610711416 4720 467
1622610728448 4730 468
1622610745609 4740 469
1622610764537 4750 470
1622610784443 4760 471
1622610802486 4770 472
1622610820473 4780 473
1622610837840 4790 474
1622610856243 4800 475
1622610874326 4810 476
1622610892173 4820 477
1622610912171 4830 478
1622610931920 4840 479
1622610949380 4850 480
1622610966946 4860 481
1622610984506 4870 482
1622611002100 4880 483
1622611020033 4890 484
1622611039196 4900 485
1622611057017 4910 486
1622611075261 4920 487
1622611094127 4930 488
1622611112480 4940 489
1622611130995 4950 490
1622611148859 4960 491
1622611168550 4970 492
1622611188639 4980 493
1622611208068 4990 494
1622611227116 5000 495
1622611246423 5010 496
1622611264824 5020 497
1622611282988 5030 498
1622611301247 5040 499
1622611321127 5050 500
