1622738906804 0.374 0
1622738907314 0.45 1
1622738907843 0.526 2
1622738908403 0.602 3
1622738909015 0.6769999999999999 4
1622738909641 0.7529999999999999 5
1622738910313 0.8289999999999998 6
1622738911016 0.9039999999999998 7
1622738911770 0.9799999999999998 8
1622738912554 1.0559999999999998 9
1622738913374 1.1309999999999998 10
1622738914218 1.2059999999999997 11
1622738915125 1.2819999999999998 12
1622738916062 1.3569999999999998 13
1622738917022 1.4319999999999997 14
1622738918008 1.5069999999999997 15
1622738919033 1.5809999999999997 16
1622738920115 1.6559999999999997 17
1622738921215 1.7309999999999997 18
1622738922344 1.8059999999999996 19
1622738923512 1.8809999999999996 20
1622738924712 1.9569999999999996 21
1622738925948 2.0319999999999996 22
1622738927220 2.1059999999999994 23
1622738928534 2.1819999999999995 24
1622738929889 2.2569999999999997 25
1622738931277 2.332 26
1622738932690 2.407 27
1622738934147 2.482 28
1622738935627 2.5570000000000004 29
1622738937156 2.6320000000000006 30
1622738938724 2.7070000000000007 31
1622738940322 2.783000000000001 32
1622738941947 2.8570000000000007 33
1622738943616 2.932000000000001 34
1622738945296 3.007000000000001 35
1622738947596 3.082000000000001 36
1622738949591 3.208000000000001 37
1622738951405 3.282000000000001 38
1622738953236 3.357000000000001 39
1622738955127 3.4320000000000013 40
1622738957065 3.5080000000000013 41
1622738959039 3.5850000000000013 42
1622738961035 3.6600000000000015 43
1622738963086 3.7350000000000017 44
1622738965128 3.810000000000002 45
1622738967221 3.885000000000002 46
1622738969371 3.960000000000002 47
1622738971555 4.0340000000000025 48
1622738973782 4.109000000000003 49
1622738976040 4.184000000000003 50
1622738978319 4.258000000000003 51
1622738980634 4.333000000000003 52
1622738983004 4.4090000000000025 53
1622738985432 4.484000000000003 54
1622738987892 4.559000000000003 55
1622738990348 4.6350000000000025 56
1622738992878 4.711000000000002 57
1622738995427 4.786000000000002 58
1622738998029 4.860000000000002 59
1622739000643 4.935000000000002 60
1622739003273 5.0100000000000025 61
1622739005993 5.085000000000003 62
1622739008706 5.1590000000000025 63
1622739011467 5.234000000000003 64
1622739014290 5.310000000000002 65
1622739017119 5.3850000000000025 66
1622739019952 5.460000000000003 67
1622739022876 5.535000000000003 68
1622739025784 5.611000000000002 69
1622739028768 5.686000000000003 70
1622739031756 5.761000000000003 71
1622739034786 5.836000000000003 72
1622739037884 5.911000000000003 73
1622739041019 5.986000000000003 74
1622739044200 6.0610000000000035 75
1622739047379 6.136000000000004 76
1622739050611 6.212000000000003 77
1622739053839 6.2870000000000035 78
1622739057153 6.362000000000004 79
1622739060501 6.437000000000004 80
1622739063866 6.5130000000000035 81
1622739067293 6.587000000000003 82
1622739070743 6.6620000000000035 83
1622739074257 6.738000000000003 84
1622739077805 6.814000000000003 85
1622739081363 6.890000000000002 86
1622739084990 6.9650000000000025 87
1622739088621 7.041000000000002 88
1622739092251 7.117000000000002 89
1622739095936 7.192000000000002 90
1622739099685 7.267000000000002 91
1622739103447 7.342000000000002 92
1622739107259 7.416000000000002 93
1622739111093 7.491000000000002 94
1622739114939 7.5660000000000025 95
1622739118828 7.641000000000003 96
1622739122795 7.717000000000002 97
1622739126807 7.7920000000000025 98
1622739130792 7.867000000000003 99
1622739134842 7.942000000000003 100
1622739138934 8.017000000000003 101
1622739143081 8.092000000000002 102
1622739147259 8.167000000000002 103
1622739151464 8.241000000000001 104
1622739155683 8.316 105
1622739159952 8.391 106
1622739164240 8.467 107
1622739168568 8.541 108
1622739172937 8.618 109
1622739177367 8.693 110
1622739181782 8.767999999999999 111
1622739186249 8.842999999999998 112
1622739190774 8.918999999999999 113
1622739195353 8.992999999999999 114
1622739199966 9.067999999999998 115
1622739204611 9.142999999999997 116
1622739209284 9.217999999999996 117
1622739213938 9.293999999999997 118
1622739218641 9.367999999999997 119
1622739223413 9.442999999999996 120
1622739228220 9.517999999999995 121
1622739233296 9.602999999999996 122
1622739238138 9.677999999999995 123
1622739243084 9.753999999999996 124
1622739248063 9.829999999999997 125
1622739253051 9.904999999999996 126
1622739258080 9.979999999999995 127
1622739263138 10.055999999999996 128
1622739268261 10.130999999999995 129
1622739273385 10.205999999999994 130
1622739278579 10.281999999999995 131
1622739283749 10.356999999999994 132
1622739288993 10.431999999999993 133
1622739294247 10.506999999999993 134
1622739299536 10.582999999999993 135
1622739304909 10.657999999999992 136
1622739310300 10.732999999999992 137
1622739315759 10.807999999999991 138
1622739321242 10.88199999999999 139
1622739326741 10.95699999999999 140
1622739332270 11.03199999999999 141
1622739337810 11.106999999999989 142
1622739343430 11.181999999999988 143
1622739349052 11.255999999999988 144
1622739354685 11.331999999999988 145
1622739360391 11.406999999999988 146
1622739366120 11.481999999999987 147
1622739371874 11.556999999999986 148
1622739377617 11.631999999999985 149
1622739383434 11.706999999999985 150
1622739389353 11.781999999999984 151
1622739395274 11.856999999999983 152
1622739401261 11.930999999999983 153
1622739407278 12.005999999999982 154
1622739413310 12.079999999999982 155
1622739419379 12.154999999999982 156
1622739425484 12.22999999999998 157
1622739431638 12.311999999999982 158
1622739437812 12.387999999999982 159
1622739444074 12.463999999999983 160
1622739450299 12.538999999999982 161
1622739456600 12.613999999999981 162
1622739462943 12.68899999999998 163
1622739469312 12.76399999999998 164
1622739475689 12.838999999999979 165
1622739482107 12.913999999999978 166
1622739488538 12.988999999999978 167
1622739495022 13.063999999999977 168
1622739501582 13.139999999999977 169
1622739508145 13.215999999999978 170
1622739514787 13.290999999999977 171
1622739521414 13.365999999999977 172
1622739528112 13.440999999999976 173
1622739534818 13.516999999999976 174
1622739541551 13.590999999999976 175
1622739548341 13.664999999999976 176
1622739555161 13.739999999999975 177
1622739561974 13.814999999999975 178
1622739568847 13.889999999999974 179
1622739575824 13.964999999999973 180
1622739582865 14.040999999999974 181
1622739589979 14.117999999999974 182
1622739597113 14.192999999999973 183
1622739604283 14.268999999999973 184
1622739611504 14.343999999999973 185
1622739618619 14.419999999999973 186
1622739625797 14.494999999999973 187
1622739632982 14.569999999999972 188
1622739640221 14.644999999999971 189
1622739647544 14.71999999999997 190
1622739655033 14.795999999999971 191
1622739662371 14.871999999999971 192
1622739669832 14.94699999999997 193
1622739677309 15.02199999999997 194
1622739684824 15.09799999999997 195
1622739692349 15.17299999999997 196
1622739699892 15.24799999999997 197
1622739707512 15.322999999999968 198
1622739715174 15.398999999999969 199
1622739722842 15.473999999999968 200
1622739730567 15.548999999999968 201
1622739738365 15.623999999999967 202
1622739746151 15.698999999999966 203
1622739754008 15.774999999999967 204
1622739761843 15.850999999999967 205
1622739769702 15.925999999999966 206
1622739777646 16.000999999999966 207
1622739785555 16.075999999999965 208
1622739793450 16.151999999999965 209
1622739801458 16.227999999999966 210
1622739809473 16.302999999999965 211
1622739817651 16.377999999999965 212
1622739825736 16.452999999999964 213
1622739833916 16.527999999999963 214
1622739842078 16.603999999999964 215
1622739850386 16.679999999999964 216
1622739858747 16.754999999999963 217
1622739867052 16.829999999999963 218
1622739875410 16.905999999999963 219
1622739883794 16.981999999999964 220
1622739893108 17.056999999999963 221
1622739901509 17.131999999999962 222
1622739909941 17.207999999999963 223
1622739918396 17.281999999999965 224
1622739926928 17.356999999999964 225
1622739935476 17.432999999999964 226
1622739943979 17.507999999999964 227
1622739952614 17.583999999999964 228
1622739961292 17.657999999999966 229
1622739969990 17.733999999999966 230
1622739978712 17.808999999999966 231
1622739987470 17.883999999999965 232
1622739996192 17.958999999999964 233
1622740005015 18.033999999999963 234
1622740013953 18.108999999999963 235
1622740022829 18.183999999999962 236
1622740031753 18.259999999999962 237
1622740040692 18.33499999999996 238
1622740049705 18.40999999999996 239
1622740058743 18.48499999999996 240
1622740067863 18.558999999999962 241
1622740077007 18.63399999999996 242
1622740086136 18.707999999999963 243
1622740095320 18.782999999999962 244
1622740104585 18.85799999999996 245
1622740113746 18.93299999999996 246
1622740123062 19.006999999999962 247
1622740132401 19.08199999999996 248
1622740141785 19.15699999999996 249
1622740151198 19.230999999999963 250
1622740160614 19.304999999999964 251
1622740170142 19.379999999999963 252
1622740179609 19.453999999999965 253
1622740189164 19.529999999999966 254
1622740198749 19.604999999999965 255
1622740208368 19.678999999999967 256
1622740217961 19.753999999999966 257
1622740227668 19.827999999999967 258
1622740237395 19.902999999999967 259
1622740247106 19.97699999999997 260
1622740256856 20.05099999999997 261
1622740266623 20.12499999999997 262
1622740276478 20.198999999999973 263
1622740286401 20.273999999999972 264
1622740296315 20.348999999999972 265
1622740306379 20.42399999999997 266
1622740316418 20.49899999999997 267
1622740326486 20.57399999999997 268
1622740336591 20.64999999999997 269
1622740346829 20.723999999999972 270
1622740356989 20.799999999999972 271
1622740367188 20.87499999999997 272
1622740377532 20.950999999999972 273
1622740387808 21.026999999999973 274
1622740398111 21.101999999999972 275
1622740408481 21.17699999999997 276
1622740418908 21.25199999999997 277
1622740429378 21.325999999999972 278
1622740439846 21.40099999999997 279
1622740450319 21.47599999999997 280
1622740460862 21.55099999999997 281
1622740471417 21.62599999999997 282
1622740481986 21.70099999999997 283
1622740492607 21.775999999999968 284
1622740503238 21.850999999999967 285
1622740513951 21.925999999999966 286
1622740524704 22.000999999999966 287
1622740535489 22.076999999999966 288
1622740546260 22.150999999999968 289
1622740557101 22.225999999999967 290
1622740567958 22.300999999999966 291
1622740578894 22.375999999999966 292
1622740589858 22.449999999999967 293
1622740600898 22.525999999999968 294
1622740611937 22.600999999999967 295
1622740623038 22.676999999999968 296
1622740634258 22.751999999999967 297
1622740645391 22.826999999999966 298
1622740656569 22.900999999999968 299
1622740667745 22.975999999999967 300
1622740678917 23.050999999999966 301
1622740690176 23.125999999999966 302
1622740701422 23.201999999999966 303
1622740712763 23.275999999999968 304
1622740724099 23.350999999999967 305
1622740735544 23.426999999999968 306
1622740746981 23.501999999999967 307
1622740758439 23.576999999999966 308
1622740770018 23.652999999999967 309
1622740781581 23.727999999999966 310
1622740793232 23.803999999999967 311
1622740804872 23.877999999999968 312
1622740816460 23.952999999999967 313
1622740828225 24.027999999999967 314
1622740839975 24.102999999999966 315
1622740851729 24.177999999999965 316
1622740863501 24.252999999999965 317
1622740875440 24.327999999999964 318
1622740887344 24.403999999999964 319
1622740899302 24.477999999999966 320
1622740911284 24.551999999999968 321
1622740923320 24.627999999999968 322
1622740935361 24.702999999999967 323
1622740947408 24.777999999999967 324
1622740959478 24.852999999999966 325
1622740971604 24.927999999999965 326
1622740983758 25.002999999999965 327
1622740995958 25.077999999999964 328
1622741008277 25.152999999999963 329
1622741020523 25.226999999999965 330
1622741032912 25.300999999999966 331
1622741045266 25.374999999999968 332
1622741057590 25.449999999999967 333
1622741070004 25.524999999999967 334
1622741082464 25.599999999999966 335
1622741094979 25.674999999999965 336
1622741107527 25.748999999999967 337
1622741120084 25.823999999999966 338
1622741132682 25.898999999999965 339
1622741145254 25.973999999999965 340
1622741157968 26.048999999999964 341
1622741170710 26.123999999999963 342
1622741183457 26.198999999999963 343
1622741196200 26.272999999999964 344
1622741208986 26.346999999999966 345
1622741221857 26.421999999999965 346
1622741234742 26.496999999999964 347
1622741247734 26.570999999999966 348
1622741260651 26.644999999999968 349
1622741273613 26.71899999999997 350
1622741286602 26.79399999999997 351
1622741299724 26.868999999999968 352
1622741312783 26.943999999999967 353
1622741325853 27.01799999999997 354
1622741338987 27.09199999999997 355
1622741352149 27.165999999999972 356
1622741365334 27.238999999999972 357
1622741378533 27.312999999999974 358
1622741391881 27.389999999999976 359
1622741405226 27.463999999999977 360
1622741418608 27.539999999999978 361
1622741432037 27.614999999999977 362
1622741445497 27.68899999999998 363
1622741458965 27.763999999999978 364
1622741472443 27.838999999999977 365
1622741485979 27.913999999999977 366
1622741499583 27.988999999999976 367
1622741513980 28.062999999999978 368
1622741527982 28.19799999999998 369
1622741544705 28.27299999999998 370
1622741558505 28.34699999999998 371
1622741572269 28.42099999999998 372
1622741588285 28.493999999999982 373
1622741602272 28.567999999999984 374
1622741618097 28.641999999999985 375
1622741631988 28.716999999999985 376
1622741645892 28.791999999999984 377
1622741659876 28.865999999999985 378
1622741673798 28.940999999999985 379
1622741687809 29.014999999999986 380
1622741701849 29.090999999999987 381
1622741718038 29.16499999999999 382
1622741732294 29.239999999999988 383
1622741748533 29.314999999999987 384
1622741764330 29.38899999999999 385
1622741780733 29.46299999999999 386
1622741798641 29.60199999999999 387
1622741813929 29.67899999999999 388
1622741828453 29.75399999999999 389
1622741842924 29.827999999999992 390
1622741857464 29.901999999999994 391
1622741872850 29.976999999999993 392
1622741887378 30.051999999999992 393
1622741901944 30.126999999999992 394
1622741916623 30.20199999999999 395
1622741931311 30.27799999999999 396
1622741946740 30.35299999999999 397
1622741961419 30.426999999999992 398
1622741977106 30.500999999999994 399
1622741993298 30.654999999999994 400
1622742008344 30.782999999999994 401
1622742024087 30.857999999999993 402
1622742038981 30.932999999999993 403
1622742055187 31.080999999999992 404
1622742070353 31.156999999999993 405
1622742085511 31.231999999999992 406
1622742101462 31.30699999999999 407
1622742116603 31.388999999999992 408
1622742132527 31.464999999999993 409
1622742148950 31.538999999999994 410
1622742166976 31.622999999999994 411
1622742182167 31.696999999999996 412
1622742197380 31.773999999999997 413
1622742212632 31.848 414
1622742227984 31.923 415
1622742243437 31.999 416
1622742259543 32.073 417
1622742276755 32.148 418
1622742292170 32.222 419
1622742307610 32.296 420
1622742324866 32.37 421
1622742341924 32.446 422
1622742357668 32.556999999999995 423
1622742374143 32.632 424
1622742389773 32.708999999999996 425
1622742405484 32.784 426
1622742421123 32.858 427
1622742439926 33.010999999999996 428
1622742455746 33.086 429
1622742471578 33.161 430
1622742487490 33.236000000000004 431
1622742503426 33.31 432
1622742519381 33.385000000000005 433
1622742535400 33.46000000000001 434
1622742551382 33.534000000000006 435
1622742568759 33.60900000000001 436
1622742586202 33.74900000000001 437
1622742602947 33.82300000000001 438
1622742619199 33.89800000000001 439
1622742635442 33.97200000000001 440
1622742652662 34.04800000000001 441
1622742669018 34.12400000000001 442
1622742685343 34.20000000000001 443
1622742705217 34.29500000000001 444
1622742723315 34.36900000000001 445
1622742739697 34.44400000000001 446
1622742756048 34.51900000000001 447
1622742772507 34.59500000000001 448
1622742789017 34.670000000000016 449
1622742805605 34.74500000000002 450
1622742822295 34.81900000000002 451
1622742839673 34.89400000000002 452
1622742859998 35.02800000000002 453
1622742876794 35.10300000000002 454
1622742893475 35.178000000000026 455
1622742911224 35.25300000000003 456
1622742928104 35.32800000000003 457
1622742944882 35.403000000000034 458
1622742962793 35.479000000000035 459
1622742979926 35.55600000000003 460
1622742996816 35.63200000000003 461
1622743013715 35.70600000000003 462
1622743030684 35.781000000000034 463
1622743048628 35.857000000000035 464
1622743068429 35.93200000000004 465
1622743087728 36.00700000000004 466
1622743106686 36.08200000000004 467
1622743123875 36.15600000000004 468
1622743141049 36.23200000000004 469
1622743158203 36.307000000000045 470
1622743175479 36.38100000000004 471
1622743192728 36.45700000000004 472
1622743210029 36.532000000000046 473
1622743227365 36.60700000000005 474
1622743244767 36.68200000000005 475
1622743262265 36.75600000000005 476
1622743279650 36.83000000000005 477
1622743296997 36.90500000000005 478
1622743315444 36.980000000000054 479
1622743332998 37.05400000000005 480
1622743352510 37.12800000000005 481
1622743371052 37.20200000000005 482
1622743392489 37.27800000000005 483
1622743413162 37.35400000000005 484
1622743431076 37.43000000000005 485
1622743449924 37.50500000000005 486
1622743467726 37.57900000000005 487
1622743485556 37.65300000000005 488
1622743503951 37.72800000000005 489
1622743522024 37.80400000000005 490
1622743539968 37.87700000000005 491
1622743558961 37.95100000000005 492
1622743577617 38.02700000000005 493
1622743595636 38.102000000000054 494
1622743613831 38.177000000000056 495
1622743632013 38.25300000000006 496
1622743650398 38.32800000000006 497
1622743668867 38.40200000000006 498
1622743687140 38.476000000000056 499
1622743705575 38.55100000000006 500
