1622719884354 50 0
1622719887017 60 1
1622719889835 70 2
1622719893201 80 3
1622719896373 90 4
1622719900036 100 5
1622719904017 110 6
1622719908170 120 7
1622719912244 130 8
1622719916320 140 9
1622719920645 150 10
1622719925227 160 11
1622719929944 170 12
1622719934858 180 13
1622719939947 190 14
1622719945243 200 15
1622719950975 210 16
1622719956729 220 17
1622719962722 230 18
1622719968826 240 19
1622719975293 250 20
1622719981877 260 21
1622719988610 270 22
1622719995728 280 23
1622720002871 290 24
1622720010098 300 25
1622720017740 310 26
1622720025455 320 27
1622720033830 330 28
1622720041906 340 29
1622720049930 350 30
1622720058422 360 31
1622720067548 370 32
1622720076457 380 33
1622720085489 390 34
1622720094736 400 35
1622720104066 410 36
1622720113590 420 37
1622720123249 430 38
1622720133031 440 39
1622720143042 450 40
1622720153333 460 41
1622720163638 470 42
1622720174413 480 43
1622720186477 490 44
1622720197561 500 45
1622720209187 510 46
1622720221091 520 47
1622720233028 530 48
1622720245304 540 49
1622720258450 550 50
1622720271070 560 51
1622720283795 570 52
1622720296509 580 53
1622720309167 590 54
1622720322123 600 55
1622720335579 610 56
1622720349472 620 57
1622720364718 630 58
1622720379639 640 59
1622720393767 650 60
1622720408170 660 61
1622720422340 670 62
1622720437528 680 63
1622720452563 690 64
1622720468763 700 65
1622720484289 710 66
1622720499626 720 67
1622720514958 730 68
1622720530502 740 69
1622720546273 750 70
1622720562416 760 71
1622720578837 770 72
1622720595671 780 73
1622720613491 790 74
1622720631683 800 75
1622720648799 810 76
1622720664174 820 77
1622720678671 830 78
1622720693375 840 79
1622720708298 850 80
1622720723117 860 81
1622720738119 870 82
1622720753414 880 83
1622720768791 890 84
1622720784439 900 85
1622720800082 910 86
1622720815842 920 87
1622720831815 930 88
1622720847948 940 89
1622720864209 950 90
1622720880622 960 91
1622720897816 970 92
1622720915106 980 93
1622720932683 990 94
1622720950340 1000 95
1622720968215 1010 96
1622720985707 1020 97
1622721003445 1030 98
1622721021328 1040 99
1622721039422 1050 100
1622721057367 1060 101
1622721075632 1070 102
1622721094172 1080 103
1622721112713 1090 104
1622721131366 1100 105
1622721150170 1110 106
1622721169208 1120 107
1622721188285 1130 108
1622721207543 1140 109
1622721227007 1150 110
1622721246448 1160 111
1622721266285 1170 112
1622721286159 1180 113
1622721306076 1190 114
1622721326052 1200 115
1622721346229 1210 116
1622721366698 1220 117
1622721387463 1230 118
1622721408209 1240 119
1622721429196 1250 120
1622721450342 1260 121
1622721471756 1270 122
1622721493252 1280 123
1622721514843 1290 124
1622721536667 1300 125
1622721558832 1310 126
1622721580857 1320 127
1622721602862 1330 128
1622721625238 1340 129
1622721647708 1350 130
1622721670111 1360 131
1622721692829 1370 132
1622721715965 1380 133
1622721739026 1390 134
1622721762245 1400 135
1622721785694 1410 136
1622721809181 1420 137
1622721832926 1430 138
1622721856809 1440 139
1622721880906 1450 140
1622721905222 1460 141
1622721929686 1470 142
1622721954305 1480 143
1622721979129 1490 144
1622722003956 1500 145
1622722029092 1510 146
1622722054012 1520 147
1622722079375 1530 148
1622722104661 1540 149
1622722130304 1550 150
1622722156016 1560 151
1622722182021 1570 152
1622722208058 1580 153
1622722234301 1590 154
1622722260783 1600 155
1622722287318 1610 156
1622722314097 1620 157
1622722341222 1630 158
1622722368198 1640 159
1622722395643 1650 160
1622722423214 1660 161
1622722450698 1670 162
1622722478325 1680 163
1622722506403 1690 164
1622722534783 1700 165
1622722562928 1710 166
1622722591322 1720 167
1622722619699 1730 168
1622722648304 1740 169
1622722677006 1750 170
1622722706070 1760 171
1622722735253 1770 172
1622722764544 1780 173
1622722793854 1790 174
1622722823103 1800 175
1622722852619 1810 176
1622722882186 1820 177
1622722912062 1830 178
1622722942467 1840 179
1622722972978 1850 180
1622723003726 1860 181
1622723034385 1870 182
1622723065079 1880 183
1622723096072 1890 184
1622723127243 1900 185
1622723158431 1910 186
1622723189980 1920 187
1622723221641 1930 188
1622723253729 1940 189
1622723285799 1950 190
1622723317897 1960 191
1622723350138 1970 192
1622723382480 1980 193
1622723414897 1990 194
1622723447414 2000 195
1622723480242 2010 196
1622723513355 2020 197
1622723546707 2030 198
1622723580240 2040 199
1622723613503 2050 200
1622723647015 2060 201
1622723680820 2070 202
1622723715006 2080 203
1622723748693 2090 204
1622723783079 2100 205
1622723817238 2110 206
1622723851759 2120 207
1622723886466 2130 208
1622723921356 2140 209
1622723956363 2150 210
1622723991961 2160 211
1622724027677 2170 212
1622724063275 2180 213
1622724098728 2190 214
1622724134178 2200 215
1622724170212 2210 216
1622724206170 2220 217
1622724242436 2230 218
1622724278911 2240 219
1622724315219 2250 220
1622724351925 2260 221
1622724389166 2270 222
1622724426467 2280 223
1622724463276 2290 224
1622724500608 2300 225
1622724538127 2310 226
1622724575845 2320 227
1622724613664 2330 228
1622724651455 2340 229
1622724689727 2350 230
1622724728162 2360 231
1622724766952 2370 232
1622724805894 2380 233
1622724844670 2390 234
1622724883465 2400 235
1622724922948 2410 236
1622724962269 2420 237
1622725001833 2430 238
1622725041593 2440 239
1622725081445 2450 240
1622725121339 2460 241
1622725161612 2470 242
1622725201767 2480 243
1622725242161 2490 244
1622725282986 2500 245
1622725324007 2510 246
1622725364751 2520 247
1622725405692 2530 248
1622725446763 2540 249
1622725487770 2550 250
1622725529206 2560 251
1622725571032 2570 252
1622725612729 2580 253
1622725654791 2590 254
1622725697053 2600 255
1622725739320 2610 256
1622725781630 2620 257
1622725824393 2630 258
1622725866975 2640 259
1622725910442 2650 260
1622725953442 2660 261
1622725996753 2670 262
1622726040264 2680 263
1622726083969 2690 264
1622726127826 2700 265
1622726171818 2710 266
1622726215842 2720 267
1622726259928 2730 268
1622726304174 2740 269
1622726349083 2750 270
1622726393819 2760 271
1622726438818 2770 272
1622726483837 2780 273
1622726529469 2790 274
1622726574773 2800 275
1622726620384 2810 276
1622726665780 2820 277
1622726711155 2830 278
1622726756690 2840 279
1622726802762 2850 280
1622726849278 2860 281
1622726896086 2870 282
1622726942434 2880 283
1622726989026 2890 284
1622727035412 2900 285
1622727082467 2910 286
1622727128923 2920 287
1622727175761 2930 288
1622727223061 2940 289
1622727270236 2950 290
1622727317629 2960 291
1622727365179 2970 292
1622727412766 2980 293
1622727461014 2990 294
1622727509496 3000 295
1622727558121 3010 296
1622727606827 3020 297
1622727655604 3030 298
1622727704541 3040 299
1622727753539 3050 300
1622727802812 3060 301
1622727852391 3070 302
1622727901830 3080 303
1622727951488 3090 304
1622728001409 3100 305
1622728051653 3110 306
1622728101896 3120 307
1622728152445 3130 308
1622728203152 3140 309
1622728253760 3150 310
1622728304991 3160 311
1622728356278 3170 312
1622728407208 3180 313
1622728458684 3190 314
1622728510557 3200 315
1622728562860 3210 316
1622728615186 3220 317
1622728667657 3230 318
1622728720143 3240 319
1622728772873 3250 320
1622728825494 3260 321
1622728878454 3270 322
1622728931162 3280 323
1622728984466 3290 324
1622729037527 3300 325
1622729090861 3310 326
1622729144844 3320 327
1622729198258 3330 328
1622729252707 3340 329
1622729306481 3350 330
1622729360568 3360 331
1622729414818 3370 332
1622729469567 3380 333
1622729524337 3390 334
1622729579175 3400 335
1622729634237 3410 336
1622729689112 3420 337
1622729744224 3430 338
1622729799605 3440 339
1622729855068 3450 340
1622729910428 3460 341
1622729966637 3470 342
1622730022559 3480 343
1622730078897 3490 344
1622730135389 3500 345
1622730191878 3510 346
1622730247861 3520 347
1622730303958 3530 348
1622730360403 3540 349
1622730416648 3550 350
1622730473266 3560 351
1622730530587 3570 352
1622730587815 3580 353
1622730645497 3590 354
1622730702953 3600 355
1622730760366 3610 356
1622730818230 3620 357
1622730875998 3630 358
1622730934281 3640 359
1622730994831 3650 360
1622731053432 3660 361
1622731112126 3670 362
1622731170686 3680 363
1622731229797 3690 364
1622731288976 3700 365
1622731347896 3710 366
1622731407356 3720 367
1622731467047 3730 368
1622731526272 3740 369
1622731586546 3750 370
1622731647069 3760 371
1622731707346 3770 372
1622731767923 3780 373
1622731828484 3790 374
1622731889554 3800 375
1622731950614 3810 376
1622732011620 3820 377
1622732072855 3830 378
1622732134305 3840 379
1622732196760 3850 380
1622732258775 3860 381
1622732321466 3870 382
1622732384135 3880 383
1622732447281 3890 384
1622732510290 3900 385
1622732573531 3910 386
1622732636597 3920 387
1622732700040 3930 388
1622732763831 3940 389
1622732827546 3950 390
1622732891236 3960 391
1622732955011 3970 392
1622733018782 3980 393
1622733082634 3990 394
1622733146744 4000 395
1622733210995 4010 396
1622733275699 4020 397
1622733340376 4030 398
1622733405065 4040 399
1622733470064 4050 400
1622733535303 4060 401
1622733599587 4070 402
1622733665147 4080 403
1622733729959 4090 404
1622733796126 4100 405
1622733861520 4110 406
1622733927213 4120 407
1622733993395 4130 408
1622734059299 4140 409
1622734126326 4150 410
1622734193964 4160 411
1622734261319 4170 412
1622734329076 4180 413
1622734396186 4190 414
1622734464078 4200 415
1622734532309 4210 416
1622734600557 4220 417
1622734668757 4230 418
1622734737161 4240 419
1622734805713 4250 420
1622734874154 4260 421
1622734942802 4270 422
1622735012179 4280 423
1622735081412 4290 424
1622735150306 4300 425
1622735219790 4310 426
1622735288898 4320 427
1622735357717 4330 428
1622735427003 4340 429
1622735496620 4350 430
1622735566763 4360 431
1622735636839 4370 432
1622735707354 4380 433
1622735778321 4390 434
1622735849563 4400 435
1622735920858 4410 436
1622735991751 4420 437
1622736063165 4430 438
1622736134836 4440 439
1622736206705 4450 440
1622736278581 4460 441
1622736350450 4470 442
1622736422105 4480 443
1622736493960 4490 444
1622736566187 4500 445
1622736637769 4510 446
1622736709498 4520 447
1622736781846 4530 448
1622736854537 4540 449
1622736927278 4550 450
1622737000055 4560 451
1622737072784 4570 452
1622737146234 4580 453
1622737220003 4590 454
1622737293550 4600 455
1622737367449 4610 456
1622737441566 4620 457
1622737515152 4630 458
1622737589002 4640 459
1622737662880 4650 460
1622737737297 4660 461
1622737811834 4670 462
1622737886688 4680 463
1622737961212 4690 464
1622738036320 4700 465
1622738111623 4710 466
1622738186767 4720 467
1622738262249 4730 468
1622738337664 4740 469
1622738413369 4750 470
1622738489332 4760 471
1622738565315 4770 472
1622738641276 4780 473
1622738717680 4790 474
1622738794283 4800 475
1622738871065 4810 476
1622738948568 4820 477
1622739026480 4830 478
1622739103831 4840 479
1622739181278 4850 480
1622739258721 4860 481
1622739336692 4870 482
1622739414549 4880 483
1622739492335 4890 484
1622739570513 4900 485
1622739649367 4910 486
1622739727862 4920 487
1622739806787 4930 488
1622739885357 4940 489
1622739964532 4950 490
1622740044007 4960 491
1622740123567 4970 492
1622740204048 4980 493
1622740284197 4990 494
1622740365198 5000 495
1622740445183 5010 496
1622740525148 5020 497
1622740605855 5030 498
1622740686786 5040 499
1622740767572 5050 500
