1622719884348 -82.0634986606873 0
1622719887012 -41.72262413735763 1
1622719889830 -41.72262413735763 2
1622719893195 -41.72262413735763 3
1622719896368 -41.72262413735763 4
1622719900031 -41.72262413735763 5
1622719904012 -41.72262413735763 6
1622719908164 -41.72262413735763 7
1622719912239 -41.72262413735763 8
1622719916314 -41.72262413735763 9
1622719920640 -41.72262413735763 10
1622719925222 -41.72262413735763 11
1622719929939 -41.72262413735763 12
1622719934853 -41.72262413735763 13
1622719939942 -41.72262413735763 14
1622719945238 -41.72262413735763 15
1622719950970 -41.72262413735763 16
1622719956723 -41.72262413735763 17
1622719962716 -41.72262413735763 18
1622719968820 -41.72262413735763 19
1622719975288 -41.72262413735763 20
1622719981871 -41.72262413735763 21
1622719988601 -41.72262413735763 22
1622719995723 -41.72262413735763 23
1622720002866 -41.72262413735763 24
1622720010092 -41.72262413735763 25
1622720017734 -41.72262413735763 26
1622720025450 -41.72262413735763 27
1622720033825 -41.72262413735763 28
1622720041901 -41.72262413735763 29
1622720049925 -41.72262413735763 30
1622720058416 -41.72262413735763 31
1622720067542 -41.72262413735763 32
1622720076452 -41.72262413735763 33
1622720085484 -41.72262413735763 34
1622720094731 -41.72262413735763 35
1622720104061 -41.72262413735763 36
1622720113584 -41.72262413735763 37
1622720123244 -41.72262413735763 38
1622720133025 -41.72262413735763 39
1622720143036 -41.72262413735763 40
1622720153327 -41.72262413735763 41
1622720163633 -41.72262413735763 42
1622720174408 -41.72262413735763 43
1622720186472 -41.72262413735763 44
1622720197556 -41.72262413735763 45
1622720209182 -41.72262413735763 46
1622720221086 -41.72262413735763 47
1622720233022 -41.72262413735763 48
1622720245299 -41.72262413735763 49
1622720258441 -41.72262413735763 50
1622720271065 -41.72262413735763 51
1622720283786 -41.72262413735763 52
1622720296504 -41.72262413735763 53
1622720309162 -41.72262413735763 54
1622720322118 -41.72262413735763 55
1622720335574 -41.72262413735763 56
1622720349467 -41.72262413735763 57
1622720364713 -41.72262413735763 58
1622720379633 -41.72262413735763 59
1622720393761 -41.72262413735763 60
1622720408165 -41.72262413735763 61
1622720422334 -41.72262413735763 62
1622720437523 -41.72262413735763 63
1622720452557 -41.72262413735763 64
1622720468758 -41.72262413735763 65
1622720484283 -41.72262413735763 66
1622720499621 -41.72262413735763 67
1622720514953 -41.72262413735763 68
1622720530497 -41.72262413735763 69
1622720546267 -41.72262413735763 70
1622720562411 -41.72262413735763 71
1622720578832 -41.72262413735763 72
1622720595665 -41.72262413735763 73
1622720613486 -41.72262413735763 74
1622720631678 -41.72262413735763 75
1622720648793 -41.72262413735763 76
1622720664169 -41.72262413735763 77
1622720678667 -41.72262413735763 78
1622720693371 -41.72262413735763 79
1622720708294 -41.72262413735763 80
1622720723112 -41.72262413735763 81
1622720738115 -41.72262413735763 82
1622720753410 -41.72262413735763 83
1622720768786 -41.72262413735763 84
1622720784434 -41.72262413735763 85
1622720800078 -41.72262413735763 86
1622720815837 -41.72262413735763 87
1622720831811 -41.72262413735763 88
1622720847944 -41.72262413735763 89
1622720864204 -41.72262413735763 90
1622720880618 -41.72262413735763 91
1622720897812 -41.72262413735763 92
1622720915102 -41.72262413735763 93
1622720932679 -41.72262413735763 94
1622720950335 -41.72262413735763 95
1622720968210 -41.72262413735763 96
1622720985702 -41.72262413735763 97
1622721003441 -41.72262413735763 98
1622721021324 -41.72262413735763 99
1622721039417 -41.72262413735763 100
1622721057362 -41.72262413735763 101
1622721075628 -41.72262413735763 102
1622721094168 -41.72262413735763 103
1622721112709 -41.72262413735763 104
1622721131362 -41.72262413735763 105
1622721150165 -41.72262413735763 106
1622721169204 -41.72262413735763 107
1622721188281 -41.72262413735763 108
1622721207538 -41.72262413735763 109
1622721227003 -41.72262413735763 110
1622721246443 -41.72262413735763 111
1622721266280 -41.72262413735763 112
1622721286154 -41.72262413735763 113
1622721306071 -41.72262413735763 114
1622721326048 -41.72262413735763 115
1622721346225 -41.72262413735763 116
1622721366694 -41.72262413735763 117
1622721387459 -41.72262413735763 118
1622721408204 -41.72262413735763 119
1622721429192 -41.72262413735763 120
1622721450338 -41.72262413735763 121
1622721471752 -41.72262413735763 122
1622721493247 -41.72262413735763 123
1622721514839 -41.72262413735763 124
1622721536663 -41.72262413735763 125
1622721558827 -41.72262413735763 126
1622721580852 -41.72262413735763 127
1622721602857 -41.72262413735763 128
1622721625234 -41.72262413735763 129
1622721647703 -41.72262413735763 130
1622721670107 -41.72262413735763 131
1622721692824 -41.72262413735763 132
1622721715960 -41.72262413735763 133
1622721739022 -41.72262413735763 134
1622721762241 -41.72262413735763 135
1622721785689 -41.72262413735763 136
1622721809177 -41.72262413735763 137
1622721832921 -41.72262413735763 138
1622721856805 -41.72262413735763 139
1622721880901 -41.72262413735763 140
1622721905218 -41.72262413735763 141
1622721929682 -41.72262413735763 142
1622721954301 -41.72262413735763 143
1622721979125 -41.72262413735763 144
1622722003951 -41.72262413735763 145
1622722029087 -41.72262413735763 146
1622722054008 -41.72262413735763 147
1622722079371 -41.72262413735763 148
1622722104657 -41.72262413735763 149
1622722130300 -41.72262413735763 150
1622722156012 -41.72262413735763 151
1622722182016 -41.72262413735763 152
1622722208053 -41.72262413735763 153
1622722234296 -41.72262413735763 154
1622722260778 -41.72262413735763 155
1622722287313 -41.72262413735763 156
1622722314092 -41.72262413735763 157
1622722341218 -41.72262413735763 158
1622722368194 -41.72262413735763 159
1622722395639 -41.72262413735763 160
1622722423209 -41.72262413735763 161
1622722450694 -41.72262413735763 162
1622722478320 -41.72262413735763 163
1622722506398 -41.72262413735763 164
1622722534779 -41.72262413735763 165
1622722562924 -41.72262413735763 166
1622722591317 -41.72262413735763 167
1622722619695 -41.72262413735763 168
1622722648299 -41.72262413735763 169
1622722677002 -41.72262413735763 170
1622722706064 -41.72262413735763 171
1622722735249 -41.72262413735763 172
1622722764540 -41.72262413735763 173
1622722793849 -41.72262413735763 174
1622722823098 -41.72262413735763 175
1622722852615 -41.72262413735763 176
1622722882182 -41.72262413735763 177
1622722912057 -41.72262413735763 178
1622722942463 -41.72262413735763 179
1622722972974 -41.72262413735763 180
1622723003722 -41.72262413735763 181
1622723034380 -41.72262413735763 182
1622723065075 -41.72262413735763 183
1622723096067 -41.72262413735763 184
1622723127238 -41.72262413735763 185
1622723158427 -41.72262413735763 186
1622723189975 -41.72262413735763 187
1622723221636 -41.72262413735763 188
1622723253725 -41.72262413735763 189
1622723285794 -41.72262413735763 190
1622723317893 -41.72262413735763 191
1622723350133 -41.72262413735763 192
1622723382476 -41.72262413735763 193
1622723414893 -41.72262413735763 194
1622723447410 -41.72262413735763 195
1622723480237 -41.72262413735763 196
1622723513351 -41.72262413735763 197
1622723546702 -41.72262413735763 198
1622723580235 -41.72262413735763 199
1622723613498 -41.72262413735763 200
1622723647010 -41.72262413735763 201
1622723680816 -41.72262413735763 202
1622723715002 -41.72262413735763 203
1622723748688 -41.72262413735763 204
1622723783075 -41.72262413735763 205
1622723817233 -41.72262413735763 206
1622723851755 -41.72262413735763 207
1622723886461 -41.72262413735763 208
1622723921351 -41.72262413735763 209
1622723956358 -41.72262413735763 210
1622723991957 -41.72262413735763 211
1622724027672 -41.72262413735763 212
1622724063271 -41.72262413735763 213
1622724098724 -41.72262413735763 214
1622724134174 -41.72262413735763 215
1622724170207 -41.72262413735763 216
1622724206166 -41.72262413735763 217
1622724242432 -41.72262413735763 218
1622724278907 -41.72262413735763 219
1622724315214 -41.72262413735763 220
1622724351921 -41.72262413735763 221
1622724389162 -41.72262413735763 222
1622724426463 -41.72262413735763 223
1622724463271 -41.72262413735763 224
1622724500603 -41.72262413735763 225
1622724538123 -41.72262413735763 226
1622724575841 -41.72262413735763 227
1622724613660 -41.72262413735763 228
1622724651451 -41.72262413735763 229
1622724689723 -41.72262413735763 230
1622724728158 -41.72262413735763 231
1622724766947 -41.72262413735763 232
1622724805889 -41.72262413735763 233
1622724844666 -41.72262413735763 234
1622724883460 -41.72262413735763 235
1622724922943 -41.72262413735763 236
1622724962264 -41.72262413735763 237
1622725001829 -41.72262413735763 238
1622725041589 -41.72262413735763 239
1622725081440 -41.72262413735763 240
1622725121335 -41.72262413735763 241
1622725161608 -41.72262413735763 242
1622725201763 -41.72262413735763 243
1622725242156 -41.72262413735763 244
1622725282981 -41.72262413735763 245
1622725324003 -41.72262413735763 246
1622725364747 -41.72262413735763 247
1622725405687 -41.72262413735763 248
1622725446758 -41.72262413735763 249
1622725487765 -41.72262413735763 250
1622725529201 -41.72262413735763 251
1622725571027 -41.72262413735763 252
1622725612724 -41.72262413735763 253
1622725654786 -41.72262413735763 254
1622725697049 -41.72262413735763 255
1622725739315 -41.72262413735763 256
1622725781626 -41.72262413735763 257
1622725824388 -41.72262413735763 258
1622725866971 -41.72262413735763 259
1622725910437 -41.72262413735763 260
1622725953437 -41.72262413735763 261
1622725996748 -41.72262413735763 262
1622726040259 -41.72262413735763 263
1622726083964 -41.72262413735763 264
1622726127822 -41.72262413735763 265
1622726171813 -41.72262413735763 266
1622726215838 -41.72262413735763 267
1622726259924 -41.72262413735763 268
1622726304170 -41.72262413735763 269
1622726349079 -41.72262413735763 270
1622726393814 -41.72262413735763 271
1622726438814 -41.72262413735763 272
1622726483832 -41.72262413735763 273
1622726529464 -41.72262413735763 274
1622726574769 -41.72262413735763 275
1622726620379 -41.72262413735763 276
1622726665775 -41.72262413735763 277
1622726711151 -41.72262413735763 278
1622726756685 -41.72262413735763 279
1622726802758 -41.72262413735763 280
1622726849273 -41.72262413735763 281
1622726896082 -41.72262413735763 282
1622726942429 -41.72262413735763 283
1622726989021 -41.72262413735763 284
1622727035407 -41.72262413735763 285
1622727082463 -41.72262413735763 286
1622727128919 -41.72262413735763 287
1622727175757 -41.72262413735763 288
1622727223056 -41.72262413735763 289
1622727270231 -41.72262413735763 290
1622727317625 -41.72262413735763 291
1622727365174 -41.72262413735763 292
1622727412762 -41.72262413735763 293
1622727461010 -41.72262413735763 294
1622727509491 -41.72262413735763 295
1622727558116 -41.72262413735763 296
1622727606823 -41.72262413735763 297
1622727655599 -41.72262413735763 298
1622727704536 -41.72262413735763 299
1622727753534 -41.72262413735763 300
1622727802808 -41.72262413735763 301
1622727852387 -41.72262413735763 302
1622727901825 -41.72262413735763 303
1622727951484 -41.72262413735763 304
1622728001405 -41.72262413735763 305
1622728051648 -41.72262413735763 306
1622728101891 -41.72262413735763 307
1622728152440 -41.72262413735763 308
1622728203148 -41.72262413735763 309
1622728253756 -41.72262413735763 310
1622728304986 -41.72262413735763 311
1622728356274 -41.72262413735763 312
1622728407203 -41.72262413735763 313
1622728458680 -41.72262413735763 314
1622728510552 -41.72262413735763 315
1622728562855 -41.72262413735763 316
1622728615181 -41.72262413735763 317
1622728667652 -41.72262413735763 318
1622728720138 -41.72262413735763 319
1622728772869 -41.72262413735763 320
1622728825490 -41.72262413735763 321
1622728878449 -41.72262413735763 322
1622728931157 -41.72262413735763 323
1622728984462 -41.72262413735763 324
1622729037522 -41.72262413735763 325
1622729090857 -41.72262413735763 326
1622729144840 -41.72262413735763 327
1622729198254 -41.72262413735763 328
1622729252703 -41.72262413735763 329
1622729306477 -41.72262413735763 330
1622729360563 -41.72262413735763 331
1622729414813 -41.72262413735763 332
1622729469563 -41.72262413735763 333
1622729524332 -41.72262413735763 334
1622729579170 -41.72262413735763 335
1622729634232 -41.72262413735763 336
1622729689107 -41.72262413735763 337
1622729744219 -41.72262413735763 338
1622729799600 -41.72262413735763 339
1622729855063 -41.72262413735763 340
1622729910424 -41.72262413735763 341
1622729966632 -41.72262413735763 342
1622730022554 -41.72262413735763 343
1622730078892 -41.72262413735763 344
1622730135384 -41.72262413735763 345
1622730191873 -41.72262413735763 346
1622730247856 -41.72262413735763 347
1622730303953 -41.72262413735763 348
1622730360398 -41.72262413735763 349
1622730416643 -41.72262413735763 350
1622730473261 -41.72262413735763 351
1622730530582 -41.72262413735763 352
1622730587810 -41.72262413735763 353
1622730645492 -41.72262413735763 354
1622730702948 -41.72262413735763 355
1622730760361 -41.72262413735763 356
1622730818226 -41.72262413735763 357
1622730875994 -41.72262413735763 358
1622730934276 -41.72262413735763 359
1622730994826 -41.72262413735763 360
1622731053427 -41.72262413735763 361
1622731112121 -41.72262413735763 362
1622731170681 -41.72262413735763 363
1622731229792 -41.72262413735763 364
1622731288972 -41.72262413735763 365
1622731347891 -41.72262413735763 366
1622731407351 -41.72262413735763 367
1622731467042 -41.72262413735763 368
1622731526268 -41.72262413735763 369
1622731586541 -41.72262413735763 370
1622731647064 -41.72262413735763 371
1622731707341 -41.72262413735763 372
1622731767919 -41.72262413735763 373
1622731828479 -41.72262413735763 374
1622731889549 -41.72262413735763 375
1622731950609 -41.72262413735763 376
1622732011615 -41.72262413735763 377
1622732072850 -41.72262413735763 378
1622732134300 -41.72262413735763 379
1622732196756 -41.72262413735763 380
1622732258770 -41.72262413735763 381
1622732321462 -41.72262413735763 382
1622732384130 -41.72262413735763 383
1622732447276 -41.72262413735763 384
1622732510285 -41.72262413735763 385
1622732573526 -41.72262413735763 386
1622732636591 -41.72262413735763 387
1622732700035 -41.72262413735763 388
1622732763826 -41.72262413735763 389
1622732827541 -41.72262413735763 390
1622732891231 -41.72262413735763 391
1622732955007 -41.72262413735763 392
1622733018777 -41.72262413735763 393
1622733082629 -41.72262413735763 394
1622733146739 -41.72262413735763 395
1622733210990 -41.72262413735763 396
1622733275695 -41.72262413735763 397
1622733340371 -41.72262413735763 398
1622733405060 -41.72262413735763 399
1622733470060 -41.72262413735763 400
1622733535298 -41.72262413735763 401
1622733599582 -41.72262413735763 402
1622733665143 -41.72262413735763 403
1622733729954 -41.72262413735763 404
1622733796121 -41.72262413735763 405
1622733861515 -41.72262413735763 406
1622733927208 -41.72262413735763 407
1622733993390 -41.72262413735763 408
1622734059294 -41.72262413735763 409
1622734126321 -41.72262413735763 410
1622734193959 -41.72262413735763 411
1622734261314 -41.72262413735763 412
1622734329071 -41.72262413735763 413
1622734396181 -41.72262413735763 414
1622734464073 -41.72262413735763 415
1622734532304 -41.72262413735763 416
1622734600552 -41.72262413735763 417
1622734668752 -41.72262413735763 418
1622734737156 -41.72262413735763 419
1622734805708 -41.72262413735763 420
1622734874149 -41.72262413735763 421
1622734942797 -41.72262413735763 422
1622735012174 -41.72262413735763 423
1622735081407 -41.72262413735763 424
1622735150301 -41.72262413735763 425
1622735219785 -41.72262413735763 426
1622735288893 -41.72262413735763 427
1622735357712 -41.72262413735763 428
1622735426998 -41.72262413735763 429
1622735496615 -41.72262413735763 430
1622735566758 -41.72262413735763 431
1622735636834 -41.72262413735763 432
1622735707349 -41.72262413735763 433
1622735778316 -41.72262413735763 434
1622735849558 -41.72262413735763 435
1622735920853 -41.72262413735763 436
1622735991746 -41.72262413735763 437
1622736063160 -41.72262413735763 438
1622736134831 -41.72262413735763 439
1622736206700 -41.72262413735763 440
1622736278576 -41.72262413735763 441
1622736350445 -41.72262413735763 442
1622736422100 -41.72262413735763 443
1622736493955 -41.72262413735763 444
1622736566182 -41.72262413735763 445
1622736637763 -41.72262413735763 446
1622736709493 -41.72262413735763 447
1622736781841 -41.72262413735763 448
1622736854532 -41.72262413735763 449
1622736927273 -41.72262413735763 450
1622737000050 -41.72262413735763 451
1622737072779 -41.72262413735763 452
1622737146229 -41.72262413735763 453
1622737219998 -41.72262413735763 454
1622737293545 -41.72262413735763 455
1622737367444 -41.72262413735763 456
1622737441561 -41.72262413735763 457
1622737515147 -41.72262413735763 458
1622737588996 -41.72262413735763 459
1622737662875 -41.72262413735763 460
1622737737292 -41.72262413735763 461
1622737811829 -41.72262413735763 462
1622737886683 -41.72262413735763 463
1622737961207 -41.72262413735763 464
1622738036315 -41.72262413735763 465
1622738111618 -41.72262413735763 466
1622738186762 -41.72262413735763 467
1622738262244 -41.72262413735763 468
1622738337659 -41.72262413735763 469
1622738413364 -41.72262413735763 470
1622738489327 -41.72262413735763 471
1622738565310 -41.72262413735763 472
1622738641270 -41.72262413735763 473
1622738717674 -41.72262413735763 474
1622738794278 -41.72262413735763 475
1622738871059 -41.72262413735763 476
1622738948563 -41.72262413735763 477
1622739026475 -41.72262413735763 478
1622739103825 -41.72262413735763 479
1622739181273 -41.72262413735763 480
1622739258716 -41.72262413735763 481
1622739336687 -41.72262413735763 482
1622739414544 -41.72262413735763 483
1622739492330 -41.72262413735763 484
1622739570508 -41.72262413735763 485
1622739649362 -41.72262413735763 486
1622739727856 -41.72262413735763 487
1622739806781 -41.72262413735763 488
1622739885352 -41.72262413735763 489
1622739964527 -41.72262413735763 490
1622740044002 -41.72262413735763 491
1622740123561 -41.72262413735763 492
1622740204043 -41.72262413735763 493
1622740284191 -41.72262413735763 494
1622740365193 -41.72262413735763 495
1622740445177 -41.72262413735763 496
1622740525143 -41.72262413735763 497
1622740605850 -41.72262413735763 498
1622740686781 -41.72262413735763 499
1622740767567 -41.72262413735763 500
