1622753036229 23 0
1622753036800 18 1
1622753037388 18 2
1622753037963 14 3
1622753038587 14 4
1622753039242 14 5
1622753039927 14 6
1622753040653 14 7
1622753041415 14 8
1622753042210 14 9
1622753043043 14 10
1622753043903 14 11
1622753044805 14 12
1622753045734 14 13
1622753046694 14 14
1622753047691 14 15
1622753048727 14 16
1622753049798 14 17
1622753050897 14 18
1622753052042 14 19
1622753053201 14 20
1622753054403 14 21
1622753055635 14 22
1622753056936 14 23
1622753058242 14 24
1622753059575 14 25
1622753060966 14 26
1622753062389 14 27
1622753063859 14 28
1622753065344 14 29
1622753066883 14 30
1622753068453 14 31
1622753070029 14 32
1622753071674 14 33
1622753073379 14 34
1622753075115 14 35
1622753076875 14 36
1622753078671 14 37
1622753080501 14 38
1622753082349 14 39
1622753084227 14 40
1622753086164 14 41
1622753088139 14 42
1622753090163 14 43
1622753092206 14 44
1622753094296 14 45
1622753096406 14 46
1622753098536 14 47
1622753100730 14 48
1622753102935 14 49
1622753105175 14 50
1622753107483 14 51
1622753109808 14 52
1622753112171 14 53
1622753114585 14 54
1622753117047 14 55
1622753119521 14 56
1622753122028 14 57
1622753124545 14 58
1622753127127 14 59
1622753129766 14 60
1622753132419 14 61
1622753135113 14 62
1622753137844 14 63
1622753140634 14 64
1622753143422 14 65
1622753146273 14 66
1622753149122 14 67
1622753152018 14 68
1622753154936 14 69
1622753157926 14 70
1622753160993 14 71
1622753164036 14 72
1622753167151 14 73
1622753170288 14 74
1622753173469 14 75
1622753176692 14 76
1622753179941 14 77
1622753183361 14 78
1622753186901 14 79
1622753190261 14 80
1622753193667 14 81
1622753197097 14 82
1622753200592 14 83
1622753204094 14 84
1622753207635 14 85
1622753211156 14 86
1622753214766 14 87
1622753218364 14 88
1622753222035 14 89
1622753225789 14 90
1622753229552 14 91
1622753233283 14 92
1622753237059 14 93
1622753240897 14 94
1622753244784 14 95
1622753248721 14 96
1622753252750 14 97
1622753256781 14 98
1622753260818 14 99
1622753264924 14 100
1622753269055 14 101
1622753273185 14 102
1622753277380 14 103
1622753281576 14 104
1622753285798 14 105
1622753290062 14 106
1622753294375 14 107
1622753298713 14 108
1622753303133 14 109
1622753307565 14 110
1622753312013 14 111
1622753316638 14 112
1622753321134 14 113
1622753325763 14 114
1622753330393 14 115
1622753335006 14 116
1622753339684 14 117
1622753344439 14 118
1622753349187 14 119
1622753353966 14 120
1622753358785 14 121
1622753363660 14 122
1622753368557 14 123
1622753373526 14 124
1622753378514 14 125
1622753383538 14 126
1622753388586 14 127
1622753393701 14 128
1622753398840 14 129
1622753404025 14 130
1622753409222 14 131
1622753414435 14 132
1622753419666 14 133
1622753424939 14 134
1622753430307 14 135
1622753435718 14 136
1622753441103 14 137
1622753446493 14 138
1622753451985 14 139
1622753457501 14 140
1622753463017 14 141
1622753468632 14 142
1622753474270 14 143
1622753479934 14 144
1622753485608 14 145
1622753491329 14 146
1622753497068 14 147
1622753502863 14 148
1622753508644 14 149
1622753514551 14 150
1622753520492 14 151
1622753526468 14 152
1622753532450 14 153
1622753538511 14 154
1622753544607 14 155
1622753550701 14 156
1622753556822 14 157
1622753563003 14 158
1622753569162 14 159
1622753575345 14 160
1622753581614 14 161
1622753587941 14 162
1622753594281 14 163
1622753600685 14 164
1622753607101 14 165
1622753613471 14 166
1622753619937 14 167
1622753626400 14 168
1622753632919 14 169
1622753639471 14 170
1622753646085 14 171
1622753652733 14 172
1622753659368 14 173
1622753666071 14 174
1622753672755 14 175
1622753679521 14 176
1622753686346 14 177
1622753693166 14 178
1622753700096 14 179
1622753707048 14 180
1622753714010 14 181
1622753721056 14 182
1622753728118 14 183
1622753735277 14 184
1622753742423 14 185
1622753749549 14 186
1622753756709 14 187
1622753763908 14 188
1622753771138 14 189
1622753778474 14 190
1622753785761 14 191
1622753793204 14 192
1622753800553 14 193
1622753808006 14 194
1622753815512 14 195
1622753822999 14 196
1622753830640 14 197
1622753838393 14 198
1622753846013 14 199
1622753853657 14 200
1622753861364 14 201
1622753869153 14 202
1622753876995 14 203
1622753884863 14 204
1622753892694 14 205
1622753900595 14 206
1622753908465 14 207
1622753916378 14 208
1622753924390 14 209
1622753932446 14 210
1622753940529 14 211
1622753948633 14 212
1622753956746 14 213
1622753964953 14 214
1622753973108 14 215
1622753981339 14 216
1622753989689 14 217
1622753998017 14 218
1622754006354 14 219
1622754014819 14 220
1622754023195 14 221
1622754031648 14 222
1622754040133 14 223
1622754048600 14 224
1622754057110 14 225
1622754065780 14 226
1622754074343 14 227
1622754083062 14 228
1622754091735 14 229
1622754100499 14 230
1622754109556 14 231
1622754118381 14 232
1622754127284 14 233
1622754136206 14 234
1622754145180 14 235
1622754154137 14 236
1622754163169 14 237
1622754172245 14 238
1622754181385 14 239
1622754190531 14 240
1622754199666 14 241
1622754208925 14 242
1622754218216 14 243
1622754227563 14 244
1622754236898 14 245
1622754246258 14 246
1622754255667 14 247
1622754265039 14 248
1622754274422 14 249
1622754283855 14 250
1622754293345 14 251
1622754302892 14 252
1622754312394 14 253
1622754322048 14 254
1622754331741 14 255
1622754341461 14 256
1622754351129 14 257
1622754360885 14 258
1622754370769 14 259
1622754380641 14 260
1622754390446 14 261
1622754400367 14 262
1622754410331 14 263
1622754420336 14 264
1622754430425 14 265
1622754440474 14 266
1622754450509 14 267
1622754460657 14 268
1622754470828 14 269
1622754481030 14 270
1622754491480 14 271
1622754502337 14 272
1622754512669 14 273
1622754523174 14 274
1622754533595 14 275
1622754544071 14 276
1622754554497 14 277
1622754564989 14 278
1622754575486 14 279
1622754586028 14 280
1622754596575 14 281
1622754607192 14 282
1622754617837 14 283
1622754628538 14 284
1622754639307 14 285
1622754650083 14 286
1622754660875 14 287
1622754671702 14 288
1622754682675 14 289
1622754693572 14 290
1622754704510 14 291
1622754715605 14 292
1622754726618 14 293
1622754737793 14 294
1622754748892 14 295
1622754760100 14 296
1622754771328 14 297
1622754782575 14 298
1622754793929 14 299
1622754805215 14 300
1622754816626 14 301
1622754828041 14 302
1622754839467 14 303
1622754850887 14 304
1622754862316 14 305
1622754873919 14 306
1622754885446 14 307
1622754896940 14 308
1622754908595 14 309
1622754920268 14 310
1622754932068 14 311
1622754943960 14 312
1622754955759 14 313
1622754967733 14 314
1622754979650 14 315
1622754991512 14 316
1622755003445 14 317
1622755015368 14 318
1622755027315 14 319
1622755039356 14 320
1622755051493 14 321
1622755063568 14 322
1622755075778 14 323
1622755087989 14 324
1622755100287 14 325
1622755112552 14 326
1622755124858 14 327
1622755137093 14 328
1622755149432 14 329
1622755161761 14 330
1622755174126 14 331
1622755186597 14 332
1622755199059 14 333
1622755211601 14 334
1622755224248 14 335
1622755236928 14 336
1622755249584 14 337
1622755262345 14 338
1622755275046 14 339
1622755287875 14 340
1622755300615 14 341
1622755313397 14 342
1622755326242 14 343
1622755339085 14 344
1622755351984 14 345
1622755364986 14 346
1622755377883 14 347
1622755390891 14 348
1622755403954 14 349
1622755417081 14 350
1622755430239 14 351
1622755443493 14 352
1622755456656 14 353
1622755469860 14 354
1622755483043 14 355
1622755496327 14 356
1622755509616 14 357
1622755523024 14 358
1622755536411 14 359
1622755549775 14 360
1622755563240 14 361
1622755576737 14 362
1622755590282 14 363
1622755603846 14 364
1622755617504 14 365
1622755631182 14 366
1622755644915 14 367
1622755658660 14 368
1622755672493 14 369
1622755686390 14 370
1622755700307 14 371
1622755714230 14 372
1622755728280 14 373
1622755742275 14 374
1622755756338 14 375
1622755770341 14 376
1622755784418 14 377
1622755798523 14 378
1622755812734 14 379
1622755826953 14 380
1622755841149 14 381
1622755855421 14 382
1622755869701 14 383
1622755884049 14 384
1622755898385 14 385
1622755912847 14 386
1622755927381 14 387
1622755941837 14 388
1622755956482 14 389
1622755971103 14 390
1622755985675 14 391
1622756000315 14 392
1622756015018 14 393
1622756029729 14 394
1622756044469 14 395
1622756059211 14 396
1622756074008 14 397
1622756088852 14 398
1622756103806 14 399
1622756118758 14 400
1622756133797 14 401
1622756148799 14 402
1622756163776 14 403
1622756178732 14 404
1622756193849 14 405
1622756208894 14 406
1622756224025 14 407
1622756239210 14 408
1622756254372 14 409
1622756269544 14 410
1622756284736 14 411
1622756300103 14 412
1622756315403 14 413
1622756330783 14 414
1622756346171 14 415
1622756361580 14 416
1622756376994 14 417
1622756392386 14 418
1622756407943 14 419
1622756423461 14 420
1622756438965 14 421
1622756454597 14 422
1622756470315 14 423
1622756486035 14 424
1622756501848 14 425
1622756517496 14 426
1622756533343 14 427
1622756549234 14 428
1622756565133 14 429
1622756581044 14 430
1622756596980 14 431
1622756612902 14 432
1622756628788 14 433
1622756644739 14 434
1622756660615 14 435
1622756676683 14 436
1622756692850 14 437
1622756709122 14 438
1622756725256 14 439
1622756741480 14 440
1622756757782 14 441
1622756774101 14 442
1622756790415 14 443
1622756806852 14 444
1622756823369 14 445
1622756839904 14 446
1622756856496 14 447
1622756872924 14 448
1622756889457 14 449
1622756906123 14 450
1622756922844 14 451
1622756939480 14 452
1622756956197 14 453
1622756973022 14 454
1622756989833 14 455
1622757006728 14 456
1622757023562 14 457
1622757040530 14 458
1622757057571 14 459
1622757074588 14 460
1622757091600 14 461
1622757108693 14 462
1622757125792 14 463
1622757142998 14 464
1622757160218 14 465
1622757177424 14 466
1622757195308 14 467
1622757212680 14 468
1622757230022 14 469
1622757247363 14 470
1622757264817 14 471
1622757282205 14 472
1622757299601 14 473
1622757317136 14 474
1622757334658 14 475
1622757352279 14 476
1622757370086 14 477
1622757387828 14 478
1622757405649 14 479
1622757423557 14 480
1622757441323 14 481
1622757459181 14 482
1622757477027 14 483
1622757494883 14 484
1622757512896 14 485
1622757530841 14 486
1622757548800 14 487
1622757566711 14 488
1622757584739 14 489
1622757602925 14 490
1622757621053 14 491
1622757639348 14 492
1622757657653 14 493
1622757675976 14 494
1622757694321 14 495
1622757712670 14 496
1622757731038 14 497
1622757749504 14 498
1622757767957 14 499
1622757786460 14 500
