1622587043956 -123.22195548621607 0
1622587044838 -47.16163340665223 1
1622587045435 -25.463039977738404 2
1622587045992 -25.463039977738404 3
1622587046559 -25.463039977738404 4
1622587047172 -25.463039977738404 5
1622587047810 -25.463039977738404 6
1622587048470 -25.463039977738404 7
1622587049173 -25.463039977738404 8
1622587049934 -25.463039977738404 9
1622587050736 -25.463039977738404 10
1622587051583 -25.463039977738404 11
1622587052539 -25.463039977738404 12
1622587053485 -25.463039977738404 13
1622587054434 -25.463039977738404 14
1622587055415 -25.463039977738404 15
1622587056489 -25.463039977738404 16
1622587057535 -25.463039977738404 17
1622587058676 -25.463039977738404 18
1622587059826 -25.463039977738404 19
1622587061054 -25.463039977738404 20
1622587062315 -25.463039977738404 21
1622587063634 -25.463039977738404 22
1622587064973 -25.463039977738404 23
1622587066283 -25.463039977738404 24
1622587067682 -25.463039977738404 25
1622587069157 -25.463039977738404 26
1622587070656 -25.463039977738404 27
1622587072088 -25.463039977738404 28
1622587073578 -25.463039977738404 29
1622587075100 -25.463039977738404 30
1622587076638 -25.463039977738404 31
1622587078223 -25.463039977738404 32
1622587079843 -25.463039977738404 33
1622587081522 -25.463039977738404 34
1622587083205 -25.463039977738404 35
1622587084948 -25.463039977738404 36
1622587086709 -25.463039977738404 37
1622587088519 -25.463039977738404 38
1622587090355 -25.463039977738404 39
1622587092228 -25.463039977738404 40
1622587094118 -25.463039977738404 41
1622587096071 -25.463039977738404 42
1622587098079 -25.463039977738404 43
1622587100095 -25.463039977738404 44
1622587102195 -25.463039977738404 45
1622587104277 -25.463039977738404 46
1622587106379 -25.463039977738404 47
1622587108525 -25.463039977738404 48
1622587110675 -25.463039977738404 49
1622587112903 -25.463039977738404 50
1622587115120 -25.463039977738404 51
1622587117422 -25.463039977738404 52
1622587119742 -25.463039977738404 53
1622587122150 -25.463039977738404 54
1622587124563 -25.463039977738404 55
1622587126977 -25.463039977738404 56
1622587129480 -25.463039977738404 57
1622587131960 -25.463039977738404 58
1622587134538 -25.463039977738404 59
1622587137139 -25.463039977738404 60
1622587139761 -25.463039977738404 61
1622587142430 -25.463039977738404 62
1622587145357 -25.463039977738404 63
1622587148127 -25.463039977738404 64
1622587150882 -25.463039977738404 65
1622587153680 -25.463039977738404 66
1622587156456 -25.463039977738404 67
1622587159346 -25.463039977738404 68
1622587162467 -25.463039977738404 69
1622587165558 -25.463039977738404 70
1622587168690 -25.463039977738404 71
1622587172038 -25.463039977738404 72
1622587175094 -25.463039977738404 73
1622587178210 -25.463039977738404 74
1622587181383 -25.463039977738404 75
1622587184556 -25.463039977738404 76
1622587187811 -25.463039977738404 77
1622587191076 -25.463039977738404 78
1622587194324 -25.463039977738404 79
1622587197673 -25.463039977738404 80
1622587201087 -25.463039977738404 81
1622587204450 -25.463039977738404 82
1622587207842 -25.463039977738404 83
1622587211308 -25.463039977738404 84
1622587214770 -25.463039977738404 85
1622587218303 -25.463039977738404 86
1622587221844 -25.463039977738404 87
1622587225387 -25.463039977738404 88
1622587228985 -25.463039977738404 89
1622587232605 -25.463039977738404 90
1622587236275 -25.463039977738404 91
1622587239989 -25.463039977738404 92
1622587243711 -25.463039977738404 93
1622587247483 -25.463039977738404 94
1622587251287 -25.463039977738404 95
1622587255128 -25.463039977738404 96
1622587259042 -25.463039977738404 97
1622587262905 -25.463039977738404 98
1622587266822 -25.463039977738404 99
1622587270788 -25.463039977738404 100
1622587274790 -25.463039977738404 101
1622587278865 -25.463039977738404 102
1622587283276 -25.463039977738404 103
1622587287573 -25.463039977738404 104
1622587291724 -25.463039977738404 105
1622587295952 -25.463039977738404 106
1622587300151 -25.463039977738404 107
1622587304422 -25.463039977738404 108
1622587308715 -25.463039977738404 109
1622587313258 -25.463039977738404 110
1622587318630 -25.463039977738404 111
1622587323051 -25.463039977738404 112
1622587327456 -25.463039977738404 113
1622587331996 -25.463039977738404 114
1622587336533 -25.463039977738404 115
1622587341306 -25.463039977738404 116
1622587346066 -25.463039977738404 117
1622587350838 -25.463039977738404 118
1622587355514 -25.463039977738404 119
1622587360186 -25.463039977738404 120
1622587364973 -25.463039977738404 121
1622587369931 -25.463039977738404 122
1622587374806 -25.463039977738404 123
1622587379602 -25.463039977738404 124
1622587384496 -25.463039977738404 125
1622587389380 -25.463039977738404 126
1622587394300 -25.463039977738404 127
1622587399601 -25.463039977738404 128
1622587405016 -25.463039977738404 129
1622587410113 -25.463039977738404 130
1622587415226 -25.463039977738404 131
1622587420345 -25.463039977738404 132
1622587425502 -25.463039977738404 133
1622587430703 -25.463039977738404 134
1622587435937 -25.463039977738404 135
1622587441543 -25.463039977738404 136
1622587446903 -25.463039977738404 137
1622587452363 -25.463039977738404 138
1622587457786 -25.463039977738404 139
1622587463596 -25.463039977738404 140
1622587469259 -25.463039977738404 141
1622587474748 -25.463039977738404 142
1622587481121 -25.463039977738404 143
1622587487926 -25.463039977738404 144
1622587493516 -25.463039977738404 145
1622587499545 -25.463039977738404 146
1622587505574 -25.463039977738404 147
1622587511470 -25.463039977738404 148
1622587517436 -25.463039977738404 149
1622587524366 -25.463039977738404 150
1622587530253 -25.463039977738404 151
1622587536430 -25.463039977738404 152
1622587542855 -25.463039977738404 153
1622587549213 -25.463039977738404 154
1622587555619 -25.463039977738404 155
1622587562203 -25.463039977738404 156
1622587568595 -25.463039977738404 157
1622587575111 -25.463039977738404 158
1622587581716 -25.463039977738404 159
1622587588433 -25.463039977738404 160
1622587595094 -25.463039977738404 161
1622587601577 -25.463039977738404 162
1622587608252 -25.463039977738404 163
1622587614905 -25.463039977738404 164
1622587621686 -25.463039977738404 165
1622587628008 -25.463039977738404 166
1622587634382 -25.463039977738404 167
1622587640893 -25.463039977738404 168
1622587647305 -25.463039977738404 169
1622587653787 -25.463039977738404 170
1622587660293 -25.463039977738404 171
1622587667928 -25.463039977738404 172
1622587675207 -25.463039977738404 173
1622587682420 -25.463039977738404 174
1622587689284 -25.463039977738404 175
1622587695959 -25.463039977738404 176
1622587702732 -25.463039977738404 177
1622587709463 -25.463039977738404 178
1622587716258 -25.463039977738404 179
1622587723557 -25.463039977738404 180
1622587731008 -25.463039977738404 181
1622587738018 -25.463039977738404 182
1622587745041 -25.463039977738404 183
1622587752123 -25.463039977738404 184
1622587759864 -25.463039977738404 185
1622587767513 -25.463039977738404 186
1622587774675 -25.463039977738404 187
1622587782087 -25.463039977738404 188
1622587789265 -25.463039977738404 189
1622587796906 -25.463039977738404 190
1622587804853 -25.463039977738404 191
1622587812795 -25.463039977738404 192
1622587820577 -25.463039977738404 193
1622587828203 -25.463039977738404 194
1622587835637 -25.463039977738404 195
1622587843077 -25.463039977738404 196
1622587850599 -25.463039977738404 197
1622587858119 -25.463039977738404 198
1622587866034 -25.463039977738404 199
1622587873814 -25.463039977738404 200
1622587881524 -25.463039977738404 201
1622587889176 -25.463039977738404 202
1622587896870 -25.463039977738404 203
1622587904687 -25.463039977738404 204
1622587912717 -25.463039977738404 205
1622587920522 -25.463039977738404 206
1622587928657 -25.463039977738404 207
1622587936805 -25.463039977738404 208
1622587945106 -25.463039977738404 209
1622587953273 -25.463039977738404 210
1622587961269 -25.463039977738404 211
1622587969264 -25.463039977738404 212
1622587977573 -25.463039977738404 213
1622587985892 -25.463039977738404 214
1622587994487 -25.463039977738404 215
1622588003399 -25.463039977738404 216
1622588011882 -25.463039977738404 217
1622588020145 -25.463039977738404 218
1622588028457 -25.463039977738404 219
1622588036729 -25.463039977738404 220
1622588045089 -25.463039977738404 221
1622588053465 -25.463039977738404 222
1622588062115 -25.463039977738404 223
1622588070937 -25.463039977738404 224
1622588079604 -25.463039977738404 225
1622588088842 -25.463039977738404 226
1622588097457 -25.463039977738404 227
1622588105995 -25.463039977738404 228
1622588114652 -25.463039977738404 229
1622588123327 -25.463039977738404 230
1622588132057 -25.463039977738404 231
1622588141054 -25.463039977738404 232
1622588150368 -25.463039977738404 233
1622588159226 -25.463039977738404 234
1622588168075 -25.463039977738404 235
1622588177602 -25.463039977738404 236
1622588186773 -25.463039977738404 237
1622588196183 -25.463039977738404 238
1622588205427 -25.463039977738404 239
1622588214446 -25.463039977738404 240
1622588223429 -25.463039977738404 241
1622588232388 -25.463039977738404 242
1622588241462 -25.463039977738404 243
1622588250667 -25.463039977738404 244
1622588259844 -25.463039977738404 245
1622588268970 -25.463039977738404 246
1622588278202 -25.463039977738404 247
1622588287497 -25.463039977738404 248
1622588297643 -25.463039977738404 249
1622588307006 -25.463039977738404 250
1622588316387 -25.463039977738404 251
1622588325763 -25.463039977738404 252
1622588335793 -25.463039977738404 253
1622588345683 -25.463039977738404 254
1622588355994 -25.463039977738404 255
1622588366309 -25.463039977738404 256
1622588376640 -25.463039977738404 257
1622588387316 -25.463039977738404 258
1622588396992 -25.463039977738404 259
1622588406815 -25.463039977738404 260
1622588416672 -25.463039977738404 261
1622588427713 -25.463039977738404 262
1622588438466 -25.463039977738404 263
1622588449116 -25.463039977738404 264
1622588459782 -25.463039977738404 265
1622588469779 -25.463039977738404 266
1622588479903 -25.463039977738404 267
1622588489968 -25.463039977738404 268
1622588499927 -25.463039977738404 269
1622588510073 -25.463039977738404 270
1622588520127 -25.463039977738404 271
1622588530240 -25.463039977738404 272
1622588540538 -25.463039977738404 273
1622588550796 -25.463039977738404 274
1622588561203 -25.463039977738404 275
1622588571408 -25.463039977738404 276
1622588581725 -25.463039977738404 277
1622588591990 -25.463039977738404 278
1622588602741 -25.463039977738404 279
1622588613421 -25.463039977738404 280
1622588625155 -25.463039977738404 281
1622588635679 -25.463039977738404 282
1622588646296 -25.463039977738404 283
1622588657036 -25.463039977738404 284
1622588667725 -25.463039977738404 285
1622588678428 -25.463039977738404 286
1622588689169 -25.463039977738404 287
1622588699969 -25.463039977738404 288
1622588710783 -25.463039977738404 289
1622588721574 -25.463039977738404 290
1622588732455 -25.463039977738404 291
1622588744080 -25.463039977738404 292
1622588755188 -25.463039977738404 293
1622588766690 -25.463039977738404 294
1622588777790 -25.463039977738404 295
1622588789111 -25.463039977738404 296
1622588800097 -25.463039977738404 297
1622588811306 -25.463039977738404 298
1622588822547 -25.463039977738404 299
1622588834131 -25.463039977738404 300
1622588845691 -25.463039977738404 301
1622588859617 -25.463039977738404 302
1622588871854 -25.463039977738404 303
1622588883395 -25.463039977738404 304
1622588894654 -25.463039977738404 305
1622588905996 -25.463039977738404 306
1622588917648 -25.463039977738404 307
1622588929987 -25.463039977738404 308
1622588942243 -25.463039977738404 309
1622588954257 -25.463039977738404 310
1622588966388 -25.463039977738404 311
1622588978029 -25.463039977738404 312
1622588989733 -25.463039977738404 313
1622589001428 -25.463039977738404 314
1622589013113 -25.463039977738404 315
1622589025376 -25.463039977738404 316
1622589037582 -25.463039977738404 317
1622589049610 -25.463039977738404 318
1622589061411 -25.463039977738404 319
1622589073715 -25.463039977738404 320
1622589086164 -25.463039977738404 321
1622589098050 -25.463039977738404 322
1622589110105 -25.463039977738404 323
1622589122120 -25.463039977738404 324
1622589134382 -25.463039977738404 325
1622589146609 -25.463039977738404 326
1622589158923 -25.463039977738404 327
1622589171193 -25.463039977738404 328
1622589183869 -25.463039977738404 329
1622589196264 -25.463039977738404 330
1622589208760 -25.463039977738404 331
1622589221105 -25.463039977738404 332
1622589233486 -25.463039977738404 333
1622589246843 -25.463039977738404 334
1622589259588 -25.463039977738404 335
1622589272984 -25.463039977738404 336
1622589285957 -25.463039977738404 337
1622589298998 -25.463039977738404 338
1622589312521 -25.463039977738404 339
1622589327744 -25.463039977738404 340
1622589340364 -25.463039977738404 341
1622589353100 -25.463039977738404 342
1622589365977 -25.463039977738404 343
1622589379604 -25.463039977738404 344
1622589393516 -25.463039977738404 345
1622589406782 -25.463039977738404 346
1622589419761 -25.463039977738404 347
1622589432784 -25.463039977738404 348
1622589446211 -25.463039977738404 349
1622589459736 -25.463039977738404 350
1622589472947 -25.463039977738404 351
1622589486038 -25.463039977738404 352
1622589499274 -25.463039977738404 353
1622589512397 -25.463039977738404 354
1622589525686 -25.463039977738404 355
1622589538979 -25.463039977738404 356
1622589552677 -25.463039977738404 357
1622589566934 -25.463039977738404 358
1622589581161 -25.463039977738404 359
1622589595334 -25.463039977738404 360
1622589610587 -25.463039977738404 361
1622589624075 -25.463039977738404 362
1622589637755 -25.463039977738404 363
1622589651993 -25.463039977738404 364
1622589667030 -25.463039977738404 365
1622589681091 -25.463039977738404 366
1622589695548 -25.463039977738404 367
1622589709551 -25.463039977738404 368
1622589724370 -25.463039977738404 369
1622589738647 -25.463039977738404 370
1622589753586 -25.463039977738404 371
1622589767528 -25.463039977738404 372
1622589781586 -25.463039977738404 373
1622589795589 -25.463039977738404 374
1622589809850 -25.463039977738404 375
1622589823969 -25.463039977738404 376
1622589838060 -25.463039977738404 377
1622589852794 -25.463039977738404 378
1622589867182 -25.463039977738404 379
1622589881458 -25.463039977738404 380
1622589895758 -25.463039977738404 381
1622589909902 -25.463039977738404 382
1622589924206 -25.463039977738404 383
1622589939240 -25.463039977738404 384
1622589953982 -25.463039977738404 385
1622589968899 -25.463039977738404 386
1622589983240 -25.463039977738404 387
1622589997560 -25.463039977738404 388
1622590011880 -25.463039977738404 389
1622590027071 -25.463039977738404 390
1622590041865 -25.463039977738404 391
1622590056410 -25.463039977738404 392
1622590071020 -25.463039977738404 393
1622590085959 -25.463039977738404 394
1622590101681 -25.463039977738404 395
1622590117597 -25.463039977738404 396
1622590133359 -25.463039977738404 397
1622590149363 -25.463039977738404 398
1622590164978 -25.463039977738404 399
1622590180091 -25.463039977738404 400
1622590195623 -25.463039977738404 401
1622590210809 -25.463039977738404 402
1622590225761 -25.463039977738404 403
1622590240535 -25.463039977738404 404
1622590255434 -25.463039977738404 405
1622590270351 -25.463039977738404 406
1622590286249 -25.463039977738404 407
1622590301303 -25.463039977738404 408
1622590316420 -25.463039977738404 409
1622590331533 -25.463039977738404 410
1622590349374 -25.463039977738404 411
1622590364696 -25.463039977738404 412
1622590381409 -25.463039977738404 413
1622590396707 -25.463039977738404 414
1622590411902 -25.463039977738404 415
1622590427182 -25.463039977738404 416
1622590443279 -25.463039977738404 417
1622590459341 -25.463039977738404 418
1622590476412 -25.463039977738404 419
1622590491690 -25.463039977738404 420
1622590507192 -25.463039977738404 421
1622590523696 -25.463039977738404 422
1622590540557 -25.463039977738404 423
1622590557285 -25.463039977738404 424
1622590574001 -25.463039977738404 425
1622590590512 -25.463039977738404 426
1622590606167 -25.463039977738404 427
1622590622637 -25.463039977738404 428
1622590640032 -25.463039977738404 429
1622590656979 -25.463039977738404 430
1622590673309 -25.463039977738404 431
1622590689111 -25.463039977738404 432
1622590705042 -25.463039977738404 433
1622590722044 -25.463039977738404 434
1622590739454 -25.463039977738404 435
1622590756158 -25.463039977738404 436
1622590772554 -25.463039977738404 437
1622590789582 -25.463039977738404 438
1622590806901 -25.463039977738404 439
1622590823526 -25.463039977738404 440
1622590840327 -25.463039977738404 441
1622590856554 -25.463039977738404 442
1622590873317 -25.463039977738404 443
1622590890592 -25.463039977738404 444
1622590907948 -25.463039977738404 445
1622590925043 -25.463039977738404 446
1622590941576 -25.463039977738404 447
1622590958060 -25.463039977738404 448
1622590974618 -25.463039977738404 449
1622590991342 -25.463039977738404 450
1622591007834 -25.463039977738404 451
1622591024285 -25.463039977738404 452
1622591041232 -25.463039977738404 453
1622591058907 -25.463039977738404 454
1622591076258 -25.463039977738404 455
1622591093885 -25.463039977738404 456
1622591110707 -25.463039977738404 457
1622591127419 -25.463039977738404 458
1622591144146 -25.463039977738404 459
1622591162377 -25.463039977738404 460
1622591179433 -25.463039977738404 461
1622591196349 -25.463039977738404 462
1622591213342 -25.463039977738404 463
1622591231333 -25.463039977738404 464
1622591248716 -25.463039977738404 465
1622591266991 -25.463039977738404 466
1622591286038 -25.463039977738404 467
1622591303492 -25.463039977738404 468
1622591321667 -25.463039977738404 469
1622591338798 -25.463039977738404 470
1622591356405 -25.463039977738404 471
1622591374040 -25.463039977738404 472
1622591392246 -25.463039977738404 473
1622591410979 -25.463039977738404 474
1622591428298 -25.463039977738404 475
1622591445617 -25.463039977738404 476
1622591463241 -25.463039977738404 477
1622591482248 -25.463039977738404 478
1622591500426 -25.463039977738404 479
1622591519279 -25.463039977738404 480
1622591538093 -25.463039977738404 481
1622591555657 -25.463039977738404 482
1622591573949 -25.463039977738404 483
1622591591706 -25.463039977738404 484
1622591609304 -25.463039977738404 485
1622591626962 -25.463039977738404 486
1622591644779 -25.463039977738404 487
1622591663102 -25.463039977738404 488
1622591682168 -25.463039977738404 489
1622591700110 -25.463039977738404 490
1622591718392 -25.463039977738404 491
1622591737462 -25.463039977738404 492
1622591756865 -25.463039977738404 493
1622591775145 -25.463039977738404 494
1622591793782 -25.463039977738404 495
1622591812314 -25.463039977738404 496
1622591831914 -25.463039977738404 497
1622591850842 -25.463039977738404 498
1622591870092 -25.463039977738404 499
1622591888426 -25.463039977738404 500
