1622805393437 1.316 0
1622805395471 1.582 1
1622805397429 1.843 2
1622805399631 2.107 3
1622805401963 2.369 4
1622805404500 2.633 5
1622805407200 2.9 6
1622805410058 3.162 7
1622805413063 3.426 8
1622805416287 3.688 9
1622805419601 3.952 10
1622805423126 4.215 11
1622805426811 4.477 12
1622805430615 4.74 13
1622805434640 5.005 14
1622805438908 5.27 15
1622805443166 5.5329999999999995 16
1622805447680 5.797 17
1622805452410 6.06 18
1622805457318 6.324 19
1622805462380 6.586 20
1622805467569 6.846 21
1622805472924 7.107 22
1622805478493 7.37 23
1622805484255 7.634 24
1622805490182 7.896000000000001 25
1622805496182 8.162 26
1622805502385 8.425 27
1622805508662 8.686 28
1622805515122 8.948 29
1622805521704 9.206 30
1622805528522 9.468 31
1622805535525 9.729 32
1622805542719 9.989999999999998 33
1622805549891 10.251999999999999 34
1622805557425 10.514999999999999 35
1622805565069 10.777999999999999 36
1622805572981 11.04 37
1622805581021 11.302999999999999 38
1622805589119 11.568 39
1622805597507 11.831 40
1622805605890 12.093 41
1622805614620 12.354 42
1622805623465 12.617999999999999 43
1622805632554 12.878999999999998 44
1622805641777 13.141999999999998 45
1622805651037 13.404999999999998 46
1622805660588 13.667999999999997 47
1622805670327 13.929999999999998 48
1622805680085 14.191999999999998 49
1622805690121 14.453999999999999 50
1622805700192 14.717999999999998 51
1622805710637 14.980999999999998 52
1622805721250 15.242999999999999 53
1622805731967 15.505999999999998 54
1622805742788 15.770999999999999 55
1622805753925 16.034 56
1622805765068 16.296 57
1622805776568 16.557 58
1622805788043 16.819 59
1622805799748 17.081 60
1622805811660 17.343 61
1622805823603 17.607 62
1622805835840 17.869 63
1622805848273 18.133 64
1622805860884 18.395 65
1622805873688 18.658 66
1622805886666 18.918000000000003 67
1622805899787 19.180000000000003 68
1622805913036 19.444000000000003 69
1622805926415 19.706000000000003 70
1622805939913 19.968000000000004 71
1622805953605 20.231000000000005 72
1622805967489 20.496000000000006 73
1622805981532 20.762000000000008 74
1622805995753 21.024000000000008 75
1622806010007 21.28600000000001 76
1622806024532 21.54600000000001 77
1622806039373 21.80700000000001 78
1622806054149 22.06800000000001 79
1622806069210 22.32800000000001 80
1622806084319 22.58900000000001 81
1622806099663 22.85300000000001 82
1622806115302 23.114000000000008 83
1622806131186 23.37700000000001 84
1622806147060 23.63900000000001 85
1622806163331 23.90400000000001 86
1622806179316 24.16600000000001 87
1622806195611 24.43000000000001 88
1622806212099 24.69200000000001 89
1622806228820 24.95400000000001 90
1622806245615 25.21300000000001 91
1622806262640 25.475000000000012 92
1622806279875 25.73600000000001 93
1622806297298 26.00000000000001 94
1622806314773 26.26400000000001 95
1622806332582 26.52500000000001 96
1622806350263 26.79000000000001 97
1622806368298 27.05200000000001 98
1622806386567 27.31700000000001 99
1622806405084 27.57900000000001 100
1622806423777 27.842000000000013 101
1622806442548 28.10800000000001 102
1622806461571 28.36900000000001 103
1622806480470 28.629000000000012 104
1622806499756 28.891000000000012 105
1622806519123 29.15200000000001 106
1622806538546 29.41300000000001 107
1622806558230 29.676000000000013 108
1622806577991 29.938000000000013 109
1622806598009 30.201000000000015 110
1622806618086 30.463000000000015 111
1622806638497 30.724000000000014 112
1622806659116 30.984000000000016 113
1622806679787 31.247000000000018 114
1622806700719 31.51000000000002 115
1622806721912 31.77200000000002 116
1622806743247 32.03400000000002 117
1622806764681 32.29500000000002 118
1622806786214 32.556000000000026 119
1622806808033 32.819000000000024 120
1622806829968 33.08200000000002 121
1622806851936 33.343000000000025 122
1622806874001 33.60700000000003 123
1622806896475 33.87400000000003 124
1622806919179 34.13900000000003 125
1622806941800 34.400000000000034 126
1622806964568 34.66000000000003 127
1622806987908 34.92300000000003 128
1622807011363 35.18600000000003 129
1622807034831 35.45000000000003 130
1622807058163 35.71300000000003 131
1622807081774 35.97300000000003 132
1622807105726 36.23700000000003 133
1622807129756 36.50100000000003 134
1622807153978 36.763000000000034 135
1622807178433 37.02600000000003 136
1622807202872 37.28900000000003 137
1622807227681 37.55200000000003 138
1622807252522 37.815000000000026 139
1622807277655 38.07700000000003 140
1622807302927 38.337000000000025 141
1622807328381 38.599000000000025 142
1622807353750 38.861000000000026 143
1622807379359 39.129000000000026 144
1622807405490 39.39000000000003 145
1622807431648 39.65300000000003 146
1622807457870 39.91500000000003 147
1622807484355 40.17700000000003 148
1622807511070 40.43800000000003 149
1622807537775 40.70000000000003 150
1622807564818 40.96300000000003 151
1622807591773 41.22700000000003 152
1622807618971 41.48900000000003 153
1622807646378 41.75100000000003 154
1622807674062 42.01100000000003 155
1622807701811 42.27300000000003 156
1622807729633 42.53500000000003 157
1622807757861 42.79700000000003 158
1622807786165 43.06200000000003 159
1622807814641 43.32500000000003 160
1622807843257 43.58700000000003 161
1622807872081 43.85000000000003 162
1622807900891 44.11200000000003 163
1622807929838 44.37500000000003 164
1622807959020 44.63600000000003 165
1622807988233 44.89800000000003 166
1622808017908 45.162000000000035 167
1622808047753 45.427000000000035 168
1622808077840 45.692000000000036 169
1622808107948 45.95300000000004 170
1622808138157 46.21400000000004 171
1622808168474 46.47700000000004 172
1622808199124 46.74300000000004 173
1622808230195 47.01000000000004 174
1622808260869 47.27200000000004 175
1622808291922 47.53500000000004 176
1622808323229 47.79700000000004 177
1622808354755 48.05900000000004 178
1622808386579 48.31900000000004 179
1622808418293 48.58600000000004 180
1622808450320 48.84600000000004 181
1622808482315 49.10600000000004 182
1622808514325 49.36700000000004 183
1622808546736 49.63300000000004 184
1622808579655 49.89400000000004 185
1622808612419 50.15700000000004 186
1622808645745 50.42000000000004 187
1622808678785 50.680000000000035 188
1622808711923 50.94100000000004 189
1622808745179 51.207000000000036 190
1622808778832 51.47100000000004 191
1622808812559 51.73500000000004 192
1622808846361 51.996000000000045 193
1622808880365 52.258000000000045 194
1622808914489 52.51900000000005 195
1622808948816 52.78700000000005 196
1622808983138 53.04800000000005 197
1622809017913 53.315000000000055 198
1622809053525 53.577000000000055 199
1622809089125 53.84400000000006 200
1622809124312 54.107000000000056 201
1622809159728 54.37400000000006 202
1622809195368 54.63900000000006 203
1622809231013 54.90000000000006 204
1622809266978 55.161000000000065 205
1622809303056 55.42200000000007 206
1622809339442 55.682000000000066 207
1622809376005 55.94600000000007 208
1622809412486 56.20900000000007 209
1622809449445 56.47300000000007 210
1622809486138 56.73600000000007 211
1622809523189 56.99700000000007 212
1622809560654 57.26000000000007 213
1622809598223 57.52500000000007 214
1622809635723 57.78800000000007 215
1622809673758 58.051000000000066 216
1622809711621 58.314000000000064 217
1622809749943 58.576000000000064 218
1622809788434 58.838000000000065 219
1622809826610 59.10200000000007 220
1622809865048 59.362000000000066 221
1622809903644 59.62600000000007 222
1622809942456 59.88600000000007 223
1622809981733 60.14700000000007 224
1622810021266 60.40900000000007 225
1622810060742 60.67300000000007 226
1622810100529 60.93600000000007 227
1622810140090 61.19800000000007 228
1622810180252 61.46000000000007 229
1622810220292 61.72200000000007 230
1622810260424 61.98500000000007 231
1622810300745 62.24700000000007 232
1622810341233 62.51000000000007 233
1622810382086 62.77300000000007 234
1622810422828 63.03500000000007 235
1622810464268 63.298000000000066 236
1622810505201 63.558000000000064 237
1622810546668 63.81900000000007 238
1622810588344 64.08100000000006 239
1622810629935 64.34300000000006 240
1622810671956 64.60500000000006 241
1622810714166 64.86700000000006 242
1622810756498 65.12800000000006 243
1622810799206 65.38900000000005 244
1622810841767 65.65200000000006 245
1622810884439 65.91500000000006 246
1622810927284 66.17900000000006 247
1622810970353 66.44500000000006 248
1622811013634 66.70600000000006 249
1622811057234 66.96700000000006 250
1622811101035 67.22900000000006 251
1622811144814 67.49000000000005 252
1622811188513 67.75600000000006 253
1622811232626 68.02000000000005 254
1622811276842 68.28000000000006 255
1622811320945 68.54600000000006 256
1622811365574 68.80800000000006 257
1622811410513 69.07000000000006 258
1622811455620 69.33200000000006 259
1622811500935 69.59400000000007 260
1622811546174 69.85500000000006 261
1622811591674 70.11700000000006 262
1622811637428 70.37900000000006 263
1622811683513 70.63900000000007 264
1622811729654 70.90200000000007 265
1622811776194 71.16400000000007 266
1622811822523 71.42500000000007 267
1622811868920 71.68800000000007 268
1622811915397 71.95000000000007 269
1622811962496 72.21300000000008 270
1622812009673 72.47500000000008 271
1622812057202 72.73900000000008 272
1622812104691 73.00000000000007 273
1622812151971 73.26600000000008 274
1622812199859 73.52600000000008 275
1622812247740 73.78700000000008 276
1622812295750 74.04900000000008 277
1622812344222 74.31100000000008 278
1622812392491 74.57400000000008 279
1622812441147 74.83600000000008 280
1622812490178 75.09900000000009 281
1622812538617 75.36400000000009 282
1622812587862 75.6240000000001 283
1622812637054 75.88500000000009 284
1622812686390 76.1480000000001 285
1622812736085 76.4110000000001 286
1622812786024 76.6720000000001 287
1622812835767 76.9350000000001 288
1622812885440 77.1990000000001 289
1622812935425 77.4620000000001 290
1622812985600 77.7240000000001 291
1622813035794 77.9860000000001 292
1622813086660 78.24900000000011 293
1622813137427 78.51100000000011 294
1622813188426 78.77300000000011 295
1622813239101 79.03500000000011 296
1622813290348 79.2990000000001 297
1622813341943 79.5610000000001 298
1622813393498 79.8250000000001 299
1622813445278 80.0900000000001 300
1622813497243 80.3550000000001 301
1622813549185 80.6190000000001 302
1622813601598 80.8800000000001 303
1622813653953 81.14100000000009 304
1622813706587 81.4100000000001 305
1622813759262 81.6720000000001 306
1622813812429 81.93300000000009 307
1622813865441 82.1960000000001 308
1622813918785 82.4610000000001 309
1622813972071 82.7220000000001 310
1622814025889 82.9840000000001 311
1622814079846 83.2460000000001 312
1622814133643 83.5090000000001 313
1622814187748 83.7700000000001 314
1622814242311 84.0320000000001 315
1622814296725 84.2950000000001 316
1622814351490 84.5560000000001 317
1622814406324 84.8180000000001 318
1622814461501 85.0800000000001 319
1622814516607 85.3440000000001 320
1622814572221 85.6060000000001 321
1622814627820 85.8680000000001 322
1622814683749 86.1310000000001 323
1622814739711 86.3940000000001 324
1622814795667 86.6580000000001 325
1622814851776 86.9190000000001 326
1622814908527 87.1820000000001 327
1622814965404 87.4450000000001 328
1622815021971 87.70700000000011 329
1622815078997 87.9710000000001 330
1622815135986 88.2320000000001 331
1622815193225 88.4950000000001 332
1622815250798 88.7570000000001 333
1622815308621 89.0190000000001 334
1622815366402 89.2840000000001 335
1622815424335 89.5460000000001 336
1622815482382 89.8140000000001 337
1622815540967 90.0750000000001 338
1622815599229 90.3370000000001 339
1622815657458 90.6010000000001 340
1622815716163 90.8640000000001 341
1622815775014 91.1280000000001 342
1622815834186 91.3920000000001 343
1622815893096 91.6520000000001 344
1622815952382 91.9180000000001 345
1622816012054 92.18100000000011 346
1622816071809 92.44100000000012 347
1622816131571 92.70500000000011 348
1622816191342 92.96600000000011 349
1622816251713 93.22800000000011 350
1622816312069 93.49000000000011 351
1622816372366 93.75200000000011 352
1622816433204 94.0160000000001 353
1622816494231 94.2800000000001 354
1622816555042 94.5400000000001 355
1622816616071 94.8020000000001 356
1622816677233 95.06500000000011 357
1622816738275 95.3260000000001 358
1622816799693 95.58900000000011 359
1622816861004 95.85100000000011 360
1622816922888 96.11400000000012 361
1622816984964 96.37700000000012 362
1622817047097 96.63900000000012 363
1622817109430 96.90000000000012 364
1622817172184 97.16200000000012 365
1622817235174 97.42200000000012 366
1622817298167 97.68400000000013 367
1622817361618 97.94600000000013 368
1622817424605 98.20800000000013 369
1622817487908 98.47200000000012 370
1622817551152 98.73300000000012 371
1622817615057 98.99300000000012 372
1622817679042 99.25400000000012 373
1622817743280 99.51700000000012 374
1622817807470 99.78000000000013 375
1622817872278 100.04200000000013 376
1622817936806 100.30300000000013 377
1622818001387 100.56500000000013 378
1622818066023 100.82500000000013 379
1622818130974 101.08300000000013 380
1622818196319 101.34400000000012 381
1622818261593 101.60400000000013 382
1622818327176 101.86500000000012 383
1622818393005 102.12600000000012 384
1622818458388 102.38800000000012 385
1622818524233 102.65200000000011 386
1622818590387 102.91800000000012 387
1622818656698 103.18000000000012 388
1622818723405 103.44500000000012 389
1622818790959 103.70500000000013 390
1622818858283 103.96800000000013 391
1622818925899 104.23200000000013 392
1622818993603 104.49600000000012 393
1622819061426 104.75900000000013 394
1622819129677 105.02400000000013 395
1622819197647 105.28600000000013 396
1622819266197 105.54800000000013 397
1622819334832 105.81100000000013 398
1622819403444 106.07400000000014 399
1622819472384 106.33700000000015 400
1622819540970 106.60000000000015 401
1622819610382 106.86300000000016 402
1622819679563 107.13100000000016 403
1622819748547 107.39300000000016 404
1622819817454 107.65900000000016 405
1622819886788 107.92100000000016 406
1622819956401 108.18500000000016 407
1622820026486 108.44800000000016 408
1622820096639 108.71200000000016 409
1622820166672 108.97200000000016 410
1622820236856 109.23500000000017 411
1622820307742 109.49800000000018 412
1622820378680 109.76000000000018 413
1622820449851 110.02200000000018 414
1622820521210 110.28400000000018 415
1622820592641 110.54500000000017 416
1622820664286 110.80800000000018 417
1622820736358 111.07000000000018 418
1622820808170 111.33600000000018 419
1622820880088 111.59800000000018 420
1622820952591 111.85900000000018 421
1622821024693 112.12200000000018 422
1622821097241 112.38700000000019 423
1622821169839 112.65400000000018 424
1622821242685 112.91600000000018 425
1622821315874 113.17800000000018 426
1622821388888 113.44000000000018 427
1622821461697 113.70400000000018 428
1622821535014 113.96800000000017 429
1622821608760 114.23000000000017 430
1622821682272 114.49300000000018 431
1622821756417 114.75500000000018 432
1622821830500 115.01500000000019 433
1622821904890 115.27600000000018 434
1622821979212 115.54000000000018 435
1622822053347 115.80400000000017 436
1622822128004 116.06600000000017 437
1622822202818 116.32600000000018 438
1622822277837 116.58800000000018 439
1622822352753 116.85100000000018 440
1622822427720 117.11200000000018 441
1622822503068 117.37400000000018 442
1622822578564 117.63600000000018 443
1622822654297 117.89800000000018 444
1622822730051 118.16700000000019 445
1622822806516 118.42800000000018 446
1622822882650 118.69000000000018 447
1622822958679 118.95300000000019 448
1622823035389 119.21500000000019 449
1622823112061 119.47600000000018 450
1622823188974 119.73700000000018 451
1622823266422 119.99800000000018 452
1622823343791 120.26100000000018 453
1622823421733 120.53000000000019 454
1622823499538 120.79300000000019 455
1622823577393 121.05800000000019 456
1622823656031 121.32000000000019 457
1622823735043 121.58200000000019 458
1622823813617 121.8450000000002 459
1622823892046 122.1080000000002 460
1622823970612 122.3700000000002 461
1622824049429 122.6310000000002 462
1622824128602 122.8930000000002 463
1622824207680 123.1560000000002 464
1622824286600 123.4180000000002 465
1622824365935 123.6790000000002 466
1622824445390 123.9420000000002 467
1622824525726 124.20500000000021 468
1622824606025 124.46600000000021 469
1622824686229 124.72800000000021 470
1622824766624 124.99000000000021 471
1622824847501 125.2510000000002 472
1622824928100 125.5130000000002 473
1622825008782 125.77300000000021 474
1622825089801 126.0370000000002 475
1622825170750 126.2980000000002 476
1622825251760 126.5590000000002 477
1622825332801 126.82000000000019 478
1622825414412 127.08100000000019 479
1622825495628 127.34900000000019 480
1622825577062 127.61400000000019 481
1622825659150 127.87800000000018 482
1622825741828 128.13900000000018 483
1622825823698 128.40100000000018 484
1622825906065 128.66100000000017 485
1622825988652 128.92500000000018 486
1622826071425 129.1880000000002 487
1622826154169 129.44800000000018 488
1622826236957 129.70800000000017 489
1622826319710 129.96900000000016 490
1622826403084 130.23100000000017 491
1622826485946 130.49100000000016 492
1622826569312 130.75100000000015 493
1622826653057 131.01400000000015 494
1622826737046 131.27600000000015 495
1622826821256 131.53600000000014 496
1622826905591 131.79700000000014 497
1622826990333 132.06000000000014 498
1622827075420 132.32000000000014 499
1622827160193 132.58200000000014 500
