1622782177724 1.263 0
1622782179881 0.25 1
1622782182179 0.255 2
1622782184676 0.253 3
1622782187257 0.254 4
1622782189976 0.255 5
1622782192849 0.252 6
1622782195961 0.252 7
1622782199203 0.254 8
1622782202546 0.252 9
1622782206099 0.252 10
1622782209867 0.253 11
1622782213746 0.251 12
1622782217780 0.256 13
1622782221944 0.252 14
1622782226283 0.252 15
1622782230710 0.252 16
1622782235418 0.254 17
1622782240217 0.251 18
1622782245228 0.253 19
1622782250404 0.251 20
1622782255671 0.253 21
1622782261176 0.252 22
1622782266782 0.251 23
1622782272646 0.253 24
1622782278604 0.252 25
1622782284727 0.252 26
1622782290910 0.252 27
1622782297402 0.253 28
1622782304057 0.255 29
1622782310713 0.252 30
1622782317548 0.251 31
1622782324567 0.251 32
1622782331720 0.251 33
1622782339070 0.252 34
1622782346569 0.251 35
1622782354298 0.251 36
1622782362216 0.253 37
1622782370254 0.252 38
1622782378359 0.25 39
1622782386629 0.25 40
1622782395153 0.252 41
1622782403695 0.25 42
1622782412635 0.254 43
1622782421606 0.25 44
1622782430757 0.25 45
1622782439981 0.251 46
1622782449436 0.254 47
1622782459121 0.25 48
1622782468955 0.251 49
1622782478811 0.253 50
1622782488841 0.252 51
1622782498990 0.252 52
1622782509374 0.251 53
1622782519860 0.25 54
1622782530539 0.254 55
1622782541415 0.252 56
1622782552433 0.252 57
1622782563679 0.252 58
1622782575041 0.25 59
1622782586549 0.253 60
1622782598284 0.25 61
1622782610014 0.25 62
1622782621971 0.252 63
1622782634092 0.251 64
1622782646342 0.252 65
1622782658814 0.251 66
1622782671487 0.251 67
1622782684116 0.253 68
1622782696999 0.251 69
1622782709985 0.252 70
1622782723153 0.249 71
1622782736585 0.25 72
1622782750138 0.25 73
1622782763780 0.252 74
1622782777731 0.251 75
1622782791702 0.249 76
1622782805913 0.252 77
1622782820204 0.248 78
1622782834757 0.249 79
1622782849524 0.251 80
1622782864114 0.253 81
1622782878922 0.25 82
1622782894014 0.253 83
1622782909313 0.251 84
1622782924856 0.252 85
1622782940384 0.249 86
1622782956001 0.25 87
1622782971858 0.249 88
1622782987888 0.25 89
1622783004023 0.251 90
1622783020314 0.251 91
1622783036827 0.251 92
1622783053449 0.249 93
1622783070360 0.25 94
1622783087336 0.249 95
1622783104559 0.251 96
1622783121904 0.255 97
1622783139532 0.252 98
1622783157282 0.251 99
1622783175155 0.251 100
1622783192995 0.251 101
1622783211138 0.249 102
1622783229556 0.25 103
1622783247988 0.25 104
1622783266540 0.249 105
1622783285241 0.25 106
1622783304195 0.249 107
1622783323167 0.251 108
1622783342270 0.25 109
1622783361636 0.252 110
1622783380992 0.252 111
1622783400739 0.25 112
1622783420555 0.251 113
1622783440415 0.25 114
1622783460351 0.251 115
1622783480504 0.251 116
1622783500859 0.25 117
1622783521486 0.248 118
1622783542096 0.251 119
1622783563064 0.25 120
1622783584054 0.25 121
1622783605353 0.25 122
1622783626845 0.254 123
1622783648374 0.25 124
1622783670158 0.252 125
1622783692231 0.249 126
1622783714268 0.249 127
1622783736257 0.254 128
1622783758664 0.252 129
1622783781115 0.253 130
1622783803570 0.253 131
1622783826391 0.253 132
1622783849534 0.252 133
1622783872604 0.25 134
1622783895919 0.249 135
1622783919341 0.25 136
1622783942824 0.249 137
1622783966593 0.25 138
1622783990451 0.252 139
1622784014571 0.251 140
1622784038825 0.251 141
1622784063208 0.251 142
1622784087768 0.252 143
1622784112529 0.252 144
1622784137297 0.251 145
1622784162363 0.25 146
1622784187270 0.25 147
1622784212554 0.251 148
1622784237799 0.25 149
1622784263426 0.252 150
1622784289138 0.251 151
1622784315160 0.25 152
1622784341137 0.248 153
1622784367355 0.25 154
1622784393796 0.249 155
1622784420321 0.25 156
1622784447011 0.251 157
1622784474093 0.251 158
1622784501026 0.251 159
1622784528291 0.251 160
1622784555843 0.253 161
1622784583154 0.249 162
1622784610683 0.25 163
1622784638545 0.249 164
1622784666713 0.249 165
1622784694960 0.251 166
1622784723328 0.25 167
1622784751815 0.248 168
1622784780469 0.249 169
1622784809305 0.25 170
1622784838370 0.25 171
1622784867625 0.251 172
1622784896925 0.25 173
1622784926294 0.248 174
1622784955679 0.249 175
1622784985436 0.251 176
1622785015217 0.249 177
1622785045167 0.252 178
1622785075561 0.249 179
1622785106040 0.25 180
1622785136892 0.25 181
1622785167565 0.249 182
1622785198293 0.25 183
1622785229316 0.249 184
1622785260615 0.255 185
1622785291901 0.251 186
1622785323404 0.25 187
1622785355037 0.252 188
1622785387140 0.249 189
1622785419383 0.249 190
1622785451578 0.251 191
1622785483976 0.25 192
1622785516517 0.256 193
1622785549133 0.25 194
1622785581790 0.25 195
1622785614800 0.251 196
1622785648032 0.249 197
1622785681514 0.249 198
1622785715135 0.251 199
1622785748591 0.25 200
1622785782194 0.25 201
1622785816089 0.251 202
1622785850364 0.251 203
1622785884227 0.25 204
1622785918757 0.252 205
1622785953075 0.25 206
1622785987686 0.249 207
1622786022491 0.25 208
1622786057465 0.252 209
1622786092568 0.249 210
1622786128126 0.251 211
1622786163514 0.251 212
1622786199199 0.25 213
1622786234668 0.249 214
1622786270239 0.253 215
1622786306411 0.253 216
1622786342544 0.251 217
1622786378949 0.249 218
1622786415659 0.249 219
1622786452101 0.253 220
1622786488915 0.25 221
1622786526281 0.251 222
1622786563778 0.25 223
1622786600781 0.254 224
1622786638199 0.253 225
1622786675862 0.252 226
1622786713740 0.252 227
1622786751817 0.255 228
1622786789720 0.251 229
1622786828104 0.249 230
1622786866664 0.251 231
1622786905411 0.25 232
1622786944303 0.254 233
1622786983169 0.253 234
1622787022041 0.25 235
1622787061587 0.249 236
1622787101095 0.25 237
1622787140844 0.252 238
1622787180865 0.25 239
1622787220928 0.25 240
1622787260957 0.253 241
1622787301364 0.25 242
1622787341732 0.252 243
1622787382378 0.251 244
1622787423285 0.25 245
1622787464482 0.251 246
1622787505412 0.255 247
1622787546569 0.251 248
1622787587749 0.251 249
1622787628952 0.251 250
1622787670621 0.252 251
1622787712709 0.25 252
1622787754605 0.251 253
1622787796717 0.252 254
1622787838978 0.248 255
1622787881253 0.254 256
1622787923644 0.249 257
1622787966462 0.249 258
1622788009143 0.252 259
1622788052234 0.252 260
1622788095372 0.25 261
1622788138964 0.252 262
1622788182430 0.253 263
1622788226010 0.249 264
1622788269958 0.25 265
1622788314183 0.251 266
1622788358242 0.252 267
1622788402439 0.251 268
1622788446778 0.251 269
1622788491747 0.25 270
1622788536369 0.251 271
1622788581321 0.252 272
1622788626397 0.251 273
1622788672095 0.25 274
1622788717435 0.251 275
1622788763156 0.254 276
1622788808778 0.251 277
1622788854489 0.249 278
1622788900298 0.254 279
1622788946623 0.251 280
1622788993329 0.252 281
1622789039826 0.251 282
1622789086336 0.251 283
1622789133282 0.253 284
1622789180265 0.249 285
1622789227662 0.249 286
1622789274655 0.25 287
1622789322017 0.248 288
1622789369809 0.25 289
1622789417387 0.25 290
1622789465151 0.25 291
1622789513152 0.25 292
1622789561255 0.25 293
1622789609868 0.249 294
1622789658574 0.253 295
1622789707435 0.253 296
1622789756412 0.25 297
1622789805584 0.249 298
1622789854895 0.251 299
1622789904224 0.25 300
1622789953699 0.252 301
1622790003499 0.249 302
1622790053214 0.25 303
1622790102992 0.253 304
1622790152972 0.252 305
1622790203394 0.248 306
1622790253959 0.25 307
1622790304534 0.256 308
1622790355482 0.252 309
1622790406196 0.25 310
1622790457543 0.252 311
1622790509036 0.251 312
1622790560112 0.251 313
1622790611775 0.25 314
1622790663674 0.249 315
1622790715571 0.25 316
1622790767693 0.25 317
1622790820172 0.25 318
1622790872743 0.252 319
1622790925615 0.248 320
1622790978356 0.25 321
1622791031383 0.251 322
1622791084142 0.251 323
1622791137562 0.249 324
1622791190774 0.249 325
1622791244187 0.249 326
1622791297874 0.251 327
1622791351341 0.25 328
1622791405430 0.251 329
1622791459360 0.25 330
1622791513482 0.251 331
1622791567860 0.25 332
1622791622444 0.251 333
1622791677186 0.251 334
1622791731942 0.253 335
1622791787100 0.25 336
1622791842103 0.252 337
1622791897435 0.25 338
1622791952811 0.25 339
1622792008322 0.251 340
1622792063758 0.25 341
1622792120017 0.249 342
1622792175908 0.248 343
1622792232317 0.249 344
1622792288698 0.251 345
1622792345110 0.25 346
1622792401717 0.25 347
1622792458337 0.254 348
1622792515301 0.253 349
1622792572219 0.252 350
1622792629520 0.249 351
1622792686780 0.25 352
1622792744506 0.248 353
1622792802364 0.255 354
1622792860005 0.248 355
1622792917786 0.252 356
1622792975768 0.249 357
1622793033854 0.25 358
1622793092495 0.251 359
1622793151319 0.249 360
1622793210331 0.251 361
1622793269626 0.251 362
1622793328761 0.251 363
1622793388189 0.25 364
1622793447759 0.251 365
1622793507097 0.248 366
1622793566976 0.251 367
1622793627168 0.248 368
1622793686889 0.25 369
1622793747451 0.25 370
1622793808036 0.251 371
1622793868794 0.25 372
1622793929820 0.249 373
1622793990647 0.252 374
1622794052033 0.249 375
1622794113239 0.249 376
1622794174736 0.249 377
1622794236017 0.252 378
1622794297780 0.251 379
1622794359950 0.253 380
1622794421836 0.251 381
1622794484415 0.252 382
1622794546695 0.258 383
1622794609438 0.249 384
1622794671995 0.25 385
1622794734951 0.249 386
1622794797673 0.252 387
1622794860818 0.25 388
1622794924496 0.25 389
1622794988123 0.252 390
1622795051726 0.249 391
1622795115406 0.249 392
1622795179322 0.253 393
1622795243285 0.253 394
1622795307494 0.25 395
1622795371747 0.25 396
1622795436407 0.249 397
1622795500967 0.25 398
1622795565524 0.25 399
1622795630692 0.249 400
1622795695992 0.249 401
1622795760949 0.251 402
1622795826420 0.25 403
1622795891815 0.249 404
1622795957934 0.251 405
1622796023694 0.25 406
1622796089862 0.251 407
1622796156364 0.252 408
1622796222445 0.251 409
1622796288818 0.251 410
1622796353840 0.249 411
1622796418739 0.247 412
1622796484087 0.249 413
1622796549245 0.247 414
1622796615172 0.25 415
1622796681093 0.248 416
1622796747109 0.247 417
1622796813330 0.247 418
1622796879206 0.249 419
1622796945520 0.247 420
1622797011958 0.246 421
1622797078662 0.247 422
1622797145593 0.249 423
1622797212698 0.248 424
1622797279676 0.251 425
1622797346681 0.245 426
1622797413947 0.248 427
1622797481180 0.247 428
1622797548741 0.247 429
1622797616496 0.248 430
1622797684424 0.246 431
1622797752348 0.246 432
1622797820319 0.248 433
1622797888613 0.244 434
1622797957066 0.247 435
1622798025591 0.245 436
1622798093907 0.246 437
1622798162862 0.249 438
1622798232067 0.248 439
1622798301541 0.248 440
1622798371259 0.245 441
1622798441111 0.247 442
1622798511017 0.247 443
1622798581131 0.247 444
1622798651441 0.247 445
1622798721410 0.247 446
1622798791809 0.249 447
1622798862692 0.249 448
1622798933449 0.248 449
1622799004387 0.247 450
1622799075392 0.248 451
1622799146376 0.247 452
1622799217855 0.248 453
1622799289675 0.246 454
1622799361494 0.247 455
1622799433364 0.246 456
1622799505323 0.247 457
1622799577151 0.246 458
1622799649243 0.247 459
1622799721479 0.247 460
1622799794388 0.248 461
1622799867133 0.253 462
1622799940052 0.247 463
1622800012877 0.248 464
1622800086464 0.248 465
1622800160020 0.246 466
1622800233355 0.247 467
1622800307200 0.247 468
1622800381172 0.25 469
1622800455303 0.248 470
1622800529638 0.246 471
1622800603879 0.248 472
1622800678172 0.253 473
1622800752778 0.246 474
1622800827693 0.251 475
1622800902939 0.25 476
1622800978561 0.248 477
1622801054444 0.249 478
1622801130046 0.254 479
1622801205857 0.246 480
1622801281747 0.247 481
1622801360179 0.251 482
1622801437749 0.246 483
1622801515832 0.249 484
1622801593257 0.246 485
1622801671958 0.246 486
1622801750008 0.249 487
1622801828850 0.248 488
1622801906866 0.25 489
1622801985748 0.245 490
1622802064628 0.246 491
1622802144719 0.245 492
1622802224213 0.246 493
1622802304420 0.246 494
1622802384029 0.246 495
1622802464116 0.251 496
1622802544516 0.251 497
1622802625597 0.249 498
1622802706578 0.248 499
1622802787309 0.249 500
