1622698601596 0.097 0
1622698602456 0.191 1
1622698603475 0.28 2
1622698604683 0.371 3
1622698606058 0.46299999999999997 4
1622698607616 0.5549999999999999 5
1622698609353 0.6469999999999999 6
1622698611266 0.7389999999999999 7
1622698613371 0.8309999999999998 8
1622698615676 0.9249999999999998 9
1622698618137 1.017 10
1622698620765 1.1079999999999999 11
1622698623550 1.2 12
1622698626528 1.291 13
1622698629704 1.381 14
1622698633044 1.475 15
1622698636615 1.566 16
1622698640366 1.659 17
1622698644309 1.752 18
1622698648469 1.846 19
1622698652768 1.939 20
1622698657266 2.033 21
1622698661890 2.127 22
1622698666671 2.218 23
1622698671586 2.312 24
1622698676734 2.404 25
1622698682010 2.495 26
1622698687507 2.588 27
1622698693223 2.68 28
1622698699128 2.774 29
1622698705151 2.865 30
1622698711442 2.958 31
1622698717781 3.052 32
1622698724380 3.146 33
1622698731124 3.239 34
1622698737981 3.33 35
1622698745096 3.4210000000000003 36
1622698752346 3.5130000000000003 37
1622698759801 3.6040000000000005 38
1622698767515 3.6940000000000004 39
1622698775302 3.7870000000000004 40
1622698783354 3.8790000000000004 41
1622698791557 3.9700000000000006 42
1622698799933 4.062 43
1622698808484 4.157 44
1622698817216 4.249 45
1622698826086 4.342 46
1622698835212 4.433999999999999 47
1622698844531 4.525999999999999 48
1622698854026 4.619999999999999 49
1622698863722 4.712999999999999 50
1622698873498 4.803999999999999 51
1622698883588 4.895999999999999 52
1622698893738 4.988999999999999 53
1622698904066 5.079999999999999 54
1622698914616 5.177999999999999 55
1622698925246 5.270999999999999 56
1622698936142 5.361999999999999 57
1622698947145 5.4559999999999995 58
1622698958409 5.550999999999999 59
1622698969859 5.642999999999999 60
1622698981449 5.733999999999999 61
1622698993299 5.823999999999999 62
1622699005209 5.915999999999999 63
1622699017309 6.007999999999998 64
1622699029687 6.099999999999998 65
1622699042188 6.1919999999999975 66
1622699054822 6.281999999999997 67
1622699067661 6.375999999999998 68
1622699080760 6.467999999999997 69
1622699094009 6.560999999999997 70
1622699107437 6.6519999999999975 71
1622699120987 6.744999999999997 72
1622699134697 6.834999999999997 73
1622699148575 6.927999999999997 74
1622699162761 7.020999999999997 75
1622699177191 7.111999999999997 76
1622699191715 7.202999999999998 77
1622699206493 7.295999999999998 78
1622699221319 7.386999999999998 79
1622699236363 7.477999999999998 80
1622699251605 7.567999999999998 81
1622699266896 7.661999999999998 82
1622699282506 7.752999999999998 83
1622699298276 7.846999999999999 84
1622699314210 7.938999999999998 85
1622699330487 8.029999999999998 86
1622699346938 8.123999999999997 87
1622699363383 8.216999999999997 88
1622699380188 8.311999999999998 89
1622699397200 8.403999999999998 90
1622699414322 8.494999999999997 91
1622699431608 8.586999999999998 92
1622699449028 8.677999999999997 93
1622699466679 8.772999999999998 94
1622699484399 8.865999999999998 95
1622699502518 8.957999999999998 96
1622699520831 9.050999999999998 97
1622699539206 9.142999999999999 98
1622699557553 9.233999999999998 99
1622699576210 9.328999999999999 100
1622699595503 9.421999999999999 101
1622699614515 9.514999999999999 102
1622699633975 9.607999999999999 103
1622699653497 9.698999999999998 104
1622699672967 9.788999999999998 105
1622699692775 9.880999999999998 106
1622699712660 9.974999999999998 107
1622699732717 10.065999999999997 108
1622699754063 10.246999999999996 109
1622699775144 10.337999999999996 110
1622699795918 10.428999999999995 111
1622699816979 10.521999999999995 112
1622699838121 10.615999999999994 113
1622699859360 10.707999999999995 114
1622699880781 10.809999999999995 115
1622699902422 10.897999999999994 116
1622699924091 10.987999999999994 117
1622699945978 11.078999999999994 118
1622699968544 11.169999999999993 119
1622699990875 11.256999999999993 120
1622700013349 11.344999999999992 121
1622700035991 11.435999999999991 122
1622700058830 11.527999999999992 123
1622700081759 11.614999999999991 124
1622700104862 11.701999999999991 125
1622700128066 11.790999999999991 126
1622700151333 11.88199999999999 127
1622700175211 11.970999999999991 128
1622700199943 12.06199999999999 129
1622700223911 12.15199999999999 130
1622700249448 12.24499999999999 131
1622700273618 12.33699999999999 132
1622700298328 12.42799999999999 133
1622700323081 12.51999999999999 134
1622700348140 12.611999999999991 135
1622700373136 12.70599999999999 136
1622700398411 12.79899999999999 137
1622700423802 12.890999999999991 138
1622700449513 12.980999999999991 139
1622700476129 13.085999999999991 140
1622700502035 13.177999999999992 141
1622700528613 13.269999999999992 142
1622700555944 13.360999999999992 143
1622700582475 13.451999999999991 144
1622700609133 13.54299999999999 145
1622700636070 13.63299999999999 146
1622700663420 13.72499999999999 147
1622700690855 13.81599999999999 148
1622700718210 13.90599999999999 149
1622700745914 13.99799999999999 150
1622700775055 14.08799999999999 151
1622700803462 14.19099999999999 152
1622700831844 14.28099999999999 153
1622700860421 14.36999999999999 154
1622700889301 14.45899999999999 155
1622700917892 14.547999999999991 156
1622700946691 14.637999999999991 157
1622700975671 14.73199999999999 158
1622701005278 14.823999999999991 159
1622701035159 14.91399999999999 160
1622701064868 15.00399999999999 161
1622701094507 15.095999999999991 162
1622701124272 15.185999999999991 163
1622701156080 15.274999999999991 164
1622701191409 15.376999999999992 165
1622701222328 15.468999999999992 166
1622701253531 15.561999999999992 167
1622701284753 15.653999999999993 168
1622701316210 15.748999999999993 169
1622701347553 15.841999999999993 170
1622701379675 15.934999999999993 171
1622701411561 16.028999999999993 172
1622701443533 16.12099999999999 173
1622701475875 16.214999999999993 174
1622701508095 16.307999999999993 175
1622701540691 16.401999999999994 176
1622701574138 16.494999999999994 177
1622701606975 16.585999999999995 178
1622701640664 16.679999999999996 179
1622701675841 16.769999999999996 180
1622701709294 16.860999999999997 181
1622701743351 16.948999999999998 182
1622701778769 17.040999999999997 183
1622701812565 17.132999999999996 184
1622701847073 17.225999999999996 185
1622701881820 17.316999999999997 186
1622701916894 17.411999999999995 187
1622701951867 17.503999999999994 188
1622701986389 17.594999999999995 189
1622702021046 17.685999999999996 190
1622702059077 17.776999999999997 191
1622702094027 17.868999999999996 192
1622702128991 17.959999999999997 193
1622702164276 18.048 194
1622702199564 18.137999999999998 195
1622702235128 18.229 196
1622702270486 18.32 197
1622702306166 18.412 198
1622702341944 18.505 199
1622702377891 18.599999999999998 200
1622702414240 18.691 201
1622702450426 18.784 202
1622702486832 18.872999999999998 203
1622702523442 18.964999999999996 204
1622702560198 19.056999999999995 205
1622702597306 19.147999999999996 206
1622702634807 19.238999999999997 207
1622702672275 19.326999999999998 208
1622702709690 19.415999999999997 209
1622702748060 19.504999999999995 210
1622702786320 19.596999999999994 211
1622702824565 19.687999999999995 212
1622702862847 19.778999999999996 213
1622702901147 19.870999999999995 214
1622702940325 19.962999999999994 215
1622702979984 20.055999999999994 216
1622703019297 20.146999999999995 217
1622703058935 20.237999999999996 218
1622703099052 20.329999999999995 219
1622703139740 20.421999999999993 220
1622703180318 20.513999999999992 221
1622703221183 20.606999999999992 222
1622703262101 20.697999999999993 223
1622703303315 20.790999999999993 224
1622703344810 20.879999999999992 225
1622703386355 20.96999999999999 226
1622703428367 21.06299999999999 227
1622703470371 21.15599999999999 228
1622703512705 21.24799999999999 229
1622703555135 21.33899999999999 230
1622703597739 21.432999999999993 231
1622703640505 21.523999999999994 232
1622703683278 21.617999999999995 233
1622703726350 21.709999999999994 234
1622703769093 21.801999999999992 235
1622703813332 21.89399999999999 236
1622703856683 21.98699999999999 237
1622703900314 22.07999999999999 238
1622703944436 22.17599999999999 239
1622703988372 22.269999999999992 240
1622704032411 22.362999999999992 241
1622704076728 22.452999999999992 242
1622704121317 22.545999999999992 243
1622704166859 22.63799999999999 244
1622704211796 22.72799999999999 245
1622704257404 22.81799999999999 246
1622704302900 22.90999999999999 247
1622704348678 23.00199999999999 248
1622704394651 23.09299999999999 249
1622704440604 23.18899999999999 250
1622704486822 23.28199999999999 251
1622704533270 23.37499999999999 252
1622704579926 23.46799999999999 253
1622704627075 23.55899999999999 254
1622704673964 23.64999999999999 255
1622704721039 23.73999999999999 256
1622704768238 23.82999999999999 257
1622704815862 23.920999999999992 258
1622704864313 24.01299999999999 259
1622704912118 24.106999999999992 260
1622704960723 24.197999999999993 261
1622705008530 24.290999999999993 262
1622705056770 24.381999999999994 263
1622705105233 24.473999999999993 264
1622705154268 24.561999999999994 265
1622705203283 24.653999999999993 266
1622705252190 24.744999999999994 267
1622705301471 24.833999999999993 268
1622705350317 24.923999999999992 269
1622705399580 25.014999999999993 270
1622705449296 25.104999999999993 271
1622705498615 25.195999999999994 272
1622705548114 25.286999999999995 273
1622705597492 25.378999999999994 274
1622705647649 25.472999999999995 275
1622705697620 25.565999999999995 276
1622705747533 25.658999999999995 277
1622705798535 25.750999999999994 278
1622705848572 25.837999999999994 279
1622705899081 25.926999999999992 280
1622705950348 26.016999999999992 281
1622706001336 26.104999999999993 282
1622706052900 26.195999999999994 283
1622706104350 26.290999999999993 284
1622706156721 26.381999999999994 285
1622706208942 26.475999999999996 286
1622706261048 26.568999999999996 287
1622706313589 26.660999999999994 288
1622706365850 26.750999999999994 289
1622706418461 26.841999999999995 290
1622706471226 26.931999999999995 291
1622706524339 27.024999999999995 292
1622706577795 27.116999999999994 293
1622706631636 27.208999999999993 294
1622706685317 27.301999999999992 295
1622706739052 27.39399999999999 296
1622706793317 27.48599999999999 297
1622706847459 27.57599999999999 298
1622706901615 27.66499999999999 299
1622706955947 27.753999999999987 300
1622707010285 27.844999999999988 301
1622707065350 27.934999999999988 302
1622707120217 28.027999999999988 303
1622707175284 28.119999999999987 304
1622707230650 28.209999999999987 305
1622707285908 28.301999999999985 306
1622707341472 28.393999999999984 307
1622707397217 28.486999999999984 308
1622707452983 28.577999999999985 309
1622707508953 28.669999999999984 310
1622707565389 28.762999999999984 311
1622707622351 28.854999999999983 312
1622707678889 28.944999999999983 313
1622707735920 29.035999999999984 314
1622707792929 29.127999999999982 315
1622707850384 29.21699999999998 316
1622707907993 29.30599999999998 317
1622707965508 29.39499999999998 318
1622708023177 29.48599999999998 319
1622708081131 29.57599999999998 320
1622708139469 29.66599999999998 321
1622708198258 29.75699999999998 322
1622708256793 29.84699999999998 323
1622708315497 29.93799999999998 324
1622708373851 30.02799999999998 325
1622708433203 30.12299999999998 326
1622708492519 30.21499999999998 327
1622708551731 30.306999999999977 328
1622708611241 30.398999999999976 329
1622708669610 30.489999999999977 330
1622708729109 30.578999999999976 331
1622708788910 30.669999999999977 332
1622708848894 30.757999999999978 333
1622708908946 30.846999999999976 334
1622708968604 30.940999999999978 335
1622709028697 31.032999999999976 336
1622709089202 31.124999999999975 337
1622709149689 31.216999999999974 338
1622709210743 31.309999999999974 339
1622709271132 31.401999999999973 340
1622709332254 31.491999999999972 341
1622709393788 31.585999999999974 342
1622709455554 31.678999999999974 343
1622709517897 31.771999999999974 344
1622709579443 31.862999999999975 345
1622709641892 31.953999999999976 346
1622709704529 32.046999999999976 347
1622709767232 32.138999999999974 348
1622709830008 32.23199999999998 349
1622709892454 32.32299999999998 350
1622709955400 32.41599999999998 351
1622710018670 32.50799999999998 352
1622710082054 32.60199999999998 353
1622710145509 32.695999999999984 354
1622710208834 32.78899999999999 355
1622710272959 32.88299999999999 356
1622710336882 32.97499999999999 357
1622710400294 33.06499999999999 358
1622710463865 33.154999999999994 359
1622710528400 33.245999999999995 360
1622710592999 33.339 361
1622710657802 33.428 362
1622710723384 33.519 363
1622710787834 33.611 364
1622710853454 33.702 365
1622710919301 33.793 366
1622710985424 33.886 367
1622711052118 33.977000000000004 368
1622711117734 34.068000000000005 369
1622711184417 34.160000000000004 370
1622711251150 34.252 371
1622711318167 34.345000000000006 372
1622711384587 34.43900000000001 373
1622711451008 34.531000000000006 374
1622711517770 34.620000000000005 375
1622711584568 34.70700000000001 376
1622711651561 34.79700000000001 377
1622711718901 34.88600000000001 378
1622711786200 34.98000000000001 379
1622711853953 35.07200000000001 380
1622711921289 35.16400000000001 381
1622711988865 35.25600000000001 382
1622712056732 35.34900000000001 383
1622712125042 35.44000000000001 384
1622712193393 35.53100000000001 385
1622712261945 35.621000000000016 386
1622712330693 35.71400000000002 387
1622712399383 35.80500000000002 388
1622712469399 35.89900000000002 389
1622712538504 35.99100000000002 390
1622712607706 36.08200000000002 391
1622712677999 36.17300000000002 392
1622712747604 36.27100000000002 393
1622712817672 36.36200000000002 394
1622712893100 36.45100000000002 395
1622712963291 36.54200000000002 396
1622713033713 36.63100000000002 397
1622713103663 36.72300000000002 398
1622713174323 36.81400000000002 399
1622713244887 36.90800000000002 400
