1622763301712 0.009 0
1622763303124 1.245 1
1622763304865 1.578 2
1622763307023 1.985 3
1622763310501 3.206 4
1622763313377 2.716 5
1622763316560 3.028 6
1622763320108 3.391 7
1622763324036 3.768 8
1622763328332 4.137 9
1622763332947 4.456 10
1622763337924 4.821 11
1622763343306 5.226 12
1622763349057 5.592 13
1622763355214 5.996 14
1622763362522 7.149 15
1622763369347 6.669 16
1622763376646 7.124 17
1622763385547 8.636 18
1622763393365 7.662 19
1622763401593 8.069 20
1622763410210 8.46 21
1622763419131 8.76 22
1622763431247 11.954 23
1622763441911 10.508 24
1622763453762 11.697 25
1622763464107 10.183 26
1622763474881 10.616 27
1622763486064 11.024 28
1622763497555 11.332 29
1622763509352 11.64 30
1622763521529 12.009 31
1622763534082 12.395 32
1622763548478 14.236 33
1622763562117 13.476 34
1622763577738 15.462 35
1622763591963 14.059 36
1622763610059 17.933 37
1622763624887 14.669 38
1622763640197 15.15 39
1622763655784 15.428 40
1622763671666 15.727 41
1622763688436 16.599 42
1622763707428 18.728 43
1622763726607 19.018 44
1622763743986 17.222 45
1622763761531 17.384 46
1622763780344 18.653 47
1622763799693 19.195 48
1622763821208 21.354 49
1622763842304 20.933 50
1622763863943 21.48 51
1622763884669 20.57 52
1622763905666 20.839 53
1622763926132 20.308 54
1622763946883 20.595 55
1622763969826 22.789 56
1622763991267 21.287 57
1622764012796 21.37 58
1622764034936 21.985 59
1622764057607 22.514 60
1622764080503 22.74 61
1622764103969 23.309 62
1622764129452 25.326 63
1622764156042 26.43 64
1622764182799 26.587 65
1622764207509 24.51 66
1622764232605 24.94 67
1622764258075 25.316 68
1622764283887 25.655 69
1622764311250 27.207 70
1622764339404 27.991 71
1622764366142 26.581 72
1622764394174 27.873 73
1622764423956 29.623 74
1622764452813 28.693 75
1622764484812 31.836 76
1622764514158 29.182 77
1622764544086 29.734 78
1622764573219 28.973 79
1622764604264 30.89 80
1622764635448 31.028 81
1622764665751 30.137 82
1622764698181 32.272 83
1622764731289 32.949 84
1622764762803 31.353 85
1622764794684 31.724 86
1622764827932 33.09 87
1622764860446 32.355 88
1622764893384 32.775 89
1622764926683 33.142 90
1622764961086 34.231 91
1622764995875 34.528 92
1622765031874 35.837 93
1622765066674 34.643 94
1622765103344 36.51 95
1622765141392 37.888 96
1622765177156 35.609 97
1622765213071 35.756 98
1622765251278 38.045 99
1622765290569 39.13 100
1622765327943 37.215 101
1622765365468 37.363 102
1622765403402 37.767 103
1622765441805 38.243 104
1622765484286 42.323 105
1622765524112 39.67 106
1622765565430 41.161 107
1622765605083 39.492 108
1622765647070 41.821 109
1622765692632 45.404 110
1622765735112 42.321 111
1622765778877 43.605 112
1622765825518 46.479 113
1622765867426 41.746 114
1622765910116 42.532 115
1622765953006 42.73 116
1622766000975 47.81 117
1622766044307 43.168 118
1622766087870 43.402 119
1622766131860 43.831 120
1622766176398 44.379 121
1622766223836 47.281 122
1622766269540 45.544 123
1622766315330 45.634 124
1622766369859 54.376 125
1622766417124 47.086 126
1622766467442 50.032 127
1622766515100 47.5 128
1622766563863 48.605 129
1622766612705 48.684 130
1622766662353 49.493 131
1622766711792 49.28 132
1622766763468 51.516 133
1622766814704 51.074 134
1622766871155 56.292 135
1622766923946 52.635 136
1622766974579 50.475 137
1622767025819 51.082 138
1622767080916 54.938 139
1622767135778 54.705 140
1622767187445 51.508 141
1622767244534 56.934 142
1622767305658 60.965 143
1622767358338 52.522 144
1622767415026 56.511 145
1622767477461 62.266 146
1622767531088 53.465 147
1622767586806 55.553 148
1622767645988 59.017 149
1622767705058 58.913 150
1622767762981 57.766 151
1622767821096 57.959 152
1622767880037 58.786 153
1622767941926 61.733 154
1622768000789 58.702 155
1622768057771 56.826 156
1622768115025 57.094 157
1622768174546 59.359 158
1622768232966 58.255 159
1622768291766 58.637 160
1622768353377 61.439 161
1622768414723 61.118 162
1622768477712 62.83 163
1622768537947 60.075 164
1622768600241 62.128 165
1622768665786 65.367 166
1622768731837 65.875 167
1622768794013 62.016 168
1622768859445 65.274 169
1622768924625 65.013 170
1622768991135 66.337 171
1622769055147 63.761 172
1622769118631 63.32 173
1622769182415 63.626 174
1622769246315 63.741 175
1622769310616 64.136 176
1622769378522 67.746 177
1622769444967 66.29 178
1622769514934 69.805 179
1622769584574 69.484 180
1622769650669 65.937 181
1622769726076 75.246 182
1622769797170 70.922 183
1622769866985 69.658 184
1622769935994 68.849 185
1622770006763 70.611 186
1622770082273 75.349 187
1622770153320 70.885 188
1622770223229 69.748 189
1622770296210 72.82 190
1622770368557 72.187 191
1622770442398 73.679 192
1622770514466 71.908 193
1622770591041 76.417 194
1622770663101 71.898 195
1622770736049 72.784 196
1622770815647 79.437 197
1622770892561 76.762 198
1622770966467 73.746 199
1622771041114 74.486 200
1622771117839 76.568 201
1622771194485 76.484 202
1622771270795 76.149 203
1622771347353 76.397 204
1622771421317 73.807 205
1622771496037 74.564 206
1622771571022 74.829 207
1622771647839 76.662 208
1622771723972 75.976 209
1622771800295 76.165 210
1622771877888 77.435 211
1622771958102 80.053 212
1622772042972 84.711 213
1622772126961 83.82 214
1622772207408 80.191 215
1622772290286 82.715 216
1622772373432 82.987 217
1622772460325 86.739 218
1622772542676 82.192 219
1622772625955 83.122 220
1622772714296 88.182 221
1622772799533 85.081 222
1622772884016 84.323 223
1622772965169 80.996 224
1622773047502 82.174 225
1622773133720 86.061 226
1622773220600 86.72 227
1622773310729 89.962 228
1622773399919 88.96 229
1622773486746 86.664 230
1622773573068 86.164 231
1622773661533 88.304 232
1622773750789 89.082 233
1622773844520 93.456 234
1622773930780 86.101 235
1622774017846 86.906 236
1622774103619 85.613 237
1622774191111 87.336 238
1622774277643 86.373 239
1622774370649 92.844 240
1622774460934 90.124 241
1622774553240 92.148 242
1622774641744 88.344 243
1622774735586 93.686 244
1622774830089 94.344 245
1622774929077 98.83 246
1622775019188 89.957 247
1622775109086 89.74 248
1622775199469 90.226 249
1622775292145 92.504 250
1622775388964 96.549 251
1622775484413 95.289 252
1622775577581 93.01 253
1622775674616 96.875 254
1622775772300 97.523 255
1622775865906 93.444 256
1622775961649 95.585 257
1622776060035 98.222 258
1622776156642 96.449 259
1622776254130 97.323 260
1622776349552 95.262 261
1622776447951 98.238 262
1622776543508 95.399 263
1622776638863 95.198 264
1622776738887 99.864 265
1622776838266 99.222 266
1622776938804 100.379 267
1622777036023 97.059 268
1622777140332 104.147 269
1622777244633 104.14 270
1622777344512 99.72 271
1622777451806 107.133 272
1622777554102 102.135 273
1622777658998 104.73 274
1622777761776 102.613 275
1622777870184 108.239 276
1622777974120 103.686 277
1622778077466 103.185 278
1622778180584 102.944 279
1622778288866 108.018 280
1622778393211 104.177 281
1622778501054 107.684 282
1622778608531 107.32 283
1622778712416 103.717 284
1622778815993 103.417 285
1622778920852 104.699 286
1622779025504 104.489 287
1622779131350 105.686 288
1622779240618 109.105 289
1622779348413 107.638 290
1622779460279 111.708 291
1622779565683 105.241 292
1622779673311 107.467 293
1622779779246 105.679 294
1622779887726 108.317 295
1622779996641 108.755 296
1622780113797 117.001 297
1622780222827 108.871 298
1622780332196 109.211 299
1622780446454 114.095 300
1622780562062 115.446 301
1622780674099 111.874 302
1622780787432 113.18 303
1622780906923 119.334 304
1622781019804 112.727 305
1622781138017 118.041 306
1622781255302 117.021 307
1622781374017 118.549 308
1622781489223 115.047 309
1622781605230 115.848 310
1622781720735 115.334 311
1622781835661 114.762 312
1622781951313 115.49 313
1622782071043 119.563 314
1622782190898 119.688 315
1622782313764 122.702 316
1622782429494 115.567 317
1622782549032 119.371 318
1622782664524 115.327 319
1622782785341 120.647 320
1622782903366 117.849 321
1622783029857 126.324 322
1622783154928 124.894 323
1622783275742 120.647 324
1622783402181 126.277 325
1622783521049 118.703 326
1622783640920 119.704 327
1622783761236 120.15 328
1622783882773 121.366 329
1622784006116 123.179 330
1622784129728 123.448 331
1622784255554 125.668 332
1622784379080 123.366 333
1622784508739 129.496 334
1622784641270 132.364 335
1622784769096 127.67 336
1622784897403 128.139 337
1622785024959 127.391 338
1622785155454 130.332 339
1622785279851 124.236 340
1622785413639 133.625 341
1622785537475 123.661 342
1622785663539 125.901 343
1622785788787 125.085 344
1622785918923 129.973 345
1622786047304 128.221 346
1622786181549 134.08 347
1622786315614 133.9 348
1622786447662 131.884 349
1622786581089 133.269 350
1622786707262 126.015 351
1622786842608 135.19 352
1622786973335 130.551 353
1622787108837 135.24 354
1622787243129 134.118 355
1622787377343 133.937 356
1622787511436 133.934 357
1622787647089 135.49 358
1622787784171 136.926 359
1622787916408 132.076 360
1622788049545 132.973 361
1622788181459 131.749 362
1622788313914 132.295 363
1622788447187 133.11 364
1622788583691 136.339 365
1622788722290 138.437 366
1622788859141 136.687 367
1622788993988 134.686 368
1622789134122 139.972 369
1622789278773 144.491 370
1622789417299 138.356 371
1622789558127 140.556 372
1622789701222 142.931 373
1622789843914 142.53 374
1622789984531 140.453 375
1622790127961 143.269 376
1622790268860 140.734 377
1622790412113 143.092 378
1622790558534 146.261 379
1622790702846 144.152 380
1622790842101 139.094 381
1622790988700 146.441 382
1622791131047 142.183 383
1622791270696 139.489 384
1622791414960 144.103 385
1622791564433 149.31 386
1622791704749 140.152 387
1622791848691 143.78 388
1622792002695 153.842 389
1622792151652 148.787 390
1622792297884 146.07 391
1622792443129 145.082 392
1622792599337 156.044 393
1622792748061 148.557 394
1622792895234 146.999 395
1622793041002 145.601 396
1622793193328 152.163 397
1622793337232 143.745 398
1622793491044 153.648 399
1622793644663 153.457 400
1622793794695 149.87 401
1622793947395 152.539 402
1622794098910 151.354 403
1622794251741 152.667 404
1622794401630 149.729 405
1622794560966 159.172 406
1622794717377 156.249 407
1622794871562 154.021 408
1622795031036 159.309 409
1622795186490 155.289 410
1622795343450 156.778 411
1622795504961 161.23 412
1622795654643 149.518 413
1622795803888 149.088 414
1622795958871 154.823 415
1622796115916 156.883 416
1622796273139 157.052 417
1622796431467 158.068 418
1622796588708 157.081 419
1622796750419 161.553 420
1622796917072 166.496 421
1622797073078 155.846 422
1622797232894 159.654 423
1622797388806 155.751 424
1622797549338 160.377 425
1622797709982 160.491 426
1622797869235 159.09 427
1622798024343 154.946 428
1622798188176 163.67 429
1622798348808 160.475 430
1622798515613 166.646 431
1622798680389 164.616 432
1622798836307 155.76 433
1622799000737 164.269 434
1622799160379 159.482 435
1622799319009 158.473 436
1622799487517 168.346 437
1622799653152 165.472 438
1622799823522 170.188 439
1622799991310 167.626 440
1622800157379 165.909 441
1622800324917 167.368 442
1622800491312 166.214 443
1622800660733 169.255 444
1622800834572 173.68 445
1622800996925 162.184 446
1622801161998 164.915 447
1622801327780 165.617 448
1622801495876 167.934 449
1622801663271 167.235 450
1622801836184 172.747 451
1622802000945 164.594 452
1622802165653 164.536 453
1622802333190 167.366 454
1622802500116 166.76 455
1622802664950 164.659 456
1622802834536 169.413 457
1622803003217 168.514 458
1622803167689 164.294 459
1622803341536 173.68 460
1622803515423 173.72 461
1622803688807 173.217 462
1622803861502 172.524 463
1622804033995 172.306 464
1622804209855 175.601 465
1622804382468 172.441 466
1622804559524 176.88 467
1622804735614 175.93 468
1622804913269 177.497 469
1622805084333 170.902 470
1622805257520 173.026 471
1622805427269 169.584 472
1622805600193 172.761 473
1622805773325 172.972 474
1622805951315 177.827 475
1622806130110 178.631 476
1622806319693 189.413 477
1622806504024 184.165 478
1622806684232 180.048 479
1622806867443 183.047 480
1622807049726 182.115 481
1622807224628 174.699 482
1622807399296 174.503 483
1622807581279 181.82 484
1622807764470 183.029 485
1622807945508 180.877 486
1622808131303 185.633 487
1622808318666 187.204 488
1622808495836 177.009 489
1622808678408 182.411 490
1622808862278 183.711 491
1622809051314 188.871 492
1622809234922 183.424 493
1622809424669 189.47 494
1622809611381 186.548 495
1622809801791 190.251 496
1622809988259 186.305 497
1622810178112 189.68 498
1622810366831 188.554 499
1622810559589 192.595 500
