1622591901600 0.389 0
1622591902177 0.46900000000000003 1
1622591902772 0.544 2
1622591903424 0.62 3
1622591904089 0.698 4
1622591904759 0.7759999999999999 5
1622591905475 0.8509999999999999 6
1622591906238 0.9269999999999998 7
1622591907049 1.0039999999999998 8
1622591907885 1.0799999999999998 9
1622591908751 1.1549999999999998 10
1622591909654 1.2309999999999999 11
1622591910602 1.3059999999999998 12
1622591911572 1.382 13
1622591912585 1.458 14
1622591913642 1.537 15
1622591914734 1.6139999999999999 16
1622591915869 1.69 17
1622591917038 1.765 18
1622591918232 1.8419999999999999 19
1622591919480 1.918 20
1622591920765 1.994 21
1622591922078 2.071 22
1622591923454 2.148 23
1622591924834 2.226 24
1622591926311 2.305 25
1622591927769 2.3840000000000003 26
1622591929354 2.4610000000000003 27
1622591930896 2.5380000000000003 28
1622591932431 2.6140000000000003 29
1622591934009 2.6930000000000005 30
1622591935641 2.7680000000000007 31
1622591937356 2.843000000000001 32
1622591939097 2.919000000000001 33
1622591940883 3.003000000000001 34
1622591942672 3.078000000000001 35
1622591944478 3.1540000000000012 36
1622591946342 3.231000000000001 37
1622591948227 3.309000000000001 38
1622591950141 3.386000000000001 39
1622591952057 3.462000000000001 40
1622591954030 3.5370000000000013 41
1622591956086 3.6130000000000013 42
1622591958134 3.6880000000000015 43
1622591960554 3.7660000000000013 44
1622591962807 3.8590000000000013 45
1622591964991 3.9400000000000013 46
1622591967198 4.019000000000001 47
1622591969431 4.095000000000001 48
1622591971765 4.171 49
1622591974110 4.248 50
1622591976492 4.325 51
1622591978876 4.4 52
1622591981309 4.478000000000001 53
1622591983826 4.556000000000001 54
1622591986340 4.634000000000001 55
1622591988889 4.711000000000001 56
1622591991490 4.786000000000001 57
1622591994167 4.8610000000000015 58
1622591996882 4.939000000000002 59
1622591999598 5.016000000000002 60
1622592002321 5.092000000000001 61
1622592005153 5.168000000000001 62
1622592007995 5.245000000000001 63
1622592010840 5.324000000000001 64
1622592013768 5.4 65
1622592016746 5.4750000000000005 66
1622592019724 5.553000000000001 67
1622592022751 5.630000000000001 68
1622592025719 5.706 69
1622592028745 5.78 70
1622592031870 5.857 71
1622592035047 5.9350000000000005 72
1622592038212 6.010000000000001 73
1622592041370 6.086 74
1622592044676 6.165 75
1622592048029 6.24 76
1622592051324 6.316 77
1622592054635 6.39 78
1622592058013 6.465 79
1622592061445 6.544 80
1622592064961 6.619999999999999 81
1622592068453 6.695999999999999 82
1622592071912 6.7719999999999985 83
1622592075499 6.846999999999999 84
1622592079096 6.921999999999999 85
1622592082807 7.000999999999999 86
1622592086544 7.076999999999998 87
1622592090329 7.155999999999998 88
1622592094156 7.234999999999998 89
1622592097992 7.310999999999997 90
1622592101860 7.389999999999997 91
1622592105973 7.466999999999997 92
1622592110023 7.547999999999997 93
1622592114006 7.625999999999998 94
1622592117966 7.701999999999997 95
1622592122061 7.778999999999997 96
1622592126244 7.853999999999997 97
1622592130335 7.932999999999997 98
1622592134450 8.009999999999998 99
1622592138707 8.086999999999998 100
1622592142893 8.163999999999998 101
1622592147248 8.238999999999997 102
1622592151962 8.318999999999997 103
1622592156311 8.400999999999998 104
1622592160636 8.480999999999998 105
1622592164952 8.556999999999999 106
1622592169463 8.636 107
1622592173858 8.713 108
1622592178296 8.792 109
1622592182793 8.866999999999999 110
1622592187362 8.941999999999998 111
1622592191900 9.017999999999999 112
1622592196475 9.094999999999999 113
1622592201116 9.168999999999999 114
1622592205950 9.245 115
1622592210741 9.341 116
1622592215538 9.417 117
1622592220727 9.5 118
1622592225575 9.576 119
1622592230516 9.654 120
1622592235576 9.731 121
1622592240567 9.808 122
1622592245504 9.883 123
1622592250578 9.959 124
1622592255647 10.036 125
1622592260757 10.112 126
1622592265921 10.189 127
1622592271198 10.272 128
1622592276413 10.349 129
1622592281670 10.425 130
1622592286988 10.502 131
1622592292275 10.579 132
1622592297703 10.654 133
1622592303102 10.735 134
1622592308585 10.812999999999999 135
1622592314134 10.889 136
1622592319713 10.966 137
1622592325264 11.040999999999999 138
1622592330858 11.116999999999999 139
1622592336494 11.191999999999998 140
1622592342152 11.267999999999999 141
1622592348088 11.345999999999998 142
1622592353740 11.420999999999998 143
1622592359425 11.495999999999997 144
1622592365184 11.571999999999997 145
1622592371022 11.646999999999997 146
1622592376896 11.721999999999996 147
1622592382715 11.797999999999996 148
1622592388642 11.873999999999997 149
1622592394636 11.948999999999996 150
1622592400666 12.025999999999996 151
1622592406855 12.100999999999996 152
1622592412949 12.177999999999995 153
1622592419123 12.253999999999996 154
1622592425255 12.332999999999997 155
1622592431383 12.411999999999997 156
1622592437636 12.487999999999998 157
1622592443916 12.562999999999997 158
1622592450252 12.638999999999998 159
1622592456670 12.716999999999997 160
1622592463093 12.795999999999998 161
1622592469437 12.870999999999997 162
1622592475845 12.945999999999996 163
1622592482287 13.020999999999995 164
1622592488683 13.096999999999996 165
1622592495254 13.172999999999996 166
1622592502283 13.251999999999997 167
1622592509021 13.326999999999996 168
1622592515575 13.401999999999996 169
1622592522180 13.477999999999996 170
1622592529038 13.553999999999997 171
1622592536432 13.719999999999997 172
1622592543124 13.793999999999997 173
1622592549954 13.869999999999997 174
1622592556724 13.945999999999998 175
1622592563812 14.020999999999997 176
1622592570764 14.101999999999997 177
1622592577652 14.176999999999996 178
1622592584620 14.251999999999995 179
1622592591630 14.326999999999995 180
1622592598656 14.402999999999995 181
1622592605790 14.477999999999994 182
1622592612970 14.552999999999994 183
1622592620052 14.628999999999994 184
1622592627126 14.703999999999994 185
1622592634297 14.778999999999993 186
1622592641558 14.854999999999993 187
1622592649936 14.929999999999993 188
1622592657349 15.007999999999992 189
1622592664914 15.082999999999991 190
1622592672332 15.158999999999992 191
1622592679769 15.233999999999991 192
1622592687254 15.309999999999992 193
1622592694819 15.386999999999992 194
1622592702345 15.46199999999999 195
1622592709956 15.537999999999991 196
1622592717621 15.61299999999999 197
1622592725281 15.68799999999999 198
1622592733026 15.76299999999999 199
1622592740807 15.83899999999999 200
1622592748666 15.91499999999999 201
1622592756570 15.99799999999999 202
1622592764581 16.07299999999999 203
1622592772546 16.14899999999999 204
1622592780551 16.22499999999999 205
1622592788607 16.30099999999999 206
1622592796696 16.379999999999992 207
1622592804779 16.455999999999992 208
1622592813156 16.534999999999993 209
1622592821375 16.611999999999995 210
1622592829572 16.689999999999994 211
1622592837796 16.768999999999995 212
1622592846178 16.843999999999994 213
1622592854546 16.922999999999995 214
1622592862947 17.000999999999994 215
1622592871543 17.077999999999996 216
1622592879955 17.153999999999996 217
1622592888407 17.229999999999997 218
1622592896966 17.307 219
1622592905471 17.384999999999998 220
1622592914052 17.459999999999997 221
1622592922845 17.537 222
1622592931465 17.612 223
1622592940654 17.686 224
1622592949549 17.765 225
1622592958266 17.842000000000002 226
1622592967064 17.918000000000003 227
1622592975824 17.995000000000005 228
1622592984573 18.069000000000006 229
1622592993352 18.145000000000007 230
1622593002163 18.221000000000007 231
1622593011121 18.296000000000006 232
1622593020169 18.371000000000006 233
1622593029162 18.446000000000005 234
1622593038199 18.521000000000004 235
1622593047316 18.597000000000005 236
1622593056501 18.674000000000007 237
1622593065693 18.75100000000001 238
1622593074980 18.826000000000008 239
1622593084651 18.90500000000001 240
1622593093934 18.980000000000008 241
1622593103370 19.056000000000008 242
1622593112742 19.13200000000001 243
1622593122309 19.20900000000001 244
1622593132029 19.286000000000012 245
1622593141991 19.37000000000001 246
1622593151404 19.446000000000012 247
1622593160988 19.523000000000014 248
1622593170575 19.598000000000013 249
1622593180212 19.677000000000014 250
1622593189974 19.753000000000014 251
1622593199640 19.829000000000015 252
1622593209557 19.907000000000014 253
1622593219227 19.984000000000016 254
1622593228982 20.060000000000016 255
1622593238739 20.136000000000017 256
1622593248597 20.212000000000018 257
1622593258494 20.28900000000002 258
1622593268544 20.36400000000002 259
1622593278449 20.44100000000002 260
1622593288415 20.51700000000002 261
1622593298533 20.59300000000002 262
1622593308558 20.67300000000002 263
1622593318704 20.75000000000002 264
1622593328859 20.826000000000022 265
1622593339090 20.903000000000024 266
1622593349260 20.978000000000023 267
1622593359494 21.056000000000022 268
1622593369783 21.132000000000023 269
1622593380069 21.209000000000024 270
1622593390512 21.283000000000026 271
1622593400965 21.360000000000028 272
1622593411346 21.43600000000003 273
1622593421736 21.514000000000028 274
1622593432148 21.59000000000003 275
1622593442800 21.66700000000003 276
1622593454266 21.74500000000003 277
1622593465691 21.82400000000003 278
1622593477277 21.90200000000003 279
1622593488096 21.97900000000003 280
1622593498934 22.05700000000003 281
1622593509821 22.13500000000003 282
1622593520697 22.21300000000003 283
1622593531521 22.28900000000003 284
1622593542504 22.36600000000003 285
1622593553613 22.442000000000032 286
1622593565180 22.52300000000003 287
1622593576372 22.60100000000003 288
1622593587332 22.67600000000003 289
1622593598477 22.74900000000003 290
1622593609742 22.82400000000003 291
1622593621091 22.89900000000003 292
1622593632281 22.97300000000003 293
1622593643580 23.04900000000003 294
1622593654900 23.128000000000032 295
1622593666280 23.204000000000033 296
1622593677802 23.280000000000033 297
1622593689441 23.354000000000035 298
1622593701069 23.429000000000034 299
1622593712707 23.508000000000035 300
1622593724366 23.585000000000036 301
1622593736068 23.662000000000038 302
1622593747782 23.73800000000004 303
1622593759526 23.81700000000004 304
1622593771298 23.89400000000004 305
1622593783071 23.97000000000004 306
1622593795118 24.04500000000004 307
1622593807117 24.12600000000004 308
1622593818872 24.20200000000004 309
1622593830715 24.27700000000004 310
1622593842693 24.35500000000004 311
1622593854710 24.42900000000004 312
1622593866730 24.506000000000043 313
1622593879192 24.593000000000043 314
1622593892283 24.675000000000043 315
1622593904517 24.761000000000042 316
1622593916646 24.837000000000042 317
1622593928764 24.914000000000044 318
1622593941016 24.989000000000043 319
1622593953291 25.065000000000044 320
1622593965618 25.144000000000045 321
1622593978015 25.220000000000045 322
1622593990412 25.297000000000047 323
1622594002795 25.373000000000047 324
1622594015266 25.44700000000005 325
1622594027743 25.52500000000005 326
1622594040219 25.59900000000005 327
1622594052770 25.67300000000005 328
1622594065373 25.74800000000005 329
1622594078051 25.82400000000005 330
1622594090833 25.89900000000005 331
1622594103585 25.976000000000052 332
1622594116338 26.05100000000005 333
1622594129145 26.12600000000005 334
1622594142004 26.20400000000005 335
1622594154930 26.28000000000005 336
1622594167763 26.35800000000005 337
1622594180624 26.43300000000005 338
1622594193647 26.51000000000005 339
1622594206595 26.586000000000052 340
1622594219699 26.66100000000005 341
1622594232688 26.73900000000005 342
1622594245575 26.813000000000052 343
1622594258564 26.88800000000005 344
1622594271514 26.964000000000052 345
1622594284529 27.040000000000052 346
1622594297828 27.11500000000005 347
1622594310890 27.19000000000005 348
1622594324180 27.26500000000005 349
1622594337328 27.33800000000005 350
1622594350669 27.41300000000005 351
1622594364424 27.57400000000005 352
1622594377857 27.648000000000053 353
1622594392118 27.796000000000053 354
1622594405831 27.878000000000053 355
1622594419872 27.957000000000054 356
1622594433592 28.032000000000053 357
1622594447209 28.106000000000055 358
1622594460761 28.184000000000054 359
1622594474167 28.258000000000056 360
1622594487620 28.333000000000055 361
1622594501251 28.408000000000055 362
1622594514910 28.483000000000054 363
1622594528472 28.558000000000053 364
1622594542096 28.632000000000055 365
1622594556716 28.707000000000054 366
1622594571313 28.791000000000054 367
1622594585635 28.875000000000053 368
1622594599430 28.950000000000053 369
1622594613111 29.025000000000052 370
1622594626970 29.101000000000052 371
1622594640902 29.17600000000005 372
1622594654767 29.25600000000005 373
1622594668671 29.33200000000005 374
1622594682634 29.406000000000052 375
1622594696636 29.48100000000005 376
1622594712903 29.639000000000053 377
1622594727443 29.720000000000052 378
1622594741618 29.794000000000054 379
1622594755734 29.868000000000055 380
1622594770509 29.947000000000056 381
1622594786095 30.021000000000058 382
1622594800608 30.101000000000056 383
1622594814928 30.177000000000056 384
1622594829365 30.254000000000058 385
1622594843909 30.329000000000057 386
1622594858365 30.40300000000006 387
1622594872728 30.47900000000006 388
1622594887801 30.55400000000006 389
1622594903344 30.63100000000006 390
1622594918069 30.71000000000006 391
1622594932903 30.78500000000006 392
1622594947477 30.86000000000006 393
1622594962806 30.93400000000006 394
1622594978810 31.019000000000062 395
1622594993630 31.100000000000062 396
1622595008417 31.177000000000064 397
1622595023353 31.253000000000064 398
1622595038544 31.332000000000065 399
1622595053450 31.410000000000064 400
1622595068294 31.486000000000065 401
1622595083238 31.561000000000064 402
1622595098125 31.636000000000063 403
1622595113438 31.713000000000065 404
1622595128479 31.791000000000064 405
1622595144049 31.868000000000066 406
1622595160332 31.947000000000067 407
1622595176082 32.024000000000065 408
1622595191372 32.100000000000065 409
1622595207504 32.176000000000066 410
1622595222760 32.25100000000007 411
1622595238170 32.32700000000007 412
1622595253645 32.40200000000007 413
1622595268908 32.47600000000007 414
1622595284216 32.55100000000007 415
1622595299731 32.626000000000076 416
1622595315281 32.699000000000076 417
1622595331702 32.779000000000075 418
1622595347795 32.858000000000075 419
1622595363383 32.934000000000076 420
1622595378942 33.008000000000074 421
1622595394490 33.08300000000008 422
1622595410909 33.15800000000008 423
1622595427299 33.23400000000008 424
1622595443298 33.30700000000008 425
1622595459467 33.38200000000008 426
1622595475519 33.457000000000086 427
1622595491892 33.53500000000009 428
1622595507950 33.60900000000009 429
1622595523888 33.683000000000085 430
1622595539821 33.75800000000009 431
1622595555977 33.83400000000009 432
1622595573575 33.90900000000009 433
1622595589791 33.984000000000094 434
1622595606108 34.06100000000009 435
1622595622421 34.14000000000009 436
1622595638620 34.22300000000009 437
1622595654819 34.29900000000009 438
1622595671096 34.374000000000095 439
1622595687262 34.44800000000009 440
1622595703660 34.52200000000009 441
1622595720333 34.597000000000094 442
1622595736966 34.670000000000094 443
1622595753687 34.74400000000009 444
1622595771069 34.82100000000009 445
1622595788315 34.89700000000009 446
1622595805173 34.97900000000009 447
1622595823142 35.05600000000009 448
1622595840372 35.13300000000009 449
1622595858613 35.216000000000086 450
1622595875785 35.29100000000009 451
1622595892610 35.36600000000009 452
1622595909616 35.44000000000009 453
1622595926651 35.51700000000009 454
1622595943682 35.59400000000009 455
1622595960615 35.668000000000085 456
1622595977655 35.74500000000008 457
1622595995597 35.82100000000008 458
1622596012815 35.902000000000086 459
1622596029937 35.98000000000009 460
1622596047061 36.05700000000009 461
1622596064753 36.13200000000009 462
1622596082353 36.20600000000009 463
1622596099577 36.28100000000009 464
1622596117917 36.356000000000094 465
1622596135404 36.43600000000009 466
1622596152673 36.511000000000095 467
1622596170599 36.5890000000001 468
1622596188121 36.6650000000001 469
1622596205881 36.7480000000001 470
1622596223459 36.8230000000001 471
1622596240907 36.8980000000001 472
1622596258662 36.9770000000001 473
1622596276360 37.050000000000104 474
1622596293929 37.126000000000104 475
1622596311678 37.2000000000001 476
1622596329366 37.2730000000001 477
1622596347254 37.348000000000106 478
1622596365138 37.42300000000011 479
1622596385297 37.49800000000011 480
1622596403022 37.59200000000011 481
1622596420852 37.66600000000011 482
1622596438592 37.74100000000011 483
1622596456626 37.81500000000011 484
1622596474341 37.896000000000114 485
1622596492288 37.97100000000012 486
1622596510075 38.04600000000012 487
1622596528186 38.12100000000012 488
1622596546732 38.196000000000126 489
1622596564912 38.27100000000013 490
1622596583108 38.34800000000013 491
1622596601219 38.422000000000125 492
1622596619449 38.49600000000012 493
1622596637541 38.57000000000012 494
1622596655657 38.645000000000124 495
1622596674216 38.72200000000012 496
1622596692861 38.79600000000012 497
1622596711461 38.87000000000012 498
1622596730875 38.94600000000012 499
1622596750300 39.02900000000012 500
