1622591901592 0.389 0
1622591902171 0.08 1
1622591902767 0.075 2
1622591903419 0.076 3
1622591904083 0.078 4
1622591904754 0.078 5
1622591905470 0.075 6
1622591906232 0.076 7
1622591907043 0.077 8
1622591907880 0.076 9
1622591908746 0.075 10
1622591909649 0.076 11
1622591910598 0.075 12
1622591911568 0.076 13
1622591912580 0.076 14
1622591913637 0.079 15
1622591914729 0.077 16
1622591915865 0.076 17
1622591917034 0.075 18
1622591918228 0.077 19
1622591919472 0.076 20
1622591920760 0.076 21
1622591922073 0.077 22
1622591923449 0.077 23
1622591924829 0.078 24
1622591926306 0.079 25
1622591927764 0.079 26
1622591929349 0.077 27
1622591930891 0.077 28
1622591932427 0.076 29
1622591934005 0.079 30
1622591935636 0.075 31
1622591937351 0.075 32
1622591939091 0.076 33
1622591940877 0.084 34
1622591942667 0.075 35
1622591944473 0.076 36
1622591946338 0.077 37
1622591948223 0.078 38
1622591950136 0.077 39
1622591952052 0.076 40
1622591954025 0.075 41
1622591956081 0.076 42
1622591958130 0.075 43
1622591960549 0.078 44
1622591962803 0.093 45
1622591964986 0.081 46
1622591967194 0.079 47
1622591969426 0.076 48
1622591971760 0.076 49
1622591974106 0.077 50
1622591976487 0.077 51
1622591978871 0.075 52
1622591981303 0.078 53
1622591983820 0.078 54
1622591986335 0.078 55
1622591988884 0.077 56
1622591991484 0.075 57
1622591994161 0.075 58
1622591996877 0.078 59
1622591999593 0.077 60
1622592002317 0.076 61
1622592005147 0.076 62
1622592007989 0.077 63
1622592010835 0.079 64
1622592013763 0.076 65
1622592016741 0.075 66
1622592019719 0.078 67
1622592022745 0.077 68
1622592025714 0.076 69
1622592028741 0.074 70
1622592031865 0.077 71
1622592035042 0.078 72
1622592038207 0.075 73
1622592041365 0.076 74
1622592044671 0.079 75
1622592048024 0.075 76
1622592051319 0.076 77
1622592054630 0.074 78
1622592058008 0.075 79
1622592061440 0.079 80
1622592064956 0.076 81
1622592068447 0.076 82
1622592071907 0.076 83
1622592075494 0.075 84
1622592079091 0.075 85
1622592082802 0.079 86
1622592086539 0.076 87
1622592090324 0.079 88
1622592094152 0.079 89
1622592097987 0.076 90
1622592101854 0.079 91
1622592105968 0.077 92
1622592110018 0.081 93
1622592114001 0.078 94
1622592117961 0.076 95
1622592122056 0.077 96
1622592126240 0.075 97
1622592130330 0.079 98
1622592134445 0.077 99
1622592138699 0.077 100
1622592142888 0.077 101
1622592147243 0.075 102
1622592151957 0.08 103
1622592156306 0.082 104
1622592160631 0.08 105
1622592164947 0.076 106
1622592169457 0.079 107
1622592173852 0.077 108
1622592178291 0.079 109
1622592182789 0.075 110
1622592187356 0.075 111
1622592191894 0.076 112
1622592196470 0.077 113
1622592201112 0.074 114
1622592205945 0.076 115
1622592210736 0.096 116
1622592215533 0.076 117
1622592220722 0.083 118
1622592225569 0.076 119
1622592230511 0.078 120
1622592235571 0.077 121
1622592240563 0.077 122
1622592245499 0.075 123
1622592250573 0.076 124
1622592255642 0.077 125
1622592260750 0.076 126
1622592265916 0.077 127
1622592271191 0.083 128
1622592276409 0.077 129
1622592281665 0.076 130
1622592286983 0.077 131
1622592292268 0.077 132
1622592297696 0.075 133
1622592303098 0.081 134
1622592308577 0.078 135
1622592314129 0.076 136
1622592319708 0.077 137
1622592325259 0.075 138
1622592330853 0.076 139
1622592336489 0.075 140
1622592342147 0.076 141
1622592348083 0.078 142
1622592353734 0.075 143
1622592359416 0.075 144
1622592365175 0.076 145
1622592371016 0.075 146
1622592376884 0.075 147
1622592382710 0.076 148
1622592388636 0.076 149
1622592394630 0.075 150
1622592400660 0.077 151
1622592406850 0.075 152
1622592412945 0.077 153
1622592419118 0.076 154
1622592425249 0.079 155
1622592431378 0.079 156
1622592437632 0.076 157
1622592443911 0.075 158
1622592450246 0.076 159
1622592456665 0.078 160
1622592463088 0.079 161
1622592469432 0.075 162
1622592475841 0.075 163
1622592482283 0.075 164
1622592488678 0.076 165
1622592495249 0.076 166
1622592502278 0.079 167
1622592509017 0.075 168
1622592515570 0.075 169
1622592522175 0.076 170
1622592529031 0.076 171
1622592536426 0.166 172
1622592543119 0.074 173
1622592549949 0.076 174
1622592556718 0.076 175
1622592563808 0.075 176
1622592570759 0.081 177
1622592577646 0.075 178
1622592584616 0.075 179
1622592591625 0.075 180
1622592598651 0.076 181
1622592605785 0.075 182
1622592612965 0.075 183
1622592620048 0.076 184
1622592627120 0.075 185
1622592634293 0.075 186
1622592641553 0.076 187
1622592649931 0.075 188
1622592657344 0.078 189
1622592664908 0.075 190
1622592672327 0.076 191
1622592679764 0.075 192
1622592687249 0.076 193
1622592694814 0.077 194
1622592702339 0.075 195
1622592709951 0.076 196
1622592717616 0.075 197
1622592725276 0.075 198
1622592733021 0.075 199
1622592740802 0.076 200
1622592748660 0.076 201
1622592756565 0.083 202
1622592764576 0.075 203
1622592772542 0.076 204
1622592780545 0.076 205
1622592788602 0.076 206
1622592796691 0.079 207
1622592804774 0.076 208
1622592813151 0.079 209
1622592821370 0.077 210
1622592829567 0.078 211
1622592837790 0.079 212
1622592846173 0.075 213
1622592854540 0.079 214
1622592862943 0.078 215
1622592871538 0.077 216
1622592879950 0.076 217
1622592888402 0.076 218
1622592896961 0.077 219
1622592905466 0.078 220
1622592914047 0.075 221
1622592922840 0.077 222
1622592931460 0.075 223
1622592940650 0.074 224
1622592949545 0.079 225
1622592958262 0.077 226
1622592967059 0.076 227
1622592975819 0.077 228
1622592984568 0.074 229
1622592993347 0.076 230
1622593002158 0.076 231
1622593011116 0.075 232
1622593020164 0.075 233
1622593029157 0.075 234
1622593038194 0.075 235
1622593047311 0.076 236
1622593056496 0.077 237
1622593065688 0.077 238
1622593074974 0.075 239
1622593084646 0.079 240
1622593093928 0.075 241
1622593103365 0.076 242
1622593112737 0.076 243
1622593122304 0.077 244
1622593132024 0.077 245
1622593141986 0.084 246
1622593151398 0.076 247
1622593160983 0.077 248
1622593170567 0.075 249
1622593180207 0.079 250
1622593189969 0.076 251
1622593199635 0.076 252
1622593209552 0.078 253
1622593219222 0.077 254
1622593228976 0.076 255
1622593238734 0.076 256
1622593248592 0.076 257
1622593258489 0.077 258
1622593268539 0.075 259
1622593278445 0.077 260
1622593288410 0.076 261
1622593298528 0.076 262
1622593308553 0.08 263
1622593318699 0.077 264
1622593328855 0.076 265
1622593339085 0.077 266
1622593349254 0.075 267
1622593359489 0.078 268
1622593369778 0.076 269
1622593380064 0.077 270
1622593390506 0.074 271
1622593400960 0.077 272
1622593411341 0.076 273
1622593421731 0.078 274
1622593432143 0.076 275
1622593442795 0.077 276
1622593454260 0.078 277
1622593465686 0.079 278
1622593477272 0.078 279
1622593488091 0.077 280
1622593498929 0.078 281
1622593509816 0.078 282
1622593520692 0.078 283
1622593531516 0.076 284
1622593542499 0.077 285
1622593553608 0.076 286
1622593565175 0.081 287
1622593576367 0.078 288
1622593587327 0.075 289
1622593598472 0.073 290
1622593609737 0.075 291
1622593621086 0.075 292
1622593632276 0.074 293
1622593643573 0.076 294
1622593654895 0.079 295
1622593666275 0.076 296
1622593677797 0.076 297
1622593689436 0.074 298
1622593701065 0.075 299
1622593712702 0.079 300
1622593724362 0.077 301
1622593736063 0.077 302
1622593747777 0.076 303
1622593759521 0.079 304
1622593771294 0.077 305
1622593783067 0.076 306
1622593795113 0.075 307
1622593807113 0.081 308
1622593818866 0.076 309
1622593830709 0.075 310
1622593842688 0.078 311
1622593854705 0.074 312
1622593866724 0.077 313
1622593879187 0.087 314
1622593892278 0.082 315
1622593904512 0.086 316
1622593916642 0.076 317
1622593928759 0.077 318
1622593941010 0.075 319
1622593953285 0.076 320
1622593965613 0.079 321
1622593978010 0.076 322
1622593990407 0.077 323
1622594002791 0.076 324
1622594015261 0.074 325
1622594027738 0.078 326
1622594040214 0.074 327
1622594052765 0.074 328
1622594065369 0.075 329
1622594078046 0.076 330
1622594090828 0.075 331
1622594103580 0.077 332
1622594116333 0.075 333
1622594129140 0.075 334
1622594141999 0.078 335
1622594154925 0.076 336
1622594167758 0.078 337
1622594180619 0.075 338
1622594193642 0.077 339
1622594206590 0.076 340
1622594219694 0.075 341
1622594232682 0.078 342
1622594245570 0.074 343
1622594258560 0.075 344
1622594271509 0.076 345
1622594284525 0.076 346
1622594297823 0.075 347
1622594310885 0.075 348
1622594324175 0.075 349
1622594337323 0.073 350
1622594350664 0.075 351
1622594364419 0.161 352
1622594377852 0.074 353
1622594392114 0.148 354
1622594405826 0.082 355
1622594419866 0.079 356
1622594433588 0.075 357
1622594447204 0.074 358
1622594460757 0.078 359
1622594474163 0.074 360
1622594487615 0.075 361
1622594501246 0.075 362
1622594514904 0.075 363
1622594528467 0.075 364
1622594542092 0.074 365
1622594556711 0.075 366
1622594571308 0.084 367
1622594585630 0.084 368
1622594599426 0.075 369
1622594613107 0.075 370
1622594626966 0.076 371
1622594640897 0.075 372
1622594654761 0.08 373
1622594668666 0.076 374
1622594682629 0.074 375
1622594696629 0.075 376
1622594712898 0.158 377
1622594727438 0.081 378
1622594741613 0.074 379
1622594755729 0.074 380
1622594770504 0.079 381
1622594786090 0.074 382
1622594800603 0.08 383
1622594814923 0.076 384
1622594829360 0.077 385
1622594843903 0.075 386
1622594858360 0.074 387
1622594872724 0.076 388
1622594887795 0.075 389
1622594903338 0.077 390
1622594918064 0.079 391
1622594932898 0.075 392
1622594947472 0.075 393
1622594962802 0.074 394
1622594978805 0.085 395
1622594993625 0.081 396
1622595008411 0.077 397
1622595023348 0.076 398
1622595038538 0.079 399
1622595053445 0.078 400
1622595068289 0.076 401
1622595083233 0.075 402
1622595098120 0.075 403
1622595113433 0.077 404
1622595128474 0.078 405
1622595144044 0.077 406
1622595160327 0.079 407
1622595176077 0.077 408
1622595191367 0.076 409
1622595207499 0.076 410
1622595222755 0.075 411
1622595238165 0.076 412
1622595253641 0.075 413
1622595268904 0.074 414
1622595284212 0.075 415
1622595299726 0.075 416
1622595315277 0.073 417
1622595331697 0.08 418
1622595347789 0.079 419
1622595363378 0.076 420
1622595378937 0.074 421
1622595394486 0.075 422
1622595410904 0.075 423
1622595427295 0.076 424
1622595443294 0.073 425
1622595459462 0.075 426
1622595475514 0.075 427
1622595491887 0.078 428
1622595507945 0.074 429
1622595523883 0.074 430
1622595539815 0.075 431
1622595555972 0.076 432
1622595573570 0.075 433
1622595589786 0.075 434
1622595606103 0.077 435
1622595622414 0.079 436
1622595638615 0.083 437
1622595654814 0.076 438
1622595671092 0.075 439
1622595687257 0.074 440
1622595703656 0.074 441
1622595720328 0.075 442
1622595736961 0.073 443
1622595753683 0.074 444
1622595771064 0.077 445
1622595788310 0.076 446
1622595805167 0.082 447
1622595823137 0.077 448
1622595840366 0.077 449
1622595858608 0.083 450
1622595875779 0.075 451
1622595892605 0.075 452
1622595909611 0.074 453
1622595926646 0.077 454
1622595943677 0.077 455
1622595960610 0.074 456
1622595977650 0.077 457
1622595995591 0.076 458
1622596012810 0.081 459
1622596029932 0.078 460
1622596047057 0.077 461
1622596064748 0.075 462
1622596082348 0.074 463
1622596099573 0.075 464
1622596117912 0.075 465
1622596135400 0.08 466
1622596152666 0.075 467
1622596170593 0.078 468
1622596188115 0.076 469
1622596205875 0.083 470
1622596223454 0.075 471
1622596240902 0.075 472
1622596258657 0.079 473
1622596276354 0.073 474
1622596293924 0.076 475
1622596311674 0.074 476
1622596329361 0.073 477
1622596347249 0.075 478
1622596365133 0.075 479
1622596385291 0.075 480
1622596403017 0.094 481
1622596420847 0.074 482
1622596438587 0.075 483
1622596456621 0.074 484
1622596474336 0.081 485
1622596492283 0.075 486
1622596510070 0.075 487
1622596528182 0.075 488
1622596546728 0.075 489
1622596564907 0.075 490
1622596583103 0.077 491
1622596601215 0.074 492
1622596619445 0.074 493
1622596637535 0.074 494
1622596655650 0.075 495
1622596674211 0.077 496
1622596692856 0.074 497
1622596711456 0.074 498
1622596730870 0.076 499
1622596750295 0.083 500
