1622596773723 50 0
1622596774288 60 1
1622596774865 70 2
1622596775489 80 3
1622596776144 90 4
1622596776826 100 5
1622596777542 110 6
1622596778314 120 7
1622596779094 130 8
1622596779907 140 9
1622596780764 150 10
1622596781658 160 11
1622596782574 170 12
1622596783516 180 13
1622596784513 190 14
1622596785556 200 15
1622596786629 210 16
1622596787723 220 17
1622596788944 230 18
1622596790204 240 19
1622596791472 250 20
1622596792817 260 21
1622596794199 270 22
1622596795511 280 23
1622596796910 290 24
1622596798279 300 25
1622596799711 310 26
1622596801173 320 27
1622596802654 330 28
1622596804231 340 29
1622596805807 350 30
1622596807439 360 31
1622596810103 370 32
1622596811818 380 33
1622596813542 390 34
1622596815368 400 35
1622596817192 410 36
1622596819103 420 37
1622596820977 430 38
1622596822893 440 39
1622596824819 450 40
1622596826949 460 41
1622596829031 470 42
1622596831131 480 43
1622596833289 490 44
1622596835457 500 45
1622596837606 510 46
1622596839917 520 47
1622596842193 530 48
1622596844485 540 49
1622596846820 550 50
1622596849199 560 51
1622596851586 570 52
1622596854002 580 53
1622596856486 590 54
1622596858998 600 55
1622596861570 610 56
1622596864201 620 57
1622596866846 630 58
1622596869502 640 59
1622596872198 650 60
1622596874925 660 61
1622596878578 670 62
1622596881408 680 63
1622596884438 690 64
1622596887604 700 65
1622596891268 710 66
1622596894235 720 67
1622596897238 730 68
1622596900407 740 69
1622596903489 750 70
1622596906637 760 71
1622596909988 770 72
1622596913129 780 73
1622596916232 790 74
1622596919382 800 75
1622596922613 810 76
1622596925810 820 77
1622596929101 830 78
1622596932497 840 79
1622596935865 850 80
1622596939225 860 81
1622596942677 870 82
1622596946197 880 83
1622596949694 890 84
1622596953277 900 85
1622596956885 910 86
1622596960561 920 87
1622596964246 930 88
1622596967978 940 89
1622596971777 950 90
1622596975591 960 91
1622596979430 970 92
1622596983309 980 93
1622596987246 990 94
1622596991172 1000 95
1622596995143 1010 96
1622596999414 1020 97
1622597003481 1030 98
1622597007518 1040 99
1622597011639 1050 100
1622597015969 1060 101
1622597020615 1070 102
1622597025244 1080 103
1622597029583 1090 104
1622597033823 1100 105
1622597038227 1110 106
1622597042651 1120 107
1622597047112 1130 108
1622597051599 1140 109
1622597056221 1150 110
1622597060929 1160 111
1622597065487 1170 112
1622597070021 1180 113
1622597074738 1190 114
1622597079495 1200 115
1622597084312 1210 116
1622597089279 1220 117
1622597094369 1230 118
1622597099186 1240 119
1622597104043 1250 120
1622597108949 1260 121
1622597113832 1270 122
1622597118823 1280 123
1622597123768 1290 124
1622597128789 1300 125
1622597133863 1310 126
1622597139148 1320 127
1622597144356 1330 128
1622597149468 1340 129
1622597154729 1350 130
1622597159982 1360 131
1622597165268 1370 132
1622597170598 1380 133
1622597176061 1390 134
1622597181406 1400 135
1622597187267 1410 136
1622597192758 1420 137
1622597199273 1430 138
1622597204792 1440 139
1622597210336 1450 140
1622597215975 1460 141
1622597221807 1470 142
1622597227794 1480 143
1622597233735 1490 144
1622597239547 1500 145
1622597245489 1510 146
1622597251909 1520 147
1622597257822 1530 148
1622597263686 1540 149
1622597269660 1550 150
1622597275609 1560 151
1622597281551 1570 152
1622597287627 1580 153
1622597294112 1590 154
1622597300167 1600 155
1622597306468 1610 156
1622597312693 1620 157
1622597318920 1630 158
1622597325200 1640 159
1622597331471 1650 160
1622597337844 1660 161
1622597344205 1670 162
1622597350641 1680 163
1622597357144 1690 164
1622597363641 1700 165
1622597370207 1710 166
1622597376769 1720 167
1622597383402 1730 168
1622597390022 1740 169
1622597396982 1750 170
1622597403712 1760 171
1622597410487 1770 172
1622597417277 1780 173
1622597424191 1790 174
1622597431029 1800 175
1622597437969 1810 176
1622597444902 1820 177
1622597451958 1830 178
1622597458972 1840 179
1622597466062 1850 180
1622597473146 1860 181
1622597480288 1870 182
1622597487554 1880 183
1622597494811 1890 184
1622597502038 1900 185
1622597509327 1910 186
1622597516587 1920 187
1622597523855 1930 188
1622597531321 1940 189
1622597538761 1950 190
1622597546352 1960 191
1622597554320 1970 192
1622597562378 1980 193
1622597569912 1990 194
1622597577442 2000 195
1622597585051 2010 196
1622597592883 2020 197
1622597600846 2030 198
1622597608532 2040 199
1622597616314 2050 200
1622597624101 2060 201
1622597631962 2070 202
1622597639777 2080 203
1622597647632 2090 204
1622597655873 2100 205
1622597664436 2110 206
1622597672728 2120 207
1622597680683 2130 208
1622597688647 2140 209
1622597696610 2150 210
1622597704666 2160 211
1622597712750 2170 212
1622597720836 2180 213
1622597728930 2190 214
1622597737493 2200 215
1622597745887 2210 216
1622597754244 2220 217
1622597762581 2230 218
1622597771335 2240 219
1622597779726 2250 220
1622597788128 2260 221
1622597797093 2270 222
1622597806330 2280 223
1622597815150 2290 224
1622597824236 2300 225
1622597833363 2310 226
1622597842848 2320 227
1622597852167 2330 228
1622597861443 2340 229
1622597870985 2350 230
1622597880038 2360 231
1622597889218 2370 232
1622597898185 2380 233
1622597907184 2390 234
1622597916154 2400 235
1622597925102 2410 236
1622597934097 2420 237
1622597943112 2430 238
1622597952245 2440 239
1622597962048 2450 240
1622597971815 2460 241
1622597981700 2470 242
1622597991409 2480 243
1622598001066 2490 244
1622598010452 2500 245
1622598020045 2510 246
1622598029438 2520 247
1622598039116 2530 248
1622598048564 2540 249
1622598058134 2550 250
1622598067626 2560 251
1622598077658 2570 252
1622598087192 2580 253
1622598096787 2590 254
1622598106378 2600 255
1622598116040 2610 256
1622598125660 2620 257
1622598135329 2630 258
1622598145102 2640 259
1622598154905 2650 260
1622598164798 2660 261
1622598174707 2670 262
1622598184641 2680 263
1622598194898 2690 264
1622598204984 2700 265
1622598215107 2710 266
1622598225218 2720 267
1622598235333 2730 268
1622598245507 2740 269
1622598255741 2750 270
1622598266078 2760 271
1622598276414 2770 272
1622598286860 2780 273
1622598297182 2790 274
1622598307674 2800 275
1622598318143 2810 276
1622598328575 2820 277
1622598339067 2830 278
1622598349619 2840 279
1622598360177 2850 280
1622598370800 2860 281
1622598381411 2870 282
1622598392054 2880 283
1622598402697 2890 284
1622598413365 2900 285
1622598424274 2910 286
1622598435186 2920 287
1622598446009 2930 288
1622598457277 2940 289
1622598468322 2950 290
1622598479434 2960 291
1622598490518 2970 292
1622598501584 2980 293
1622598512674 2990 294
1622598523850 3000 295
1622598535063 3010 296
1622598546500 3020 297
1622598557913 3030 298
1622598569264 3040 299
1622598580692 3050 300
1622598592153 3060 301
1622598603723 3070 302
1622598615197 3080 303
1622598627083 3090 304
1622598638801 3100 305
1622598650527 3110 306
1622598662286 3120 307
1622598673952 3130 308
1622598685591 3140 309
1622598697346 3150 310
1622598709858 3160 311
1622598722313 3170 312
1622598734295 3180 313
1622598746251 3190 314
1622598759012 3200 315
1622598772735 3210 316
1622598785728 3220 317
1622598797823 3230 318
1622598810052 3240 319
1622598822265 3250 320
1622598835454 3260 321
1622598847874 3270 322
1622598860066 3280 323
1622598872332 3290 324
1622598884632 3300 325
1622598897385 3310 326
1622598909682 3320 327
1622598922758 3330 328
1622598935373 3340 329
1622598947846 3350 330
1622598960399 3360 331
1622598973758 3370 332
1622598986394 3380 333
1622598999414 3390 334
1622599016449 3400 335
1622599030639 3410 336
1622599043577 3420 337
1622599056378 3430 338
1622599069131 3440 339
1622599082616 3450 340
1622599095431 3460 341
1622599109854 3470 342
1622599122870 3480 343
1622599135975 3490 344
1622599149163 3500 345
1622599162602 3510 346
1622599175790 3520 347
1622599189675 3530 348
1622599203032 3540 349
1622599216443 3550 350
1622599230278 3560 351
1622599243631 3570 352
1622599257465 3580 353
1622599272016 3590 354
1622599285771 3600 355
1622599299398 3610 356
1622599312838 3620 357
1622599326392 3630 358
1622599341013 3640 359
1622599354749 3650 360
1622599368154 3660 361
1622599382028 3670 362
1622599396631 3680 363
1622599411355 3690 364
1622599425915 3700 365
1622599440392 3710 366
1622599455382 3720 367
1622599469513 3730 368
1622599483511 3740 369
1622599497233 3750 370
1622599510998 3760 371
1622599526309 3770 372
1622599540347 3780 373
1622599554492 3790 374
1622599569357 3800 375
1622599583440 3810 376
1622599597570 3820 377
1622599611700 3830 378
1622599626144 3840 379
1622599640376 3850 380
1622599654868 3860 381
1622599669248 3870 382
1622599684181 3880 383
1622599698463 3890 384
1622599712845 3900 385
1622599727183 3910 386
1622599741828 3920 387
1622599756776 3930 388
1622599771246 3940 389
1622599785888 3950 390
1622599800547 3960 391
1622599815125 3970 392
1622599829791 3980 393
1622599844541 3990 394
1622599859243 4000 395
1622599873914 4010 396
1622599888741 4020 397
1622599903665 4030 398
1622599919435 4040 399
1622599935317 4050 400
1622599950587 4060 401
1622599965520 4070 402
1622599980782 4080 403
1622599995849 4090 404
1622600011267 4100 405
1622600026624 4110 406
1622600042060 4120 407
1622600057233 4130 408
1622600072387 4140 409
1622600087571 4150 410
1622600102867 4160 411
1622600118138 4170 412
1622600133574 4180 413
1622600149015 4190 414
1622600164395 4200 415
1622600179892 4210 416
1622600195421 4220 417
1622600210953 4230 418
1622600226516 4240 419
1622600242299 4250 420
1622600258016 4260 421
1622600273873 4270 422
1622600289548 4280 423
1622600305625 4290 424
1622600321445 4300 425
1622600337579 4310 426
1622600353445 4320 427
1622600369314 4330 428
1622600385829 4340 429
1622600402096 4350 430
1622600418803 4360 431
1622600436204 4370 432
1622600452316 4380 433
1622600469374 4390 434
1622600485566 4400 435
1622600501838 4410 436
1622600518080 4420 437
1622600534939 4430 438
1622600551252 4440 439
1622600567616 4450 440
1622600583970 4460 441
1622600600446 4470 442
1622600616924 4480 443
1622600633400 4490 444
1622600650482 4500 445
1622600667665 4510 446
1622600684608 4520 447
1622600701137 4530 448
1622600717799 4540 449
1622600734757 4550 450
1622600751599 4560 451
1622600768661 4570 452
1622600785502 4580 453
1622600802566 4590 454
1622600819505 4600 455
1622600836484 4610 456
1622600853488 4620 457
1622600870460 4630 458
1622600887533 4640 459
1622600904746 4650 460
1622600921900 4660 461
1622600939008 4670 462
1622600956249 4680 463
1622600973473 4690 464
1622600990663 4700 465
1622601007968 4710 466
1622601025514 4720 467
1622601042847 4730 468
1622601060347 4740 469
1622601078583 4750 470
1622601096047 4760 471
1622601113512 4770 472
1622601131199 4780 473
1622601148791 4790 474
1622601166656 4800 475
1622601185428 4810 476
1622601203891 4820 477
1622601221577 4830 478
1622601239311 4840 479
1622601257768 4850 480
1622601275623 4860 481
1622601294184 4870 482
1622601312029 4880 483
1622601330042 4890 484
1622601348007 4900 485
1622601365954 4910 486
1622601384097 4920 487
1622601402429 4930 488
1622601420601 4940 489
1622601439656 4950 490
1622601458693 4960 491
1622601476903 4970 492
1622601495249 4980 493
1622601513646 4990 494
1622601531783 5000 495
1622601550525 5010 496
1622601569038 5020 497
1622601587510 5030 498
1622601605854 5040 499
1622601624319 5050 500
