1622854137002 100 0
1622854138525 200 1
1622854140423 300 2
1622854142654 400 3
1622854145237 500 4
1622854148201 600 5
1622854151525 700 6
1622854155174 800 7
1622854159173 900 8
1622854163515 1000 9
1622854168186 1100 10
1622854173313 1200 11
1622854178712 1300 12
1622854184491 1400 13
1622854190598 1500 14
1622854197106 1600 15
1622854203988 1700 16
1622854211219 1800 17
1622854218853 1900 18
1622854226804 2000 19
1622854235050 2100 20
1622854243658 2200 21
1622854252695 2300 22
1622854262075 2400 23
1622854271797 2500 24
1622854281975 2600 25
1622854292451 2700 26
1622854303340 2800 27
1622854314589 2900 28
1622854326199 3000 29
1622854338103 3100 30
1622854350398 3200 31
1622854363026 3300 32
1622854376048 3400 33
1622854389434 3500 34
1622854403111 3600 35
1622854417237 3700 36
1622854431703 3800 37
1622854446478 3900 38
1622854461721 4000 39
1622854478269 4100 40
1622854494322 4200 41
1622854510671 4300 42
1622854527371 4400 43
1622854544463 4500 44
1622854561990 4600 45
1622854579902 4700 46
1622854598185 4800 47
1622854616822 4900 48
1622854635701 5000 49
1622854655037 5100 50
1622854674674 5200 51
1622854694600 5300 52
1622854714900 5400 53
1622854735659 5500 54
1622854756562 5600 55
1622854777785 5700 56
1622854799514 5800 57
1622854821521 5900 58
1622854843899 6000 59
1622854866670 6100 60
1622854889621 6200 61
1622854913028 6300 62
1622854936818 6400 63
1622854960964 6500 64
1622854985724 6600 65
1622855010570 6700 66
1622855035860 6800 67
1622855061617 6900 68
1622855087701 7000 69
1622855114048 7100 70
1622855140776 7200 71
1622855167804 7300 72
1622855195317 7400 73
1622855222952 7500 74
1622855250770 7600 75
1622855278666 7700 76
1622855307202 7800 77
1622855336098 7900 78
1622855365169 8000 79
1622855394764 8100 80
1622855424429 8200 81
1622855454662 8300 82
1622855485415 8400 83
1622855516240 8500 84
1622855547591 8600 85
1622855579269 8700 86
1622855611414 8800 87
1622855643899 8900 88
1622855676598 9000 89
1622855709935 9100 90
1622855743366 9200 91
1622855777370 9300 92
1622855811587 9400 93
1622855846114 9500 94
1622855881358 9600 95
1622855916842 9700 96
1622855952806 9800 97
1622855988952 9900 98
1622856025317 10000 99
1622856062294 10100 100
1622856099755 10200 101
1622856138068 10300 102
1622856176196 10400 103
1622856214773 10500 104
1622856253575 10600 105
1622856292696 10700 106
1622856331741 10800 107
1622856371215 10900 108
1622856411193 11000 109
1622856451140 11100 110
1622856491286 11200 111
1622856532177 11300 112
1622856573819 11400 113
1622856615661 11500 114
1622856657391 11600 115
1622856699548 11700 116
1622856742124 11800 117
1622856784851 11900 118
1622856828023 12000 119
1622856872355 12100 120
1622856915821 12200 121
1622856960129 12300 122
1622857004612 12400 123
1622857049455 12500 124
1622857094405 12600 125
1622857139883 12700 126
1622857186073 12800 127
1622857232419 12900 128
1622857279139 13000 129
1622857326557 13100 130
1622857374093 13200 131
1622857422054 13300 132
1622857470320 13400 133
1622857519260 13500 134
1622857568045 13600 135
1622857617555 13700 136
1622857667127 13800 137
1622857717083 13900 138
1622857767304 14000 139
1622857817926 14100 140
1622857868940 14200 141
1622857920031 14300 142
1622857971807 14400 143
1622858023894 14500 144
1622858076268 14600 145
1622858129177 14700 146
1622858182494 14800 147
1622858235909 14900 148
1622858289864 15000 149
1622858344362 15100 150
1622858399227 15200 151
1622858454332 15300 152
1622858509704 15400 153
1622858565348 15500 154
1622858621301 15600 155
1622858677934 15700 156
1622858734565 15800 157
1622858791698 15900 158
1622858849490 16000 159
1622858907419 16100 160
1622858965730 16200 161
1622859024319 16300 162
1622859083572 16400 163
1622859143081 16500 164
1622859202958 16600 165
1622859263071 16700 166
1622859323569 16800 167
1622859384254 16900 168
1622859445798 17000 169
1622859507451 17100 170
1622859569461 17200 171
1622859631731 17300 172
1622859694429 17400 173
1622859757469 17500 174
1622859820659 17600 175
1622859884547 17700 176
1622859949614 17800 177
1622860013978 17900 178
1622860078923 18000 179
1622860144275 18100 180
1622860209858 18200 181
1622860275792 18300 182
1622860341946 18400 183
1622860408704 18500 184
1622860476743 18600 185
1622860546148 18700 186
1622860614382 18800 187
1622860683695 18900 188
1622860752486 19000 189
1622860822570 19100 190
1622860891765 19200 191
1622860961113 19300 192
1622861030905 19400 193
1622861100765 19500 194
1622861171364 19600 195
1622861241998 19700 196
1622861313140 19800 197
1622861384856 19900 198
1622861456967 20000 199
1622861529378 20100 200
1622861602613 20200 201
1622861676329 20300 202
1622861750385 20400 203
1622861824535 20500 204
1622861899041 20600 205
1622861973938 20700 206
1622862049312 20800 207
1622862124873 20900 208
1622862200575 21000 209
1622862276909 21100 210
1622862353052 21200 211
1622862429804 21300 212
1622862510065 21400 213
1622862587844 21500 214
1622862665644 21600 215
1622862743960 21700 216
1622862822369 21800 217
1622862901137 21900 218
1622862980407 22000 219
1622863060235 22100 220
1622863140245 22200 221
1622863220921 22300 222
1622863301990 22400 223
1622863383246 22500 224
1622863464971 22600 225
1622863546826 22700 226
1622863628911 22800 227
1622863711482 22900 228
1622863794221 23000 229
1622863877551 23100 230
1622863961434 23200 231
1622864045030 23300 232
1622864129429 23400 233
1622864214041 23500 234
1622864299005 23600 235
1622864383935 23700 236
1622864469639 23800 237
1622864555448 23900 238
1622864641832 24000 239
1622864728900 24100 240
1622864815742 24200 241
1622864903015 24300 242
1622864990879 24400 243
1622865079094 24500 244
1622865167857 24600 245
1622865257398 24700 246
1622865347955 24800 247
1622865437663 24900 248
1622865527415 25000 249
1622865618842 25100 250
1622865710155 25200 251
1622865800773 25300 252
1622865892103 25400 253
1622865984002 25500 254
1622866076247 25600 255
1622866169090 25700 256
1622866262509 25800 257
1622866355980 25900 258
1622866449996 26000 259
1622866543594 26100 260
1622866637566 26200 261
1622866731536 26300 262
1622866826290 26400 263
1622866922766 26500 264
1622867018987 26600 265
1622867116051 26700 266
1622867214033 26800 267
1622867311572 26900 268
1622867411004 27000 269
1622867509888 27100 270
1622867608872 27200 271
1622867708028 27300 272
1622867807101 27400 273
1622867907588 27500 274
1622868006817 27600 275
1622868106311 27700 276
1622868206508 27800 277
1622868306776 27900 278
1622868407821 28000 279
1622868509004 28100 280
1622868611272 28200 281
1622868713849 28300 282
1622868816783 28400 283
1622868920055 28500 284
1622869023593 28600 285
1622869127313 28700 286
1622869234521 28800 287
1622869338860 28900 288
1622869443617 29000 289
1622869549072 29100 290
1622869655724 29200 291
1622869761307 29300 292
1622869868121 29400 293
1622869974840 29500 294
1622870081434 29600 295
1622870188220 29700 296
1622870293840 29800 297
1622870402159 29900 298
1622870508132 30000 299
1622870614922 30100 300
1622870718977 30200 301
1622870826541 30300 302
1622870931334 30400 303
1622871035929 30500 304
1622871140910 30600 305
1622871245818 30700 306
1622871351438 30800 307
1622871457015 30900 308
1622871563069 31000 309
1622871669716 31100 310
1622871777461 31200 311
1622871884889 31300 312
1622871993972 31400 313
1622872102178 31500 314
1622872210778 31600 315
1622872319675 31700 316
1622872429369 31800 317
1622872538839 31900 318
1622872648960 32000 319
1622872759231 32100 320
1622872870070 32200 321
1622872980511 32300 322
1622873091769 32400 323
1622873204940 32500 324
1622873317014 32600 325
1622873429746 32700 326
1622873542356 32800 327
1622873655268 32900 328
1622873769746 33000 329
1622873883665 33100 330
1622873998258 33200 331
1622874113616 33300 332
1622874228533 33400 333
1622874344070 33500 334
1622874460551 33600 335
1622874577474 33700 336
1622874694741 33800 337
1622874812390 33900 338
1622874930177 34000 339
1622875047792 34100 340
1622875166223 34200 341
1622875284243 34300 342
1622875403417 34400 343
1622875523219 34500 344
1622875642746 34600 345
1622875762012 34700 346
1622875881926 34800 347
1622876001988 34900 348
1622876122686 35000 349
1622876245909 35100 350
1622876367761 35200 351
1622876490651 35300 352
1622876614722 35400 353
1622876738304 35500 354
1622876861368 35600 355
1622876985273 35700 356
1622877109874 35800 357
1622877234773 35900 358
1622877359419 36000 359
1622877483963 36100 360
1622877608333 36200 361
1622877733489 36300 362
1622877859392 36400 363
1622877986430 36500 364
1622878113098 36600 365
1622878240683 36700 366
1622878368787 36800 367
1622878496510 36900 368
1622878625143 37000 369
1622878754181 37100 370
1622878882244 37200 371
1622879011017 37300 372
1622879139900 37400 373
1622879268277 37500 374
1622879398034 37600 375
1622879528836 37700 376
1622879659467 37800 377
1622879790594 37900 378
1622879922543 38000 379
1622880054150 38100 380
1622880186490 38200 381
1622880319466 38300 382
1622880452452 38400 383
1622880585735 38500 384
1622880720358 38600 385
1622880854601 38700 386
1622880988462 38800 387
1622881123278 38900 388
1622881259068 39000 389
1622881394502 39100 390
1622881530690 39200 391
1622881667072 39300 392
1622881805703 39400 393
1622881944224 39500 394
1622882082625 39600 395
1622882221192 39700 396
1622882360099 39800 397
1622882499753 39900 398
1622882639132 40000 399
1622882778386 40100 400
1622882919841 40200 401
1622883061522 40300 402
1622883201189 40400 403
1622883341498 40500 404
1622883482704 40600 405
1622883624830 40700 406
1622883766958 40800 407
1622883909279 40900 408
1622884052261 41000 409
1622884194272 41100 410
1622884336902 41200 411
1622884479474 41300 412
1622884623128 41400 413
1622884766540 41500 414
1622884910510 41600 415
1622885055123 41700 416
1622885202306 41800 417
1622885348414 41900 418
1622885495236 42000 419
1622885643012 42100 420
1622885789674 42200 421
1622885937768 42300 422
1622886084967 42400 423
1622886232106 42500 424
1622886379960 42600 425
1622886528234 42700 426
1622886677189 42800 427
1622886826475 42900 428
1622886975950 43000 429
1622887125803 43100 430
1622887276134 43200 431
1622887426986 43300 432
1622887578424 43400 433
1622887729045 43500 434
1622887880996 43600 435
1622888033413 43700 436
1622888185171 43800 437
1622888337301 43900 438
1622888490584 44000 439
1622888644585 44100 440
1622888798982 44200 441
1622888962366 44300 442
1622889117635 44400 443
1622889272602 44500 444
1622889429343 44600 445
1622889585273 44700 446
1622889741294 44800 447
1622889898466 44900 448
1622890056335 45000 449
1622890214656 45100 450
1622890373070 45200 451
1622890532075 45300 452
1622890691223 45400 453
1622890850279 45500 454
1622891010140 45600 455
1622891170119 45700 456
1622891330208 45800 457
1622891489989 45900 458
1622891651275 46000 459
1622891811949 46100 460
1622891972825 46200 461
1622892134229 46300 462
1622892296217 46400 463
1622892458547 46500 464
1622892621231 46600 465
1622892784067 46700 466
1622892946933 46800 467
1622893110939 46900 468
1622893275592 47000 469
1622893439770 47100 470
1622893604285 47200 471
1622893769287 47300 472
1622893933932 47400 473
1622894099603 47500 474
1622894266276 47600 475
1622894432236 47700 476
1622894598805 47800 477
1622894766979 47900 478
1622894936386 48000 479
1622895104225 48100 480
1622895271948 48200 481
1622895440559 48300 482
1622895609219 48400 483
1622895779119 48500 484
1622895948942 48600 485
1622896119310 48700 486
1622896289907 48800 487
1622896460102 48900 488
1622896630768 49000 489
1622896802239 49100 490
1622896975192 49200 491
1622897147686 49300 492
1622897321437 49400 493
1622897496899 49500 494
1622897673517 49600 495
1622897856201 49700 496
1622898034340 49800 497
1622898214174 49900 498
1622898397057 50000 499
1622898579720 50100 500
