1622854136980 -323.25975435877945 0
1622854138506 -323.25975435877945 1
1622854140405 -323.25975435877945 2
1622854142637 -323.25975435877945 3
1622854145220 -323.25975435877945 4
1622854148185 -323.25975435877945 5
1622854151509 -323.25975435877945 6
1622854155158 -323.25975435877945 7
1622854159157 -323.25975435877945 8
1622854163500 -323.25975435877945 9
1622854168170 -323.25975435877945 10
1622854173296 -323.25975435877945 11
1622854178695 -323.25975435877945 12
1622854184475 -323.25975435877945 13
1622854190581 -323.25975435877945 14
1622854197090 -323.25975435877945 15
1622854203971 -323.25975435877945 16
1622854211202 -323.25975435877945 17
1622854218836 -323.25975435877945 18
1622854226786 -323.25975435877945 19
1622854235034 -323.25975435877945 20
1622854243641 -323.25975435877945 21
1622854252679 -323.25975435877945 22
1622854262060 -323.25975435877945 23
1622854271782 -323.25975435877945 24
1622854281958 -323.25975435877945 25
1622854292433 -323.25975435877945 26
1622854303323 -323.25975435877945 27
1622854314572 -323.25975435877945 28
1622854326184 -323.25975435877945 29
1622854338087 -323.25975435877945 30
1622854350380 -323.25975435877945 31
1622854363011 -323.25975435877945 32
1622854376030 -323.25975435877945 33
1622854389417 -323.25975435877945 34
1622854403092 -323.25975435877945 35
1622854417218 -323.25975435877945 36
1622854431683 -323.25975435877945 37
1622854446459 -323.25975435877945 38
1622854461703 -323.25975435877945 39
1622854478253 -323.25975435877945 40
1622854494304 -323.25975435877945 41
1622854510653 -323.25975435877945 42
1622854527353 -323.25975435877945 43
1622854544445 -323.25975435877945 44
1622854561971 -323.25975435877945 45
1622854579883 -323.25975435877945 46
1622854598167 -323.25975435877945 47
1622854616803 -323.25975435877945 48
1622854635684 -323.25975435877945 49
1622854655021 -323.25975435877945 50
1622854674655 -323.25975435877945 51
1622854694582 -323.25975435877945 52
1622854714883 -323.25975435877945 53
1622854735641 -323.25975435877945 54
1622854756547 -323.25975435877945 55
1622854777770 -323.25975435877945 56
1622854799499 -323.25975435877945 57
1622854821504 -323.25975435877945 58
1622854843884 -323.25975435877945 59
1622854866651 -323.25975435877945 60
1622854889603 -323.25975435877945 61
1622854913009 -323.25975435877945 62
1622854936799 -323.25975435877945 63
1622854960944 -323.25975435877945 64
1622854985703 -323.25975435877945 65
1622855010553 -323.25975435877945 66
1622855035841 -323.25975435877945 67
1622855061598 -323.25975435877945 68
1622855087682 -323.25975435877945 69
1622855114032 -323.25975435877945 70
1622855140757 -323.25975435877945 71
1622855167785 -323.25975435877945 72
1622855195300 -323.25975435877945 73
1622855222935 -323.25975435877945 74
1622855250751 -323.25975435877945 75
1622855278648 -323.25975435877945 76
1622855307184 -323.25975435877945 77
1622855336078 -323.25975435877945 78
1622855365151 -323.25975435877945 79
1622855394745 -323.25975435877945 80
1622855424413 -323.25975435877945 81
1622855454645 -323.25975435877945 82
1622855485397 -323.25975435877945 83
1622855516223 -323.25975435877945 84
1622855547573 -323.25975435877945 85
1622855579252 -323.25975435877945 86
1622855611397 -323.25975435877945 87
1622855643883 -323.25975435877945 88
1622855676581 -323.25975435877945 89
1622855709918 -323.25975435877945 90
1622855743349 -323.25975435877945 91
1622855777352 -323.25975435877945 92
1622855811568 -323.25975435877945 93
1622855846100 -323.25975435877945 94
1622855881342 -323.25975435877945 95
1622855916827 -323.25975435877945 96
1622855952789 -323.25975435877945 97
1622855988936 -323.25975435877945 98
1622856025301 -323.25975435877945 99
1622856062279 -323.25975435877945 100
1622856099739 -323.25975435877945 101
1622856138051 -323.25975435877945 102
1622856176180 -323.25975435877945 103
1622856214756 -323.25975435877945 104
1622856253556 -323.25975435877945 105
1622856292680 -323.25975435877945 106
1622856331722 -323.25975435877945 107
1622856371198 -323.25975435877945 108
1622856411176 -323.25975435877945 109
1622856451123 -323.25975435877945 110
1622856491270 -323.25975435877945 111
1622856532162 -323.25975435877945 112
1622856573801 -323.25975435877945 113
1622856615644 -323.25975435877945 114
1622856657372 -323.25975435877945 115
1622856699532 -323.25975435877945 116
1622856742109 -323.25975435877945 117
1622856784833 -323.25975435877945 118
1622856828008 -323.25975435877945 119
1622856872339 -323.25975435877945 120
1622856915804 -323.25975435877945 121
1622856960112 -323.25975435877945 122
1622857004595 -323.25975435877945 123
1622857049437 -323.25975435877945 124
1622857094387 -323.25975435877945 125
1622857139866 -323.25975435877945 126
1622857186057 -323.25975435877945 127
1622857232403 -323.25975435877945 128
1622857279121 -323.25975435877945 129
1622857326537 -323.25975435877945 130
1622857374073 -323.25975435877945 131
1622857422035 -323.25975435877945 132
1622857470303 -323.25975435877945 133
1622857519241 -323.25975435877945 134
1622857568025 -323.25975435877945 135
1622857617534 -323.25975435877945 136
1622857667109 -323.25975435877945 137
1622857717066 -323.25975435877945 138
1622857767283 -323.25975435877945 139
1622857817904 -323.25975435877945 140
1622857868920 -323.25975435877945 141
1622857920012 -323.25975435877945 142
1622857971787 -323.25975435877945 143
1622858023879 -323.25975435877945 144
1622858076251 -323.25975435877945 145
1622858129161 -323.25975435877945 146
1622858182476 -323.25975435877945 147
1622858235891 -323.25975435877945 148
1622858289845 -323.25975435877945 149
1622858344343 -323.25975435877945 150
1622858399210 -323.25975435877945 151
1622858454315 -323.25975435877945 152
1622858509688 -323.25975435877945 153
1622858565332 -323.25975435877945 154
1622858621284 -323.25975435877945 155
1622858677918 -323.25975435877945 156
1622858734547 -323.25975435877945 157
1622858791680 -323.25975435877945 158
1622858849471 -323.25975435877945 159
1622858907403 -323.25975435877945 160
1622858965671 -323.25975435877945 161
1622859024302 -323.25975435877945 162
1622859083554 -323.25975435877945 163
1622859143064 -323.25975435877945 164
1622859202942 -323.25975435877945 165
1622859263055 -323.25975435877945 166
1622859323553 -323.25975435877945 167
1622859384236 -323.25975435877945 168
1622859445780 -323.25975435877945 169
1622859507434 -323.25975435877945 170
1622859569444 -323.25975435877945 171
1622859631714 -323.25975435877945 172
1622859694413 -323.25975435877945 173
1622859757453 -323.25975435877945 174
1622859820643 -323.25975435877945 175
1622859884532 -323.25975435877945 176
1622859949597 -323.25975435877945 177
1622860013962 -323.25975435877945 178
1622860078907 -323.25975435877945 179
1622860144259 -323.25975435877945 180
1622860209843 -323.25975435877945 181
1622860275775 -323.25975435877945 182
1622860341931 -323.25975435877945 183
1622860408687 -323.25975435877945 184
1622860476721 -323.25975435877945 185
1622860546131 -323.25975435877945 186
1622860614365 -323.25975435877945 187
1622860683678 -323.25975435877945 188
1622860752466 -323.25975435877945 189
1622860822552 -323.25975435877945 190
1622860891745 -323.25975435877945 191
1622860961096 -323.25975435877945 192
1622861030885 -323.25975435877945 193
1622861100744 -323.25975435877945 194
1622861171346 -323.25975435877945 195
1622861241980 -323.25975435877945 196
1622861313125 -323.25975435877945 197
1622861384840 -323.25975435877945 198
1622861456950 -323.25975435877945 199
1622861529363 -323.25975435877945 200
1622861602594 -323.25975435877945 201
1622861676310 -323.25975435877945 202
1622861750369 -323.25975435877945 203
1622861824517 -323.25975435877945 204
1622861899025 -323.25975435877945 205
1622861973921 -323.25975435877945 206
1622862049293 -323.25975435877945 207
1622862124854 -323.25975435877945 208
1622862200555 -323.25975435877945 209
1622862276891 -323.25975435877945 210
1622862353037 -323.25975435877945 211
1622862429786 -323.25975435877945 212
1622862510048 -323.25975435877945 213
1622862587821 -323.25975435877945 214
1622862665628 -323.25975435877945 215
1622862743945 -323.25975435877945 216
1622862822354 -323.25975435877945 217
1622862901123 -323.25975435877945 218
1622862980389 -323.25975435877945 219
1622863060217 -323.25975435877945 220
1622863140227 -323.25975435877945 221
1622863220903 -323.25975435877945 222
1622863301973 -323.25975435877945 223
1622863383227 -323.25975435877945 224
1622863464956 -323.25975435877945 225
1622863546809 -323.25975435877945 226
1622863628896 -323.25975435877945 227
1622863711468 -323.25975435877945 228
1622863794206 -323.25975435877945 229
1622863877536 -323.25975435877945 230
1622863961417 -323.25975435877945 231
1622864045014 -323.25975435877945 232
1622864129414 -323.25975435877945 233
1622864214022 -323.25975435877945 234
1622864298988 -323.25975435877945 235
1622864383919 -323.25975435877945 236
1622864469623 -323.25975435877945 237
1622864555432 -323.25975435877945 238
1622864641818 -323.25975435877945 239
1622864728884 -323.25975435877945 240
1622864815724 -323.25975435877945 241
1622864902998 -323.25975435877945 242
1622864990861 -323.25975435877945 243
1622865079076 -323.25975435877945 244
1622865167839 -323.25975435877945 245
1622865257383 -323.25975435877945 246
1622865347936 -323.25975435877945 247
1622865437647 -323.25975435877945 248
1622865527395 -323.25975435877945 249
1622865618825 -323.25975435877945 250
1622865710137 -323.25975435877945 251
1622865800755 -323.25975435877945 252
1622865892083 -323.25975435877945 253
1622865983985 -323.25975435877945 254
1622866076231 -323.25975435877945 255
1622866169073 -323.25975435877945 256
1622866262492 -323.25975435877945 257
1622866355964 -323.25975435877945 258
1622866449978 -323.25975435877945 259
1622866543575 -323.25975435877945 260
1622866637547 -323.25975435877945 261
1622866731519 -323.25975435877945 262
1622866826276 -323.25975435877945 263
1622866922750 -323.25975435877945 264
1622867018966 -323.25975435877945 265
1622867116030 -323.25975435877945 266
1622867214018 -323.25975435877945 267
1622867311554 -323.25975435877945 268
1622867410989 -323.25975435877945 269
1622867509871 -323.25975435877945 270
1622867608855 -323.25975435877945 271
1622867708013 -323.25975435877945 272
1622867807084 -323.25975435877945 273
1622867907572 -323.25975435877945 274
1622868006801 -323.25975435877945 275
1622868106292 -323.25975435877945 276
1622868206491 -323.25975435877945 277
1622868306759 -323.25975435877945 278
1622868407803 -323.25975435877945 279
1622868508987 -323.25975435877945 280
1622868611253 -323.25975435877945 281
1622868713829 -323.25975435877945 282
1622868816763 -323.25975435877945 283
1622868920038 -323.25975435877945 284
1622869023576 -323.25975435877945 285
1622869127293 -323.25975435877945 286
1622869234502 -323.25975435877945 287
1622869338843 -323.25975435877945 288
1622869443600 -323.25975435877945 289
1622869549054 -323.25975435877945 290
1622869655706 -323.25975435877945 291
1622869761288 -323.25975435877945 292
1622869868102 -323.25975435877945 293
1622869974823 -323.25975435877945 294
1622870081418 -323.25975435877945 295
1622870188204 -323.25975435877945 296
1622870293824 -323.25975435877945 297
1622870402139 -323.25975435877945 298
1622870508114 -323.25975435877945 299
1622870614905 -323.25975435877945 300
1622870718949 -323.25975435877945 301
1622870826522 -323.25975435877945 302
1622870931316 -323.25975435877945 303
1622871035910 -323.25975435877945 304
1622871140892 -323.25975435877945 305
1622871245800 -323.25975435877945 306
1622871351418 -323.25975435877945 307
1622871456997 -323.25975435877945 308
1622871563049 -323.25975435877945 309
1622871669699 -323.25975435877945 310
1622871777442 -323.25975435877945 311
1622871884870 -323.25975435877945 312
1622871993953 -323.25975435877945 313
1622872102160 -323.25975435877945 314
1622872210759 -323.25975435877945 315
1622872319657 -323.25975435877945 316
1622872429350 -323.25975435877945 317
1622872538822 -323.25975435877945 318
1622872648942 -323.25975435877945 319
1622872759214 -323.25975435877945 320
1622872870052 -323.25975435877945 321
1622872980494 -323.25975435877945 322
1622873091750 -323.25975435877945 323
1622873204924 -323.25975435877945 324
1622873316991 -323.25975435877945 325
1622873429724 -323.25975435877945 326
1622873542336 -323.25975435877945 327
1622873655250 -323.25975435877945 328
1622873769725 -323.25975435877945 329
1622873883644 -323.25975435877945 330
1622873998237 -323.25975435877945 331
1622874113594 -323.25975435877945 332
1622874228515 -323.25975435877945 333
1622874344052 -323.25975435877945 334
1622874460531 -323.25975435877945 335
1622874577456 -323.25975435877945 336
1622874694719 -323.25975435877945 337
1622874812371 -323.25975435877945 338
1622874930157 -323.25975435877945 339
1622875047772 -323.25975435877945 340
1622875166202 -323.25975435877945 341
1622875284224 -323.25975435877945 342
1622875403395 -323.25975435877945 343
1622875523197 -323.25975435877945 344
1622875642726 -323.25975435877945 345
1622875761990 -323.25975435877945 346
1622875881905 -323.25975435877945 347
1622876001971 -323.25975435877945 348
1622876122667 -323.25975435877945 349
1622876245892 -323.25975435877945 350
1622876367741 -323.25975435877945 351
1622876490632 -323.25975435877945 352
1622876614705 -323.25975435877945 353
1622876738285 -323.25975435877945 354
1622876861350 -323.25975435877945 355
1622876985254 -323.25975435877945 356
1622877109854 -323.25975435877945 357
1622877234756 -323.25975435877945 358
1622877359402 -323.25975435877945 359
1622877483946 -323.25975435877945 360
1622877608316 -323.25975435877945 361
1622877733472 -323.25975435877945 362
1622877859372 -323.25975435877945 363
1622877986410 -323.25975435877945 364
1622878113080 -323.25975435877945 365
1622878240663 -323.25975435877945 366
1622878368767 -323.25975435877945 367
1622878496492 -323.25975435877945 368
1622878625125 -323.25975435877945 369
1622878754162 -323.25975435877945 370
1622878882224 -323.25975435877945 371
1622879010996 -323.25975435877945 372
1622879139882 -323.25975435877945 373
1622879268261 -323.25975435877945 374
1622879398017 -323.25975435877945 375
1622879528818 -323.25975435877945 376
1622879659449 -323.25975435877945 377
1622879790575 -323.25975435877945 378
1622879922524 -323.25975435877945 379
1622880054130 -323.25975435877945 380
1622880186469 -323.25975435877945 381
1622880319446 -323.25975435877945 382
1622880452433 -323.25975435877945 383
1622880585714 -323.25975435877945 384
1622880720336 -323.25975435877945 385
1622880854583 -323.25975435877945 386
1622880988443 -323.25975435877945 387
1622881123260 -323.25975435877945 388
1622881259051 -323.25975435877945 389
1622881394485 -323.25975435877945 390
1622881530665 -323.25975435877945 391
1622881667053 -323.25975435877945 392
1622881805683 -323.25975435877945 393
1622881944194 -323.25975435877945 394
1622882082604 -323.25975435877945 395
1622882221167 -323.25975435877945 396
1622882360080 -323.25975435877945 397
1622882499731 -323.25975435877945 398
1622882639114 -323.25975435877945 399
1622882778366 -323.25975435877945 400
1622882919823 -323.25975435877945 401
1622883061504 -323.25975435877945 402
1622883201170 -323.25975435877945 403
1622883341480 -323.25975435877945 404
1622883482686 -323.25975435877945 405
1622883624815 -323.25975435877945 406
1622883766940 -323.25975435877945 407
1622883909262 -323.25975435877945 408
1622884052245 -323.25975435877945 409
1622884194252 -323.25975435877945 410
1622884336883 -323.25975435877945 411
1622884479454 -323.25975435877945 412
1622884623110 -323.25975435877945 413
1622884766523 -323.25975435877945 414
1622884910492 -323.25975435877945 415
1622885055106 -323.25975435877945 416
1622885202289 -323.25975435877945 417
1622885348394 -323.25975435877945 418
1622885495218 -323.25975435877945 419
1622885642994 -323.25975435877945 420
1622885789655 -323.25975435877945 421
1622885937750 -323.25975435877945 422
1622886084947 -323.25975435877945 423
1622886232087 -323.25975435877945 424
1622886379942 -323.25975435877945 425
1622886528215 -323.25975435877945 426
1622886677172 -323.25975435877945 427
1622886826457 -323.25975435877945 428
1622886975933 -323.25975435877945 429
1622887125784 -323.25975435877945 430
1622887276117 -323.25975435877945 431
1622887426967 -323.25975435877945 432
1622887578406 -323.25975435877945 433
1622887729025 -323.25975435877945 434
1622887880979 -323.25975435877945 435
1622888033393 -323.25975435877945 436
1622888185151 -323.25975435877945 437
1622888337282 -323.25975435877945 438
1622888490562 -323.25975435877945 439
1622888644567 -323.25975435877945 440
1622888798961 -323.25975435877945 441
1622888962350 -323.25975435877945 442
1622889117616 -323.25975435877945 443
1622889272584 -323.25975435877945 444
1622889429324 -323.25975435877945 445
1622889585256 -323.25975435877945 446
1622889741275 -323.25975435877945 447
1622889898447 -323.25975435877945 448
1622890056315 -323.25975435877945 449
1622890214635 -323.25975435877945 450
1622890373054 -323.25975435877945 451
1622890532052 -323.25975435877945 452
1622890691202 -323.25975435877945 453
1622890850258 -323.25975435877945 454
1622891010119 -323.25975435877945 455
1622891170101 -323.25975435877945 456
1622891330185 -323.25975435877945 457
1622891489972 -323.25975435877945 458
1622891651259 -323.25975435877945 459
1622891811931 -323.25975435877945 460
1622891972807 -323.25975435877945 461
1622892134208 -323.25975435877945 462
1622892296198 -323.25975435877945 463
1622892458529 -323.25975435877945 464
1622892621212 -323.25975435877945 465
1622892784049 -323.25975435877945 466
1622892946912 -323.25975435877945 467
1622893110918 -323.25975435877945 468
1622893275569 -323.25975435877945 469
1622893439749 -323.25975435877945 470
1622893604267 -323.25975435877945 471
1622893769269 -323.25975435877945 472
1622893933915 -323.25975435877945 473
1622894099585 -323.25975435877945 474
1622894266259 -323.25975435877945 475
1622894432219 -323.25975435877945 476
1622894598789 -323.25975435877945 477
1622894766959 -323.25975435877945 478
1622894936368 -323.25975435877945 479
1622895104206 -323.25975435877945 480
1622895271929 -323.25975435877945 481
1622895440541 -323.25975435877945 482
1622895609200 -323.25975435877945 483
1622895779100 -323.25975435877945 484
1622895948923 -323.25975435877945 485
1622896119292 -323.25975435877945 486
1622896289889 -323.25975435877945 487
1622896460084 -323.25975435877945 488
1622896630752 -323.25975435877945 489
1622896802222 -323.25975435877945 490
1622896975173 -323.25975435877945 491
1622897147668 -323.25975435877945 492
1622897321418 -323.25975435877945 493
1622897496884 -323.25975435877945 494
1622897673500 -323.25975435877945 495
1622897856183 -323.25975435877945 496
1622898034322 -323.25975435877945 497
1622898214159 -323.25975435877945 498
1622898397042 -323.25975435877945 499
1622898579703 -323.25975435877945 500
