1622653645985 0.006 0
1622653646813 0.672 1
1622653647771 0.805 2
1622653648911 0.993 3
1622653650233 1.173 4
1622653651745 1.363 5
1622653653436 1.544 6
1622653655326 1.744 7
1622653657377 1.908 8
1622653659620 2.097 9
1622653662063 2.296 10
1622653664707 2.49 11
1622653667506 2.653 12
1622653670479 2.826 13
1622653673643 3.017 14
1622653676998 3.206 15
1622653680489 3.345 16
1622653684122 3.482 17
1622653687966 3.7 18
1622653691991 3.874 19
1622653696228 4.088 20
1622653700636 4.262 21
1622653705233 4.422 22
1622653710030 4.632 23
1622653714958 4.782 24
1622653720079 4.977 25
1622653725399 5.172 26
1622653730856 5.309 27
1622653736452 5.456 28
1622653742231 5.633 29
1622653748291 5.913 30
1622653754448 6.018 31
1622653760804 6.211 32
1622653767364 6.413 33
1622653774087 6.577 34
1622653781068 6.839 35
1622653788168 6.953 36
1622653795442 7.13 37
1622653802950 7.362 38
1622653810618 7.524 39
1622653818455 7.688 40
1622653826571 7.967 41
1622653834860 8.144 42
1622653843357 8.351 43
1622653851998 8.499 44
1622653860714 8.575 45
1622653869698 8.843 46
1622653878817 8.973 47
1622653888175 9.208 48
1622653897638 9.316 49
1622653907288 9.501 50
1622653917303 9.865 51
1622653927428 9.974 52
1622653937925 10.351 53
1622653948358 10.286 54
1622653958933 10.428 55
1622653969682 10.604 56
1622653980699 10.873 57
1622653991803 10.957 58
1622654003098 11.152 59
1622654014570 11.322 60
1622654026312 11.601 61
1622654038071 11.609 62
1622654049969 11.747 63
1622654062131 12.014 64
1622654074535 12.252 65
1622654087222 12.538 66
1622654100091 12.719 67
1622654113193 12.955 68
1622654126377 13.04 69
1622654139667 13.143 70
1622654153126 13.303 71
1622654166658 13.385 72
1622654180516 13.707 73
1622654194463 13.8 74
1622654208644 14.036 75
1622654223002 14.211 76
1622654237637 14.49 77
1622654252443 14.663 78
1622654267500 14.913 79
1622654282605 14.964 80
1622654297947 15.199 81
1622654313424 15.328 82
1622654329233 15.665 83
1622654345202 15.823 84
1622654361305 15.958 85
1622654377521 16.07 86
1622654393816 16.146 87
1622654410256 16.297 88
1622654426945 16.544 89
1622654443811 16.72 90
1622654460895 16.936 91
1622654478343 17.301 92
1622654495879 17.389 93
1622654513480 17.457 94
1622654531553 17.928 95
1622654549458 17.758 96
1622654567713 18.105 97
1622654586141 18.288 98
1622654604819 18.537 99
1622654623497 18.527 100
1622654642311 18.672 101
1622654661436 18.978 102
1622654680793 19.212 103
1622654700487 19.545 104
1622654720210 19.574 105
1622654740094 19.734 106
1622654760062 19.82 107
1622654780372 20.161 108
1622654800790 20.271 109
1622654821250 20.317 110
1622654841836 20.439 111
1622654862685 20.7 112
1622654883651 20.82 113
1622654904600 20.802 114
1622654925868 21.121 115
1622654947557 21.543 116
1622654969384 21.681 117
1622654991296 21.766 118
1622655013298 21.856 119
1622655035497 22.052 120
1622655057949 22.303 121
1622655080630 22.535 122
1622655103377 22.599 123
1622655126220 22.7 124
1622655149239 22.876 125
1622655172220 22.837 126
1622655195419 23.063 127
1622655218771 23.208 128
1622655242616 23.698 129
1622655266525 23.765 130
1622655290706 24.038 131
1622655316286 25.432 132
1622655340537 24.105 133
1622655365258 24.575 134
1622655389927 24.526 135
1622655414795 24.724 136
1622655439926 24.982 137
1622655465151 25.073 138
1622655490522 25.223 139
1622655516098 25.43 140
1622655541887 25.643 141
1622655567899 25.866 142
1622655593952 25.905 143
1622655620158 26.056 144
1622655646604 26.297 145
1622655673230 26.474 146
1622655700088 26.709 147
1622655727149 26.912 148
1622655754357 27.057 149
1622655781903 27.401 150
1622655809677 27.629 151
1622655837455 27.626 152
1622655865598 27.993 153
1622655893637 27.899 154
1622655921753 27.973 155
1622655949908 28.006 156
1622655978383 28.327 157
1622656007042 28.51 158
1622656038930 31.74 159
1622656068005 28.937 160
1622656097270 29.125 161
1622656126768 29.354 162
1622656156522 29.611 163
1622656186348 29.685 164
1622656216628 30.133 165
1622656249280 32.502 166
1622656280190 30.763 167
1622656311387 31.047 168
1622656342588 31.05 169
1622656374114 31.385 170
1622656405797 31.541 171
1622656437486 31.546 172
1622656470081 32.451 173
1622656502166 31.935 174
1622656534267 31.949 175
1622656566606 32.186 176
1622656599232 32.476 177
1622656631926 32.549 178
1622656664936 32.86 179
1622656698054 32.978 180
1622656731377 33.178 181
1622656764980 33.458 182
1622656798775 33.652 183
1622656832784 33.862 184
1622656867126 34.199 185
1622656901451 34.175 186
1622656935889 34.295 187
1622656970558 34.525 188
1622657005562 34.86 189
1622657040495 34.794 190
1622657075749 35.111 191
1622657110942 35.046 192
1622657146303 35.216 193
1622657181701 35.251 194
1622657217493 35.64 195
1622657253434 35.793 196
1622657289897 36.32 197
1622657326612 36.569 198
1622657363127 36.369 199
1622657399611 36.339 200
1622657436367 36.611 201
1622657473363 36.851 202
1622657510409 36.902 203
1622657547690 37.139 204
1622657585410 37.578 205
1622657623160 37.606 206
1622657661052 37.748 207
1622657699234 38.034 208
1622657737695 38.315 209
1622657776330 38.487 210
1622657815212 38.738 211
1622657854414 39.059 212
1622657893634 39.044 213
1622657932991 39.21 214
1622657972643 39.507 215
1622658012810 40.017 216
1622658052865 39.905 217
1622658092860 39.852 218
1622658133433 40.434 219
1622658173783 40.213 220
1622658214298 40.374 221
1622658255059 40.617 222
1622658295952 40.751 223
1622658338072 41.977 224
1622658379165 40.943 225
1622658420622 41.302 226
1622658462411 41.634 227
1622658504238 41.675 228
1622658546195 41.804 229
1622658588197 41.849 230
1622658630467 42.117 231
1622658672734 42.124 232
1622658715250 42.366 233
1622658757973 42.577 234
1622658801211 43.094 235
1622658844324 42.972 236
1622658887582 43.114 237
1622658930856 43.13 238
1622658974365 43.365 239
1622659018163 43.65 240
1622659062172 43.864 241
1622659106361 44.045 242
1622659150807 44.297 243
1622659195339 44.388 244
1622659240137 44.658 245
1622659284622 44.338 246
1622659329498 44.732 247
1622659375422 45.786 248
1622659420589 45.029 249
1622659466003 45.272 250
1622659510931 44.787 251
1622659556624 45.551 252
1622659601922 45.154 253
1622659647314 45.246 254
1622659692732 45.276 255
1622659738036 45.166 256
1622659783834 45.658 257
1622659829542 45.563 258
1622659875625 45.939 259
1622659921833 46.063 260
1622659968249 46.274 261
1622660014979 46.586 262
1622660061779 46.658 263
1622660109830 47.913 264
1622660157875 47.901 265
1622660205561 47.543 266
1622660253174 47.464 267
1622660301097 47.78 268
1622660349197 47.954 269
1622660397505 48.162 270
1622660446129 48.476 271
1622660494777 48.499 272
1622660543775 48.846 273
1622660593075 49.148 274
1622660642040 48.815 275
1622660691379 49.196 276
1622660741995 50.472 277
1622660791895 49.763 278
1622660841888 49.847 279
1622660891979 49.945 280
1622660942460 50.333 281
1622660993003 50.401 282
1622661043572 50.426 283
1622661097568 53.855 284
1622661152162 54.452 285
1622661206083 53.778 286
1622661262021 55.78 287
1622661319614 57.438 288
1622661371843 52.078 289
1622661425288 53.295 290
1622661478238 52.799 291
1622661531511 53.128 292
1622661585118 53.418 293
1622661640284 55.022 294
1622661693707 53.282 295
1622661747466 53.609 296
1622661801165 53.547 297
1622661855261 53.954 298
1622661909444 54.038 299
1622661963341 53.753 300
1622662017145 53.658 301
1622662070963 53.668 302
1622662125090 53.98 303
1622662179219 53.984 304
1622662234700 55.332 305
1622662291555 56.704 306
1622662346124 54.414 307
1622662401101 54.83 308
1622662456161 54.899 309
1622662511685 55.372 310
1622662567024 55.192 311
1622662622387 55.214 312
1622662678592 56.059 313
1622662734625 55.886 314
1622662790525 55.761 315
1622662847155 56.485 316
1622662903563 56.262 317
1622662960167 56.463 318
1622663017124 56.812 319
1622663074304 57.037 320
1622663132154 57.691 321
1622663190059 57.753 322
1622663248342 58.138 323
1622663306465 57.979 324
1622663364634 58.025 325
1622663423148 58.368 326
1622663481859 58.565 327
1622663540898 58.894 328
1622663600261 59.216 329
1622663659759 59.351 330
1622663719314 59.408 331
1622663778609 59.151 332
1622663838322 59.565 333
1622663898258 59.783 334
1622663958242 59.842 335
1622664018666 60.284 336
1622664079182 60.371 337
1622664139811 60.481 338
1622664200535 60.58 339
1622664261641 60.961 340
1622664322870 61.083 341
1622664384262 61.243 342
1622664445954 61.546 343
1622664507901 61.803 344
1622664569707 61.664 345
1622664632700 62.802 346
1622664695496 62.625 347
1622664759061 63.422 348
1622664822211 62.998 349
1622664885621 63.261 350
1622664949598 63.828 351
1622665014261 64.506 352
1622665078456 64.049 353
1622665142766 64.153 354
1622665207121 64.212 355
1622665271651 64.383 356
1622665335448 63.651 357
1622665399343 63.757 358
1622665464291 64.803 359
1622665529319 64.883 360
1622665594395 64.897 361
1622665658450 63.91 362
1622665723069 64.476 363
1622665787580 64.367 364
1622665852568 64.846 365
1622665917681 64.965 366
1622665981251 63.432 367
1622666047790 66.389 368
1622666112070 64.129 369
1622666176508 64.289 370
1622666241739 65.08 371
1622666306954 65.073 372
1622666372319 65.224 373
1622666437730 65.271 374
1622666503418 65.542 375
1622666569915 66.348 376
1622666636492 66.434 377
1622666703298 66.664 378
1622666770058 66.613 379
1622666836835 66.632 380
1622666904803 67.719 381
1622666972929 67.981 382
1622667040657 67.585 383
1622667108688 67.888 384
1622667177157 68.325 385
1622667245965 68.658 386
1622667314574 68.456 387
1622667383079 68.35 388
1622667451730 68.509 389
1622667520643 68.769 390
1622667590391 69.598 391
1622667660666 70.128 392
1622667730389 69.57 393
1622667799862 69.327 394
1622667869084 69.073 395
1622667938369 69.141 396
1622668007883 69.365 397
1622668077176 69.146 398
1622668146962 69.644 399
1622668217140 69.99 400
1622668287840 70.552 401
1622668358344 70.359 402
1622668429068 70.582 403
1622668500466 71.256 404
1622668572143 71.532 405
1622668643972 71.682 406
1622668715409 71.288 407
1622668787606 72.046 408
1622668859646 71.896 409
1622668931851 72.062 410
1622669004061 72.066 411
1622669076395 72.194 412
1622669149122 72.582 413
1622669221528 72.256 414
1622669294537 72.86 415
1622669367661 72.971 416
1622669440981 73.169 417
1622669514256 73.128 418
1622669587806 73.403 419
1622669661093 73.14 420
1622669736046 74.805 421
1622669810521 74.326 422
1622669884780 74.109 423
1622669959755 74.825 424
1622670034964 75.059 425
1622670110031 74.916 426
1622670184985 74.808 427
1622670260227 75.088 428
1622670335507 75.136 429
1622670411484 75.826 430
1622670488400 76.771 431
1622670565195 76.647 432
1622670641840 76.502 433
1622670718665 76.679 434
1622670795702 76.893 435
1622670873188 77.342 436
1622670950369 77.033 437
1622671027928 77.411 438
1622671105081 77.008 439
1622671182277 77.046 440
1622671260884 78.461 441
1622671338516 77.482 442
1622671416596 77.938 443
1622671494536 77.791 444
1622671574547 79.865 445
1622671653055 78.361 446
1622671732111 78.906 447
1622671811354 79.093 448
1622671891649 80.147 449
1622671971238 79.443 450
1622672050780 79.402 451
1622672131189 80.262 452
1622672211061 79.725 453
1622672290984 79.771 454
1622672371069 79.932 455
1622672451555 80.337 456
1622672532000 80.304 457
1622672612585 80.437 458
1622672692907 80.168 459
1622672773879 80.824 460
1622672854951 80.923 461
1622672937143 82.036 462
1622673020906 83.529 463
1622673102826 81.774 464
1622673185089 82.115 465
1622673267145 81.913 466
1622673349323 82.034 467
1622673431919 82.451 468
1622673514772 82.71 469
1622673597363 82.449 470
1622673680357 82.85 471
1622673763262 82.755 472
1622673849238 85.831 473
1622673933621 84.234 474
1622674016955 83.177 475
1622674100174 83.075 476
1622674183856 83.534 477
1622674268241 84.242 478
1622674352470 84.083 479
1622674436758 84.14 480
1622674521171 84.262 481
1622674605618 84.294 482
1622674690318 84.555 483
1622674775016 84.553 484
1622674860151 84.986 485
1622674945101 84.807 486
1622675030227 84.983 487
1622675115408 85.034 488
1622675202932 87.38 489
1622675290860 87.782 490
1622675378622 87.614 491
1622675466857 88.089 492
1622675555265 88.262 493
1622675645420 90.011 494
1622675735305 89.742 495
1622675823916 88.464 496
1622675912670 88.606 497
1622676001681 88.867 498
1622676091818 89.989 499
1622676182440 90.475 500
